13
1.14948 1.07701 1.02263 0.895875 0.615449 0.420838 0.0228758 -0.111735 -0.166633 -0.578983 -0.953827 -1.50598 -1.887 
-0.617072 0.229892 0.244229 0.216685 0.632521 0.620491 0.890634 0.845525 -0.0331792 0.444114 0.208623 -0.805761 -2.8767 
-0.510115 -1.05598 -1.14006 -1.10766 -0.841607 -0.564707 -0.060588 -0.276418 0.430392 1.04379 1.10111 1.66102 1.32082 
1.55888 1.89357 1.10911 0.523058 0.168505 -0.682938 -0.752911 -0.24756 -0.246573 -0.271142 -1.14845 -0.736622 -1.16693 
1.15023 0.890425 1.59224 1.22407 0.0972321 0.325524 0.0913678 -1.01342 -1.01977 -1.32932 -1.14399 -0.756535 -0.108044 
-0.910089 -1.55123 -1.13429 -0.729014 -0.387265 -0.620818 0.559012 0.731027 0.407381 0.282116 0.594222 0.617714 2.14123 
-0.90392 -0.562213 0.0695669 -0.97578 -0.0197416 0.728958 1.69322 1.91376 -0.089147 0.743057 -0.711929 -0.901057 -0.984776 
-0.56895 -0.46842 -1.41127 -1.00711 -1.22735 -0.926092 0.184053 0.788826 0.627722 1.66147 1.3077 0.633629 0.405803 
0.264869 0.558938 0.242998 -0.382226 -1.12257 -1.76935 -0.952394 -0.473651 -0.0676146 -0.38746 1.12077 1.67845 1.28924 
0.933041 1.22014 1.44903 1.08205 0.343225 -0.322094 0.0177276 -0.438042 -0.61586 -1.76744 -1.42264 -0.636196 0.157067 
0.769754 -0.545898 1.48308 1.28632 -1.07447 -0.829559 0.721145 0.0787669 -1.52118 -0.623483 0.288187 -1.04106 1.00838 
-1.09275 -2.1401 -0.332551 0.133869 0.577095 1.43837 0.289381 0.561118 -0.0369964 0.676008 0.566257 0.755606 -1.39531 
0.460184 1.56245 0.617171 1.43915 0.912286 0.329002 -0.583414 -0.708719 0.237411 -0.575852 -0.88483 -1.46284 -1.342 
1.2587 1.2587 1.08214 0.346855 0.126113 -0.256216 -0.0610435 1.0549 0.15145 -0.889289 -1.34403 -1.36414 -1.36414 
0.966393 0.966393 0.309155 0.610902 0.622561 0.513065 0.488205 -0.375212 0.0173995 0.500807 -0.620265 -1.9997 -1.9997 
-1.76393 -1.76393 -0.688217 -0.0368827 0.417936 0.860792 -0.0557989 0.321253 1.86381 0.655613 0.556115 -0.183374 -0.183374 
-0.0029171 -0.0029171 -1.53413 -0.819183 -1.26054 -0.787272 1.46911 1.58712 0.70585 -0.754785 -0.0290372 0.714349 0.714349 
0.636997 0.636997 0.51189 -1.59908 -0.910523 0.119969 -1.41892 -1.15594 -0.237922 -0.0166593 0.787947 1.32262 1.32262 
-1.03451 -1.03451 0.453476 0.346552 -0.561854 0.62989 1.20661 -0.931325 -1.35406 -0.450021 -0.23849 1.48412 1.48412 
0.797402 0.797402 -0.364556 -0.0929188 1.40998 1.41687 0.974426 -1.51122 -0.998822 -0.539818 -1.3954 -0.246672 -0.246672 
-0.915785 -0.915785 -0.595401 0.167074 0.0584931 1.46227 1.78252 0.441149 0.893785 0.690491 -1.11153 -0.978641 -0.978641 
-0.194005 -0.194005 -1.09447 -1.51018 -1.53129 -0.00589653 1.09658 0.694075 -0.0881563 0.99146 1.85101 -0.00755907 -0.00755907 
0.536777 0.536777 -0.0932494 -1.02539 -1.31276 -0.273771 -0.0719249 -0.570534 -1.24077 -0.737356 1.12942 1.56139 1.56139 
0.398278 0.398278 1.11382 -1.69347 -1.41102 1.09041 0.52298 -1.49188 -0.506993 1.0992 -0.32494 0.402671 0.402671 
0.537108 0.537108 1.78195 0.660006 0.984715 -0.324641 -0.809448 -0.356437 0.00643876 0.408045 -0.0225831 -1.70113 -1.70113 
0.791044 0.791044 0.388967 0.989197 -1.02673 -1.57982 -0.922827 1.74336 0.756443 -1.04408 -0.706587 -0.0900016 -0.0900016 
0.297698 0.297698 -0.606521 -0.660851 -0.226804 0.28467 2.12718 0.776144 -1.87605 -1.32425 -0.0691199 0.490106 0.490106 
-0.0526552 -0.0526552 0.306418 1.10239 0.613021 0.569564 -0.327587 0.169196 1.77189 -0.0293635 -2.24611 -0.912056 -0.912056 
0.74143 0.74143 1.34007 0.769405 0.577791 -0.682674 -0.743154 1.51705 0.0600484 -1.44917 -1.01838 -0.926929 -0.926929 
-1.02842 -1.02842 -0.563341 0.145616 -0.0116017 1.74328 1.51218 -0.528862 -1.55577 -0.510404 0.923312 0.451213 0.451213 
-0.215423 -0.215423 -1.95049 -1.28172 1.30034 -0.53046 -1.16131 0.858106 0.82382 0.730601 0.988205 0.326874 0.326874 
0.585665 0.585665 0.512298 -1.13202 -0.240921 0.778113 -1.50658 -2.19237 -0.105085 0.330121 0.8918 0.746655 0.746655 
-0.69214 -0.69214 -0.504188 1.33969 1.1565 -0.189526 -1.91417 -1.25349 0.783981 -0.162559 0.314679 0.906679 0.906679 
0.262416 0.262416 0.940242 0.5589 1.129 1.51023 -0.930156 -0.812471 0.199261 -1.80509 -1.50623 0.0957378 0.0957378 
-0.487758 -0.487758 -0.770588 -0.172317 1.14833 1.91277 0.60111 -0.681162 0.327207 1.4442 -0.554811 -1.13961 -1.13961 
-0.608759 -0.608759 -1.34339 -1.07334 0.480135 0.865697 -0.346109 -1.03341 -0.243701 1.75576 1.69945 0.228215 0.228215 
0.334433 0.334433 -1.22034 -1.46019 1.47995 1.00926 -1.49201 -0.632289 1.37317 0.0389704 -0.447616 0.341119 0.341119 
1.3467 1.3467 0.415496 -0.348206 -0.503754 -1.17564 0.287102 0.990669 0.948003 0.289404 -1.4371 -1.07968 -1.07968 
-0.167561 -0.167561 0.187789 -0.767651 -1.45044 0.131992 2.03788 1.06465 -1.57975 -0.795671 0.635312 0.435511 0.435511 
