23
1.08002 1.06381 1.09856 1.12238 1.13325 1.06941 1.00752 0.82482 0.645449 0.611173 0.477169 0.303038 -0.0776946 -0.237425 -0.540733 -0.914036 -1.06738 -1.15717 -1.2185 -1.24074 -1.22001 -1.33487 -1.42804 
0.416207 1.02578 0.570392 -0.107756 -0.21271 -0.108235 0.041534 0.454281 0.522414 1.09142 1.29587 1.10838 1.14857 1.12142 0.455428 -0.197099 -0.0910898 -0.684449 -1.37611 -1.41231 -1.58621 -1.57044 -1.90529 
-0.648397 -0.763244 -0.630857 -0.207109 0.222273 0.829953 1.05131 1.28943 1.13755 1.00095 1.23724 1.13138 1.26121 0.741844 -0.0627328 -0.367977 -0.436254 -0.647494 -0.388379 -0.792462 -1.43487 -1.69566 -1.8277 
-0.153073 -1.10361 0.447364 2.3039 1.42365 0.325415 0.49851 0.168841 -1.47017 -1.57566 -0.28014 -0.259538 -0.844878 -0.138645 -0.780209 -0.185671 0.396079 1.08293 0.238965 0.467604 1.4784 -1.65352 -0.386548 
1.20917 0.428774 -0.487964 -0.581228 -0.903238 -0.748061 -0.399454 -0.509461 -0.643275 -1.50733 -1.55532 -1.13627 -0.718236 -0.232058 -0.655855 0.817438 0.300945 0.68087 1.03177 1.36314 1.82758 0.90973 1.50832 
0.260024 -0.23693 0.244118 -0.369916 -1.35575 -0.960049 -0.545219 -0.46072 -0.933112 -0.813291 -1.51879 -0.855335 -0.794975 -0.469039 -0.369363 0.956038 0.100638 0.871809 1.41504 0.802183 1.86694 1.69543 1.47026 
1.86411 2.07832 1.58451 0.798586 0.818744 0.662965 -0.0750648 0.179635 0.823984 0.624778 -0.0772676 -0.836457 -1.58821 -0.929181 -0.937551 -0.317778 -1.24726 -1.02872 -0.463659 -0.436371 -0.475723 -0.495025 -0.527365 
-0.788138 -0.439162 -0.452072 -0.807936 0.27818 0.688851 0.76729 0.75657 1.41319 1.56449 1.21348 1.22912 1.16883 0.567968 0.583291 0.0487399 -1.11237 -1.49555 -0.744943 -0.792893 -1.1783 -1.41225 -1.05639 
-0.643792 -0.345679 -0.140736 0.105801 0.71125 -1.19743 0.175966 -1.19319 0.911221 1.74566 1.49622 -0.370638 0.748433 -0.242073 0.792656 0.413608 -1.10744 -1.31281 1.79546 -1.08108 -0.972048 0.86521 -1.15457 
-0.508252 -0.9179 -1.11389 -0.794136 -0.974002 -0.400949 -0.680891 -0.818488 -0.730811 -0.720946 -1.24622 -0.709271 0.0257805 0.058215 -0.201075 0.466762 0.573159 1.00593 1.77929 1.46531 1.82118 1.25183 1.36939 
0.852572 1.34393 1.72313 2.14524 1.60385 0.963659 0.440173 0.1269 -0.785667 -0.80246 -0.36265 -0.137785 -0.753376 -0.438557 -1.21904 -0.726375 -1.53091 -0.490766 -0.997594 -0.312532 0.0603821 -0.161183 -0.540942 
0.43399 1.62728 2.26897 1.97696 1.30319 0.800115 0.297345 0.0466254 -0.835614 -1.45002 -1.00786 -0.475342 -0.969963 -0.215092 -0.534301 -1.03294 -0.957071 -0.200445 -0.309575 -0.349606 -0.139804 0.0401233 -0.316965 
0.350432 0.799511 0.795475 -0.104275 0.60571 -0.111091 -0.198604 -0.551555 -1.97936 -2.07486 -1.54923 -1.56522 -0.313505 -0.328715 -0.456275 0.360161 0.474763 1.00853 1.24559 0.513488 1.14128 1.06002 0.877729 
1.13281 1.13281 1.32164 1.20897 0.795434 0.452177 -0.108575 -0.66281 0.0373965 0.251428 -0.408367 -1.57237 -1.50443 -1.13916 -2.14673 -1.43926 -0.101691 0.332405 0.651039 1.0382 0.601265 0.0639129 0.0639129 
0.635385 0.635385 -1.5455 -0.952002 0.373446 0.804844 1.32693 1.18867 1.45331 1.68418 0.402992 0.1248 0.396337 -0.799653 -1.85878 -0.551322 -0.451117 -1.80204 -0.858451 0.0184313 0.106452 -0.166148 -0.166148 
0.202685 0.202685 1.07134 1.55034 1.84699 1.51149 0.915443 0.313472 -0.290869 0.335186 0.384761 0.213051 -0.453858 -1.96089 -1.61554 -0.428027 -0.276416 0.25161 -0.0594122 -1.51341 -1.2823 -0.459159 -0.459159 
0.483739 0.483739 2.4532 0.747438 -1.32565 -0.586614 -0.0473828 -1.31876 -1.16148 0.897399 0.985868 -0.333753 0.14729 0.107842 0.0294764 0.887758 0.952526 -0.0477615 -0.369246 0.932065 -1.42572 -1.24599 -1.24599 
-2.00026 -2.00026 -1.16391 -0.440033 -0.137639 0.678611 0.355839 -0.231346 -1.14914 -1.04468 0.517057 1.08429 1.166 0.141352 1.34283 1.23 -0.100802 0.954963 0.895859 1.03405 -0.486451 -0.323163 -0.323163 
-0.196812 -0.196812 -0.368001 -2.51284 -1.03643 1.01158 0.55655 -0.740718 -0.689073 -1.02991 -0.23503 0.884786 0.391278 0.448763 1.91015 0.513666 -0.296711 1.74833 -0.275358 0.4872 1.13252 -0.753568 -0.753568 
-0.0703169 -0.0703169 -1.4958 -0.763246 0.134894 -0.945745 -0.360694 1.6096 0.962651 -0.956352 -1.75449 -1.82535 0.196034 1.25558 1.19962 -0.113228 -0.685104 1.44505 1.17246 0.310998 0.244593 0.254588 0.254588 
0.498738 0.498738 -0.451024 1.0299 2.06279 0.704961 0.137145 0.916232 1.13456 -0.223214 -0.406014 -0.0142717 -0.845002 -0.743107 -0.653758 -2.23898 -2.03501 0.540989 0.992714 -0.538052 -0.788679 0.210176 0.210176 
0.32083 0.32083 0.284755 0.564895 -0.942604 -0.405451 -0.0280696 0.483246 2.02458 0.378147 -1.51132 -0.554089 0.058888 -0.000106931 0.427586 -1.36009 -1.23861 1.99944 0.131048 -1.96682 1.33032 -0.158709 -0.158709 
-1.35241 -1.35241 -0.0114579 0.0181924 0.48385 0.29987 -1.0066 -0.330761 -0.0596646 -1.18653 -0.217526 2.09948 1.17197 -0.656042 0.512089 1.18437 0.752217 1.97838 0.605549 -0.161973 -0.63145 -1.06957 -1.06957 
1.38118 1.38118 1.28408 -0.00694589 -1.49671 -1.47161 -1.01314 -1.55879 -1.143 0.75356 1.09246 -0.387628 -0.261478 -0.492715 -0.24331 -0.277041 0.49074 0.908237 0.410277 1.64402 0.372575 -0.682969 -0.682969 
2.07748 2.07748 0.422566 -1.04311 -1.27828 -1.08776 -0.806579 -1.22938 -1.6346 -0.158962 1.11894 0.0751831 0.322926 0.518369 -0.878291 -0.438093 0.960522 0.754394 -0.133239 0.222115 0.467191 -0.164437 -0.164437 
0.503067 0.503067 -1.1811 -0.289565 -0.0611315 -1.0569 -0.602592 -2.2761 -1.95464 0.484443 0.58372 1.49033 1.4913 -0.230886 0.807521 1.10989 0.756937 0.909849 -0.670732 -0.182864 0.62979 -0.381697 -0.381697 
0.320298 0.320298 0.198761 -0.451005 -0.699739 -0.858544 -1.08612 0.274066 1.10279 -0.364236 -1.85071 -1.06571 0.583906 -0.576242 -0.207109 2.32259 2.0277 0.928575 0.877949 0.0629163 -0.934355 -0.463032 -0.463032 
-1.54401 -1.54401 -1.08686 1.61395 1.4891 0.870292 0.431504 0.233198 0.517524 -0.673172 -1.06528 0.130727 -0.576223 -1.60119 0.327134 1.22013 -0.827535 -0.177903 1.53811 0.879087 -0.00632198 -0.0741214 -0.0741214 
0.774545 0.774545 1.20967 0.690058 -0.0498308 -0.860752 -1.10281 -1.11035 0.0051862 0.599202 -0.125486 -0.776338 -1.98934 -1.06981 1.37791 1.20192 0.602842 0.182587 -1.61788 -1.12541 0.943142 0.733203 0.733203 
1.34229 1.34229 0.212408 -2.46535 -0.845933 0.88445 -0.447236 -0.700237 1.50571 1.46013 -0.777773 -0.517734 0.330245 -0.0403035 0.554347 0.649158 -0.581948 -0.837798 0.686766 -0.662067 -1.40499 0.156789 0.156789 
0.593917 0.593917 1.25835 0.768246 0.853031 0.279203 -1.00899 -1.55515 -0.920295 1.35562 1.78038 0.421901 -1.03925 -0.0114429 0.825502 -1.49884 -0.426208 0.741064 -0.101161 -1.44255 -1.41951 -0.0238738 -0.0238738 
-0.0220011 -0.0220011 -1.43788 -0.350245 2.41759 1.14258 -1.06574 -0.73127 -0.0999013 0.390735 1.35496 0.504453 -0.196826 1.09366 0.133851 -1.36581 0.906049 0.105102 -0.741508 1.0204 -0.728065 -1.15406 -1.15406 
-0.855816 -0.855816 -0.405495 1.02289 -0.0917221 -0.284185 1.59129 0.833956 -1.55689 -1.64983 -0.513727 1.2195 1.91438 0.637392 -0.820973 -1.13812 0.978374 1.16235 -0.676663 -0.549917 -0.014212 0.0266086 0.0266086 
-0.643353 -0.643353 0.384648 1.76093 -0.209622 -1.32078 0.162593 0.708304 -0.775025 -1.05347 0.160977 -0.288793 -0.489995 0.14869 -1.02244 -0.942881 1.94569 2.11767 -0.733094 -1.22064 0.535329 0.709305 0.709305 
0.0412089 0.0412089 0.201696 -0.641255 -0.494017 0.585795 0.570994 1.2378 0.00166652 -1.96377 -0.472185 0.961416 0.379242 0.273096 -0.717234 -0.892656 1.98649 0.846526 -2.21032 0.748918 1.09771 -0.791162 -0.791162 
0.922639 0.922639 0.944059 0.311707 0.157371 -1.12289 -0.501724 0.637981 -0.664373 -0.160173 2.32784 0.957708 -2.03684 -0.522854 1.28347 0.127353 0.527499 -0.152087 -1.59241 -0.939792 -0.701819 -0.362647 -0.362647 
0.10574 0.10574 -0.924557 -2.03597 -0.985638 0.569151 0.11367 0.0796005 2.0286 1.96724 -0.727485 -0.89727 0.0993727 0.197737 0.355355 0.769044 1.12915 0.119025 0.77043 0.153149 -1.67381 -0.659137 -0.659137 
-1.05474 -1.05474 -2.19098 -1.09035 0.193587 0.593878 0.118407 -0.413706 1.05802 2.36282 0.409717 -0.388891 0.571771 -0.703019 -0.513278 1.6537 1.15265 -0.619716 -0.184439 0.693671 -0.0714659 -0.261457 -0.261457 
-1.11819 -1.11819 -0.44914 0.986174 -0.430156 -0.260648 -0.769257 -0.868957 2.21734 2.05061 0.900556 0.826787 -1.14599 -0.367453 1.15187 0.10773 -0.00442788 -0.925703 -0.674336 1.12167 -0.00352292 -0.613379 -0.613379 
