27
1.35713 1.33354 1.27164 1.28156 1.26339 1.14819 1.08921 0.992036 0.906484 0.719591 0.468651 0.186729 0.0721388 -0.0573488 -0.257619 -0.534429 -0.716659 -0.93959 -1.06013 -0.935167 -0.760349 -0.801337 -0.898391 -1.04465 -1.33249 -1.3275 -1.42463 
-0.848416 -0.595223 0.479187 0.614473 0.449307 0.716074 0.857633 0.730923 0.4225 -0.00765689 0.331102 0.622391 0.0609358 -0.752431 0.00693858 0.0657932 1.05736 0.957753 0.855855 0.753415 0.380523 -0.00381687 0.0598061 -0.467182 -1.26393 -2.12866 -3.35466 
-2.31952 -1.78128 -0.915439 -0.374724 -0.393697 0.0290373 -0.104642 0.423259 0.0658718 -0.396563 -0.179484 0.118253 0.641792 0.865944 1.66427 1.50339 1.252 1.29764 1.69724 0.656669 -0.447258 -0.393598 -0.0664006 -0.087923 -0.539131 -0.953953 -1.26174 
-0.861622 -0.0569615 -0.813102 -0.890826 -0.0581853 -0.109314 0.627241 0.744819 0.710717 0.656308 1.43366 1.01537 1.26438 1.0587 1.24487 1.09948 0.462998 0.65334 -0.056051 -0.30109 -0.168847 -0.345409 -0.880112 -0.775072 -1.41974 -1.90322 -2.33233 
0.369503 0.272078 0.521511 0.483258 -0.309774 0.234165 -0.748643 -1.08197 -1.4142 -1.10277 -0.892953 -1.21105 -1.5902 -1.49405 -0.438039 -0.390944 1.07423 1.34789 0.964113 0.676708 0.0945525 -0.483119 -0.126475 0.784286 1.53078 0.777962 2.15316 
-0.953873 -0.915896 -0.769797 -0.508371 -0.768255 -1.28961 -1.08752 -1.0088 -0.632959 -0.824707 -1.2696 -0.996892 -0.542341 -0.193826 0.937034 0.88508 1.42438 1.23459 0.229821 0.339857 0.992042 0.279141 0.449784 0.0763704 1.25404 1.78639 1.87391 
2.85962 1.75202 1.00925 0.850559 1.17811 0.34352 0.363179 0.824699 0.362381 0.137214 0.243099 -0.288804 -0.0322828 -0.497565 0.304544 -0.117236 -1.13586 -1.38955 -0.485724 -0.903661 -1.4115 -0.548458 -0.745061 -0.999859 -1.12008 0.231899 -0.784463 
0.448841 -0.0496816 1.33958 -0.0222629 -0.0919931 0.70141 -0.267462 0.3504 1.35207 -0.14646 -1.01824 -1.14137 -0.346411 -1.03543 -1.4692 -1.22148 -1.92393 -1.39258 -0.381077 -0.040131 0.353971 1.2235 1.53763 0.862002 1.29919 1.4019 -0.322775 
-1.47234 -0.564953 -1.51211 -1.73359 -1.52361 -1.6506 -0.90995 -0.187921 -0.348994 -0.0622129 -0.321432 -0.179321 1.12001 1.73887 0.228152 0.434765 1.35745 1.04153 0.619399 0.400793 1.09465 1.19144 1.02143 0.442533 0.184582 -0.411036 0.00246621 
-0.364113 -0.887747 -2.04049 -0.518316 -0.706525 -1.58761 -1.26137 -1.54246 -0.292314 0.481454 -0.283425 -0.882868 -0.127238 0.61714 -0.0372476 0.106895 0.369936 0.293831 0.358865 0.344905 0.444879 0.545999 1.24454 1.37922 1.52491 0.587084 2.23208 
-1.05126 -1.53841 -0.919408 -1.25672 -1.57907 -0.953065 -0.799869 -0.827549 -0.559917 0.182859 -0.74731 -0.518865 -0.212523 0.383407 0.32452 -0.263091 0.162858 -0.241197 0.27075 0.836941 0.958547 1.49685 1.49574 1.75167 1.49483 0.891379 1.21789 
2.09537 1.37564 0.945178 0.493279 0.791438 1.11549 0.846909 0.0157681 0.612565 1.19697 1.00923 0.361419 0.431393 0.248158 -0.480979 -0.511199 -0.585849 -0.99768 -1.22468 -0.572278 -0.85492 -0.425582 -1.08465 -1.64651 -0.885062 -1.83142 -0.437992 
1.98769 1.03723 0.47053 -0.203753 -0.692015 -0.892371 -0.811104 -0.168162 -0.112704 -0.337356 -0.243549 -0.255121 -0.120882 -0.11416 -1.07243 -1.55738 -1.49062 -0.832424 -0.308104 -0.505628 -0.621528 0.00201921 0.31819 1.11002 2.03514 1.51481 1.86367 
0.619168 0.619168 0.78829 1.00899 0.377515 0.171558 0.262507 0.12837 -0.324439 -1.15918 -1.63881 -0.950625 -0.18126 -0.613705 -1.35727 -1.26622 -0.994281 -0.68291 1.07297 2.56369 1.72611 0.353926 -0.177417 -1.14032 -0.376948 0.585554 0.585554 
1.55275 1.55275 1.43114 0.152648 0.288257 0.604612 0.198782 -0.265328 -0.578302 0.0891988 0.833294 -0.0951823 -1.23452 0.127774 1.02738 1.26686 1.10343 -0.0243611 -0.0272869 -0.30679 -0.597539 -0.147319 -0.294447 -1.18183 -1.53017 -1.9729 -1.9729 
1.53766 1.53766 1.54056 0.501209 0.362622 0.227881 0.351417 0.0886345 -1.07468 -0.399872 0.493074 0.853061 0.766624 1.0894 0.637117 -0.595941 -0.353345 0.411353 -0.864583 -2.63072 -1.34537 0.335718 0.247404 -0.666959 -1.12895 -0.960488 -0.960488 
0.344579 0.344579 -1.15046 1.54144 1.5865 1.4237 1.70954 0.403804 0.112404 1.48726 0.870741 -0.0244338 0.335781 0.229303 0.331461 -1.06236 -0.493532 -0.617062 -1.35473 0.0712577 0.187281 -0.942736 -0.465613 -0.651933 -1.64906 -1.28385 -1.28385 
0.0447091 0.0447091 0.113372 -1.09629 -0.420725 -0.640939 -1.65891 -0.903982 -0.155813 0.473167 -0.257321 -0.940763 -0.460078 1.20528 1.14836 1.62314 1.88604 -0.259455 -0.910512 -1.14071 -1.47753 -0.388158 1.339 1.79138 -0.139018 0.590525 0.590525 
-0.0726039 -0.0726039 0.248537 -0.334941 -1.45996 -0.79601 0.0664199 0.316142 -0.072574 -1.25214 -0.584623 0.708056 0.81701 1.789 1.21345 0.363263 0.165164 -2.05399 -1.62308 0.758307 -0.424419 -1.11649 -0.628581 0.818719 2.12049 0.553725 0.553725 
-2.03696 -2.03696 -0.831164 0.528898 -0.329968 -0.721205 0.925778 0.313321 -0.559264 0.162762 -0.227012 -0.0355971 0.0490585 0.742347 0.797626 -1.516 -1.30241 1.14047 0.931758 -0.862062 0.765698 1.16119 -0.259267 -0.162206 1.87955 0.740808 0.740808 
0.841236 0.841236 0.0276287 -1.34735 0.683788 -0.163575 -0.329007 1.52805 -0.466458 -2.23202 -0.935832 0.634927 0.101631 -1.05634 -0.173545 -0.426755 -0.159459 1.45579 1.27636 0.694508 1.19265 1.11728 -0.338888 -0.222922 0.510596 -1.52677 -1.52677 
-0.110637 -0.110637 -1.47009 -0.0765996 0.0371838 0.676258 1.6987 0.612788 0.0886364 -0.0295565 -0.203777 1.67312 2.24726 -1.13678 -1.63323 1.29722 0.667952 -0.951554 -0.83436 0.509581 0.889392 -0.150927 -0.964623 -1.07053 -1.09067 -0.282063 -0.282063 
-1.97607 -1.97607 0.280811 1.34486 -1.30635 -0.738818 -0.0769222 0.942294 2.10599 -0.116928 -1.63181 0.0455656 1.52803 -0.0274597 -0.689623 0.322458 0.0794874 -0.138948 -0.070391 -0.0318465 0.0951064 0.755424 0.792445 0.18256 -1.00059 0.6534 0.6534 
-0.0696395 -0.0696395 0.213828 -1.56699 0.25537 1.155 -0.0816198 0.134866 1.59239 -0.673571 -1.64657 0.692627 1.38782 0.696896 -1.54209 -0.624895 -0.27765 -0.114962 1.72052 0.982088 0.929328 0.697187 0.162987 -0.320794 -1.94653 -0.842979 -0.842979 
-1.42872 -1.42872 -1.00893 0.133085 1.34929 0.460995 -1.34962 0.0067484 2.22544 0.995769 -0.935572 -0.531629 0.196529 -1.05597 -0.816139 0.20968 -0.388444 -0.62723 1.04081 0.9536 0.603978 0.013976 -1.53959 0.686884 0.084228 1.07477 1.07477 
-1.67983 -1.67983 -1.36375 -1.27397 -0.731546 -0.0797067 0.885468 0.855929 -0.137053 -0.0931618 0.150713 0.196989 0.217927 -1.03248 -1.59521 -0.422026 0.886328 1.41001 0.430619 -0.302129 0.637609 1.13212 1.32472 2.02169 0.519884 -0.139658 -0.139658 
0.104312 0.104312 0.281815 -0.362076 -0.705222 -0.124202 -0.0664407 -0.503765 -1.06724 -1.0888 0.136031 1.14055 0.239267 -0.977525 -0.556498 0.260232 0.437427 1.63091 2.57942 0.49359 -1.80894 -1.56264 -1.23347 -0.192181 1.35635 0.742399 0.742399 
0.171715 0.171715 -1.19652 -0.921246 0.785547 0.206104 -0.629144 -0.529769 0.681271 1.81254 0.104536 -1.9111 0.540464 2.72252 1.5209 0.383248 -1.08 -0.908223 -0.000394016 -0.30842 0.472523 0.626226 -0.805263 -1.0206 -0.54474 -0.171947 -0.171947 
0.152023 0.152023 -0.718025 -0.836469 -0.0792127 0.140211 0.0330271 -1.0442 -0.259339 1.46196 1.19843 0.378581 0.347434 0.0411808 -1.26122 -0.679529 0.992802 -0.278368 -2.39694 -0.252877 2.63281 1.48291 -0.689754 -1.00256 -0.0961226 0.290615 0.290615 
-1.23172 -1.23172 1.25645 2.67999 0.0413459 0.263904 -0.792533 -1.32609 1.15163 0.851119 -1.24711 -0.3443 0.384707 0.146181 -1.04374 -0.612383 0.561772 -0.645852 0.7864 1.57549 -0.787079 -0.453308 0.418968 -0.94371 -0.433917 0.487748 0.487748 
-0.000981806 -0.000981806 -0.893175 -0.445549 0.284224 -0.964854 -0.245633 1.05699 0.964097 -0.126493 -1.09447 -0.201168 1.5312 1.13468 0.256566 0.49246 -1.44014 -2.11423 -0.701596 -0.469831 0.503422 2.02572 1.5559 -1.14174 -0.937319 0.486453 0.486453 
0.214464 0.214464 -0.17551 -1.14207 -0.308335 1.02 0.743145 -0.0930721 -1.04835 -0.342407 1.30994 0.936622 0.722288 0.26479 -0.953082 -0.700806 -1.61577 -1.19536 1.87945 0.800961 -1.25322 -0.136628 1.29324 1.83719 -0.177285 -1.04734 -1.04734 
0.674458 0.674458 1.59401 0.198069 -0.986009 0.708231 0.558661 -1.14485 -0.242592 0.0838431 -0.27491 0.045859 0.385183 0.365321 -1.6677 -1.56066 1.65528 1.36976 -1.49474 -0.253072 1.22715 -0.83379 -1.03556 1.30529 0.469744 -0.910718 -0.910718 
-0.356775 -0.356775 -1.27782 0.627769 0.981198 -0.490204 1.32139 0.0961577 -2.33051 -0.126186 2.1087 0.883192 -0.944689 0.00390028 0.609969 0.197668 1.44928 1.15003 -0.321727 0.132159 0.471433 -0.83769 -0.709524 0.75727 -0.68517 -1.17653 -1.17653 
-0.783411 -0.783411 0.0396549 0.909823 0.464227 1.00093 -0.0179382 -0.931438 -0.359852 -0.153164 1.02524 1.46726 -1.64012 -2.27247 1.45719 1.37875 -1.30869 -0.867793 0.882573 1.03769 -0.37058 -1.07553 -0.523615 -0.0548972 0.485261 0.497153 0.497153 
1.12568 1.12568 1.75042 -1.13128 -1.42279 0.522434 0.787631 1.08225 -0.821306 -2.39399 -0.103998 1.65584 -0.242279 -1.50146 0.00604462 0.252166 -0.470309 -0.287401 -0.13652 -0.102234 0.262829 0.210027 -0.53575 -1.25215 0.0770421 0.771707 0.771707 
0.186104 0.186104 -0.959165 0.0305192 1.75435 -0.21292 -0.652259 1.08038 -0.516113 -2.07921 0.882422 1.95526 0.00654825 -1.88046 -0.846257 0.816982 0.331747 1.28885 0.709329 -0.505025 -0.17942 -0.489041 -0.650874 -1.35286 -0.332021 0.713512 0.713512 
0.118905 0.118905 0.864543 1.38453 0.0589133 -1.91735 -0.451769 2.17903 0.490564 -2.21906 -1.15245 0.583983 -0.497536 -0.816373 0.671181 0.124065 -0.701617 0.778001 0.876966 -0.440401 -0.76868 -1.55476 0.284169 0.905035 0.0980755 0.49156 0.49156 
0.185332 0.185332 0.262825 0.458186 0.943322 1.30822 0.720092 -0.970073 -0.906692 0.160889 0.162948 -0.029478 -1.1487 -1.65249 0.439414 2.05442 1.49381 -0.480834 -1.56531 0.0911676 1.15047 0.505585 0.680323 -0.782185 -1.95304 -0.656771 -0.656771 
