54
0.57524 0.533341 0.600397 0.66743 0.71386 0.764116 0.789931 0.815321 0.781022 0.789656 0.80571 0.831088 0.840195 0.809306 0.801412 0.791686 0.781273 0.78493 0.735955 0.706497 0.797583 0.767381 0.715868 0.71793 0.660971 0.612663 0.553828 0.484194 0.435522 0.401726 0.344099 0.304142 0.28545 0.188844 0.101491 0.0659284 -0.036835 -0.146877 -0.294122 -0.4074 -0.580757 -0.761973 -1.00164 -1.1461 -1.26482 -1.345 -1.45574 -1.67471 -1.78059 -1.90136 -1.62147 -2.0193 -2.43917 -2.47812 
-1.58151 -1.1738 -1.08999 -1.22247 -1.06745 -1.1358 -0.98683 -1.06955 -0.733599 -0.730675 -0.61637 -0.623183 -0.499165 -0.473582 -0.431861 -0.294728 -0.210381 -0.259283 -0.0877039 0.108278 -0.233913 -0.185006 -0.0928916 -0.170149 -0.00135227 0.0162016 0.0878677 0.214868 0.0421941 0.190506 0.0333483 -0.0107844 -0.168142 -0.204456 -0.128989 -0.0964662 0.196471 0.181599 0.493459 0.576969 1.02429 1.25197 1.81867 2.16225 2.14076 2.17366 2.37743 2.28409 1.42703 0.524761 -0.076915 -0.671465 -1.20776 -1.79044 
-0.698052 -0.893086 -0.923254 -0.955418 -1.10222 -0.992044 -1.04497 -1.04854 -1.08855 -1.02406 -1.16033 -1.08261 -1.18333 -1.10754 -1.02947 -0.966865 -0.833589 -0.958365 -0.860097 -0.835427 -0.673015 -0.547946 -0.467692 -0.532358 -0.559609 -0.479619 -0.355521 -0.249925 0.152613 0.172857 0.334972 0.443562 0.676836 0.860254 0.928615 0.809863 0.52927 0.560378 0.569461 0.552092 0.586469 0.792725 0.899123 1.22224 1.69637 1.82348 1.70453 2.1673 2.13411 2.01936 0.25677 0.497914 0.738195 0.52413 
1.66442 1.43549 1.34588 1.49997 1.63434 1.0277 1.06586 0.783177 0.415558 0.35116 -0.000630019 -0.299925 -0.376663 -0.22533 -0.467106 -0.608893 -1.11152 -0.527399 -0.559586 -0.704534 -0.764044 -0.809358 -0.522038 -0.0335419 0.0621442 0.295487 -0.188879 -0.313362 -1.16217 -0.724598 -0.984501 -0.770737 -1.13554 -1.16185 -0.718823 -0.342797 0.465167 1.20558 1.5965 1.65605 1.29223 1.12825 0.546781 -0.466803 -0.947599 -0.934397 -0.982961 -1.15666 0.786855 0.956974 1.45362 0.211916 -1.23986 -2.63901 
1.44722 1.4561 1.24347 1.25064 1.0641 1.12508 0.741403 0.912393 0.803439 0.462211 0.622597 0.416012 0.193079 -0.12804 0.0304858 0.44073 0.291108 0.26842 0.291792 0.360594 0.539845 0.377233 0.179405 0.204734 0.239412 -0.0362758 -0.0707591 -0.288178 -0.423318 -0.890812 -1.13718 -1.21745 -1.30742 -1.46009 -1.60842 -1.26701 -1.06019 -1.41161 -1.30094 -1.31163 -1.34671 -1.32471 -1.28626 -1.19352 -0.882471 -1.02047 -0.590742 -0.304444 0.231895 1.47481 1.599 1.62642 1.23958 1.73544 
0.47865 0.361724 0.539695 0.398268 0.330427 0.312501 0.70719 0.3271 0.257364 0.518198 0.722363 0.964904 1.31782 1.14322 0.962987 0.544024 0.846341 0.934406 0.719226 0.802646 0.582857 0.495171 0.135736 -0.0143912 -0.470664 -0.669216 -0.836483 -1.01751 -0.88887 -0.865586 -1.17638 -1.19323 -1.25888 -1.11311 -1.13556 -1.41947 -1.3766 -1.09178 -1.0925 -1.19266 -1.34113 -1.53194 -1.03394 -0.457947 -1.02031 -0.49847 -0.0617606 0.10813 0.0209508 1.23007 0.406108 1.6422 2.61211 2.33602 
-1.36259 -1.11309 -1.13587 -1.24802 -0.926495 -0.78759 -0.324458 -0.152094 0.435568 0.683338 0.478653 0.937723 0.960305 1.37969 1.15863 0.565766 0.517281 0.857236 0.883149 0.340163 0.158888 0.0615747 -0.379984 -0.082002 0.298139 0.716172 1.11455 1.0852 1.14534 1.18321 1.74113 1.28676 1.14886 1.24466 1.28787 0.735983 0.0152626 -0.500708 -1.44855 -1.82798 -1.32521 -1.18016 -0.984875 -0.715117 -0.462898 -0.212745 -0.423296 -0.680832 -1.48427 -2.23801 0.724933 -0.352957 -0.216421 -1.57981 
-1.18324 -1.49294 -1.5739 -1.43596 -1.57242 -1.37676 -1.60282 -1.55734 -1.69719 -1.5256 -1.40862 -1.29153 -1.35808 -1.3752 -1.17082 -0.757023 -0.322195 -0.606728 -0.456937 -0.167066 0.104868 0.0765508 0.345111 0.284368 0.312985 0.224955 0.283545 0.552014 0.66092 0.712711 0.740292 0.830933 0.785707 0.723923 0.844463 0.849996 0.650624 0.662974 1.01934 1.06855 1.17565 1.07145 0.914077 0.755903 1.13797 0.885896 0.717426 0.691352 0.81838 0.482427 1.33347 1.21517 0.52834 0.470028 
-0.836206 -0.917412 -0.899513 -0.933618 -0.734028 -0.710449 -0.92146 -0.946427 -1.06698 -1.30492 -1.23265 -1.42137 -1.17444 -1.18028 -1.17085 -1.01262 -1.21701 -1.09483 -0.826633 -0.807041 -0.900055 -0.607102 -0.649068 -0.625902 -0.498674 -0.276424 -0.237165 -0.108029 -0.110572 0.176835 0.293377 0.642427 0.583031 0.637802 0.485526 0.762562 1.05388 1.16677 1.09251 1.48576 1.38748 1.71826 1.86241 1.70975 1.11615 1.24834 1.15122 1.37838 1.17082 0.348733 0.544274 0.97564 0.698408 0.731384 
2.03217 2.16861 2.22617 1.81354 1.68903 1.53087 1.64977 1.02007 1.16168 1.01817 0.815638 0.679167 0.151468 -0.0253822 -0.0813664 -0.407307 -0.646784 -0.473002 -0.94541 -1.32776 -1.2794 -1.45681 -1.2319 -1.04226 -0.835697 -1.11789 -1.18419 -1.19143 -0.920548 -1.04119 -0.711644 -0.976529 -0.659131 -0.242139 -0.427851 -0.368589 -0.134407 -0.383864 0.282288 0.262408 0.31447 -0.243158 -0.594718 -0.575808 -0.492634 -0.612334 0.227127 0.0614655 0.297995 0.528604 -0.678493 1.01056 0.727081 0.641283 
-0.454445 -0.591152 -0.650929 -0.595566 -0.597271 -0.438206 -0.383743 -0.399187 -0.123014 -0.106653 -0.0808982 0.171273 0.524913 0.39497 0.0230499 -0.0182177 -0.0836871 -0.328728 -0.363092 -0.656605 -1.37654 -1.41954 -1.3452 -1.27881 -1.23347 -0.914654 -0.787232 -0.799738 -0.689226 -0.929326 -0.923675 -0.895479 -0.692819 -0.545917 -0.282947 -0.482298 -0.245978 0.152357 -0.171223 -0.00289997 0.260629 0.190974 0.725942 1.1313 1.15811 1.55264 1.05057 1.50239 1.92956 2.59872 1.31687 1.55038 2.30632 2.3474 
0.0938875 0.133249 -0.0751907 0.0466257 0.086851 0.140495 0.199437 0.393783 0.188954 0.26354 0.417619 0.595833 0.410141 0.711667 0.900654 0.675143 0.894306 0.90396 0.921017 1.17827 1.44247 1.38178 1.23911 1.43003 1.32374 0.922825 0.902142 0.641477 0.431735 0.199606 0.289845 0.335057 0.086036 -0.0338151 -0.0491114 0.153365 0.027464 0.0874057 0.0113636 -0.275664 -0.2871 -0.125412 -0.490887 -0.943662 -1.14376 -1.50132 -1.60386 -2.01268 -2.48165 -1.90579 -1.80768 -2.31988 -1.44241 -1.56102 
-0.238634 -0.447996 0.0887144 0.406366 0.329154 -0.225646 -0.199466 -0.0657685 0.0765488 0.272608 0.630618 0.131566 0.209893 0.211248 -0.0814338 -0.0189219 0.00116293 0.128968 0.635338 0.676581 1.08649 1.055 1.10156 0.234549 -0.376845 -0.307675 -0.719207 -0.850261 -0.793422 -0.547997 -1.35547 -1.66981 -1.79245 -1.71554 -1.63663 -1.59897 -1.48763 -1.68704 -1.19345 -0.612064 -0.825704 -0.548035 0.431232 0.492339 0.623488 0.798595 1.93293 1.5978 1.02297 0.540461 1.46092 0.55313 1.65862 2.60723 
0.802203 0.802203 1.40578 1.2915 1.19854 1.08431 0.946537 0.613444 0.520603 0.799607 0.892376 0.853888 0.542118 0.447915 0.565184 0.551226 0.625374 0.411707 0.228218 1.00429 1.00016 0.210034 0.388807 0.358629 0.0795362 0.0691401 -0.0490294 0.00728683 0.205863 0.156242 0.122107 0.337841 0.0239543 -0.356488 -0.0182561 -0.103645 -0.516325 -0.762796 -0.780728 -0.925406 -1.30185 -1.66928 -1.46561 -0.795443 -0.439248 -0.395083 -1.16411 -1.13711 -0.593062 1.54443 0.00936488 -3.86799 -1.87949 -1.87949 
0.935948 0.935948 -0.0600291 0.0712712 0.189518 0.178348 0.151862 0.496599 0.654501 0.245853 0.2279 0.245807 0.305536 0.153804 0.35947 0.438061 0.0950667 0.255896 0.707391 -0.239852 -0.511014 0.289719 0.0571069 0.198488 0.373292 0.194211 0.395999 -0.0544931 -0.0152015 0.0134065 -0.341405 -0.341774 -0.327358 0.101903 0.228817 0.629769 0.542387 0.577276 0.758663 1.0084 1.27422 1.49432 1.708 0.623569 0.0507515 0.466061 0.233316 -1.72254 -3.21397 -2.74313 -2.17578 -2.05524 -2.03334 -2.03334 
-0.656793 -0.656793 -0.266896 -0.546098 -0.205356 0.0193714 -0.252915 -0.222 -0.05909 -0.289524 -0.257832 -0.172726 -0.177372 0.250631 0.219095 0.351253 -0.0973273 -0.181137 0.176625 0.330181 0.570528 0.37385 -0.0803608 -0.337721 0.00857392 0.370894 0.432192 1.09875 0.894427 0.318875 0.530367 0.700715 0.879848 0.485059 -0.23831 -1.07367 -0.714924 -0.0214634 -0.137514 -0.0769613 0.458378 0.63079 0.910541 1.79086 1.32165 -0.0981452 0.705388 0.910718 -0.471829 -4.61188 -3.75989 1.03481 -0.0549184 -0.0549184 
-0.136695 -0.136695 0.264161 0.498573 -0.297573 -0.398267 -0.0592318 -0.483903 -0.255453 -0.238887 -0.484722 -0.196862 0.27475 0.102028 -0.204742 -0.477739 0.281971 0.774316 0.0112985 -0.017297 0.0869763 0.449958 1.00863 0.80807 0.541034 -0.0660302 -0.440521 -0.821937 -0.233705 0.382628 0.148395 0.0386088 -0.212641 0.632806 1.05387 1.43581 1.81717 1.38071 0.668128 -0.121763 -0.355697 -0.58348 -1.47265 -1.36729 -0.292687 0.159674 -0.0359274 2.04892 2.40874 0.894496 -0.583073 -2.62222 -2.78701 -2.78701 
-0.460013 -0.460013 -0.463896 -0.404878 -0.283122 -0.729142 -0.480248 0.141324 -1.01759 -0.408196 -0.103563 -0.970835 -1.22997 -0.366908 1.28783 0.590631 -0.388893 0.00251178 0.209509 0.562193 0.0386125 -0.814545 -0.389322 0.136732 -0.544328 -0.700808 -0.568973 -0.796713 -1.36252 -1.61418 -0.738064 -0.384201 -0.548017 -0.680066 0.437802 1.24135 -0.326197 -0.543738 0.227192 -0.102595 -0.0286297 0.137746 0.297777 0.914547 0.392496 0.661011 1.62099 1.86221 4.02659 3.09408 0.343992 -0.812227 0.247627 0.247627 
-0.0567677 -0.0567677 -0.104723 -0.585843 -0.344119 0.561177 -0.147675 -1.05668 0.197782 0.733876 0.698072 0.989211 0.17276 -0.870745 -1.34903 -0.404557 0.587832 -0.425046 -0.434138 -0.443161 -0.778059 -1.05138 -1.1736 -1.36313 -1.45791 -0.892254 -0.85796 -0.278785 0.121112 -0.738975 -0.817536 -0.337738 -0.019437 0.0651205 -0.775876 -0.648025 0.465122 0.379809 -0.373684 -0.662879 -0.84032 0.425011 1.92584 -0.149579 -0.255564 1.69989 1.01103 -0.0143611 2.01968 0.577606 0.630401 4.14148 1.18175 1.18175 
0.295855 0.295855 -0.16403 0.273798 0.593045 0.773112 0.815659 0.974014 1.0699 0.0623389 0.331031 0.620029 0.569566 0.259751 -1.02745 -0.808006 0.37819 0.472796 -0.649968 -0.913431 -0.346707 -0.677688 -0.175024 0.869864 1.02252 1.04571 0.476811 0.0467072 0.132183 0.765168 0.139234 -0.745591 -0.0459872 0.184321 -0.639293 -1.61072 -1.56505 -1.85386 -1.68023 0.164391 0.831333 0.440331 0.598906 0.671306 0.646377 0.05791 -0.587677 -1.34161 -1.97258 2.81682 2.40461 -1.18949 -1.55253 -1.55253 
-1.29791 -1.29791 0.0295532 -0.135038 0.0361378 -0.22957 -0.674948 -0.419266 -0.0452952 0.716315 0.554716 0.0104563 -0.387527 0.415923 1.69378 2.37717 0.306282 -0.539001 1.1644 1.52662 0.583026 0.573022 0.476863 -0.234691 -0.31561 -0.226723 0.830477 0.979687 0.337127 0.0959597 0.211168 -0.0047429 -0.456761 0.0348197 0.234451 -0.714253 -0.694038 0.954019 1.06332 0.324114 -0.13081 -0.915121 -1.07519 0.524534 0.246074 -1.38655 -0.716343 0.159959 -0.758989 1.38809 2.03352 -2.52705 -2.34913 -2.34913 
-0.371512 -0.371512 -0.22139 0.357696 0.541546 -0.767126 -0.921851 -0.633536 -1.31233 -0.697785 -0.540877 0.0158039 0.598642 -0.158291 0.364652 -0.316876 -0.431764 1.07448 0.747497 -0.403749 0.467508 0.630207 -0.229658 0.309599 0.944121 0.663746 0.366972 0.23374 0.738182 1.11773 1.3142 0.753451 -0.184481 -0.48051 0.227897 1.64172 1.11856 -0.0466206 0.846964 0.770408 0.571268 1.34396 -0.196865 -2.54824 -1.64034 -0.0579487 0.244714 -0.107262 -3.45144 -2.16668 1.82834 0.321518 -0.948235 -0.948235 
0.541366 0.541366 -0.649057 -1.0438 -0.492104 0.0356295 -0.986688 -0.93745 0.116642 -0.6295 -0.614242 -1.31922 -1.40677 -0.384049 -0.70729 -1.10512 -0.0216729 -0.52669 -1.73244 -0.603352 -0.159022 0.223723 1.01954 0.979771 -0.0432265 -0.634812 -0.0386799 0.692363 0.446498 0.573681 0.260949 0.234612 1.71298 0.622192 -0.153396 0.756972 0.0876388 1.02419 1.52193 0.190532 -0.975354 -1.85044 -0.600456 0.342085 0.0415662 1.68127 1.58162 0.274406 1.13356 -1.99636 1.16569 3.16817 -0.679873 -0.679873 
-0.686264 -0.686264 -0.265342 -0.138076 0.0891855 0.212279 -0.170158 0.315718 0.38542 -0.163371 0.353406 1.07197 0.234564 -1.3555 -1.16117 -0.489583 -0.936152 -0.867986 -0.974212 -2.47663 -1.92764 -0.186998 0.0527421 -0.0108109 0.542372 0.722263 -0.00383031 -0.0408869 -0.53966 -0.769464 -0.181495 0.250251 0.510397 0.642567 -0.116246 -0.174651 1.13518 -0.091842 -0.595914 0.690735 0.169207 0.764066 1.80506 0.691423 0.667705 -0.491346 -0.365807 1.67064 2.14696 -1.59837 -2.55312 1.9127 1.49099 1.49099 
-0.329655 -0.329655 -0.103471 0.578647 0.391641 0.442985 0.828946 0.105389 -0.223123 0.761403 1.04567 0.113635 0.451893 1.47968 0.0339572 0.116735 0.761819 0.207419 0.886617 1.56455 0.69239 -0.423674 0.26652 0.366294 -1.25719 -1.02235 -0.637623 -1.15623 -1.07796 -0.255076 0.505706 -0.424924 -0.877713 -0.236578 0.647605 0.344203 -0.0467881 0.0899818 -0.861797 -0.684573 0.546307 -0.424866 -2.11041 -1.65677 -1.39558 -1.12796 -1.26857 -2.27371 0.427348 1.98293 -1.00174 1.13613 2.21581 2.21581 
0.277402 0.277402 1.04068 0.15153 -1.11205 -0.962304 0.0348527 0.203055 0.293374 0.605764 -0.400973 -0.80604 -0.0812956 -0.618631 -0.530057 -0.0770745 0.0174906 0.721781 0.596413 0.456701 0.35136 -0.174867 -1.38496 -2.33789 -0.982009 -0.692546 -0.982532 -0.304187 0.241072 -1.01072 -1.82143 -0.829579 -0.262939 0.0289694 -0.027874 0.0190964 -0.32424 0.22936 1.36019 0.335914 -0.103966 1.62373 1.31008 0.0817465 0.246854 1.69977 0.960792 -1.5146 -1.72805 0.437591 -0.178352 0.0896347 2.77827 2.77827 
0.624822 0.624822 0.515787 -0.148762 -0.148707 -0.191465 -0.400279 -0.357408 0.226575 0.403662 0.100751 -0.285208 -0.338363 0.0709701 0.147529 0.106389 -0.0841475 -0.329951 0.614325 0.785454 -0.708809 -0.534314 0.190733 -0.246103 -0.227229 -0.0736972 -0.010049 0.292148 0.191077 -0.0309451 0.222222 -0.0446817 -0.613475 0.0086917 0.290193 -0.426229 -0.579913 -0.203296 -0.106178 -0.44822 -0.660743 -0.107276 0.882664 1.02818 0.430935 -0.642609 -0.65898 0.593786 2.60734 0.623721 -5.11487 -1.75314 1.94613 1.94613 
-1.14106 -1.14106 -0.968446 0.496353 0.309056 0.118785 0.586674 0.829076 -0.16135 -0.392535 0.168228 0.270352 0.0473398 0.239192 0.541983 -0.179304 -0.071191 0.973272 -0.483439 -1.43347 0.864482 0.915162 0.0483535 0.583958 0.162668 0.19814 -0.158666 -0.372289 0.257553 -0.260549 -0.298644 0.186755 0.751563 0.899458 0.862242 0.580519 0.0992799 0.452613 0.735066 0.846064 0.807096 0.738543 -0.976435 -2.01038 -0.0387757 0.408295 -2.70893 -4.36363 -1.17341 1.53313 1.07261 0.355539 0.197078 0.197078 
0.265354 0.265354 0.0706774 0.0364026 0.387773 -0.0396676 -0.174806 0.12864 -0.0535884 -0.145082 0.074932 0.0495951 0.288684 0.269934 0.0636537 -0.227136 -0.377722 0.18451 0.350016 0.268147 0.0239418 -0.460347 -0.502658 0.0555041 0.487584 0.288866 0.501001 0.315792 -0.550286 -0.260352 0.259736 0.237173 -0.156875 -0.786155 -1.09335 -0.338832 0.72716 0.396099 -0.0452033 0.408987 0.486981 0.308769 0.802364 0.280145 -1.32364 -0.436204 0.696936 -0.827335 -3.85721 -2.29915 3.93072 2.57683 -0.766336 -0.766336 
0.45838 0.45838 0.675605 -0.433638 -0.744176 0.307779 0.00755431 -0.0949234 0.313965 -0.125548 0.125856 0.790704 0.363889 -0.357426 -0.450349 0.537942 1.24717 -0.163916 -0.646664 0.157042 0.519911 0.940993 0.418768 -0.3464 -0.723103 -0.82268 -0.613575 0.278565 1.20316 0.440999 -0.231885 -0.247655 0.637546 1.26057 0.831043 0.794247 0.0358479 -0.977888 -1.3054 -0.861851 -0.340954 -0.948154 -0.639432 1.18037 1.50193 0.324847 1.83765 2.35235 -0.982873 -2.68556 -3.17198 -1.95545 -0.0657947 -0.0657947 
-0.0421491 -0.0421491 0.00795595 0.114621 -0.314148 -0.206209 0.700159 -0.495045 -0.505387 0.737139 -0.516524 -0.995157 0.473872 2.09872 0.774083 -1.46236 -0.538157 0.469181 0.436308 -0.183941 -1.20768 -0.402162 0.768766 -0.17045 -0.749911 -0.0597757 -0.120275 -0.712558 -0.732868 0.491296 1.00538 0.122494 -0.290037 0.798092 1.5924 -0.687476 -1.55436 0.430965 0.335671 -0.256041 0.165192 0.238261 0.620639 0.0415619 -0.254101 1.00412 0.980945 2.00346 1.00699 -3.16532 -3.35524 -0.120665 0.860946 0.860946 
-0.0300722 -0.0300722 -0.409531 -0.181061 0.912403 0.162685 -1.26825 0.280211 1.41996 0.402328 0.209133 -0.406562 -1.45919 -1.19248 0.375431 1.53535 -0.00840912 -0.798275 -0.00653668 -0.2635 -0.471954 -0.30421 -0.238127 -0.216489 0.379132 0.480933 0.491593 0.779942 -0.355201 -0.732559 0.324205 0.637209 0.325484 -0.588851 -0.554706 0.986522 0.818401 -0.653814 -0.814616 -0.360285 0.865767 2.18942 -0.445428 -1.71272 1.46642 1.00671 -1.34427 0.80327 0.474633 -1.08797 2.81857 0.442601 -2.32658 -2.32658 
-0.25924 -0.25924 0.0424785 0.579399 0.401769 0.211088 0.196125 0.232884 -0.570581 -0.451497 0.441998 0.222059 -0.190599 -1.04287 -0.67814 1.02634 0.940313 -0.650852 -0.897607 0.266664 0.220135 0.17599 1.12414 0.882939 0.178861 -0.318386 -0.630762 -0.179813 0.552789 0.0625378 -0.983425 -0.0699624 0.698505 -0.351184 -1.17933 -0.580283 -0.109876 -0.0216972 1.44851 1.78846 0.247836 -0.102493 0.21685 0.0903925 -0.365029 -0.79274 -0.906766 -0.896695 2.92336 3.07412 -2.70317 -2.66929 -0.192503 -0.192503 
0.945795 0.945795 0.829495 0.0124654 -0.0589834 -0.494639 -0.126226 0.452724 0.810213 0.43178 -0.490946 -0.657974 0.294315 1.47846 1.39363 -0.972593 -2.05275 0.614159 1.46738 -0.402986 -0.665996 -0.067202 -0.562916 -0.552147 0.0134433 0.817636 0.86026 -0.340787 -0.616627 -0.0811894 -0.0633434 -0.464145 0.0357677 0.496222 -0.52148 -0.648256 1.18661 1.24956 -0.437277 -0.835956 -0.867828 -0.659482 1.02507 0.941414 -1.34255 -0.67223 1.10057 -0.0223204 0.87561 1.981 -2.75862 -3.08896 0.133528 0.133528 
0.126607 0.126607 0.508037 0.530253 -0.713165 -0.936176 0.115719 -0.229475 -0.014593 0.535865 0.497749 0.778299 -0.0869453 -0.126397 -0.0767301 -0.496853 0.944177 0.804475 -0.945945 -0.156695 0.708766 -0.431479 -0.18345 0.800865 0.260993 -0.352427 -0.255508 0.272233 0.609988 0.407135 -0.212215 -0.959418 -0.785053 0.299349 1.42558 0.61438 -1.08434 -0.151164 0.565882 -0.153868 0.405508 -0.478223 -2.53596 -0.923054 1.66802 1.26936 -0.00475547 -2.40683 -1.32876 3.50538 1.66664 -1.80114 -0.808628 -0.808628 
-0.693652 -0.693652 -0.95396 0.194856 0.80317 -0.234791 -0.550327 0.818931 0.294429 -0.390616 -0.363471 -0.431264 0.708041 0.552616 -0.384144 0.543476 0.472792 -1.03679 0.0408018 1.12892 0.636758 0.868539 0.589921 -0.609469 -0.973358 0.0943537 0.966542 0.411299 0.0130925 -0.0310017 -0.132239 1.04888 0.34694 -1.1394 0.180234 0.250303 0.267569 1.03718 -0.458388 -1.55545 -1.25454 0.338577 1.53719 0.514728 0.974459 1.10692 -0.836378 -0.204111 -1.40607 0.112542 3.49703 -1.12567 -2.44618 -2.44618 
0.23148 0.23148 0.31805 0.186316 0.183478 -0.231255 0.0155191 0.323076 -0.380733 -0.0766193 0.785468 -0.135683 -1.70607 -1.00426 0.534179 0.0982206 -0.312243 -0.0807326 -1.14909 -0.703388 1.50263 1.29226 0.065004 0.278217 0.443814 -0.426385 -0.573958 -0.419329 -0.550441 0.188791 0.638795 0.415801 0.212021 -0.481103 -0.610738 0.79641 0.00148615 -1.23238 0.477487 0.465613 -0.00496155 1.05791 -0.104257 -0.828504 -0.859395 -0.757866 1.4158 1.65441 -2.27851 -3.25196 2.33348 2.69607 -0.341699 -0.341699 
0.0879289 0.0879289 0.6447 0.307438 -0.207423 0.260255 -0.37225 -0.955431 0.438772 0.938944 -0.625424 -0.581351 1.01833 -0.437826 -1.20918 0.497418 -0.0226714 0.00517345 1.01105 -0.255226 -1.71955 -0.444303 0.548111 -1.3404 -1.23016 0.409023 -0.205969 -0.456109 0.638869 1.19596 -0.235327 -1.22589 0.0570442 1.14833 0.377365 -0.663481 -0.304196 -0.761933 -0.728913 1.05266 0.115293 -2.2652 -1.10222 0.48678 0.334945 0.00697815 -1.0319 1.28758 3.37774 -1.26317 -0.787881 2.5296 0.784587 0.784587 
0.450167 0.450167 -0.209544 -1.71339 -0.94257 0.734799 0.748493 0.0756587 0.18264 -0.631328 -1.16365 0.121034 0.0228962 -0.449114 0.285659 0.290104 0.476563 0.313382 -0.31283 -0.297971 -0.584749 -1.40443 -1.72102 0.182818 1.10462 -0.116541 0.171993 0.791709 -0.640366 -1.64644 0.0182428 1.04018 0.520853 0.0582553 -0.123478 -0.336044 0.0398536 1.13362 -0.0370942 -1.20249 0.839352 0.93301 -1.26024 -0.905023 1.08435 0.413558 -2.50108 -2.11116 1.33229 1.03366 -0.374321 2.07753 1.8787 1.8787 
