46
1.33487 1.15097 0.806283 0.779467 0.815473 0.882833 1.08974 1.14511 1.19067 1.11727 0.921563 0.978776 0.985636 0.856957 0.789575 0.830172 0.794796 0.64983 0.650878 0.559018 0.5687 0.537345 0.426934 0.376758 0.2215 0.0745276 -0.140512 -0.392515 -0.475202 -0.61699 -0.698895 -0.808981 -0.882553 -0.846448 -1.052 -0.915999 -0.915119 -0.970873 -0.974659 -1.02693 -1.03392 -1.36125 -1.36917 -1.64319 -2.05039 -2.36007 
-0.270923 0.574177 1.45673 2.1294 2.25896 2.01001 0.937502 0.178615 -0.290087 0.484686 0.83614 0.323915 0.247605 0.789503 0.897069 0.501819 0.150903 0.395634 -0.121814 -0.270088 -0.670946 -0.791984 -0.678541 -0.962627 -0.657451 -0.470752 -0.319753 0.0507955 -0.404196 -0.00295258 0.502347 0.158573 0.40025 0.401063 0.840127 0.318181 0.402918 0.609528 -0.42019 -1.51044 -1.91863 -1.51052 -1.74347 -1.6723 -1.30905 -1.85974 
-1.91022 -1.51764 -0.970185 -1.56557 -1.40098 -1.53089 -1.34818 -1.06132 -1.06621 -1.10986 -0.952058 -0.713139 -0.673878 -0.697781 -0.656814 -0.550334 -0.390587 -0.456478 -0.212665 0.0410545 0.243473 0.366209 0.624308 0.840664 0.972849 1.16405 1.49331 1.53943 1.73548 1.58072 1.3386 1.35425 1.02987 0.89927 0.801357 0.748855 0.448476 0.140102 -0.0240217 0.0340192 -0.298907 -0.270378 -0.150581 0.331846 0.893945 0.906523 
0.0992863 -1.13272 -1.37142 -0.527248 -1.13114 -0.20441 -0.574747 -0.591784 -0.335917 -0.396793 0.216452 -0.149048 -0.295264 0.308359 0.159281 -0.180995 0.293316 1.02371 1.06171 1.1762 0.8107 0.800137 1.04376 0.808061 1.05877 0.693488 0.695721 1.2643 1.50889 1.34449 0.315943 0.839216 0.951174 0.352649 0.393662 -0.0468871 -0.0130896 -0.00103946 -0.149712 -0.139364 -0.659675 -0.255741 -1.40448 -2.04533 -2.99936 -2.61311 
1.82082 2.85923 2.85229 2.14992 2.15546 1.25782 0.444611 0.260826 0.562962 0.604446 0.402558 -0.023323 -0.13708 -0.434649 -0.365086 -0.115254 -0.37337 -0.569456 -0.465372 -0.505386 -0.33336 -0.674124 -0.827034 -0.806155 -1.22497 -1.12416 -1.10655 -1.32009 -1.47933 -1.12211 -0.493578 -0.259883 -0.233655 -0.0143719 -0.227418 -0.233365 -0.0959742 -0.0144551 -0.116293 -0.29489 -0.144246 -0.413087 -0.365736 0.0629587 0.144115 0.335783 
2.3373 1.5239 0.957397 1.33657 0.94003 1.23108 2.27651 1.55823 1.20204 1.25032 0.544382 0.657933 0.925003 0.473323 -0.26443 0.101039 -0.0030481 -0.15943 -0.142462 -0.528774 -0.792779 -0.495649 -0.860571 -0.87857 -0.729728 -0.688117 -0.53316 -0.521512 -0.19653 0.491854 1.00009 -0.337783 -0.943666 -1.4207 -1.08028 -1.08375 -1.70539 -0.809111 -0.801522 -0.946738 -0.569136 -1.56123 -0.554746 -0.589086 -0.0178663 0.408771 
0.652348 0.539862 0.49167 0.667713 0.796587 0.775078 0.29134 0.556644 0.391606 0.335979 0.676969 0.692421 0.616554 1.09224 1.57038 1.25712 1.47035 0.862909 0.464631 0.613425 0.917981 0.682555 0.937415 0.367148 0.455966 0.674068 0.6643 0.533868 0.432253 0.0816637 -0.475796 -1.33044 -1.15373 -1.2973 -1.14763 -1.23222 -1.45873 -1.13179 -1.69975 -1.34614 -1.47264 -1.18872 -1.53112 -1.58583 -1.56292 -0.948284 
-2.08405 -1.76166 -1.15093 -1.5828 -1.39904 -1.11209 -0.501368 -0.0448659 -0.326195 -0.329225 -0.184265 0.317031 0.635335 0.362336 0.370348 0.203691 0.0957802 0.411492 0.33778 -0.136035 -0.368419 -0.137949 -0.00555215 0.271073 0.341098 0.0571203 -0.286158 -0.580549 -0.653471 -1.29441 -1.68124 -0.691869 -0.74515 -0.33352 -0.127139 0.325484 0.880767 0.45134 0.959517 1.90777 2.05126 2.25734 1.40915 1.03407 1.33747 1.50069 
-1.65524 -1.83342 -1.59444 -1.46765 -1.45585 -1.1479 -1.57235 -1.43818 -1.10632 -0.865822 -0.615785 -0.888525 -0.803498 -0.393763 -0.62582 -0.837417 -1.01044 -0.70773 -0.378234 0.122639 0.109865 -0.0387059 0.1971 0.219735 0.365457 0.378667 0.66449 0.820497 0.686513 0.807909 1.01717 1.11166 0.91888 1.13394 0.71913 0.622768 0.810303 0.96021 1.16962 1.53207 1.16609 1.17225 0.783565 0.892903 1.16652 0.887155 
0.862104 1.16327 0.27535 0.308599 -0.0530541 -0.970746 -0.891163 -1.39799 -1.18553 -1.25191 -1.80797 -1.46835 -1.26806 -1.65544 -1.48715 -0.551108 -0.101206 -0.275555 0.0347892 0.349713 -0.133551 -0.0437412 -0.322807 -0.130697 -0.268362 -0.1272 0.00995121 0.00973896 -0.0719057 0.39251 0.1356 -0.220306 -0.0630495 -0.0891054 -0.114467 0.114137 0.255721 0.562115 0.640733 0.234703 0.992847 0.896349 1.44175 1.73207 2.66326 2.87512 
-0.400918 -0.639885 -0.638332 -0.710914 -0.596129 -0.54529 -0.507154 -0.566806 -0.588461 -0.441574 -0.531491 -0.564546 -0.772006 -0.694715 -0.778022 -0.892613 -0.830767 -0.942667 -1.00845 -1.3847 -1.01319 -0.748401 -0.655765 -0.630675 -0.459173 -0.440538 -0.446062 -0.389779 -0.33032 -0.20217 -0.0958102 0.144588 0.176684 0.440552 1.00193 1.212 0.98198 1.44704 1.33288 1.52078 1.76442 1.94419 1.98344 1.74053 1.73323 2.02308 
0.98377 0.798608 1.03501 1.60574 1.80945 1.51908 2.05737 2.27532 1.11278 0.839043 0.935275 0.705393 0.646253 0.120142 0.479355 0.326605 0.158694 -0.176551 -0.329572 0.201021 -0.118884 -0.372261 -0.0572056 -0.821974 -0.883755 -0.699415 -0.785616 -1.11243 -0.644627 -1.13954 -0.59788 -0.122057 -0.111099 -0.249054 -0.227612 -0.537705 0.143558 -0.54533 -0.963371 0.021841 -0.216199 -0.413191 -0.925887 -1.19664 -2.19704 -2.32942 
1.36509 1.25403 1.31071 1.03388 1.11435 1.44829 1.12498 1.27383 1.25795 1.31767 1.00882 0.906556 0.923097 1.06332 0.672826 0.193309 0.165013 0.594094 0.551738 0.0789797 -0.240079 -0.522637 -0.968496 -0.992515 -1.1527 -1.35151 -1.34232 -1.21529 -1.2226 -1.29175 -1.34714 -1.16265 -1.21293 -1.11493 -1.67923 -1.1515 -0.98784 -0.731216 -0.367782 0.128325 0.212941 0.116232 0.19592 -0.221969 0.288441 0.676689 
-1.55046 -1.55046 -0.857751 0.821039 1.23634 1.98999 1.93713 1.2256 0.65771 -0.406215 0.169798 1.06306 0.243313 -0.0840742 0.662401 0.803536 -0.0147606 0.145864 0.380052 0.418126 0.684939 0.155352 0.0723577 -0.125409 -0.552265 -0.81589 -1.27905 -0.695402 -0.209378 -0.205929 -0.0661273 -0.0293855 0.615291 0.0332945 0.473808 1.38412 0.538529 0.517955 0.533322 0.519182 -0.693782 -0.697889 -0.462778 -2.2235 -2.3808 -2.3808 
2.18635 2.18635 1.97331 1.04301 -0.0956073 -1.58073 -2.21075 -1.46476 0.430026 1.4433 -0.146742 -0.675231 0.627104 0.854278 -0.303539 -0.86998 -0.0793031 -0.285048 -0.770593 -0.626549 -0.592901 0.0425012 -0.158939 0.0779421 0.659581 0.469101 0.696241 -0.0524418 -0.0145187 1.17189 0.251446 -0.0742524 0.351474 0.59534 -0.0505133 -0.488273 0.411836 -0.965039 -2.56727 -1.79939 0.0517871 0.268294 -0.147981 0.588597 -0.1797 -0.1797 
2.02565 2.02565 -0.496602 -1.47406 -0.285684 -0.239441 0.824564 0.34563 -0.498149 -0.0828031 0.638576 0.335954 -0.335029 -0.330675 0.00219372 0.305439 -0.134621 0.0799965 0.895958 0.79028 0.455881 0.598032 0.837043 0.515584 0.451355 0.954509 0.584107 0.244019 -0.268814 -1.38748 -0.952408 -1.16241 -1.53581 -0.95764 -0.758246 -1.27514 -1.92838 -1.58052 -0.645066 -1.07602 -1.15136 0.00443586 1.16324 2.29243 1.09291 1.09291 
-2.01898 -2.01898 1.14021 0.584519 0.710147 1.06553 -0.370544 0.582318 0.51561 1.05941 0.595882 -0.559747 0.914913 0.910558 -0.525721 0.422855 2.05203 1.38812 0.450945 -0.163044 -0.353334 0.573543 0.230959 0.241741 0.0445633 -0.333533 1.08747 1.45626 0.340921 -1.59634 -0.549937 1.1855 -0.521479 -0.629433 -0.389049 -0.400028 0.288666 0.0110123 0.00842146 -0.55708 0.0418182 -0.91443 -2.50422 -2.20794 -0.645053 -0.645053 
2.07092 2.07092 -1.22305 -1.19945 -1.56894 -3.1182 -1.76743 0.343069 0.769331 -0.184399 -1.06876 -0.901999 -0.659202 -0.312319 0.723491 0.103447 -0.740335 -0.0549667 0.240359 0.368919 -0.200171 -0.815025 -0.130712 -0.633859 -0.482618 0.343201 -0.251623 -0.586267 0.493755 1.98439 1.75065 0.610956 0.583687 0.130923 -0.295263 0.367845 0.533349 0.0806747 -0.411526 0.0662285 -0.104534 -0.29999 1.01991 1.08388 0.635368 0.635368 
-1.7944 -1.7944 -0.143395 0.0918968 -0.0301052 1.96615 0.568841 -1.37156 -0.31033 -0.794516 -0.704157 0.64287 -0.139636 -1.53071 -0.39945 0.477794 -0.244654 -0.0770661 -0.39538 -0.784358 0.161797 0.0220874 -0.414177 0.297076 0.379602 0.388067 0.346586 0.581969 1.51884 1.77254 -1.03261 -2.575 -1.38325 -0.0731958 0.582414 -0.74946 0.496141 1.36725 -0.0745919 0.437653 -0.734763 0.13586 1.46177 0.859193 1.49737 1.49737 
-0.210059 -0.210059 0.459377 0.8702 0.411846 -1.00951 -0.34406 0.395374 -0.349236 0.82483 0.989744 0.0225694 1.09038 2.37577 0.545292 -0.0693374 -0.751891 -2.17069 -0.416103 1.21459 0.323135 0.207831 -0.569054 -0.954298 0.874846 0.64611 -0.162544 -0.375644 -0.886446 -1.94408 -3.11357 -1.41017 0.239635 0.176902 0.313738 -0.559075 0.395755 -0.396469 -0.33459 0.689695 0.527985 0.0270472 -0.758614 0.0889546 1.64195 1.64195 
1.23783 1.23783 0.005113 -0.692698 0.482091 1.1799 1.457 -0.000911646 -0.751943 -0.0552417 0.768998 1.0523 -0.21316 -0.720283 -0.546484 -0.735941 0.0524127 0.108306 -1.18205 -1.44137 -0.290333 0.305844 0.381277 0.279341 -0.636875 -1.31235 -1.32937 -0.887519 -1.45389 -1.96692 0.697546 1.24268 0.298461 0.722835 0.789832 1.36006 -0.0815124 -0.1585 2.0931 1.49707 0.284101 -1.33663 -2.28644 -0.404351 0.475421 0.475421 
-0.192592 -0.192592 0.772128 0.0534995 0.626576 -0.75345 -1.30319 1.08927 1.42564 1.16681 -0.456737 -0.978714 1.18017 0.17713 -1.78834 -1.60159 0.025321 1.61494 2.2418 1.15909 -0.895304 -0.108968 0.432612 0.147646 0.117832 0.561017 1.01273 -0.315253 -0.424739 0.661064 0.57595 -0.695855 -0.314451 -1.0168 -2.00192 -0.09651 0.682516 0.7517 1.42404 -0.39606 -1.52314 -1.59498 -1.26858 0.826485 -0.403105 -0.403105 
-1.15462 -1.15462 -1.61277 -0.712843 -2.33895 -1.58444 -0.881862 -0.654639 0.0985353 -1.21565 -0.52139 0.771976 -0.471191 -0.525916 1.73713 2.2187 0.319924 0.0812803 0.917937 -0.439133 -0.824078 -0.474899 -0.299965 -0.0581699 -0.145293 0.324644 0.0828948 -0.291247 0.503268 0.203563 -1.19919 -0.490962 0.0730816 -0.239196 0.196273 0.481751 0.614771 0.507099 -0.711146 0.450843 0.980145 0.616361 1.27781 1.9375 1.80334 1.80334 
-1.28911 -1.28911 -0.663197 -0.237236 0.227055 -0.0612849 -0.476934 -0.70186 0.075107 -0.181684 -0.858597 -1.30078 -0.885674 -0.41863 -1.14046 -0.594413 -0.584291 -1.06441 -2.05884 -0.413832 1.99765 0.948581 0.0468719 0.343553 0.319272 -0.346675 -0.20505 0.0394068 0.309761 0.486196 0.908455 0.629086 0.717376 2.70845 2.50608 -0.47104 0.488178 0.924027 -0.118602 1.22739 1.19683 0.427945 -1.16212 -1.33725 0.666909 0.666909 
0.360528 0.360528 1.64659 1.59097 0.125896 0.695159 1.56001 -1.33378 -2.17032 -0.028659 0.0459548 -0.218394 -0.722393 -0.0106122 0.624618 -0.272223 -0.582718 -0.557385 0.915741 0.631807 -0.70203 0.378283 -0.49179 -1.13294 0.481866 0.440318 -0.429352 0.513222 0.227212 0.35288 2.00448 1.10155 0.0572741 0.0751115 -0.217761 0.904849 0.260371 -1.60997 1.23832 1.54457 -0.466813 -0.934108 -1.05961 -1.88938 -1.65395 -1.65395 
-0.0855376 -0.0855376 -0.471076 -0.41574 1.00476 0.0656596 -0.364819 0.350208 0.142909 -0.538482 -0.91521 -0.158434 0.405528 -0.541129 -1.98248 -1.14011 0.973063 0.940365 -1.15709 -1.80063 -1.35827 -1.65318 -1.05188 -0.387472 -0.793983 -0.400064 0.35775 0.319377 -0.136886 -0.248721 0.341177 0.353079 0.151937 -1.04357 -0.0441116 1.64895 1.0184 1.48304 2.04002 1.39156 0.0128137 0.00135123 -0.745632 0.256119 2.13099 2.13099 
0.769276 0.769276 2.57003 2.27247 1.28012 0.777945 -0.79369 -1.34613 -1.72413 -0.497121 1.60226 0.105096 -1.20424 0.475775 0.978337 -0.700119 -0.679213 0.449737 0.318282 0.353277 -0.255625 -0.630846 -0.274919 -0.643763 -0.714406 -0.753353 0.155481 1.17363 0.551275 0.179898 0.21561 0.757165 0.0934738 -0.125523 1.47521 0.0956631 -0.902858 0.0206545 0.0275566 -1.29002 -1.27925 0.274026 -1.61021 -2.03113 -0.142495 -0.142495 
-0.0692654 -0.0692654 -0.794655 -1.51637 -1.94899 -1.55241 0.187272 2.15596 2.36438 -0.352881 -1.55506 0.700245 1.28946 -0.628812 -1.24762 0.271693 0.552941 -0.442178 -0.169435 0.235401 0.618532 0.435224 0.124482 0.73508 0.401849 0.125433 -0.30982 -0.45736 1.05151 0.30423 -0.87482 0.174843 0.618955 -0.216598 -0.748088 0.457359 -0.274906 -2.22608 -0.553728 2.13903 1.7091 -0.0589192 0.3466 0.0721143 -0.502224 -0.502224 
-2.09869 -2.09869 -2.95314 0.290554 1.18543 1.07672 0.617625 -1.05009 -0.268342 1.09986 0.47224 -0.744912 -0.476564 0.400966 0.662246 -0.0134206 -0.0908959 1.00707 0.727082 -0.278522 -0.0618787 0.439376 0.0341054 -0.230977 0.48987 0.222225 -0.514906 -0.639414 -1.32002 -0.491395 0.302923 -0.40381 0.285183 0.785895 -0.171367 -0.91671 -0.160778 1.228 0.547199 -0.336407 1.05067 2.12952 2.10626 0.0446993 -0.942402 -0.942402 
2.07532 2.07532 1.6905 -0.410279 0.220651 -0.860847 -0.447089 0.501214 0.217935 -0.0568675 -1.23374 0.108475 0.905746 -1.11011 -0.450197 1.67266 0.556001 -1.22123 -1.18666 -0.669429 0.397638 0.292173 -0.342233 -0.241538 -0.51084 0.609767 1.12699 -0.62945 -2.22641 -0.729386 1.81399 -0.0927491 -1.36932 -0.0207477 0.0464086 0.356869 0.172193 -0.306529 -0.505867 -0.0893292 -0.359926 -1.87561 -1.00822 1.17503 0.969856 0.969856 
-2.27765 -2.27765 -2.26059 -0.146131 -1.28334 -0.0395626 2.60651 1.93807 -0.277418 -1.22502 -0.414886 0.400071 0.5303 1.10366 0.404556 -0.954422 -0.0105849 0.81301 0.410427 -0.21456 -0.752062 0.15417 0.234937 -0.150483 0.810383 0.270964 -0.568071 0.642873 1.96258 1.01271 -0.889067 -0.739782 -0.243121 -0.531546 0.275249 0.703052 -0.103678 -0.579211 0.0935059 0.325912 -0.160832 0.916944 1.10451 -0.17408 -0.220331 -0.220331 
1.037 1.037 1.20434 -0.0566078 1.19578 0.288788 -2.51093 -0.762438 0.273208 -0.417265 0.885079 0.264305 -1.68301 -0.321956 1.29125 -0.0270883 -0.531791 -0.244373 -0.640198 0.259082 0.436359 -0.546806 0.0583916 0.427351 -0.0724664 -0.160659 0.000723074 0.696519 0.709546 -1.95175 -3.22911 -0.386549 1.64208 1.26078 -0.618132 -0.198535 1.36821 -0.543079 -0.798303 -0.606687 -0.351811 1.42498 0.37725 -0.111863 0.316687 0.316687 
0.38728 0.38728 0.681589 -0.126348 -1.4389 -0.633819 0.914149 -0.0960052 0.215361 0.866934 -0.667028 -0.0201983 1.59351 -0.482795 -1.84394 -1.02158 -1.59768 0.148259 2.33288 0.437285 -0.813525 -0.731451 -0.924833 0.942097 1.05422 -0.835472 -0.82427 -0.610892 -1.21591 -1.68778 0.29019 2.3099 1.04466 -0.0392103 -0.619542 -0.0335402 0.0241926 -0.615508 0.685819 0.525643 -0.56701 -1.014 -0.0479469 1.62744 1.02025 1.02025 
-0.821994 -0.821994 -1.30324 0.357101 1.31959 0.700503 -0.786195 -1.49525 -0.00931655 1.07707 0.791971 -0.649195 -1.19431 -0.201725 0.0173536 0.441182 0.610389 -0.823196 -1.04059 0.643125 1.23312 0.491329 0.00987465 -0.674018 -1.06956 -0.44943 0.32114 -0.0577218 -0.71626 1.51189 2.24166 -0.247078 -0.33036 0.367027 0.467614 -0.572772 -1.01912 1.52788 1.16992 -1.21943 -1.92612 -1.74462 0.671099 1.93287 0.634889 0.634889 
0.61217 0.61217 0.1631 -0.0816375 -0.494945 -1.19659 1.16083 1.71457 0.0577719 -1.16698 -1.33142 1.03222 0.731604 -1.8457 -1.1022 1.14267 2.01933 1.39439 -0.275543 -1.95106 -0.783093 0.839132 0.169676 -0.187388 0.267634 0.568538 -0.538263 -0.888955 0.619418 0.634648 -0.83862 -0.547093 -0.191238 -1.04518 0.584403 1.68682 0.539364 0.472697 -0.707917 -1.83237 -0.739888 0.168393 1.52249 0.550151 -0.759053 -0.759053 
-0.554139 -0.554139 0.314832 -0.812958 -0.953367 1.29522 0.786069 0.834926 -0.653466 -0.710353 1.80751 -0.0632776 -1.365 2.02062 2.53846 -1.48021 -2.17565 0.465693 -0.614263 -1.79385 -0.146286 0.394335 0.290646 0.0376022 0.257896 0.108589 -0.706457 0.294164 0.366041 -1.75565 -0.782387 1.11676 0.131357 0.00720408 0.584399 0.292354 -0.0872734 -1.39206 -0.166071 1.52137 0.0480743 0.175678 1.16394 0.395702 -0.241293 -0.241293 
0.362165 0.362165 0.681102 0.560086 0.0252559 -0.633596 -0.586115 0.306852 0.282993 -0.805595 -0.944405 -0.126761 0.554018 -0.297257 -0.238104 0.309943 -0.458393 -1.21055 0.380628 2.9308 0.913616 -1.56713 -0.559499 0.0974721 -0.623293 -0.499071 0.182591 0.278976 0.228045 0.341784 0.000501982 -0.249557 1.45043 1.2328 -2.48712 -1.61739 0.938065 -0.560811 0.120655 0.878436 -0.705068 -1.87274 -1.42817 1.263 1.39412 1.39412 
0.950314 0.950314 0.910883 -1.03936 -0.596385 1.05527 -1.39965 -2.60575 0.963823 1.60973 -0.0958591 -0.506031 0.185935 0.993521 -0.146812 -0.817224 -0.163506 1.10088 0.881645 -1.10818 -0.141079 0.187678 -1.03264 0.728854 1.1539 -0.60731 0.0903219 0.504072 -0.075023 1.29853 0.569364 -1.34171 -0.688988 -0.156328 0.626832 0.377584 -1.74408 0.731899 2.27486 -1.17011 -1.71846 -0.381582 -0.638538 -0.382679 0.205537 0.205537 
-0.391417 -0.391417 -0.349301 1.02525 0.268399 -1.14036 0.118578 0.288437 -0.77436 -0.90331 0.191261 0.90721 -0.389252 -1.91548 -0.553865 2.15144 1.48544 -1.71922 -2.18413 -0.251108 0.0142374 0.135204 0.865324 0.0982937 -0.107572 0.778582 0.44957 -0.47445 -0.530361 0.265859 0.360034 -0.242016 -1.16096 -0.247199 1.95125 0.710679 -0.224262 0.67955 -0.167614 -1.64087 -1.15606 -0.675232 0.0959125 2.09137 1.32895 1.32895 
