29
1.26258 1.32558 1.13766 1.15733 1.13941 1.08597 1.09062 0.8535 0.726941 0.57058 0.50239 0.503534 0.462769 0.292663 0.14684 0.167159 -0.000888595 -0.196328 -0.410704 -0.577092 -0.760714 -0.894744 -0.941007 -0.925562 -1.14558 -1.37109 -1.59449 -1.74202 -1.8653 
-0.395083 0.0254771 1.00924 0.989562 0.407401 1.01542 0.48243 1.28109 1.59286 1.16129 1.56765 0.619218 0.537179 0.456331 0.015232 -1.10421 -0.86962 -0.0863815 0.398061 -0.224098 -0.129668 -0.244137 -1.3196 -1.42071 -1.53526 -0.26914 -0.767376 -0.758017 -2.43514 
-1.52552 -1.04109 -0.781903 -0.772613 -0.935769 -1.17218 -1.10622 -1.45119 -1.51798 -0.613528 -0.863596 -0.666993 -0.543615 -0.272322 0.451262 0.930363 1.18551 1.05924 0.945162 1.12479 1.24743 0.440485 0.689488 0.349676 0.252018 0.946858 1.36145 1.28675 0.994019 
1.03887 -0.127463 0.0249458 -0.573268 -0.0353063 -0.0835207 -0.110483 0.070523 0.583723 0.343362 0.358422 1.07942 0.715627 0.300469 1.58881 1.17567 0.993412 0.48518 0.908387 1.35139 0.638159 -0.625736 -1.16007 -1.20605 -1.1824 -1.7231 -2.2131 -1.56242 -1.05346 
1.58526 1.67644 1.52677 1.9343 1.93768 1.42724 0.252652 0.36519 0.349976 -0.588064 -0.650987 -0.644761 -0.757358 -0.803576 -0.246313 -0.375086 -0.608543 -0.33988 -0.61129 -0.678058 -0.351327 -0.762702 -0.828494 -1.32333 -1.51797 -0.262385 -0.409301 -0.212075 0.915991 
0.0356658 -1.21705 -2.40997 -0.88055 -0.943513 -0.945246 0.243532 -0.353086 -1.56627 -1.01803 0.196107 0.176481 0.0404971 -0.216185 -0.672931 -0.460789 0.0774181 -0.349716 -0.185384 0.609791 1.57902 1.01771 1.06696 1.07974 0.216935 0.709286 1.14874 0.841994 2.17883 
0.892106 0.938538 1.61973 0.722347 0.856844 0.61377 0.299873 0.566411 0.467336 0.224642 0.42656 0.701807 0.55033 0.98479 0.446613 0.0759655 0.156188 0.750809 0.620791 -0.000291946 -0.507751 -0.601714 -1.07192 -1.23154 -1.41434 -2.22031 -1.43649 -1.49628 -1.93482 
-2.23821 -1.9435 -1.66848 -1.01443 -0.602194 -0.980096 -1.05194 -1.22661 -0.759995 -0.33903 -0.260299 0.244007 0.848321 0.57735 0.607323 0.635901 0.619203 0.591375 0.289435 0.512564 0.616674 0.593866 0.792737 1.38799 1.60354 1.2026 0.473741 0.457671 0.0304807 
-1.54773 -1.57357 -1.30164 -1.27943 -0.836029 -0.67347 -0.968969 -0.844095 -0.841159 -0.901766 -0.808028 -0.689319 -0.301458 -0.346387 -0.172563 0.155722 0.33639 0.55258 0.654368 0.985617 0.942595 1.00822 1.0361 1.24171 1.25675 1.27482 1.33074 1.37595 0.934044 
2.16029 1.64547 1.33017 1.41373 1.08695 0.902509 0.638086 0.132609 -0.716374 -1.18584 -1.2601 -1.07036 -0.685879 -0.881332 -1.05862 -0.540586 -0.707829 -0.89519 -0.657183 -0.647311 -0.624864 -0.836348 -0.518985 -0.4764 0.022898 0.385061 1.2348 1.09452 0.716121 
-0.578897 -0.298634 -0.635307 -1.26837 -1.53482 -1.01613 -0.0515165 -0.0154029 -0.734726 -1.00931 -0.348306 -0.0180959 -0.245817 -0.555448 -0.35038 -0.675565 -0.774747 -0.496915 -0.606787 -0.2373 0.221993 0.375088 0.822524 1.06271 1.85258 1.72865 1.64996 1.60127 2.13769 
0.545304 0.704574 0.858092 0.579585 0.898097 1.59836 1.86219 1.74236 1.73846 0.980584 0.378846 0.258414 0.170039 0.00709995 -0.353627 -0.378766 -0.421942 -0.75218 -1.00099 -1.52857 -1.32584 -0.824884 -1.22448 -0.694394 -0.469801 -1.2442 -0.570807 -0.829022 -0.702502 
0.550158 -0.0901293 0.253371 0.67425 0.501514 0.717938 1.13957 1.02459 0.94855 1.22917 0.70601 0.5815 0.740804 1.15517 0.213578 -0.502703 -0.388336 -0.131418 -1.10263 -1.69893 -1.3129 -0.481268 -1.23036 -2.43735 -1.60503 -0.207466 -0.621363 -0.0193538 1.39307 
0.764783 0.764783 0.441002 1.71105 1.16489 1.33351 -0.038737 -1.019 -0.415664 0.0204058 1.19711 1.402 0.122612 -0.662267 0.760381 0.594339 -1.01757 -1.36368 -1.14664 -0.916882 -0.675133 0.351057 1.46776 0.169689 -1.63051 -1.65579 -1.07317 -0.325168 -0.325168 
1.61145 1.61145 1.14188 -0.528404 0.14112 0.193571 0.396925 1.29798 -0.0142411 0.0866548 -0.46466 -0.985605 -0.0602001 -0.443189 -1.551 -0.830279 1.1992 1.46571 -0.0333524 -0.449356 0.0921679 -1.15569 -1.14144 -0.116487 1.34186 0.932599 -0.407915 -1.66537 -1.66537 
1.04219 1.04219 0.163406 -0.617721 -1.07214 -0.648385 -0.849176 -1.09471 1.21612 0.877155 -0.432026 0.258672 0.396811 1.50691 1.89125 1.02486 -0.0947769 -0.777663 -0.211903 0.225905 -1.59879 -1.36506 -0.501096 -1.14225 0.771361 1.71877 0.295498 -1.01271 -1.01271 
-1.09707 -1.09707 -0.402483 0.0688993 0.741335 0.0506523 0.3309 0.991309 0.476141 -0.132891 1.04248 0.579288 -0.809792 1.21013 1.21259 -0.58538 -0.701637 0.0386112 1.2016 -0.18782 -2.27469 -2.05597 -0.566936 0.115267 -0.48958 -1.11758 0.339012 1.56035 1.56035 
-0.0197369 -0.0197369 0.427283 0.643538 -0.653603 -2.31815 -1.43785 0.20043 -1.28411 -1.35152 -0.0172125 -0.0874055 -0.161513 0.785046 0.668391 -0.448952 0.112652 0.0590236 -0.414963 0.43025 -0.0567037 -0.611365 -0.729298 -0.911374 1.56209 1.62953 0.133996 1.93563 1.93563 
-2.31689 -2.31689 0.219142 1.24914 -0.146565 0.994448 0.452186 -1.7373 -0.693711 1.51888 1.00125 -0.229437 -0.445523 -0.737911 -0.310558 0.596382 0.0136557 -0.327146 0.787038 1.52074 0.28424 -0.554356 -0.031043 -0.862425 -0.425279 0.761784 0.0333774 0.851381 0.851381 
1.66207 1.66207 -0.0786775 -1.08699 0.119801 -0.707201 0.232709 0.62892 -0.310289 0.24485 1.20012 0.548334 0.841982 0.128766 -1.35615 -0.215592 1.56471 1.17695 -1.06525 -1.76139 -0.789185 -0.720485 -0.841575 -0.311474 -1.50359 0.279195 1.65543 -0.599036 -0.599036 
0.721524 0.721524 1.36275 1.60762 -0.233861 -1.09769 -0.735028 0.225828 1.28872 0.596557 0.745275 1.68316 0.299706 -0.725187 -0.19065 -0.273933 -0.37459 -0.883595 -0.43577 0.288814 -0.150053 0.0190436 1.12196 1.15172 -0.625962 -2.31122 -1.62444 -1.08612 -1.08612 
0.251176 0.251176 0.439741 1.11269 1.6635 -1.23637 -1.38427 -0.213037 -0.940975 -0.584618 0.119126 1.27344 0.631227 -0.208779 1.25594 1.28279 0.842865 0.533296 0.984855 0.416531 -0.625937 -0.34766 0.201729 0.151318 -0.584728 -0.424268 -0.317725 -2.27151 -2.27151 
-1.15634 -1.15634 -0.18836 -0.206931 -0.640463 -0.539587 -1.05893 -2.00457 -1.94631 -0.693054 0.37333 1.11545 0.492326 -0.416455 0.737754 0.754009 -0.387107 0.268461 0.587522 0.238814 -0.119272 0.35781 0.768817 1.06313 1.58011 2.14701 1.33422 -0.652529 -0.652529 
-0.362889 -0.362889 -1.80096 -1.69038 0.123091 2.06145 1.30162 -1.34981 -1.83901 0.334366 1.28664 -0.112695 -1.12015 -0.438707 -0.463197 -0.942251 0.00722328 -0.00960956 0.134706 1.03088 0.690161 0.671493 0.808621 1.3478 0.774481 -0.593103 -0.474627 0.493878 0.493878 
0.740857 0.740857 -0.0650238 0.238703 2.04048 1.93981 0.430138 -0.0626998 -1.23726 -2.33778 -1.16434 -0.219322 -0.29757 -0.798929 -0.545259 0.0393037 -0.522337 -0.900876 -1.26415 -0.432947 1.46044 0.351653 0.405274 1.55431 -0.847044 -0.0208762 0.929336 -0.0773692 -0.0773692 
-0.387115 -0.387115 0.672936 0.157241 -0.0469978 0.546743 0.215689 -0.281458 0.113726 -0.332926 -0.737632 -0.0558836 0.482427 -0.617313 -1.74677 -0.691923 0.280255 -0.804188 -1.6565 -0.30069 1.12574 -0.00818128 -2.04467 -0.464922 2.1369 0.891996 0.0972742 1.92168 1.92168 
-0.19395 -0.19395 0.741796 0.577949 -0.233559 -0.842201 -1.68868 -0.233107 0.81042 1.23286 1.06254 -0.747063 -1.47631 0.5145 0.970447 -1.26535 -1.39802 -0.0504928 0.373795 0.392002 0.978797 1.62345 -0.0890228 -2.23814 -1.30037 0.455242 1.02498 0.595718 0.595718 
-0.134194 -0.134194 -1.35212 -0.521518 0.734655 0.394736 1.01351 -0.0916033 -0.675056 -0.120225 -0.573656 0.503131 0.603725 -0.878846 -0.0740475 2.21359 1.88238 -0.690541 -1.18821 0.299735 -0.306834 -0.69131 0.965972 2.01897 0.973175 -1.06768 -1.68616 -0.708694 -0.708694 
-0.469919 -0.469919 -1.02469 -0.723296 0.132432 0.312564 -0.162776 1.62102 1.55466 -1.01633 -0.285046 0.742863 1.04073 1.21559 -0.188146 -1.2563 -1.12597 0.071025 0.86696 -0.830776 -0.975722 0.933806 0.312455 1.05793 2.18615 -0.183756 -1.78573 -0.774899 -0.774899 
0.305599 0.305599 0.629131 0.613925 -0.183656 -0.452833 0.474485 -0.0714462 -0.942724 0.217574 0.317671 -1.44243 0.261846 1.21693 -1.40348 -1.48496 0.257143 1.13515 -0.326542 -2.55708 -1.45333 1.00098 1.31909 -0.118038 -1.0173 0.39757 1.66686 0.667129 0.667129 
0.17896 0.17896 0.343907 -0.986438 -2.421 -0.760179 1.75902 -0.0447352 -1.34574 0.804313 0.802195 -0.272064 0.503454 0.471001 -1.10322 -0.585886 0.225453 -0.564435 0.121149 0.111259 -0.956483 -0.675017 -0.39083 1.58574 1.77605 -1.25127 0.0714736 1.21218 1.21218 
1.42951 1.42951 2.09821 -0.45437 -0.382297 0.171781 -1.99046 -0.960889 1.89705 0.883468 -1.352 -1.15623 -0.547058 -0.129321 0.649313 -0.00645559 -0.816522 0.285156 0.982749 -0.543373 -1.56415 -0.421633 -0.41695 -0.472892 0.837534 0.080828 -0.158775 0.314125 0.314125 
-0.91374 -0.91374 -1.55044 0.310791 0.425279 0.256757 1.02916 -0.157418 -0.0570619 1.13922 0.377097 -0.0406893 -0.0794775 -1.20256 -0.0319861 2.02985 1.06479 -1.47524 -1.66997 0.359781 0.842743 0.152379 0.443732 -0.232572 0.558442 2.18024 -0.369102 -1.23813 -1.23813 
0.551663 0.551663 0.737928 -1.15063 -1.99399 -0.31734 1.07067 1.60333 0.345899 -0.349502 0.890454 -0.275047 -1.7681 -0.309116 0.407152 -0.0760293 -0.399869 0.0173517 0.955724 0.281231 -0.14132 1.03149 0.925497 -1.26573 -2.57031 -0.695633 0.99581 0.473382 0.473382 
0.339712 0.339712 0.879628 1.17027 -1.69627 -2.25686 1.00947 0.54409 -0.109703 1.03896 1.67918 0.599291 -1.00079 0.689638 1.38514 -0.142991 -0.412911 0.302344 0.0947405 -1.10394 -0.424702 0.852474 0.588762 -0.442566 -0.27338 0.402645 -1.29365 -1.37914 -1.37914 
0.788428 0.788428 0.773308 -0.367784 -0.270532 -0.340395 -1.19245 -0.722179 1.06813 1.88893 1.47277 0.0971983 -1.24694 0.200137 0.953289 -0.915535 -0.395014 0.793844 -0.0238248 -0.575149 0.097198 0.723383 0.574577 0.660856 0.882795 -0.199888 -2.27904 -1.61727 -1.61727 
-0.890815 -0.890815 -0.824304 1.13153 2.23096 0.683095 -2.07771 -1.91493 0.987248 1.85431 -0.294714 -1.47351 -0.221902 0.369363 -0.328689 0.257161 0.535192 0.0508799 0.600063 0.30831 -0.241977 0.0454529 0.381004 -0.0463381 -1.19328 -0.777154 0.628029 0.556764 0.556764 
-0.509704 -0.509704 -0.284344 1.65049 1.35044 -1.1066 -1.39758 -1.14893 -1.59983 0.142345 1.66011 0.731378 -0.341813 -0.0955359 0.7102 0.105253 -0.609352 -0.46217 0.435442 2.10985 0.670405 -0.69467 0.980601 -0.840953 -1.08052 1.40629 0.0463289 -0.658712 -0.658712 
0.517901 0.517901 0.184619 -0.632464 0.0845401 0.00258239 -0.702434 -0.233083 -0.200449 -0.7174 0.0118597 0.62131 -0.530026 -1.60787 -0.215405 1.14284 -0.239741 -1.41887 0.158213 1.63092 0.0218553 -2.21615 -0.462367 2.53527 0.709759 -1.48535 0.498275 1.01189 1.01189 
