35
0.228644 0.149913 0.480489 0.987067 1.24637 1.22445 1.12349 1.18314 1.36474 1.27659 1.14384 0.986537 0.867674 0.745197 0.626649 0.449632 0.346818 0.26622 0.132541 -0.0512303 -0.151324 -0.260546 -0.354175 -0.508459 -0.678844 -0.80538 -0.823786 -0.861693 -0.904409 -1.0609 -1.38282 -1.57925 -1.75281 -1.74826 -1.90612 
-3.52223 -3.23694 -1.52027 -0.087292 -0.0545493 0.0494705 -0.104867 -0.276992 -0.372284 -0.166335 0.397485 0.547778 0.717446 0.808448 0.839078 0.801122 0.662791 0.570489 0.68595 0.764292 0.680468 0.6476 0.497744 0.678311 0.575298 0.594888 0.30737 0.164956 0.231986 0.16137 -0.0234138 -0.122873 -0.72628 -0.440129 -0.729894 
-0.171207 -0.553563 0.66828 0.00616162 -1.20066 -1.71881 -1.84679 -1.58157 -1.52156 -0.978581 -1.04802 -0.854606 -0.836135 -1.00466 -0.936324 -0.651801 -0.488575 0.111644 0.256553 0.731835 0.805451 1.06745 1.32053 1.2957 1.39884 1.31871 1.05214 0.95775 0.859514 0.653512 0.667219 0.888454 0.357592 0.414415 0.561101 
-1.41538 -1.64155 0.14608 -1.0228 -0.560905 -0.199405 0.34604 0.905162 1.35974 0.835176 0.165184 -0.224666 -0.331836 -0.848214 -0.701171 0.426269 0.197018 0.325529 0.114564 0.521705 0.500337 1.36978 1.42884 1.16339 1.64662 1.19526 1.06517 0.54773 0.181939 -0.449422 -0.864319 -1.00245 -1.8101 -1.26752 -2.10179 
0.557057 0.849906 1.82877 1.21441 1.31095 1.25785 1.46331 1.50097 1.18215 1.24454 0.941107 0.388576 0.161288 -0.00218367 -0.34624 -0.543048 -0.555718 -0.869214 -0.725937 -0.758005 -0.980858 -1.22373 -1.05575 -0.756166 -1.00831 -0.843551 -0.974714 -1.22768 -1.53014 -1.30442 -0.822915 0.207483 0.244706 0.682814 0.492696 
1.01312 0.978484 1.57839 1.42851 0.420832 -0.0270115 -0.776419 -0.719147 0.00366146 -0.713513 0.331151 0.961879 0.811546 0.647899 0.261084 0.068677 0.527161 -0.367313 -0.91054 -1.47581 -0.877387 -1.24899 -0.655282 -1.17143 0.243683 -0.300534 -0.283315 -1.50449 -1.06774 -1.616 -0.879778 0.838174 2.4206 0.685353 1.3745 
-1.63716 -2.04278 -1.82262 -0.336651 -0.711362 -0.897403 -0.533672 -1.20759 -1.20395 -1.12784 -0.344388 -0.0146694 0.0863619 0.211887 -0.153399 0.267834 1.0925 2.35027 2.0838 1.50398 0.867844 0.0843257 0.711938 0.062393 -0.382169 -0.33865 -0.16705 -0.392269 0.410241 0.614881 0.291269 0.630682 0.749047 0.326016 0.96835 
-0.420269 1.12248 0.523967 -0.994289 -0.166371 -0.289411 -0.424658 -1.19068 -1.72765 -1.74867 -2.1311 -1.18062 -0.632335 -0.779519 -0.506729 -0.061331 -0.154943 0.629517 0.587443 0.724189 0.634982 0.204088 0.24297 -0.544582 -0.254336 -1.06005 0.601663 0.668145 1.3564 1.83162 1.39715 -0.0948101 1.27913 0.969065 1.58954 
-0.0588667 0.679459 -0.339938 -0.0566579 0.343968 -0.114838 -0.225867 -0.511538 -1.05049 -1.03485 -1.43759 -1.35044 -1.48871 -1.89098 -2.10261 -1.15073 -0.229338 -0.245967 0.27149 0.81694 0.488875 1.3661 1.23908 1.7439 1.56957 1.48401 0.476396 0.71371 0.099579 1.06341 0.956547 0.316448 0.222418 -0.465915 -0.0965804 
0.0515338 0.455666 0.419354 0.913262 1.18339 1.9653 2.35971 1.99354 1.36642 0.865199 0.549729 0.292799 -0.400517 -0.720632 -1.46663 -0.905509 -0.949836 -1.09161 -1.34892 -1.0488 -0.594245 -0.44485 -0.775752 -0.726582 -0.600526 -0.51119 -0.86356 -0.574148 -1.08203 -0.253378 0.810293 0.257545 -0.26353 0.213271 0.925236 
1.22793 0.673749 0.172573 -0.0372138 0.0470309 -0.261735 -0.30262 -0.746393 -1.33491 -1.33356 -1.20876 -1.09019 -0.164583 -0.330797 -0.916673 -0.622326 -0.641502 -0.686094 -1.38828 -0.915325 -0.853539 -0.602253 0.123064 -0.0996603 -0.364109 0.139359 0.372668 1.44645 1.87551 1.73679 2.08788 1.75121 0.323181 0.390075 1.53305 
-0.860742 -1.48337 -1.08437 -0.665772 0.195496 0.612462 1.10428 1.36058 1.57269 0.803093 1.12422 1.19749 2.47968 2.03512 0.522968 0.0437654 0.283388 0.550562 -0.259413 -0.848058 -1.25177 -1.10097 -0.565415 -0.644725 -0.585637 -0.837868 -0.312482 -0.269911 -0.165338 -0.0526773 0.161762 -0.182232 -1.68235 -0.739717 -0.454734 
1.48208 1.46774 0.892884 1.32173 0.889169 0.522422 0.490325 0.478878 0.831515 0.602773 0.458726 0.873928 0.977763 1.29668 1.05909 0.724391 0.728798 -0.251782 -0.769888 -0.708526 -1.05014 -1.01505 -1.34832 -1.33682 -1.07551 -1.23892 -1.61327 -1.69732 -1.17552 -1.18709 -0.12397 0.25827 0.049045 -0.881106 0.0670087 
1.22944 1.22944 3.20498 2.96441 1.18064 -0.0353187 0.239976 1.19366 0.694825 -0.366148 -0.599579 -0.552715 -0.435157 -0.434093 -0.61818 -0.565075 -0.239642 -0.343816 -0.692046 -0.578689 -0.327071 -0.305252 -0.457344 -0.716411 -0.622755 -0.109796 0.189343 0.107294 -0.29296 -1.23531 -1.37012 -0.869377 -0.191023 -0.138055 -0.138055 
2.26476 2.26476 3.72077 1.58445 -0.101521 -0.33886 -0.689189 -0.614282 -0.134639 0.701542 0.630933 0.130893 0.0556729 -0.120716 -0.284318 -0.49867 -0.567616 -0.245643 -0.0291554 -0.281978 -0.423065 -0.506837 -0.236063 -0.176635 -0.380859 -0.61493 -0.820455 -0.37066 -0.279574 -0.599036 -0.635628 -1.16671 -0.677509 -0.279609 -0.279609 
1.24728 1.24728 0.78881 -3.19119 -2.95527 -1.1873 0.0964612 0.404522 0.859709 0.647573 0.0747198 0.21879 -0.374342 -0.292632 0.4498 0.605309 1.12266 1.09264 0.8879 0.771068 0.421549 0.715645 0.245602 -0.000106825 -0.090742 -0.696602 -0.71997 -0.444121 -0.627019 -0.443572 0.25657 -0.635851 -0.905284 0.205058 0.205058 
1.89925 1.89925 0.732166 -0.909124 0.985507 1.08895 1.33361 1.22112 -0.120508 -1.51275 -1.34597 -0.649184 -0.805826 -0.491108 1.54397 1.07811 -0.158582 -0.135944 0.209005 0.443729 1.01607 1.11563 -0.289387 0.235752 0.00560029 -0.753707 -0.835522 -1.12732 -1.26836 -1.32915 -0.718518 -1.20476 -0.362032 -0.394985 -0.394985 
2.13601 2.13601 0.566816 -0.959337 0.0114627 0.199866 0.356868 -0.549982 -0.507209 -0.480592 -1.54422 -1.41251 -0.739558 -0.941531 -0.999193 -0.425997 -0.627831 -0.358092 0.128692 -0.5046 -0.869224 -0.193199 0.745075 0.0183928 -0.214815 -0.00556197 -0.728091 -1.02438 -0.196406 1.15962 2.55147 1.78299 0.758511 0.365282 0.365282 
0.549857 0.549857 0.440041 -1.09176 -1.37567 -1.12958 -0.648277 0.754542 0.0166007 0.323285 1.60765 0.468982 -0.287947 -0.513281 -0.540686 0.264767 -0.404205 -1.3587 -1.04501 0.0428228 0.227356 0.222868 0.0851395 0.867822 0.841077 -0.490924 -1.13597 -0.73622 -0.0950172 0.190339 2.34972 3.15603 -0.134385 -0.985557 -0.985557 
-0.418593 -0.418593 1.99143 1.23352 -0.896748 0.0440832 -0.577506 -1.03629 -0.0806979 0.91284 1.23595 0.3665 0.106342 -0.487781 -0.111028 1.40506 2.47088 1.08068 -1.26055 -1.73153 -1.99105 -0.380944 -0.210252 -1.57628 -0.693267 0.0917703 -0.250622 0.553205 1.10088 -0.333887 -0.162176 0.400937 -0.570475 0.0971002 0.0971002 
0.966524 0.966524 -2.49233 -0.880505 0.696056 -0.392298 -1.11886 -1.57278 -0.730946 -0.556333 0.541436 1.59313 0.352797 0.0414914 0.711096 0.297071 0.680202 0.738438 0.00653754 -0.0467218 -0.688142 -0.543404 -0.946419 -0.662384 -0.682907 0.866819 1.85238 0.752399 1.21426 -0.054394 -2.27726 -0.233799 1.10171 0.250308 0.250308 
-0.339471 -0.339471 -1.01074 1.08403 -0.0106688 -0.765444 -0.510043 -1.14129 -0.696809 -0.495893 -0.390403 -0.000249143 -0.722223 -0.83045 1.16714 2.83854 1.40983 0.813959 1.64312 0.395833 0.885262 1.18183 0.632469 0.562688 -0.308221 -1.53746 -1.06117 -0.480711 0.591016 1.33932 -1.02673 -1.0078 -1.07896 -0.395419 -0.395419 
0.404109 0.404109 0.522938 0.928539 1.30975 1.47425 -0.0453673 -1.39747 -1.57622 -1.16371 -0.840375 -1.34049 -1.42413 -1.49386 -0.327446 0.601297 -0.329059 -0.610969 -0.0260859 0.916151 0.716656 -0.322984 -0.455643 0.149189 0.202354 -0.430893 -0.166073 -0.371905 0.341834 2.42195 0.593521 -1.50406 -0.141341 1.49072 1.49072 
-1.31622 -1.31622 -0.888736 -0.162072 -0.284931 -0.440251 -0.607831 -1.28759 -0.735073 0.150342 0.295852 1.28986 0.936365 -0.939784 -0.368106 0.335319 -0.0853927 -0.933192 -0.290778 0.657517 0.382365 1.20598 0.617612 -0.610953 0.290446 0.908296 1.61621 1.85919 0.354155 0.257357 0.0116538 -2.1967 -1.69577 1.49553 1.49553 
-0.313336 -0.313336 0.830781 1.33872 1.33693 0.930977 0.754429 0.44709 -0.680187 -0.560407 0.365762 1.42179 0.852782 -2.21769 -2.25575 -0.330869 0.489265 -0.664054 -1.60445 -1.15804 -0.345522 0.68657 0.433722 -0.0898335 -0.279843 0.232535 0.556469 0.0940701 0.171088 0.291811 -0.209971 -2.09396 -0.680189 1.28131 1.28131 
-0.798549 -0.798549 -0.0380179 0.20618 -1.1591 -0.471886 0.137829 0.798057 0.425165 -0.427175 0.677872 1.10325 0.938015 0.352118 -0.76952 -0.354248 -1.46262 -2.35928 -0.571245 -0.268367 -0.313452 -0.299153 -0.339621 0.68072 0.380555 -0.710281 -0.574089 0.963758 1.08814 2.01708 2.69287 0.509459 -1.74268 0.243381 0.243381 
1.88918 1.88918 1.66146 -1.89716 -2.82048 -0.871337 1.18248 0.449675 -1.45743 -1.2062 -0.1575 0.174752 0.131397 -0.154145 -0.104882 0.377438 0.228554 -0.409145 -0.203226 0.364598 0.277948 -0.10421 -0.370102 -0.137473 0.593339 0.787852 0.224608 -0.437448 -1.25183 -1.00055 0.36551 1.13526 0.711389 0.0692477 0.0692477 
1.65153 1.65153 -0.627021 -3.9782 -1.95279 -0.528219 -0.195183 0.690049 1.50201 0.915121 -0.510065 -0.514984 -0.169785 -0.26405 -0.304541 -0.203583 0.368451 0.672888 0.059823 -0.32156 -0.141253 0.29803 0.450764 -0.0558588 -0.3689 -0.370288 0.359111 0.67547 -0.145004 -0.281184 -0.506896 0.0539074 1.04474 0.52297 0.52297 
-0.310826 -0.310826 -3.27366 -2.75673 1.52222 2.30227 1.21547 0.598655 0.211405 -0.5539 -0.28873 -0.303825 -0.350248 0.643986 0.698924 0.531368 0.393256 -0.144294 -0.20892 -0.316696 -0.0107891 -0.100511 -0.502358 -0.219915 -0.488023 -0.437947 0.218424 0.0996649 0.0308783 0.68824 -0.112668 -0.834449 0.656468 0.857042 0.857042 
-0.864439 -0.864439 -2.28083 0.36135 1.86701 0.443125 0.256782 -1.11214 -2.21653 -0.914816 0.887957 0.608851 0.279139 2.17053 1.49692 -1.32653 -0.904972 0.459942 0.642966 0.839199 0.722558 -0.983851 -0.61659 0.39729 -0.711153 -0.583143 -0.179693 -0.230801 -0.0314517 0.617219 0.250071 0.450362 0.841535 0.114286 0.114286 
-1.22592 -1.22592 -2.55101 -0.345651 1.14302 0.436435 -0.514522 -0.613702 0.196784 -0.763854 -0.672606 0.835189 0.545466 -0.0888936 0.58415 0.458973 0.195494 0.793389 0.00932993 -0.729909 0.406911 1.53816 0.320251 -0.696892 0.115737 -0.309118 -0.748058 0.598174 2.0328 2.52239 0.67778 -1.4202 -1.09439 -0.204886 -0.204886 
0.00366987 0.00366987 -1.04151 -1.1603 0.0527953 0.574919 1.36418 0.53226 -0.215656 1.16421 0.178012 -1.21481 -0.59162 -0.093849 0.609479 0.171723 -1.02913 -0.358636 1.03489 0.946763 0.201448 -0.0184372 0.518666 0.594392 -0.848502 -1.27038 -0.0887709 0.788865 0.710811 1.7467 2.10216 -1.61636 -2.7473 -0.502174 -0.502174 
1.4809 1.4809 0.991335 -1.94143 -0.84414 0.130378 -0.773693 0.245076 1.18319 0.774644 -0.428737 -0.805493 -0.627649 -0.216242 1.14683 1.59193 -0.285365 -2.48612 -1.89235 -0.547696 0.796564 1.07446 -0.847952 -0.387833 1.00163 0.21009 0.222226 0.797156 -0.648842 -0.891691 0.39882 -0.339571 -0.272094 0.355381 0.355381 
-2.03809 -2.03809 -1.04104 2.07378 0.403492 -1.02118 -0.628733 0.34145 0.730254 0.888568 1.43111 -0.0151935 -0.85832 0.323132 0.259592 0.0823849 0.374517 -0.315222 -0.384191 -0.328221 -0.205744 -0.0582703 0.0278962 0.264499 1.04743 1.66978 0.0307166 -0.293235 -0.397572 -2.0583 -0.00948183 2.19167 0.400955 -0.425169 -0.425169 
-0.526278 -0.526278 1.12303 0.789641 -1.45394 -0.390939 -0.293681 -0.144809 0.510393 0.243489 0.392485 -0.259016 -0.651415 1.48982 2.89101 0.193327 -1.59181 0.185916 -0.326969 -0.594454 0.621093 -0.196795 -0.485238 -0.738408 -1.6513 -0.59059 0.834268 1.30308 1.43524 -1.27149 -1.84576 -0.038879 0.4844 0.540423 0.540423 
0.00479329 0.00479329 0.294478 0.481874 0.309678 -1.04792 -2.13109 -1.17343 0.0868757 0.445474 -0.206334 -0.496997 -0.189612 0.703185 1.41631 -0.0812272 -0.94589 0.136311 1.01061 0.450399 -0.96508 -0.917344 0.257156 0.389873 -0.494377 -0.343211 -0.0379452 0.282677 1.91533 0.0996823 -2.88408 -0.604923 2.05883 1.08556 1.08556 
0.110515 0.110515 0.601947 0.22976 -0.366711 -0.396955 -0.751622 -0.264635 0.793865 0.518615 0.592057 0.254586 -1.68646 -1.06078 0.683749 0.0126116 -1.03646 -0.317482 0.897189 0.276653 0.192336 -0.0194894 -1.40735 -0.39984 0.848861 0.718009 0.464493 -1.03209 -1.26188 -0.410211 -1.83822 -1.33329 2.31841 1.97965 1.97965 
0.609317 0.609317 0.930286 0.206188 -0.371305 -0.481735 -0.419418 -1.02018 -0.750287 0.547284 1.1389 0.194098 -2.41344 -2.07793 1.07863 1.62092 -0.32419 -1.43667 -0.425799 0.681864 1.05196 0.378753 -0.604259 -0.564551 0.0900544 0.414815 -0.201146 -0.357172 0.011302 -0.354441 -1.62122 -0.410781 2.01918 1.12582 1.12582 
0.440952 0.440952 0.613926 -0.891861 -0.578058 0.8209 0.801787 0.105771 -0.965635 0.081242 0.986296 0.0865086 -0.629815 -1.30727 -0.598103 -0.588705 -1.51799 0.533631 1.38331 0.0848439 -0.119566 -0.116296 0.59632 0.412367 -1.08306 -0.773968 1.08802 1.07966 0.648346 1.03893 -1.16566 -3.23962 -0.286232 1.30904 1.30904 
