17
1.1359 1.17303 1.03425 0.877845 0.760193 0.779328 0.77862 0.615049 0.328678 0.0424313 -0.409711 -0.679172 -0.891506 -1.14689 -1.39507 -1.40287 -1.6001 
-0.910851 -1.22419 -1.20116 -1.08361 -1.01142 -0.553187 0.460763 0.786427 0.816367 1.16352 1.3227 1.61421 1.14321 0.245707 -0.385193 -0.201959 -0.981344 
-1.52927 -1.70371 -1.66293 -1.09589 -0.324712 -0.427699 0.311127 0.217356 0.545232 1.17471 1.35084 1.24122 0.288147 0.00347483 0.18758 1.01603 0.40849 
2.62534 1.7343 0.854036 0.395184 0.273645 0.386303 -0.832368 -0.46135 -1.34755 -0.943337 -0.735658 -0.417115 -0.459859 -0.473753 0.0557845 -0.400575 -0.253027 
0.823332 0.964086 1.1863 1.48575 0.834691 0.515215 -0.651258 -1.36904 -1.90332 -1.28486 -0.873761 -0.216685 0.303674 0.182837 0.929096 -0.374143 -0.551911 
-2.22624 -1.01883 -1.15523 -0.729249 0.202577 -0.271879 -0.056803 -0.33938 -0.0127411 0.425984 0.556436 -0.182087 0.0933187 0.201135 1.71801 0.9101 1.88487 
-0.383779 -1.16039 -1.18954 -1.96389 -1.39792 -0.263733 0.49173 1.67704 1.31796 1.04442 0.702409 0.543589 0.635799 -0.315165 0.145763 0.121727 -0.00601139 
-0.00837891 -0.0867795 -0.777845 -1.17243 -1.53339 -0.701563 -0.021167 1.28427 1.26581 2.28856 1.01023 0.132868 0.573072 -0.597698 -0.708267 -0.526117 -0.421169 
1.79217 1.29847 1.23605 1.4444 1.02994 -0.867688 -1.14923 -1.21101 -0.771522 -1.09347 -0.764396 -0.310128 -0.502996 -0.354835 0.0304575 0.00466696 0.189116 
1.50792 1.41601 1.58145 1.43538 0.83143 0.322308 -0.521808 -0.952216 -1.19502 -0.934631 -1.08532 -0.638309 -0.955647 -0.282388 0.183716 -0.26198 -0.450898 
0.0780969 -0.29147 0.18803 1.26071 1.69073 1.94115 1.28693 0.113373 -0.802711 -0.531864 -0.0968985 -0.75767 -1.18472 -0.245751 -0.500387 -1.55206 -0.595484 
1.32696 1.27441 0.938566 0.895518 1.13894 1.02645 0.841708 0.473976 -1.01997 -1.23262 -0.535829 -1.19343 -0.995428 -0.693075 -0.374041 -0.853549 -1.01859 
0.249454 0.64572 0.506825 0.291294 0.252563 1.24285 0.381578 -1.68333 -1.69245 -1.59667 -0.977063 -0.224163 0.125863 1.54768 1.12832 0.384934 -0.583392 
1.01506 1.01506 0.156665 0.25038 1.02896 1.54765 0.737277 -0.529759 -1.07387 -1.80913 -1.73468 -0.671034 -0.608579 -0.767593 0.330504 0.556547 0.556547 
-0.365773 -0.365773 0.170029 0.231175 0.654796 1.82585 1.66101 0.437412 0.464137 0.624846 0.555647 -0.227976 -1.70648 -1.90531 -0.561438 -0.746076 -0.746076 
-0.600577 -0.600577 0.478291 1.54102 0.566124 0.519056 0.532466 -0.0654719 0.986865 0.766071 -0.309332 -1.95233 -2.20703 -0.552425 1.06718 -0.0846696 -0.0846696 
-1.79767 -1.79767 -1.22389 -0.216583 0.542171 -0.914413 -0.571408 -0.130007 -0.0859381 1.36633 1.25259 0.920119 0.478767 1.23854 0.651114 0.143975 0.143975 
0.572369 0.572369 0.726753 -0.122796 -0.724909 -1.22633 -1.61381 -0.998797 0.301156 1.22086 1.25842 1.36471 0.607932 0.827695 -0.32259 -1.22152 -1.22152 
1.03048 1.03048 -0.222057 1.49019 0.0468951 -1.10197 -0.794408 -0.615587 0.540573 0.22611 -1.66088 -1.42853 -0.0719548 1.91796 0.450173 -0.418743 -0.418743 
-0.871434 -0.871434 -0.869111 -0.256874 1.70655 1.90149 1.95408 0.807483 -0.693313 -0.675752 -0.557737 -0.111028 -0.925954 -0.546632 0.406954 -0.198642 -0.198642 
-0.630849 -0.630849 -0.919527 -0.61814 0.501572 1.45232 1.88473 1.24667 0.988571 -0.161669 -1.89646 -0.327456 -0.595333 -1.09818 0.137023 0.333789 0.333789 
-0.426268 -0.426268 0.399652 -0.0144928 -2.49202 -2.33565 -0.175924 0.672315 0.366254 0.236354 1.14951 0.535487 0.175377 0.855536 0.650896 0.41462 0.41462 
0.483382 0.483382 0.401679 -0.758833 -1.30644 -1.66869 -1.54996 -0.642974 0.398986 0.537933 0.819421 0.568048 0.909315 2.09102 0.403245 -0.584757 -0.584757 
0.213609 0.213609 1.59614 1.54871 0.76049 -0.278856 -1.64387 -1.89489 -0.510293 0.784816 -0.108229 -0.934557 0.598951 0.764229 -1.144 0.0170682 0.0170682 
-0.0946261 -0.0946261 -0.0806768 0.769303 0.667407 0.0391447 -0.335383 -2.25644 -2.02888 1.18569 0.532792 -0.199105 1.20948 1.38708 0.239816 -0.470486 -0.470486 
0.304061 0.304061 -0.152717 -0.0779332 0.822349 0.208229 -2.07283 -1.4366 0.176602 0.646026 1.13664 0.935367 1.43479 0.860353 -0.756221 -1.16609 -1.16609 
-0.696328 -0.696328 -0.611277 0.874368 1.26006 -0.182001 -1.80265 -1.561 -1.07839 -0.517008 1.1156 1.10472 -0.0049181 0.934984 1.28444 0.287861 0.287861 
0.507211 0.507211 0.562603 0.460977 1.46646 0.933362 -1.23599 -1.06245 0.191618 0.104719 -0.750766 -2.02748 -1.4977 1.05913 1.07198 -0.145448 -0.145448 
0.668973 0.668973 1.36429 0.0205644 -0.705549 -0.0589238 -0.419344 0.260399 0.507155 -0.88497 -1.81548 -1.27851 0.879018 2.10532 0.269138 -0.790526 -0.790526 
0.357309 0.357309 1.41146 1.60503 -0.973435 -1.40852 0.577729 0.264892 1.32276 1.15762 -0.71011 -1.05296 0.0900792 -0.0627923 -1.38862 -0.773876 -0.773876 
0.361376 0.361376 -0.388836 -1.05688 -0.749451 -0.559919 0.425968 1.91609 2.18516 1.07037 0.352078 -0.349381 -0.249183 -0.596673 -1.58456 -0.568773 -0.568773 
-0.600603 -0.600603 0.4737 0.354018 -1.44111 -0.342583 0.490438 1.02287 0.713372 -1.19597 -0.852892 1.1822 2.28495 0.512867 -1.28084 -0.359907 -0.359907 
-0.0328137 -0.0328137 0.453119 2.00965 1.67843 0.161805 -0.902967 -2.13589 -1.2119 0.0729496 0.413564 -0.326911 -0.380396 1.02327 0.241543 -0.515318 -0.515318 
-0.321822 -0.321822 -0.0773587 1.06503 1.59175 1.03425 -0.254477 -0.814566 -1.23001 -2.4278 -0.222142 0.967714 -0.712827 0.506368 1.07385 0.0719357 0.0719357 
0.488296 0.488296 0.196193 -2.13379 -1.73139 1.53934 2.02733 0.288169 -0.401731 0.458203 0.116744 -0.781311 0.131497 0.241153 -0.405226 -0.260889 -0.260889 
0.0893908 0.0893908 -0.881183 -1.27083 -0.603224 -0.0459485 1.01556 1.78769 1.14535 0.509344 0.182908 0.232903 1.43143 -0.265521 -2.08012 -0.668576 -0.668576 
0.804236 0.804236 0.773865 -0.616066 -1.25119 -1.62051 -1.11574 0.644829 1.63481 0.176443 -1.18191 0.371808 1.00673 -1.19701 -0.559405 0.662431 0.662431 
0.063042 0.063042 0.603589 0.529917 -0.410176 -0.583556 -1.40571 -1.02281 2.24321 1.68327 -0.826495 0.484512 1.06291 -0.56249 -1.12715 -0.397548 -0.397548 
-0.165758 -0.165758 -0.11252 0.853564 0.363137 -1.90164 -1.01153 1.76078 1.64203 0.842867 0.3654 0.371669 0.106018 -1.40035 -1.28319 -0.132362 -0.132362 
