30
1.52843 1.55871 1.39095 1.30826 1.21095 0.703137 -0.104464 -0.612022 -0.425678 0.318549 1.11117 0.906677 0.168792 -0.562446 -0.978619 -1.29763 -1.57664 -1.55563 -1.44085 -0.6281 -0.0300156 0.329369 0.571782 0.547868 0.190432 0.469701 0.048246 -0.497824 -0.70339 -1.94971 
-0.0880301 -0.258443 -0.357498 -0.486564 -0.491264 -0.431373 -0.418871 -0.132846 -0.145778 0.24753 0.127613 0.606639 0.553625 -0.422415 -1.26393 -1.85927 -2.08146 -2.11175 -1.35461 0.58809 1.48142 1.40561 1.43563 1.18704 0.976437 0.510336 0.475921 0.668017 1.03136 0.608845 
-0.686599 -0.76024 -0.687391 -0.63167 -0.284434 -0.0222987 0.0231821 0.101666 -0.51008 -0.797465 -0.644274 -0.708286 0.498658 2.04162 2.24304 1.51752 1.18127 0.826474 1.96647 1.37643 0.13248 -0.610804 -1.42673 -0.483875 0.0804604 -0.922629 -0.821592 -0.684036 -0.837923 -0.468941 
1.57411 1.59972 1.61366 1.71279 1.57701 1.29325 1.1191 1.14127 0.754896 0.687309 0.432212 -0.289743 -0.809469 -0.657257 -0.673983 -0.748968 -0.671499 -0.947422 -0.531863 -0.533807 -0.744834 -0.766394 -0.486771 -0.44072 -0.671332 -0.610981 -0.744279 -0.857271 -1.20932 -1.10941 
-0.992624 -0.871193 -0.72464 -0.663005 -1.04229 -1.07485 -1.02306 0.228995 -0.0863183 0.57671 0.720502 0.970118 1.51955 1.73696 1.77162 1.60129 0.862231 -0.0038828 0.693215 0.924981 0.790296 0.716868 0.00523183 -1.20776 -1.31449 -0.893096 -1.18361 -0.417247 -0.686153 -0.934365 
0.178055 -0.517934 0.113022 0.366076 -0.788181 -0.976442 -1.09733 0.0190168 -1.61386 1.13561 0.612292 0.265592 0.100238 -1.69819 -0.00354188 1.41904 -1.11278 -1.76823 0.332113 -0.870435 -0.769759 -0.600549 -0.123884 1.7181 1.31357 1.38971 0.751034 1.13747 -0.250155 1.3403 
-0.47233 -0.0434591 0.426472 0.495569 0.047413 -0.421534 -0.540834 -0.146962 -1.38217 -2.04166 -2.5088 -1.89655 -0.279664 0.363033 0.990348 1.26439 0.950819 1.01877 2.01613 0.922601 0.26646 -0.374522 -0.164574 -0.448966 -0.230713 0.100209 -0.0615934 0.910092 0.366261 0.875769 
-0.635967 -0.42816 -0.402106 0.178193 1.10509 1.52896 1.69699 2.32514 1.89597 1.37337 0.722643 0.0955538 -0.68832 -1.43391 -1.45631 -0.96316 -0.82311 -0.237454 0.26365 -0.267163 -0.286069 -0.0752627 -0.371427 -0.203282 -0.604724 0.190037 -0.843297 0.0855477 -0.161799 -1.57962 
0.968983 0.524225 -0.30108 -0.414669 -0.497766 -1.02394 -0.488599 -0.486399 0.00248913 1.08138 1.75458 1.47087 0.247367 1.14785 1.35303 1.17596 0.385539 1.20649 1.27854 0.458927 -0.783046 -1.30376 -1.40905 -1.03389 -0.611979 -0.416867 -0.930218 -0.403734 -1.47765 -1.47359 
-0.92054 -0.890778 -0.889375 -1.49331 -1.22288 -1.60051 -1.27455 -1.22014 -1.02773 -1.0301 -0.845357 -0.414752 0.733501 0.749713 0.126198 0.326025 0.260981 0.319947 0.163502 0.511478 0.0795795 0.229945 0.463848 0.955851 1.34213 0.736171 1.40818 1.0609 1.37186 1.99022 
-0.802702 -0.407657 -0.0382293 0.0893883 0.335625 1.10218 2.01369 0.754539 0.139301 -0.415338 -0.839513 -0.289837 -1.15304 -0.283998 -1.24268 -0.616251 -0.701604 -1.5281 -1.38494 -0.995128 -0.783161 -0.839442 -0.0941955 1.02484 0.94843 0.307034 1.51092 0.992011 1.13706 2.06081 
0.347822 1.50045 1.79952 0.269951 -1.40324 -0.673201 -0.442683 -1.90359 -1.41307 -1.56966 -0.82569 -0.694494 -0.273351 -0.663398 -0.288414 1.24743 -0.00712802 -0.694812 0.233397 -0.214345 0.939993 1.6033 1.7695 0.436221 1.11685 -0.628737 0.0314178 0.130719 -0.211813 0.481053 
1.86822 1.36118 1.26638 0.647793 0.169127 0.0983229 -0.0734776 0.639722 1.19776 0.462425 -0.318961 -0.459307 -0.524211 -1.43937 0.895967 1.35131 0.86189 0.727473 0.697448 -1.45612 -1.8215 -1.50124 -1.20854 -0.990662 -0.394808 -0.389333 0.134397 -0.675836 -1.24696 0.120885 
0.124785 0.124785 -0.00715712 0.0751304 -0.421415 -1.25104 -1.25074 -0.0898126 1.37227 2.0804 0.9723 -0.815328 -1.43057 -1.05481 -0.573326 -0.413124 -0.0159771 0.443967 1.36872 1.93323 1.40369 0.988267 0.540573 -0.160051 0.194067 0.119293 -0.844704 -0.592545 -1.41044 -1.41044 
-0.344133 -0.344133 -0.300316 -0.200326 -8.10592e-005 0.0181488 0.257789 0.230836 0.344528 0.231152 0.32199 0.39289 -1.14909 -1.9847 -1.58125 -0.924931 -0.326138 0.7117 2.80254 2.94686 0.807779 -0.107092 -0.290189 -0.545191 -0.775697 -0.588983 0.108531 0.530048 -0.121276 -0.121276 
-0.0124583 -0.0124583 0.115431 0.386694 0.590758 0.292439 0.110879 -0.538864 -0.900568 -0.144341 0.0764891 1.11824 2.70692 1.71284 -0.529802 -1.06136 -0.694855 0.764591 0.532015 -1.82478 -1.97628 -1.55313 0.113809 1.47835 -0.445433 -0.903455 0.224202 -0.0278199 0.200971 0.200971 
0.669271 0.669271 0.883443 0.447248 -0.668234 -0.780011 0.111266 -0.507029 -0.768507 -0.38606 -2.29248 -3.06344 -0.516666 0.948761 0.286853 0.561277 -0.02413 0.960854 1.75905 -0.0664245 -0.123573 1.30587 1.50285 0.0163462 0.0580069 0.341517 -0.163495 -0.800789 -0.180531 -0.180531 
0.352291 0.352291 0.273741 -0.417024 -0.540766 0.0255222 1.71305 1.2308 0.45703 1.06013 0.517054 1.04992 1.00762 0.331381 -0.17797 -1.19436 -2.10837 -0.221771 1.22045 0.127785 -0.273132 -1.03104 -2.52802 -1.73338 0.413607 0.172177 0.625352 0.653739 -0.679054 -0.679054 
-0.0888996 -0.0888996 0.630399 -0.722649 -1.05713 -0.27392 0.714868 -0.431094 0.80668 1.64763 -0.699015 -0.427705 -1.528 -0.118267 2.323 -0.88032 -2.45531 1.0555 0.640848 -0.87474 0.164942 0.449911 1.71774 1.04987 -0.288502 -0.465969 -0.230789 -0.79843 0.114121 0.114121 
0.818643 0.818643 0.455654 -0.470638 -1.01349 -0.681694 0.188835 -0.937048 -1.99982 -1.22489 0.0582125 2.16087 2.19158 1.19317 0.821219 -0.128074 -0.336003 0.986639 -0.18522 -1.85349 -1.39691 -0.523078 -0.1633 -0.154921 0.465892 0.0824403 0.728929 0.343487 -0.122821 -0.122821 
0.339572 0.339572 0.75545 1.76122 1.58657 0.739307 0.967377 0.300634 -0.984153 -1.23152 -1.34817 -1.49683 -1.62914 -0.778967 0.604056 0.785424 0.888704 1.29181 0.0453037 -0.535274 0.292724 -0.0168266 -0.0644568 -0.181997 0.517603 -0.187888 -0.038187 0.839347 -1.78064 -1.78064 
-1.08971 -1.08971 -0.744014 0.0307519 -0.399932 0.245636 0.797188 0.748696 1.87261 2.06502 0.642651 -1.33727 -0.101129 1.39023 0.26541 -0.773869 0.267938 1.16824 -0.544294 -1.91596 -1.60395 -0.417396 0.517778 1.0681 0.880155 -0.0961324 0.249775 -0.335379 -0.880723 -0.880723 
-0.334791 -0.334791 -1.55902 -1.0393 -0.602094 -0.494807 0.339822 0.0818181 -0.0278563 -0.0426678 0.793781 2.65517 1.85461 -1.56823 -1.21351 -0.134613 -0.40674 -0.583315 -0.0249829 -0.557126 -0.938885 0.347363 1.00736 1.30174 -0.819392 -0.267401 0.232339 -0.465169 1.40034 1.40034 
0.649004 0.649004 0.337081 0.193393 0.938638 1.71461 -0.648148 -2.42893 -1.6072 -1.38434 -0.0962837 -0.608358 -0.235857 -0.347226 -0.630202 0.388439 -1.30624 -1.03971 0.37899 0.459244 -0.0610771 0.560935 1.93181 0.973439 -1.0799 0.413415 0.556283 -0.678731 1.00396 1.00396 
1.24468 1.24468 -1.06686 -2.76658 -0.819225 0.821415 -1.06677 -0.842694 0.28138 0.499802 0.747821 0.469605 0.0203926 -0.0193872 1.64037 0.236009 -1.68025 0.200881 0.407665 0.602545 1.56006 0.708472 -1.01221 -0.568869 -0.924197 -0.941841 0.648101 -0.216025 0.295515 0.295515 
-0.422484 -0.422484 -0.524241 -0.874401 -0.374715 -0.0947931 0.62037 1.28613 -0.035221 -1.25704 -0.714289 -0.0607184 -0.767495 1.42199 2.67215 0.095424 -0.442555 -0.0234938 -1.86535 -2.17126 0.085349 0.685642 0.592253 0.868792 0.675037 0.609247 -0.134837 -1.13355 0.853273 0.853273 
0.00171469 0.00171469 0.069963 -0.232435 -0.988764 -0.576687 1.07425 2.28664 1.9111 -0.220588 -2.29054 -1.88177 -0.0874786 0.822134 0.643353 0.573405 0.822007 1.2596 1.34632 0.140153 -0.672591 -0.604714 -0.841255 -0.176242 0.342831 -0.750399 -0.479245 -0.358068 -0.567205 -0.567205 
0.0389252 0.0389252 0.118018 0.241753 0.177081 0.208243 0.172503 0.0728764 0.0045156 -0.0135612 0.132201 -1.15937 -1.87642 -0.337571 0.842546 0.997063 1.29885 2.47907 1.77229 -1.5736 -2.41143 -0.864232 -0.342272 -0.379773 -0.0303736 0.703694 0.889425 -0.177512 -0.510934 -0.510934 
0.0658344 0.0658344 0.241311 0.290587 -0.0778678 -0.327322 -0.554653 -0.671186 0.238316 0.615149 0.799851 1.68469 0.367742 -2.11068 -1.81148 -0.123666 1.16428 0.77675 -1.69193 -1.63947 0.158836 1.33515 1.94412 -0.378661 -1.55765 0.416282 0.549541 -0.031923 0.131106 0.131106 
0.178778 0.178778 -0.142121 -1.12032 -0.881649 0.594677 0.222043 -0.626012 0.110211 -1.09993 -1.94847 1.32764 2.9729 0.612347 -0.263846 -0.207567 0.315176 1.33306 -0.734529 -1.36379 1.03078 1.21774 -0.92746 -1.04172 0.260437 -0.141737 -0.819152 0.00868304 0.477526 0.477526 
0.026679 0.026679 -0.468046 -0.500412 0.399888 1.69712 0.946153 -0.816622 -0.0392938 0.125926 0.0756262 0.434278 -0.431683 -0.766181 -1.00979 -1.29962 0.779501 2.46704 0.333289 -0.986768 -0.747013 -1.53201 -0.420081 2.18972 1.4477 0.234588 0.427831 -0.851277 -0.871609 -0.871609 
0.375047 0.375047 -0.404015 -1.01076 0.219258 0.981173 -0.129611 0.0137512 1.15778 -0.906066 -1.23406 -0.516425 0.139057 2.17822 -0.47789 -2.79038 1.0755 1.7436 -1.15051 -0.313131 0.723599 0.854963 0.306331 -1.19427 -0.911905 -0.00588245 -0.230538 0.15948 0.486319 0.486319 
-0.202794 -0.202794 -0.891934 -1.02575 -0.0897602 0.961762 -0.122716 -1.56105 -0.146886 1.59839 2.58619 1.65444 -0.652683 -0.952259 -0.915714 -0.793685 0.896581 0.17944 -2.04573 -0.834205 1.05706 0.985035 0.341161 0.535366 0.243853 0.262955 0.261473 -0.566421 -0.279661 -0.279661 
0.530294 0.530294 1.37595 0.879436 -0.678612 -0.340004 -0.18822 -1.46024 -1.10763 -0.125447 -0.042457 -0.0556192 0.784206 2.05831 1.49598 0.419955 0.606396 -0.528518 -1.35561 0.388654 0.616536 -0.119701 0.0417436 0.670022 0.175668 -0.286693 1.04433 -1.28445 -2.02229 -2.02229 
0.235342 0.235342 0.774128 0.234219 0.144373 0.827437 0.344776 0.742808 0.910333 -0.860397 -2.37107 -0.522298 1.89169 0.249837 -1.51002 -0.00330307 1.34552 -0.569901 -2.14986 -0.741962 1.03706 1.47042 1.02798 0.246942 -0.814687 -0.443438 -0.171437 -0.791229 -0.384303 -0.384303 
-0.898834 -0.898834 -0.555668 0.541351 0.269025 0.531441 0.290245 -0.333267 -0.17269 0.452023 1.69085 0.609958 -2.87915 -2.11633 0.856107 0.442207 -0.386765 0.161576 -0.0732009 -0.693931 0.506728 1.19459 0.539672 -1.29668 -1.12658 0.60395 -0.221077 0.680723 1.14128 1.14128 
-0.266527 -0.266527 -0.36697 0.372026 1.0149 -1.1577 -2.94496 -0.718889 0.68172 1.0077 0.493957 -0.146048 0.134058 -0.324143 0.465772 -0.521056 -1.0468 1.12955 0.999334 -0.356104 0.0226025 1.34461 0.239872 -2.15377 -0.439957 1.09527 -0.811929 0.264461 1.12778 1.12778 
-1.33164 -1.33164 -2.36598 0.225715 2.25844 -0.0756203 -0.937649 0.895415 0.891974 0.358865 0.0566433 -0.367646 -0.22255 1.06083 0.230436 -1.94569 0.0536426 1.34559 0.319446 0.776293 0.139479 -1.4903 -0.702287 0.128579 -0.151947 1.03182 0.516703 -0.139542 0.386309 0.386309 
-0.161928 -0.161928 -0.389056 0.00106367 0.40976 0.549527 0.799794 -0.521167 -1.74552 -0.536396 0.680055 -0.130436 0.865817 2.13517 -0.956386 -2.11625 -0.17306 -1.0188 -1.48905 1.16937 1.75717 0.232873 0.0228738 -0.042228 -0.264276 -0.621242 -1.22637 0.545003 1.19281 1.19281 
