28
1.48843 1.73061 1.74561 1.71395 1.65089 1.46991 0.933033 0.3148 -0.205808 -0.564928 -0.406556 -0.100331 -0.13599 -0.0855897 -0.0738005 -0.0448666 -0.135882 -0.341836 -0.399681 -0.47774 -0.618746 -0.651676 -0.711999 -0.971268 -1.15593 -1.23896 -1.44037 -1.28528 
0.940176 1.36915 1.35442 1.42938 1.25369 1.16473 1.15598 1.10076 1.24198 1.09545 0.717087 -0.0436378 -0.685511 -0.755814 -0.856068 -0.777754 -0.91896 -1.00067 -1.09239 -1.09841 -1.08343 -0.902802 -0.837292 -0.926892 -0.873967 -0.651944 -0.487378 0.170103 
0.0238872 -1.32666 -1.80616 -1.80736 -1.59318 -1.57697 -1.35534 -1.18392 -0.736282 -0.60903 -0.40884 0.635944 0.698408 0.719532 0.74038 0.732783 0.521048 0.506774 0.812073 0.713711 0.657223 0.814121 0.68949 0.705602 0.643235 0.740078 0.874759 1.17469 
-0.110914 0.597501 0.947953 1.35796 1.73449 1.73003 1.7603 1.33432 1.10552 1.16695 0.346077 -0.151306 -0.063147 -0.257083 -0.250092 -0.635762 -0.647881 -0.602492 -0.952325 -0.8503 -0.900249 -1.26627 -0.810011 -1.01331 -1.08024 -0.833797 -0.801284 -0.854636 
0.806856 -0.211205 -1.10721 -0.399637 -0.604405 -0.728159 0.499616 0.362059 -0.115942 1.07441 0.884053 2.19885 2.0623 0.687507 0.360793 0.969037 0.197049 0.610125 -1.04814 -1.79882 -1.05753 -1.97844 -0.100459 -0.159214 -0.853118 -0.600633 -0.257691 0.307943 
-1.1923 -1.80078 -1.83662 -1.84744 -1.26528 -0.513971 -0.747231 -0.147065 -0.626883 -0.889536 -0.173398 0.0673332 -0.259859 0.213014 -0.168652 0.460643 0.560808 1.15277 0.921177 0.340089 0.327532 0.279593 1.16044 1.46734 1.22379 0.965771 1.38494 0.943773 
0.622914 -0.435085 -0.371952 -1.17957 -1.84717 -1.57155 -1.77993 0.169995 0.44227 0.493206 -1.10446 -1.94494 0.506581 0.931627 -0.874888 -0.0371013 0.315036 1.17328 0.585858 0.00748713 1.40316 0.573282 0.505456 1.36205 0.280832 1.43317 -0.00751958 0.34796 
-0.358351 -1.01734 -1.06092 -1.77078 -1.79255 -0.714932 -0.756896 -0.728905 -1.57283 -1.94135 -0.0664707 1.05196 0.925314 0.514256 0.184172 0.820611 1.00273 0.116816 0.194372 1.46976 1.13639 0.581793 0.732195 0.73364 0.480721 1.0507 0.390325 0.395575 
-1.34861 0.310608 1.02864 0.661522 0.179973 0.488824 1.11581 1.44477 1.77358 1.31525 0.0457204 0.0327961 -0.750463 0.394171 -0.270371 -1.06719 -0.161618 -1.19538 -2.1633 0.853496 0.169954 -1.87452 -0.224799 0.929857 -1.28581 0.170511 -0.350376 -0.223084 
1.20091 1.31057 1.36918 0.228572 0.439076 0.194682 1.31394 0.788006 1.60582 0.516067 -1.94414 -1.07143 -0.403104 -0.602791 -0.211543 0.99745 -1.86591 -0.830171 -0.758363 0.147756 0.364807 0.0393587 0.0277736 0.33382 -1.35985 -1.2384 -1.13997 0.547886 
0.366845 -0.0385348 -0.556343 -0.98339 -1.65946 -2.09028 -1.78191 -1.94444 -0.755895 -1.12287 -0.185337 0.572419 0.386856 -0.0499176 0.429946 0.391985 0.289553 0.382855 0.254617 0.728625 0.166682 0.99235 0.655358 1.416 0.839767 0.757164 1.43071 1.10665 
0.0953759 1.22446 1.10749 1.35102 1.03623 1.39015 1.72775 1.59594 0.758704 0.574362 0.790116 -0.652189 -1.05325 -1.04231 0.471971 -0.174822 -0.088837 -0.624838 -1.02504 -0.506591 -1.13405 -1.41472 -1.27369 -0.186626 -1.40044 -0.755537 -0.361692 -0.428943 
0.0277978 -0.888492 -0.567316 -0.0395919 0.49404 0.202368 -0.851082 0.320483 0.00357876 -1.36393 1.15567 0.920852 1.96805 1.63384 1.70129 1.40032 -0.309894 -0.354473 -0.605454 1.19005 -0.651611 -1.32372 -1.41888 -0.162769 -0.435586 -0.577942 0.135334 -1.60294 
1.19938 1.19938 0.488426 0.285728 -0.101943 -1.33208 -2.4673 -2.42506 -1.75234 0.0104652 1.73787 1.23412 0.569929 0.693116 0.637385 0.370479 -0.239349 -0.153232 0.178815 -0.0370897 0.0800766 0.28955 -0.298084 -0.620898 -0.163346 -0.206818 0.411413 0.411413 
0.965985 0.965985 0.228802 -0.106357 -0.447678 -0.100071 -0.0298197 0.282484 0.0923474 -0.989606 -2.26856 -2.81727 -1.37959 -0.251758 0.057709 -0.0275665 -0.360787 -0.257734 -0.100135 0.12205 0.510721 0.615932 0.0532322 0.027025 0.675928 0.908401 1.81516 1.81516 
-2.92187 -2.92187 -0.846733 0.220062 0.246834 0.258286 0.496994 0.844566 0.776637 0.396092 1.80715 1.59534 0.0210736 -0.0429277 -0.0870981 -0.444784 -0.455052 0.340086 0.210768 -0.345617 0.0469438 -0.0578533 -0.274366 -0.178611 -0.0544558 0.248581 0.560912 0.560912 
2.07493 2.07493 1.51118 1.56044 0.777437 0.123288 -0.673054 -1.16248 -0.241681 -1.36023 -2.41592 -0.698584 -0.125313 -0.278655 -0.64088 -0.676983 0.137374 -0.500633 -0.393636 0.172901 -0.711323 0.244999 0.552403 -0.436 0.41366 0.601529 0.0351512 0.0351512 
-1.64723 -1.64723 -0.117908 0.494697 -0.242061 1.02751 1.01528 -0.496443 0.680403 0.935322 1.04561 1.0933 -1.29032 -1.45885 0.298591 -0.0960278 -0.268994 -1.05445 -2.08581 0.040769 -0.110099 0.897279 1.66135 -0.617947 -0.342114 0.576778 0.854302 0.854302 
-1.41217 -1.41217 -0.370962 0.705702 2.03346 0.612859 0.349545 -0.0799979 -1.58316 0.500379 1.37735 -0.440291 -0.0358635 -0.130766 0.141745 0.981171 0.916133 0.338157 -1.70548 -1.32388 -0.395056 1.1614 1.77958 -0.1793 -1.16348 -0.00892174 -0.327987 -0.327987 
-0.724675 -0.724675 -0.528737 -1.10058 -0.252879 0.106493 1.41674 1.79288 0.306803 -1.15654 -1.85413 1.31461 2.30496 -1.02722 -0.70422 0.98506 1.00107 0.265805 -0.858437 0.69346 0.49664 -0.64864 0.67113 -0.121913 0.109526 -0.171783 -0.795374 -0.795374 
-0.744109 -0.744109 -0.79587 -0.773672 1.04516 1.0246 -0.0434329 -0.859458 -1.26292 1.50356 3.01659 0.979965 -0.576349 -0.783355 0.282514 0.803698 -0.745353 -0.851748 1.34746 0.929325 -0.932758 -0.440498 0.125296 -0.285098 0.293402 -0.121196 -0.695825 -0.695825 
1.61932 1.61932 0.186327 -0.662 -0.183962 0.599979 0.6142 0.403332 -0.153429 -1.28375 -0.968765 -0.624882 0.193726 0.277681 -1.09528 0.0150753 -0.152486 -1.47739 1.3871 1.58821 -1.99104 -0.340996 1.92138 -0.81216 -0.598831 0.599688 -0.340178 -0.340178 
0.163586 0.163586 -0.813605 -0.694884 0.00558525 0.715856 0.49581 0.260207 -0.180471 -2.74254 -1.2087 1.23653 0.398357 0.181796 1.28281 -1.26096 -1.39638 0.897722 0.796412 0.909933 -0.0526484 -0.231349 0.262222 -1.05248 -1.19676 0.203927 1.42822 1.42822 
-1.44167 -1.44167 -1.47349 -1.70592 -1.71148 -0.265625 0.128417 1.42113 1.12086 0.7522 2.4041 0.754601 -0.999806 -0.0224929 0.563243 -0.291976 -0.0991888 -0.13709 0.422053 -0.21493 0.301553 0.631939 0.536437 0.185062 -1.05342 0.782142 0.427507 0.427507 
1.27012 1.27012 0.188276 -0.0533832 0.0814775 0.878452 0.285081 -1.15015 -1.21433 0.0720463 -1.46473 -2.21826 -0.442913 1.89695 1.09343 -0.651434 -0.516087 -1.11003 0.178128 -0.0995008 -1.07573 -0.136914 1.53396 -0.121167 -0.661332 1.30264 0.432652 0.432652 
-0.43989 -0.43989 0.792141 0.973409 0.274301 -1.0798 0.168636 0.797056 -1.36928 1.05083 2.01724 0.760983 0.676181 -0.15974 -0.131382 -1.64808 -1.42932 -0.184312 1.38564 0.0284795 -2.07688 -0.586768 1.05838 0.906802 -0.286365 0.554969 -0.806668 -0.806668 
-0.55647 -0.55647 -0.729639 -0.453454 -1.33122 -1.96987 -0.882847 0.661719 2.13164 3.03269 1.09631 -0.946888 -0.411276 0.108543 -0.224724 -0.698103 -0.396507 0.408161 0.150136 -0.0334415 0.329969 -0.272159 -0.726905 0.166023 0.404672 0.541944 0.579083 0.579083 
-0.780448 -0.780448 -1.10583 -0.721515 -0.0586641 0.340904 0.306631 0.0538375 -1.29975 -2.35681 -1.83912 0.798281 2.42592 1.33061 0.152886 -0.471056 -0.28822 0.188283 0.30394 0.528272 0.414711 -0.508911 -0.636497 0.539767 0.790902 1.04124 0.815549 0.815549 
1.69504 1.69504 2.73362 0.739437 -0.287987 -0.0816583 0.24557 -0.0529545 -0.761812 0.678052 0.842328 -2.06403 -1.92013 -0.430511 -0.716426 -0.683421 0.438907 0.323007 -0.992764 -0.484691 -0.0450493 -0.638011 -0.442764 -0.111107 0.0906907 0.273888 -0.0211321 -0.0211321 
-0.409667 -0.409667 -0.356237 -0.594047 -1.357 -1.37147 -1.19281 0.669704 -0.0126766 -2.1565 0.919468 2.68634 0.657292 -0.357402 -0.230238 1.04595 0.393091 -0.374153 0.932366 -0.14277 0.280013 1.57252 -0.536839 0.0513226 1.32718 -0.208741 -0.412515 -0.412515 
0.915175 0.915175 1.35109 -0.26141 0.206077 0.721635 -1.25748 -0.411357 0.845752 0.0868096 -0.0606535 -1.83527 -1.98912 0.957577 0.796696 -0.576947 -0.855058 -1.46588 0.60627 1.23281 0.436411 1.08747 -1.25127 -1.59869 0.677078 0.678282 0.0244161 0.0244161 
0.594532 0.594532 1.27697 1.4586 -0.124282 -1.13277 -0.504597 -1.29047 0.302436 1.81107 -0.661673 -0.961194 0.130757 0.0471429 0.639362 0.425408 -0.473005 -1.72713 -1.11891 0.765174 1.50985 1.31295 -0.915228 -1.93088 0.0425599 0.464138 -0.267671 -0.267671 
0.128151 0.128151 -0.21071 0.17551 0.727327 1.00142 1.01135 -0.645679 -1.73572 -1.26847 1.47639 2.47662 -1.37567 -1.77113 1.20447 1.02256 -0.414171 -1.08986 0.265462 0.81503 -0.783254 0.115442 0.324169 -0.32075 -0.0175087 -0.524179 -0.357482 -0.357482 
-0.0193764 -0.0193764 -0.0062786 1.09746 1.07224 -0.631156 -1.10052 -0.708393 1.40546 2.53629 -0.297784 -2.10885 -1.02928 0.517936 0.947604 -0.595327 -0.965629 1.24603 1.06209 -1.33428 -0.797098 0.635469 0.102858 0.110356 0.107876 -0.572528 -0.327894 -0.327894 
-0.727598 -0.727598 -1.23844 -0.0876649 0.895245 0.615947 0.0168984 -0.326933 -0.880604 -0.35566 0.532069 0.835336 0.678814 -0.640894 -0.0228202 0.703042 -0.763409 1.06241 1.98134 -1.89891 -1.0264 2.49127 -0.148409 -1.38229 0.985493 0.291068 -0.430649 -0.430649 
-0.661692 -0.661692 -0.588708 0.442646 0.806306 0.240413 -0.34107 -0.476706 -1.90692 -0.693067 2.38521 0.926992 -0.709365 0.482766 -0.947904 -1.70801 1.26611 1.28708 -0.0534501 -0.582923 -0.762568 0.132612 -0.565752 -0.957874 0.711428 1.55276 0.691684 0.691684 
-0.137331 -0.137331 -0.34798 -0.324172 1.19682 1.55896 1.42017 0.79094 -0.714722 1.05447 -0.106315 -3.19337 -0.812752 1.30806 -0.352717 -0.708837 0.0318788 0.363899 -0.179035 -0.217697 0.659007 0.104379 -0.513484 -1.54934 0.432628 1.23363 -0.429888 -0.429888 
-0.605496 -0.605496 -0.759147 0.0144513 0.674831 0.21181 -1.20746 -0.870997 0.859447 -0.0768523 -1.37386 0.732045 2.69887 1.05919 -1.53795 -0.941001 -0.209229 0.523749 0.724868 -0.71487 0.0585678 1.74164 0.0923673 -1.31345 0.987638 0.777928 -0.4708 -0.4708 
0.759461 0.759461 0.868472 -0.292882 -1.21622 -0.0450058 1.14725 -0.906338 0.171152 2.05513 -0.155769 -0.787949 -0.535168 -0.467116 -0.876524 -0.762021 0.898825 1.71141 0.146508 -2.06376 -0.35146 1.90403 0.916747 -0.790167 -0.193048 -0.294363 -0.800326 -0.800326 
