42
1.29413 1.49459 1.5319 1.49215 1.45467 1.35046 1.33871 1.27115 1.1239 1.20152 1.06434 0.989132 0.825349 0.53909 0.0311615 -0.567678 -0.89679 -1.41861 -1.24647 -0.937041 0.139717 0.664192 0.462946 0.0848181 -0.201748 -0.410674 -0.328395 -0.617043 -0.65053 -0.593174 -0.577073 -0.376453 -0.402661 -0.45395 -0.518807 -0.83785 -0.521948 -0.868313 -1.51538 -1.59018 -1.45139 -1.37176 
0.779707 0.376571 0.216691 0.237975 0.0389722 0.0360148 0.0441877 -0.0143852 0.0787328 0.100572 0.269551 0.453095 0.547624 0.393446 0.400171 0.490253 0.796677 0.809387 0.686955 0.246731 1.24785 1.6485 1.53676 0.927174 -0.587619 -0.951993 -1.18525 -1.58328 -1.78896 -1.78393 -1.70153 -1.5231 -1.94654 -1.7223 -0.886745 0.0688513 1.69549 1.30551 0.714187 0.17208 -0.180339 -0.463743 
-1.78564 -0.874287 -1.29291 -1.12144 -0.266557 -0.177024 -0.039486 0.547112 0.288638 -0.0310333 0.202062 0.406858 -0.226929 -0.413218 -0.191681 -0.565404 -0.496655 0.0539611 -0.412519 -0.852797 -0.949633 -2.25811 -1.1219 1.878 2.93592 1.59529 0.318787 0.887839 0.489873 1.38592 0.967594 0.831182 -0.21835 0.0207023 1.33377 0.988891 -0.124177 -1.12614 -0.917891 -0.0380528 0.370124 -0.0006937 
1.03501 1.27032 1.35756 1.28864 1.2813 1.35476 1.31036 1.24832 1.33385 1.27523 1.31381 1.07053 1.2319 1.09043 0.931374 0.690223 0.265089 -0.133584 -0.197079 -0.533411 -0.044813 -0.137191 -0.540593 -0.967536 -0.875563 -0.887471 -0.846675 -1.11329 -0.904868 -1.08827 -0.867003 -0.837185 -1.29017 -0.947722 -0.977569 -0.75219 -0.911261 -1.03165 -0.670264 -0.732245 -0.941813 -1.1193 
-0.25874 -0.858779 -0.56375 -0.415573 -0.225942 -0.349153 -0.896146 -1.01407 -1.07776 -1.11121 -1.76276 -1.40429 -1.50367 -1.70862 -0.938445 0.0160845 0.165205 0.295396 0.435615 0.824576 1.45947 1.14543 2.15247 1.17801 1.73999 1.7577 1.22947 0.0537922 0.92783 0.3691 0.7251 0.18773 -0.724369 0.269722 0.507683 1.31436 -0.313409 -1.09698 -0.676055 -0.266456 0.327753 0.0836937 
0.353249 -0.793026 -0.209147 -0.15055 -0.887922 -1.39703 -0.592092 -0.436959 -0.534246 -0.232757 0.359864 0.287798 0.0577481 -0.596264 -0.592819 -1.93262 -0.641561 1.3656 1.49814 1.77052 2.19947 1.45303 -0.0905767 -0.234452 -1.07697 -0.204093 0.454359 0.218887 0.0323585 0.405423 0.508639 0.039145 -0.893127 0.413849 -0.763707 -0.246021 -2.55951 -1.07356 1.30173 0.764472 0.986225 1.66849 
-1.21064 -1.05857 -0.718083 -0.369299 -0.59549 -0.393221 -0.230795 -0.320873 -0.294658 -0.127397 -0.230568 -0.467197 -0.958609 -1.00692 -1.05015 -0.661144 -0.06506 1.36452 0.20182 -1.0709 -2.24922 -2.78216 -1.21195 0.178775 0.730221 1.63556 1.05727 1.00202 0.70241 0.617831 0.936567 1.08357 0.592529 1.37533 0.989687 0.582615 0.593803 0.0834179 0.450118 0.911428 0.392823 1.59058 
0.879414 1.53803 0.515087 0.185875 0.494478 0.511856 0.460316 0.852037 0.889778 0.267486 0.999821 0.961914 1.07551 1.07081 1.29846 1.98483 2.06083 -0.314014 0.180797 -0.081062 0.316568 -0.165646 -0.798237 -1.31338 -1.34192 -0.73478 -0.446639 -0.767888 -1.50733 -0.248596 -0.0744159 0.215712 -0.229673 0.560164 -0.645433 -1.17862 -1.41901 -1.89364 -1.85991 -0.713648 -0.717017 -0.868913 
0.499526 1.014 0.546308 0.0298909 -0.2722 -0.131925 0.0569215 0.08215 0.126781 -0.0165973 -0.205171 -0.476139 -0.313063 -0.134572 -0.107217 0.0549056 0.386626 -0.515022 0.740225 -0.106991 1.80252 1.28395 1.95624 0.32318 0.294107 0.967141 -0.0980997 0.452181 0.381482 1.2859 1.9325 0.14939 -0.934078 -0.909298 0.0761608 -1.24764 -2.38063 -2.92107 -1.26799 -0.295304 -1.73642 -0.372646 
-1.03846 -1.35049 -1.18996 -1.04928 -0.589579 -0.762776 -1.08652 -1.38708 -1.54857 -0.927955 -1.01788 -0.971388 -0.640429 -0.934486 -1.06431 -0.88453 -0.48259 1.11049 1.04771 -0.813515 -1.0007 -0.683201 0.234779 1.06509 0.260147 0.605728 0.318224 0.795551 0.628532 0.758802 1.18634 0.795054 0.565841 1.33384 0.977614 0.991627 0.290366 1.09604 1.49708 1.81574 0.81788 1.23125 
-0.305296 -0.578201 -0.383591 0.0121837 0.29526 0.471342 0.312713 0.607952 0.383653 0.940052 1.06708 1.34424 2.10919 2.98769 1.86591 1.33711 0.292223 -1.10078 -0.432708 -0.465567 -0.906004 -1.09676 -0.647241 -1.74576 -1.24154 -0.89193 -0.956483 -1.17708 0.3179 0.0480076 0.477032 0.544203 0.0983446 -0.640952 0.105118 -0.42134 0.186369 0.635588 -0.76527 -0.553064 -1.49189 -0.637686 
-1.34658 -1.27263 -0.764534 -0.473401 -0.857699 -0.889423 -0.831774 0.032347 -0.22658 -0.598203 -0.122116 0.404531 -1.60747 -0.0762098 1.30281 1.77263 1.58254 -1.16287 -0.131798 0.375462 -0.316299 -0.42776 -0.289784 -0.617125 0.839344 0.305855 -0.555966 -0.238427 -0.609533 -0.719278 -1.09847 -0.143129 0.766688 1.3334 -0.0293831 -1.10637 2.97496 1.9107 1.13412 0.419371 0.716758 0.641278 
0.597928 0.750684 0.848885 1.21336 0.0176455 0.201421 0.0492442 -0.350613 0.720619 0.433142 -0.0612249 -1.05943 -0.977183 -1.1873 -0.991038 0.0902594 -0.553299 -0.289242 1.20431 0.698751 -0.421989 -0.0498904 -0.235145 -0.0170573 1.19113 -1.10837 0.625565 0.687699 1.27639 0.807046 1.32578 1.18844 0.634667 0.39069 -1.84892 -0.769691 -3.54985 -1.44554 0.698246 -0.35261 -0.920624 0.537112 
0.686296 0.686296 0.229026 0.0866673 -0.0360431 0.0129233 0.0826892 -0.175235 0.101131 0.120293 -0.170625 -0.221261 -0.623028 -1.27815 -1.87318 -1.53278 -1.38617 -0.431972 1.1504 2.87243 3.2818 0.848978 -0.869224 -1.03164 -0.709547 -0.00741045 -0.15917 -0.379544 0.279113 0.37351 0.646228 0.565688 0.0861523 0.0125803 -0.49712 0.227698 0.175688 -1.65743 -1.14048 0.355478 0.649471 0.649471 
-0.574355 -0.574355 -0.0784958 -0.124204 -0.152525 0.0895227 0.0245458 0.123789 0.217736 0.306367 0.495291 0.408307 0.0137393 -0.0888426 0.196532 0.546676 0.45628 -0.0447619 -0.573934 0.738736 1.72115 0.420965 -0.759314 -2.39853 -2.11205 -0.614801 -0.654114 -0.621892 -0.151 0.185575 0.38816 -0.202819 -0.149297 1.32161 2.17607 3.10031 1.52825 -1.06305 -1.24079 -0.961666 -0.659417 -0.659417 
0.323551 0.323551 -0.263217 0.746753 0.681768 0.112871 0.507074 0.193012 -0.525716 -0.135871 0.280064 -0.407427 -0.717582 -0.0392569 -0.187904 -0.309075 0.423984 -0.00048519 -0.786327 -0.493176 -1.18171 -0.203829 3.21298 3.15089 -0.291417 -2.14276 -0.628265 0.0684708 0.327801 0.311652 -0.507155 -1.00774 -0.709971 1.16372 0.700623 -1.22345 -1.74457 -0.696676 0.795713 0.954265 -0.0375828 -0.0375828 
1.39763 1.39763 0.404284 0.0954748 0.560356 0.439353 -0.00305087 0.421166 0.432329 0.279014 -0.323902 0.077018 0.409446 -0.636775 -0.96228 -1.83105 -2.34538 -1.16458 -0.961025 0.841639 1.63818 -1.27432 -2.36673 -0.749257 0.605893 0.438792 -0.392859 0.154461 0.426149 0.468105 1.1643 -1.03724 -0.0164479 1.36516 0.982908 0.560975 -0.568023 1.13136 1.32208 -0.542179 -0.919316 -0.919316 
-0.431072 -0.431072 0.510667 0.378008 0.0364279 -0.890722 -0.88407 -0.275763 -0.169437 -0.909344 -0.41605 0.278929 -0.430219 0.664249 2.12362 1.34193 0.304382 0.293179 0.618878 1.2415 0.356674 0.825062 -0.00617475 -0.566336 0.682452 -0.689737 -2.19179 -0.426828 0.349689 -0.302338 -0.275454 -1.87154 0.0560269 1.50355 1.26766 -1.08064 -3.0822 -0.503615 0.998163 1.21627 0.393542 0.393542 
-0.520301 -0.520301 0.452825 -0.614295 -1.07281 0.172853 0.709334 -0.019357 0.0988497 0.65606 0.354354 -0.310083 -0.780097 -0.591513 -1.14539 -0.105443 2.59776 1.66207 0.260963 0.50036 -0.322497 -1.91566 -1.42899 -0.862742 -0.041557 1.17071 0.275547 -0.406909 0.084581 0.318595 -0.361904 -1.19822 0.236556 0.0384505 -0.599026 -1.51647 -0.734447 3.05249 1.41843 -0.320895 0.664064 0.664064 
0.361847 0.361847 0.557717 -0.00653039 -0.152415 0.234532 -0.0565589 -0.192184 0.0640489 -0.0647812 -0.466935 -0.853509 -0.665997 -0.21974 0.215692 0.852257 1.88836 0.137137 -2.55355 -2.5691 -1.8325 0.904218 2.81961 1.80523 1.32193 0.197046 -0.759421 -0.481929 -0.51113 0.104555 0.335145 -0.471156 0.161907 0.266856 -0.917906 -0.522779 -0.625648 -0.271664 0.695856 -0.185644 0.547641 0.547641 
-0.309007 -0.309007 -1.49842 0.10485 0.522169 0.0885327 0.539266 0.646766 -0.574173 0.262164 0.965803 0.220797 0.26078 0.398118 1.23021 1.04761 -2.6383 -2.13402 0.410155 0.293143 0.0278206 -1.21263 -1.25228 -0.524961 0.826333 1.20764 0.0898021 -1.14748 0.754927 1.85499 0.688723 -0.0572748 0.544409 -0.370937 -1.96395 -0.801777 -0.731259 -0.401205 1.55045 1.50579 -0.0572836 -0.0572836 
0.130904 0.130904 -0.877955 -0.715897 -0.0732372 0.40721 0.294622 0.153488 -0.0115162 -0.239738 -0.364601 -0.0204657 0.419389 0.286568 0.270549 0.568412 -0.472627 0.431163 0.484432 1.12472 1.44634 0.235555 -0.855116 -1.54149 0.715321 -0.298705 -0.418835 0.554455 0.901022 1.60299 -1.0271 -2.7202 -0.950944 1.07377 -0.245993 -2.31917 -1.55254 1.17398 2.65477 -0.373292 0.00943124 0.00943124 
-0.29917 -0.29917 0.265998 0.639479 0.247638 -0.730438 -0.889439 -0.686876 0.463141 0.552484 -0.164265 0.361179 -0.0639734 -0.639219 -0.0476756 0.616184 2.38058 1.80042 -2.51201 -2.66732 0.0526437 1.43236 2.07256 -0.0783728 -0.683516 -0.0375383 0.126937 0.277353 -0.155921 0.586342 -0.0647851 -0.884691 0.56259 0.404024 -0.537269 -0.968017 0.0203048 1.39645 0.788445 -0.957972 -0.83973 -0.83973 
-0.0532043 -0.0532043 0.741851 0.847038 0.585824 0.0606393 0.202316 0.124234 0.434753 0.852477 0.520463 1.27895 1.99394 -0.24937 -1.92264 -1.83121 -2.85874 -0.82205 0.795146 -0.522857 -0.710599 0.347555 -0.731767 -0.666733 1.05509 0.378821 -0.299155 1.55512 1.49651 0.229095 0.629861 -0.410369 -1.36925 0.0479411 0.301005 0.136495 1.29657 -1.09161 -1.37341 -0.824061 -0.0607277 -0.0607277 
0.348367 0.348367 0.509961 -0.154019 -0.394239 -0.0654117 0.601136 0.36559 -0.553856 -0.00697458 0.661376 -1.18987 -0.442392 2.08067 1.29092 0.123433 -2.26884 -1.36024 1.05988 -0.221977 -0.682332 -0.0649725 -0.225596 0.755419 0.602036 -1.12287 -0.48967 -0.124556 -0.442474 -0.448491 0.343979 1.30306 1.0139 -0.677011 -1.89999 2.15066 2.16013 -1.45437 -1.19432 -0.395235 0.0804083 0.0804083 
0.22063 0.22063 0.396873 -0.680236 -0.830657 0.0380265 -0.447814 0.570603 0.664154 -0.639117 -1.23075 -0.750759 -0.0947285 0.000188997 1.07522 0.376115 -0.30419 1.47483 0.834169 -1.34208 -0.611478 0.167259 0.0390541 1.19902 -0.896733 -0.459081 1.50685 0.553493 0.111071 0.0528412 0.329209 -0.56359 -0.652356 -2.05572 -0.954227 -1.4042 -0.550883 3.54801 0.921524 -1.33589 0.752364 0.752364 
-0.348246 -0.348246 -0.458017 -0.200042 -0.0525134 0.095903 -0.140737 0.0185703 0.232228 -0.205199 -0.259018 -0.344493 -0.810603 -0.959625 -0.191996 0.379872 0.853171 1.96027 2.55234 1.64784 -1.55591 -3.19646 -1.44577 0.127475 0.794123 0.428739 -0.282598 0.342305 0.585021 0.287428 0.152536 -0.427518 -0.422145 -0.445405 0.170224 0.523144 -1.44925 -1.01053 1.55648 1.38456 0.231045 0.231045 
0.370636 0.370636 0.335408 -0.0685781 0.153196 0.124945 0.0148857 0.137368 0.12919 0.202389 0.067042 -0.382656 -0.394678 0.129355 0.478272 0.188665 -0.467346 -0.805511 0.592319 1.7573 -0.25643 -1.92322 -2.18451 -1.05408 1.3632 1.11211 -0.0169889 0.376227 0.610793 0.404008 -0.310859 -0.425743 1.16336 1.78064 1.35933 -0.510802 -3.22023 -2.14563 0.0666119 0.436541 0.221421 0.221421 
-0.313981 -0.313981 0.28211 0.59007 -0.341788 -0.0707721 0.079633 -0.577227 -0.161776 0.50791 -0.127941 -0.556484 0.24963 0.344953 -0.126915 0.393474 0.214465 -0.682001 -0.258456 -0.201024 0.203108 2.62611 2.01231 -2.03599 -3.09202 -0.166477 1.33742 0.59661 0.17586 -0.460464 -0.74638 -0.0873703 1.31394 0.864876 -1.37659 -1.41083 0.343241 1.53162 1.00673 -0.459484 -0.553062 -0.553062 
-0.59976 -0.59976 -0.817557 0.210903 0.343358 -0.296532 0.0880014 0.407893 0.000570719 -0.432527 -0.0416362 0.618044 -0.402596 -0.866624 -0.741468 -0.874643 0.570875 1.07718 1.51577 1.934 -1.39152 -2.72376 0.471147 2.19736 0.938735 -0.603572 -0.0997052 0.678458 0.322035 0.621435 -0.960865 -0.731934 1.7952 0.805654 -0.46635 -0.993013 0.503108 1.43388 -1.07949 -1.47999 -0.165159 -0.165159 
0.573128 0.573128 0.488616 -0.328942 -0.835084 -0.613238 0.364947 0.428447 -0.430453 -0.18393 0.730186 -0.0358475 0.218652 1.60014 0.404907 -1.18579 -0.694944 0.173533 0.577321 -0.193862 -0.292119 -0.257979 -0.913232 0.411879 -0.105435 -1.8579 0.140669 1.59226 0.052487 -0.425078 -1.0265 0.184354 2.12333 0.745069 -1.67311 -2.79797 0.34078 2.57264 1.06886 -0.412004 -0.55095 -0.55095 
0.557782 0.557782 -0.126296 -1.04405 0.438561 1.0764 -0.189257 -0.457392 0.366935 0.0977503 -0.685386 -0.79328 -0.246451 -0.300214 0.245554 2.33351 1.06703 -1.56404 -0.810757 -0.440067 -1.61483 -0.775357 0.60893 0.823372 1.2375 0.137239 -1.07737 -0.188459 0.399044 -0.35226 -1.0384 0.317603 0.72673 -0.60169 -1.06282 -0.152852 2.86289 1.31406 -2.22855 -0.549625 0.565368 0.565368 
0.113812 0.113812 -0.275625 -0.5115 0.145004 0.0447837 -0.31589 0.0618669 0.0665568 -0.387855 -0.565746 -0.158765 0.416045 0.587156 0.718505 1.13308 -0.514943 -3.08713 -1.88919 0.476284 2.37587 3.18946 0.600492 -1.05506 -1.13133 -1.4579 -0.489996 0.149992 0.383409 0.562715 -0.418724 -0.140942 0.487992 -0.76665 -0.566372 0.180338 0.151942 0.890712 0.0379944 -0.123672 0.48473 0.48473 
-0.697132 -0.697132 0.286869 1.27299 0.0228504 0.0433588 0.375479 -0.650505 -0.203183 0.97802 0.00747602 -0.39984 0.141696 0.62785 0.431487 -2.34142 -1.91985 1.90384 1.52253 -0.201791 -0.891301 -0.752791 0.454922 1.30861 1.09624 -0.419179 -1.41258 0.441083 1.87562 -0.00776708 -1.14078 -0.0557071 -0.159644 -1.50663 -0.231562 0.789425 0.278715 1.43326 1.20327 -0.953876 -0.926464 -0.926464 
-0.584485 -0.584485 -0.48863 0.488217 0.676539 0.229822 -0.137833 -0.168836 -0.220347 -0.196605 0.141935 0.475957 0.193845 -0.075797 0.178945 -0.427338 -0.0689409 0.578325 0.422464 0.58119 -0.513685 -1.34903 -1.03886 0.941128 0.747328 -0.658596 0.516869 0.792913 0.632431 -1.12821 -2.54486 0.0572843 2.25631 0.429207 -1.99463 -0.760564 2.07838 2.5008 -0.902947 -1.55244 0.238614 0.238614 
0.332339 0.332339 0.548341 -0.00514186 -0.78681 -0.652148 0.0306704 0.787736 0.722256 -0.357381 -0.105164 0.06348 -0.5731 0.0149023 0.731534 1.40985 0.690373 -2.82413 -2.57842 1.48873 2.37651 1.17369 -0.86825 -1.58849 0.029093 0.474199 0.187593 -0.158113 0.184179 0.0581846 -0.84529 0.368317 0.7508 -0.630623 -0.788038 0.327947 1.37295 0.449727 -1.35619 -0.936172 0.0738613 0.0738613 
0.547812 0.547812 0.6238 -0.139262 -0.59465 -0.303597 0.019396 0.141369 0.499546 0.035372 0.281541 1.03791 -1.13062 -2.85594 -1.16929 -0.70279 0.702484 2.61306 0.189595 -1.11432 0.602251 -0.0418379 -0.75928 1.2643 0.728775 -1.00487 0.823229 1.27067 -0.984485 -0.652625 -0.488503 -1.47073 0.304543 1.18007 0.0374267 0.692662 -0.913741 -1.95537 0.166731 0.921753 0.524896 0.524896 
0.0888569 0.0888569 -0.281784 -0.506081 0.0481148 0.554283 0.239243 -0.646076 -0.209316 0.67701 -0.66165 -0.617483 1.8243 0.966207 -1.0939 -1.98844 -0.829552 1.85678 0.634047 -0.973869 0.0862948 0.253608 0.456605 0.460647 -1.04983 -0.610749 0.555924 0.0249984 -0.182171 0.43766 0.976388 0.372612 -1.10664 -1.62792 1.57709 2.26506 -2.01371 -1.87384 0.589872 0.710219 0.264163 0.264163 
0.0600071 0.0600071 -0.606288 -0.808361 0.395299 0.187809 0.280434 0.638843 -0.797344 -1.2212 -0.118077 0.653725 0.415518 0.67471 0.18353 -0.902314 0.630647 0.655169 -1.79155 -0.943288 0.884655 0.353401 0.589226 -0.62789 -1.07471 1.43783 0.577358 -0.912438 -0.358717 0.0859231 -0.430338 -0.656208 -0.972041 -0.235752 0.354012 0.200491 3.0144 0.86181 -3.07018 -0.153657 1.24277 1.24277 
