52
0.884696 0.927833 0.953597 0.991861 0.945617 0.971812 0.897425 0.880169 0.885857 0.897854 0.97854 1.08452 1.03677 1.00653 0.968612 0.953784 0.969645 0.98808 0.982654 0.987879 0.941286 0.910618 0.8681 0.653629 0.223443 -0.630299 -1.392 -1.7312 -1.97282 -1.71847 0.15017 0.870597 0.27629 0.144912 -0.207151 -0.693412 -0.998537 -0.96169 -1.00206 -1.14993 -0.946523 -0.947804 -1.02195 -0.921586 -0.92522 -0.718702 -0.883354 -0.960972 -0.996093 -1.06858 -1.11512 -1.2693 
1.00312 1.01576 1.06069 1.02793 1.04566 1.03464 1.06494 1.04167 1.01973 0.881983 0.800613 0.701158 0.770015 0.777684 0.754586 0.785671 0.77536 0.723803 0.715952 0.718759 0.776351 0.820308 0.825535 0.845015 0.78007 0.758711 0.600135 0.527838 0.379628 0.259548 -0.20009 -0.11179 -0.396769 -1.31334 -1.49447 -1.39098 -1.24431 -0.82906 -0.780962 -0.991083 -1.06299 -1.1608 -1.30845 -1.45044 -1.33978 -1.19585 -1.40254 -1.27996 -1.32877 -1.43681 -1.34271 -1.23089 
-0.578821 -0.895869 -1.07442 -0.973763 -0.834944 -1.02755 -1.19542 -1.27788 -1.15776 -0.687083 -0.739197 -0.715212 -0.832198 -0.898083 -0.788819 -0.875241 -0.819113 -0.714728 -0.786254 -0.705025 -0.704559 -0.859462 -0.959464 -0.748394 -0.248316 0.0779736 0.79601 0.588835 -0.00525976 -0.0675152 -1.13639 -0.986388 -0.234354 0.389255 0.839639 0.994622 0.953977 1.01126 1.05465 0.857511 0.730869 1.00187 0.566114 1.33833 1.69379 1.39321 1.02074 1.45057 1.42696 1.65342 1.85956 1.82829 
0.509381 0.658681 0.709657 0.720577 0.76797 0.797595 0.880984 1.02108 0.971859 0.907152 1.02056 0.965692 1.06064 1.11222 1.17776 1.25324 1.17968 1.20482 1.24112 1.12218 1.07496 1.09429 1.08744 1.03358 0.559598 0.313683 0.289786 -0.0717673 -0.389935 -0.498496 -0.730687 -1.03641 -1.31501 -1.10371 -1.22349 -1.25527 -1.02229 -0.986076 -0.987495 -1.03796 -0.973193 -1.08552 -1.08451 -1.06995 -1.16621 -0.959945 -1.03978 -1.05221 -1.14819 -1.2043 -1.05678 -1.23701 
-0.239346 -0.764816 -0.93619 -1.14821 -1.11202 -0.634326 0.0921152 -0.201525 0.244232 0.123764 -0.437427 -0.313721 -0.817903 -1.11633 -0.96448 -1.42857 -1.09614 -1.14276 -1.37672 -1.49248 -1.58919 -1.46685 -1.20481 -0.947601 -0.0730122 0.819234 0.742379 0.218253 0.214321 -0.288131 -0.0112559 0.24838 -0.689948 0.82363 2.10194 1.20654 1.59294 0.436137 1.20242 1.26759 0.209739 0.41907 -0.035381 0.436739 0.913342 1.20608 1.52467 1.41113 0.0822757 0.758056 2.09916 1.13498 
0.336646 1.11534 1.6013 0.863829 0.120291 0.102355 -0.898503 -0.791745 -1.20108 -1.23995 -1.1087 -1.06098 -0.895581 -0.709609 -1.23898 -1.01764 -1.11742 -1.01497 -0.732316 -0.705671 -0.520952 -0.69965 -0.880257 -0.890879 -0.741951 0.736012 0.338459 1.19729 1.95577 2.51966 2.62112 1.52499 1.89686 0.904713 0.50029 -0.290075 -0.0251368 0.468223 0.915376 0.434408 -0.477126 -0.304558 -0.335673 0.023364 0.436038 -0.732042 -0.157172 0.36845 -0.261093 -0.110994 -0.0390368 -0.781047 
-0.575308 -0.89369 -0.898075 -0.603846 -0.539167 -0.922844 -0.742614 -1.00713 -0.870165 -0.802769 -0.660879 -0.494593 -0.507732 -0.489014 -0.422568 -0.445617 -0.389882 -0.57107 -0.609479 -0.480075 -0.54376 -0.637377 -0.72043 -0.987036 -1.38019 -0.974677 0.567201 1.52176 1.80839 0.427866 -1.31266 -1.98969 -1.53938 -0.158308 0.209865 0.317212 0.807125 0.887045 0.905732 0.9025 0.48464 1.00836 1.06778 1.49509 1.05216 0.886392 1.46015 1.51923 1.44359 1.5051 1.55818 1.33465 
-0.449871 0.0365259 -0.237628 -0.000483216 0.455355 0.868716 0.176558 0.897279 1.07699 0.936432 0.959557 0.468457 0.502314 0.391612 -0.678454 -0.624827 -0.625104 -0.661607 -0.129766 0.0487129 0.461994 0.864962 0.818925 1.41689 0.998107 -0.13717 -0.0458054 2.33711 1.05443 0.0202403 1.00994 -0.791345 -3.08404 -1.06417 0.504968 -1.48134 -2.05052 -0.567403 0.081033 -1.87532 -0.381364 -0.15375 -1.3017 -1.899 -0.578804 0.0151282 -0.335915 1.08619 -0.360704 -0.157426 1.09234 1.09277 
-0.940273 -1.16171 -1.18333 -0.81785 -0.723637 -0.285201 0.439646 0.470839 0.54342 0.117851 -0.318998 -0.203324 0.109563 0.119526 0.660858 0.58521 0.530049 0.626185 0.499468 0.533231 0.675896 0.830739 1.10531 1.26579 0.636299 1.0462 -1.15915 -1.47498 -2.95715 -2.08481 0.649943 -1.00052 -2.26576 -0.679285 0.0135993 -0.401589 -0.770304 0.598546 0.0661121 -1.10915 -0.57857 1.69777 1.02297 -0.030901 -0.0903683 0.615808 0.597317 -0.355804 0.567416 1.79504 1.68906 0.482996 
-0.680776 -0.835001 -0.826689 -0.766761 -0.699589 -0.380936 -0.120872 -0.0184246 -0.249488 0.200776 -0.0136851 -0.20587 -0.402936 -0.331089 -0.262615 -0.506149 -0.322084 -0.287005 -0.237177 -0.663395 -1.05704 -1.45417 -1.74848 -2.07404 -2.24297 -1.30132 -0.427166 -0.880059 -0.494998 -0.124414 -0.803496 -0.117173 1.5057 2.2756 1.61024 1.39245 0.533823 1.21751 0.452708 0.380314 0.62622 1.16874 0.364474 0.149232 0.601861 0.878555 0.526832 0.520109 1.13889 1.60332 1.65199 1.73652 
0.203999 0.526903 0.889884 -0.35065 0.121367 -0.618898 -1.41349 -1.49656 -1.32649 -2.28981 -1.56221 -1.11975 -0.842042 -1.13154 -0.309982 0.357327 -0.159331 -0.328738 -0.409749 0.0180092 -0.278897 -0.0453791 -0.0192524 -0.0914722 -0.361717 -1.10348 -0.312622 -1.26407 -0.853228 0.336995 1.47619 0.0184143 -0.615319 -0.328511 0.628206 0.993272 0.47206 0.597585 0.573603 0.493388 1.03687 0.457765 0.92527 1.39485 0.639556 -0.143936 1.09225 3.31173 1.87998 1.33432 -0.14738 -0.855291 
-0.859114 -0.999812 -1.27899 -0.83012 -1.19591 -1.15706 -0.948311 -0.899044 -1.05138 -0.649133 -0.691394 -0.698644 -0.835973 -0.794673 -1.07854 -1.13248 -0.929358 -0.733852 -0.95006 -1.13158 -0.815508 -0.36496 0.220494 0.986246 2.14359 2.30948 2.1151 1.26412 0.69291 0.338108 -0.849675 -0.965753 -0.634668 0.511564 0.962772 1.0149 0.563748 0.462468 0.770162 1.28974 -0.000337932 -0.152163 -0.0730757 1.55961 0.0990203 1.20194 1.13027 0.516158 0.739253 0.540594 0.524675 0.744639 
0.337125 0.833385 1.03349 0.679874 1.40333 1.1619 0.697283 0.558797 0.678131 0.328866 0.526153 0.464684 1.00702 1.23809 0.844185 0.932154 0.678359 0.417992 0.858503 1.07112 0.678257 0.317433 -0.93574 -1.97485 -2.01262 -0.508189 -0.450565 -0.459652 0.128557 1.31409 0.642663 1.30213 -0.291057 -1.88042 -2.54263 -0.653065 -1.90101 -1.28732 -0.267571 1.37732 -0.749272 -0.887247 -0.500628 -0.567893 0.10619 -0.781672 -0.680965 0.195648 -1.25769 -0.540663 -0.243117 -0.438884 
0.244602 0.244602 0.236768 0.121002 0.101599 0.056355 -0.0134998 0.115233 0.162263 0.282835 0.433922 0.227452 0.00845798 0.0242507 0.049031 0.135492 0.188968 0.154746 0.133508 0.0673251 0.0096226 0.0161722 -0.279322 -0.902563 -1.9303 -2.46327 -1.63605 -0.799923 0.154292 3.54689 4.2962 0.336591 -1.03283 -0.643381 -1.21391 -1.13845 -0.29747 0.12816 -0.168798 0.223124 0.458785 0.0125747 0.175981 0.289336 0.460002 0.201137 -0.255658 -0.0474143 -0.0391626 -0.057518 -0.188871 -0.188871 
0.488731 0.488731 0.331197 0.236764 0.312201 0.355841 0.313335 0.132026 -0.265292 -0.471538 -0.338651 0.182734 0.554525 0.235381 0.316653 0.361031 0.0742083 0.0827444 0.271422 0.498555 0.641373 0.459629 0.374679 0.131137 -0.0106023 -0.335559 -0.512346 -0.476373 -0.642211 -1.72306 -0.999852 -0.393675 -3.88122 -3.5208 0.0194574 1.15715 2.23917 1.89704 -0.273396 -0.689899 -0.300111 -0.562973 -0.716277 0.180195 1.17249 0.0711388 -0.00295422 0.544934 -0.255469 0.240546 1.00362 1.00362 
-1.14563 -1.14563 -0.332779 0.284817 -0.285866 -0.882678 -0.668336 -0.107911 0.968494 0.633324 -0.235936 -0.362177 -0.537066 -0.0967806 -0.136745 -0.240149 0.131162 -0.117254 -0.162313 -0.0222167 -0.481733 -0.677243 0.0349413 1.2027 1.42692 1.85107 0.812944 -1.74048 -1.45846 -2.38238 -1.96933 1.57417 2.49582 1.9088 0.996854 0.0413061 -0.148813 0.0147227 -0.480402 -0.811286 0.0997294 -0.501813 0.473556 2.01326 -0.0744027 -1.49095 -0.069566 0.609309 0.213554 0.660657 0.159101 0.159101 
1.13695 1.13695 0.540156 0.524704 0.605371 0.76061 1.23705 0.665135 -0.218129 0.483251 0.525681 0.446068 0.90513 0.778332 0.881425 0.2815 0.0643851 0.538165 -0.0831895 -0.443355 0.152943 0.327039 0.0114063 -2.00322 -2.83149 -0.890401 -1.38911 -2.65821 -1.56713 -1.19634 -2.04663 -2.2468 -0.0170251 0.667937 -0.380419 1.1409 1.43416 0.423298 0.049453 0.334896 0.0680909 -0.206872 0.340394 -0.079104 0.747628 0.818445 -0.124709 -0.194303 -0.382667 0.667417 0.132123 0.132123 
-0.967684 -0.967684 -0.574885 -0.31477 0.549549 1.41454 0.447937 0.096196 0.313208 -0.948656 -0.642666 -0.571226 -1.10023 -0.278113 -0.485717 -0.25942 0.263743 -0.446038 -0.532688 -0.360694 -0.062309 0.387266 0.556266 1.32388 2.11969 0.927383 -0.847553 -0.756169 -0.729008 -0.377113 0.577902 -0.944938 0.626448 3.40425 0.385419 -0.732289 -1.05987 -0.583819 0.947514 -1.33841 -1.15776 -0.401604 -0.0722884 1.09447 0.869673 0.671655 0.162536 -1.90197 -0.912839 2.43305 0.37792 0.37792 
1.65288 1.65288 -0.279427 -1.84639 -0.929366 -1.25732 -1.09839 -0.344514 -0.530115 0.15885 0.269213 0.312728 0.488922 -0.39654 -0.351469 0.196038 0.0445237 0.531919 0.435304 0.310492 0.0487871 -0.416813 -0.202603 0.217381 2.11454 1.41807 0.629007 2.10234 1.72644 0.889085 -1.22658 -0.881933 -0.74941 -1.73878 -1.48161 -0.62853 1.00755 1.23977 -0.00198325 -1.7336 -0.90068 0.221391 0.459041 1.02464 -0.921633 -0.714917 1.44366 -0.0913322 -0.569926 0.324118 -0.812853 -0.812853 
-0.455876 -0.455876 0.247297 0.326571 -0.451551 -0.318918 -0.182142 -0.231801 0.149179 0.154829 0.268339 0.0903925 -0.0789911 0.0123588 -0.0355816 -0.0478759 -0.229394 -0.337456 0.0190515 -0.00995993 -0.26595 -0.288182 -0.486745 -0.842689 -0.0712085 2.14988 2.78009 1.33929 -1.341 -3.66784 -2.86034 -0.345624 2.01672 1.92244 0.460421 0.600159 0.568677 0.0277896 -0.0676554 -0.568737 0.036118 0.583954 0.473286 -0.103325 -0.784077 0.382909 0.640992 -0.104402 -0.101615 0.0461381 -0.281036 -0.281036 
0.102926 0.102926 -0.0883134 0.471777 0.606979 -0.273826 -0.0380024 0.630939 -0.0298781 -0.150015 -0.418974 -0.41074 -0.118877 -0.965868 -0.839786 -0.0189854 -0.0881374 0.320133 0.485078 0.394113 0.566353 0.213939 0.363553 0.0775605 -1.25228 -0.860865 1.83849 0.784242 -1.83755 -0.0940554 -0.682611 -3.20104 -0.269248 2.69377 -0.379991 -2.02063 0.641305 1.57553 -1.06342 -0.414694 1.26096 -0.766052 -1.39897 0.494729 1.40871 0.12644 0.761859 -0.0789375 -1.01409 1.05493 0.8993 0.8993 
-0.239091 -0.239091 0.236032 0.329807 0.388862 0.899372 0.569702 0.0416794 -0.328079 -0.740472 -0.302324 0.304601 0.219025 0.403957 0.334653 -0.14822 -0.00915722 -0.0670831 -0.117576 0.100494 0.198511 0.30529 0.309851 -0.421999 -0.220084 -1.49578 -2.08327 -1.49784 -0.535997 2.87768 0.835428 -2.40264 0.217717 1.80285 0.182473 -0.676912 0.767301 0.634767 -1.42474 -0.56421 2.22993 1.25415 -1.44172 -0.943594 0.481196 0.514367 -0.828866 -0.0665323 1.69882 0.865666 -1.10445 -1.10445 
-0.335186 -0.335186 -0.0360751 0.0461353 0.4075 0.676915 0.374937 -0.311026 0.174774 0.197962 -0.699355 -0.67506 -0.306283 0.0646018 -0.375895 -0.214448 0.174693 -0.0127963 -0.657095 -1.27651 -1.23587 -1.09713 -0.997166 -0.822046 0.947883 2.40478 0.456989 -0.226128 0.924034 -0.562271 -0.121274 3.0939 3.21063 0.0146184 -1.3649 -1.63483 -0.375724 -0.244682 -1.30072 0.110959 0.969819 -0.496971 -1.55535 0.200175 0.887268 -0.236181 -0.632033 0.723475 1.38156 0.585277 0.0546496 0.0546496 
0.675165 0.675165 -0.735771 -0.637371 -0.185899 -1.32896 -0.735865 0.134696 -0.659695 -0.156547 1.11212 0.706103 0.0455402 0.536345 1.39982 0.192139 -0.56296 -0.169809 0.369107 0.174272 -0.00102205 0.290501 0.0145862 -0.252876 -0.857111 0.100489 -0.0887433 -0.43169 1.50108 2.15838 -0.231322 -1.83131 -0.256902 1.17841 1.24904 -0.0847323 -0.300907 0.147821 -0.0378503 0.474258 0.0240356 -0.0445269 0.901858 -0.201662 -1.3325 0.464719 3.17477 0.767081 -1.72834 -1.77343 -1.91985 -1.91985 
-0.600554 -0.600554 0.143467 0.0341578 -0.483276 0.241787 0.254933 -0.200756 0.244702 0.38362 -0.133163 -0.253139 -0.191869 -0.376793 -0.496986 0.11758 0.432379 -0.0968069 -0.572611 0.0991223 0.896786 1.23674 1.63452 2.35624 1.59922 -0.106629 -1.38991 -1.86547 -1.2393 -2.0174 -1.71614 0.200654 1.79367 1.94526 0.564523 -0.574243 -0.767845 0.18981 0.973328 -1.04304 -1.89035 -0.162475 2.08955 0.146501 -0.522048 1.23074 -0.936133 -0.56414 -0.0398425 -0.341475 0.186821 0.186821 
0.663176 0.663176 -0.123294 0.361012 0.46483 -0.634608 -0.539348 0.00104002 -0.194014 -0.121877 0.14445 0.463754 0.734477 -0.13192 -0.264353 -0.134692 -0.457041 0.185469 0.623168 -0.148035 -0.678698 -1.47483 -2.10251 -0.977784 1.37601 1.46429 0.063679 0.554682 1.66018 0.494517 0.00769198 -0.845299 -2.92636 -2.06484 1.15455 0.612518 -0.568172 1.53035 2.48462 -0.427002 -2.07687 0.248858 0.314294 0.580313 -0.179068 -0.709668 0.923174 -0.514937 -0.662617 0.957648 0.112949 0.112949 
0.00855383 0.00855383 -0.0774395 -0.0860342 -0.0336488 -0.071125 0.0581085 0.144933 0.138871 0.216167 -0.0267673 -0.301671 -0.136569 0.0445111 0.0970047 0.118321 0.0286756 -0.0268248 -0.0505659 -0.0776519 -0.0236248 -0.200262 -0.668084 -1.21201 -1.14496 0.232945 1.24994 1.34428 3.24328 3.09107 -2.37031 -3.94415 -0.713572 -0.120141 -0.353378 0.695127 0.955241 0.109953 0.0849138 0.480555 -0.142028 -0.195701 0.219957 0.22535 -0.0511439 -0.517235 -0.170256 0.17519 0.0068674 -0.0968343 -0.0831995 -0.0831995 
-0.142741 -0.142741 -0.214068 -0.0381017 0.0661869 -0.0228973 -0.192805 -0.4608 -0.479635 -0.0791626 0.470429 0.650876 0.0160117 -0.203422 0.0711517 -0.206876 -0.233948 0.125205 0.290315 0.255676 -0.0531555 -0.225192 -0.271869 -0.314763 -0.376256 -0.402728 -0.130113 -0.121843 -0.965398 -0.293886 0.980355 -2.2001 -2.38572 2.92249 3.50957 1.65283 0.535098 -1.92153 -1.97771 -0.0439324 0.0721156 -0.33809 0.537573 1.40286 -0.106125 -0.911587 0.334112 -0.214482 -0.253662 0.927258 0.552609 0.552609 
0.52653 0.52653 0.956278 -0.00644041 -0.851476 -0.305222 0.500031 1.09989 0.476697 -0.877176 -0.731795 -0.248622 0.14559 0.239475 -0.138846 0.147336 0.0464315 -0.243296 0.0270465 -0.261349 -0.494878 0.320439 1.26906 0.929514 0.412076 -0.466316 -2.53823 -1.61962 -0.485746 -0.394571 2.71404 3.06795 0.193771 -1.08213 -1.33857 -0.836286 -0.0575821 -0.269817 -0.613854 0.364595 0.176259 0.22104 1.71101 -0.420376 -2.47746 -0.0357186 1.42236 0.157922 -0.00335424 -0.0769745 -0.388087 -0.388087 
-0.52169 -0.52169 -0.536719 0.122193 0.288211 0.67315 -0.0340971 -1.35658 -0.11814 0.782209 0.0225984 0.427824 0.381931 0.0357075 -0.424465 -0.735906 0.308402 -0.0847702 -0.895883 0.288431 0.808065 -0.0788978 -2.20769 -2.7063 1.14111 1.46165 -1.66064 -0.114383 1.4806 -0.407601 -0.962926 2.0328 2.89369 -0.294681 0.518772 1.82366 -0.639186 -1.28803 -0.0272179 0.0768915 -0.468171 0.323612 0.183034 0.454848 0.931739 -0.789689 -0.926256 -0.192131 0.89689 0.559459 -0.461874 -0.461874 
0.244155 0.244155 0.414412 0.723043 1.11896 -0.0794605 -0.875867 -0.101138 -0.696856 -0.638616 0.234094 -0.312446 0.178905 0.389275 -0.000715243 0.477606 -0.135101 -0.534252 0.0429101 0.294934 0.476624 0.391936 0.60011 1.01038 -0.27248 -1.95515 -1.11491 0.0646424 0.235159 0.842483 -0.384619 0.018825 2.83379 -0.170716 -2.72051 -0.958959 0.0842297 1.30098 -0.506867 -1.39095 0.600233 0.697542 0.966298 0.603607 -0.289702 -0.475805 -1.69751 -0.716834 2.82452 0.831911 -1.35813 -1.35813 
-1.29772 -1.29772 -2.44113 -0.361986 0.542118 -0.0110679 0.778338 0.526942 0.479574 0.695536 0.224555 0.272592 -0.405278 -0.500958 0.544673 0.401225 0.357362 0.397421 -0.0493032 -0.169768 -0.418439 -0.0711666 0.57504 1.80308 0.988406 -0.971718 0.611578 0.913062 -0.773032 -2.04253 -1.18003 0.460458 -0.512969 -0.422014 0.922418 1.9286 1.47556 -0.624376 -2.05738 -0.543503 1.53882 1.10445 0.698397 -0.8952 -1.15707 1.83822 0.567298 -1.35704 0.415423 -0.0649909 -0.717371 -0.717371 
0.452692 0.452692 0.504761 -0.468184 -0.433137 0.167787 0.048054 0.208453 0.24478 0.0691005 -0.0514896 -0.2373 -0.0604203 0.0193461 -0.0487296 -0.136466 -0.199368 0.154018 0.20594 -0.196361 -0.191908 -0.154189 -0.373377 0.263767 1.95642 1.86363 -0.541583 -2.71598 -3.29795 -1.0071 2.17293 3.19419 1.48054 -1.03138 -0.877668 0.0619387 -0.38511 -0.427123 -0.400977 0.0589943 0.747945 0.277975 -0.460585 -0.835028 0.310202 0.926848 -0.329242 -0.496926 0.0897119 -0.127014 -0.224061 -0.224061 
-0.123024 -0.123024 0.197166 0.383785 -0.43994 -0.382418 0.503536 -0.00905239 -0.46015 -0.236134 -0.162747 0.157861 -0.33105 -0.425823 0.527613 0.416003 0.180169 0.313997 0.0285956 0.0327663 -0.116698 -0.129633 -0.0916613 -0.93743 -0.550173 1.75322 0.926772 -2.1152 -0.515799 0.646555 -1.78989 0.222613 3.35623 -0.0770059 -2.70881 0.570154 2.04214 -0.988249 -1.15146 1.3151 -0.21456 -1.53432 0.707062 1.59139 -0.224239 -0.383485 -0.131107 -1.02896 0.634511 1.08014 -0.102669 -0.102669 
0.303162 0.303162 0.356088 0.121265 0.356464 0.137074 -0.449058 -0.471683 -0.406424 0.0495458 0.624833 0.329252 0.0910853 0.100269 -0.27663 -0.159031 0.080803 -0.0261794 0.129589 0.213405 0.150594 0.0978489 -0.375461 -0.264077 -0.571013 -1.01655 0.0338442 0.90827 2.50449 0.809022 -2.94512 -0.313617 2.40853 0.0151191 -1.36453 0.365079 0.775302 -1.20214 -0.641674 2.09765 1.06126 -2.03722 -1.20536 1.12028 0.857861 -0.704369 -0.29284 1.4616 0.561129 -1.54711 -1.07689 -1.07689 
0.188057 0.188057 0.241633 0.282203 0.404201 -0.0280903 -0.650699 -0.137314 0.324832 -0.576528 -0.575807 0.24929 0.475159 -0.0522348 -0.188723 0.351942 0.124544 -0.548936 -0.830415 -0.384052 0.110028 0.148693 0.1724 1.26069 2.09601 -0.326779 -1.7214 0.297497 -0.225929 -0.688084 2.37581 2.16449 -2.0136 -2.98868 -1.08179 0.637761 0.899072 -0.609676 0.224896 1.47281 -0.40305 -1.65249 0.447452 1.58495 -0.291237 -0.996979 0.618526 1.30536 -0.0969319 -0.871598 -0.352673 -0.352673 
-0.823248 -0.823248 -0.760019 0.43671 -0.361014 -0.270014 1.02388 0.132323 -0.103766 1.22189 0.637692 -0.601972 -0.0257035 0.9536 -0.137798 -1.17785 -0.149199 0.682298 0.304475 -0.154456 0.158064 0.0934077 -0.26578 -0.476749 0.31044 0.577109 -0.258584 1.10495 1.74768 -1.02981 -2.48028 0.0669413 2.01734 1.05105 -0.728281 -0.91257 0.232811 0.252411 0.293137 0.123144 -0.249978 0.647441 -0.0175922 -1.35236 0.511576 2.97962 0.277667 -3.06722 -1.54908 -0.0396797 -0.0107079 -0.0107079 
0.486985 0.486985 0.409756 -0.481492 0.108012 0.482879 -0.35135 -0.0459115 0.374192 -0.305653 -0.488568 -0.0801604 -0.126048 -0.254255 0.310603 0.617935 -0.190152 -0.748732 0.0997456 0.999481 0.765069 0.482545 0.752269 -0.0636224 -1.77876 -2.15058 -1.28135 0.0677303 -0.146026 -0.375581 1.52843 2.44108 1.19393 -0.907106 -1.81878 -0.980032 0.501139 1.1915 -0.909721 -2.06194 0.583457 2.77321 0.179616 -1.88384 0.727358 -0.331244 -1.30681 0.594567 0.118635 0.12146 0.33457 0.33457 
-0.461641 -0.461641 -0.157017 0.402967 -0.593195 -0.598577 0.432858 0.250253 -0.0442718 0.245933 0.401398 0.404163 -0.341632 -0.595213 0.0312983 -0.0881576 0.23442 0.712484 -0.176729 -0.785821 -0.801499 -0.862524 0.345678 2.221 1.56909 -0.792403 -0.539095 1.03723 -0.0048019 -1.00636 -0.809691 -1.81245 -0.734038 2.5999 1.71708 -1.05054 0.610347 1.95322 -1.19811 -2.83609 0.458152 1.53706 0.241523 -0.277279 -0.778345 0.726342 0.155526 -0.964407 0.959285 0.520866 -0.498267 -0.498267 
