45
0.82684 0.560364 0.585333 0.335427 0.348376 0.33752 0.251356 -0.0414282 -0.0753907 0.00283151 -0.221089 -0.506329 -0.53992 -0.494555 -0.401067 -0.404355 -0.3193 -0.355716 -0.329572 -0.282557 -0.220539 -0.00734738 -0.00157515 0.203621 0.14621 0.290434 0.489586 0.444482 0.0509151 -0.8224 -1.02555 -2.16086 -2.69062 -2.23685 1.1291 1.90488 1.44229 2.14199 2.09027 1.57143 0.684442 -0.0171923 -0.677358 -1.13034 -0.875795 
0.273549 0.116905 0.194168 -0.0398395 0.110591 0.188005 -0.2899 -0.152384 -0.269615 -0.132037 -0.301658 -0.217958 -0.0517528 0.0574412 -0.0747744 0.309045 -0.0708508 0.174929 0.211215 0.527413 0.582082 0.721998 1.18212 0.695583 0.88707 0.68747 0.712012 0.649639 -0.122376 -0.0597805 -0.726831 -0.371868 -0.433359 -0.42792 -0.201729 0.13145 0.776228 2.55258 2.50381 0.454933 -1.85142 -2.24538 -1.94609 -2.46494 -2.24778 
-0.0935885 0.0465783 0.145077 0.477573 0.200827 0.0295047 0.286869 0.554768 0.307914 0.0659986 0.536721 0.533194 0.473722 0.528386 0.594656 0.247138 0.697826 0.711265 0.807606 1.08002 1.09346 0.740164 0.886306 0.8015 0.546998 0.0603513 -0.815247 -1.25944 -0.616236 -0.757811 -1.83232 -0.910375 -1.27772 -1.19444 -3.33429 -2.64419 -1.00629 -1.15981 -0.388046 0.699556 1.41879 0.703667 0.773534 0.600473 0.639356 
0.763385 0.959568 0.77432 0.942518 0.76291 0.602577 0.758206 0.838691 0.818385 0.612424 0.630474 0.645951 0.739592 0.420904 0.408246 0.588911 0.825292 0.778771 0.690032 0.126338 0.403235 0.133343 0.00564651 0.517409 0.779119 1.13007 1.103 1.03197 0.796718 0.0202535 -0.473327 -0.928947 -1.23295 -1.26951 -1.88693 -2.43166 -1.41989 -0.936034 -1.30844 -0.935107 -1.0508 -1.38438 -1.52546 -1.68699 -1.13784 
-1.07207 -0.92525 -1.45585 -1.0568 -1.05197 -0.914208 -0.642872 -0.898775 -0.877512 -1.27212 -0.728411 -0.240748 -0.43887 -1.05468 -1.09015 -0.763813 -0.397598 -0.73211 -0.913815 -0.379589 -0.254985 0.118927 0.526471 0.695074 0.782648 0.31588 0.0623291 0.293306 0.0985093 1.17049 1.71286 1.02233 1.05278 0.012967 -1.17921 -1.11639 0.259611 1.06447 1.4683 1.95292 1.21486 2.03152 1.11918 1.15432 1.32805 
-0.618115 -0.376305 -0.226891 -0.466664 0.134112 0.311733 0.564734 -0.130479 0.836372 0.629227 0.373564 0.962406 0.951879 0.935764 1.19042 1.43251 0.84899 0.840766 0.979452 1.12989 0.147922 0.263794 -0.786586 -1.12192 -1.57261 -1.95491 -1.9079 -2.02895 -1.68906 -0.409444 -1.49119 -0.740985 1.72307 1.37972 0.938398 0.39899 0.995962 -1.05348 -0.649166 -0.434827 -0.269363 0.835177 0.0872189 -0.468736 -0.494504 
-1.20688 -1.16061 -0.387628 -0.280021 0.0165113 0.254385 -0.406099 -0.0129868 0.183224 0.569104 -0.116556 -0.732354 -0.941149 0.872244 0.996247 1.24882 1.1523 1.26637 0.702731 0.436806 0.186661 0.678597 0.678901 0.57996 0.58141 0.12236 -0.0555113 -0.36492 -1.14558 -1.30432 -1.15941 1.3128 1.57532 0.98572 -0.941573 -1.39512 -1.68977 -2.49775 -2.21659 -0.437136 0.941997 1.27252 0.725887 0.463386 0.647692 
-0.102408 -0.85717 -0.000598337 -0.786682 -0.726114 -0.736664 -0.751388 -0.636122 -1.09046 -0.284363 -0.859056 -1.403 -1.35052 -0.784517 0.360853 -0.0230067 -0.546362 -0.572543 -0.690187 -0.249673 0.448316 0.183831 1.01214 0.263662 -0.215276 -0.0517025 0.329075 0.759872 1.49771 1.12677 2.83675 1.1589 0.826871 1.02341 2.04143 1.44462 -0.0318914 1.87386 0.874029 -0.814943 -0.952012 -0.0561981 -1.28982 -1.1245 -1.07492 
0.992297 0.725538 0.612958 0.815575 0.47308 0.251037 -0.210967 0.944581 -0.378765 0.556249 1.22246 0.124294 0.555808 0.778951 0.948984 1.03221 0.224122 0.438295 0.118148 1.15458 1.56747 1.52578 -0.0976677 0.371703 -0.17531 0.284095 -0.461878 -0.931817 -1.70224 -2.90916 -0.520736 -0.243023 -1.27625 -1.2135 -1.30644 0.396918 1.23173 0.981157 -0.326407 -1.07261 -0.518504 -0.490932 -1.60855 -1.34814 -1.53511 
-0.636311 -0.278862 -0.578694 -0.232469 -0.228353 0.0243911 0.565924 -0.0995137 0.368004 -0.434703 0.750804 0.396663 1.28752 0.61088 0.890909 0.32094 -0.185719 -1.30448 0.0756647 -0.506396 -0.763044 -1.01978 -0.564929 -0.535658 -0.742512 -0.869445 -0.915301 -1.31672 -1.57707 -0.846777 -0.801958 1.83563 3.36011 2.61074 -0.833012 -0.653502 -0.489077 -0.374896 0.249059 0.237745 0.600948 1.57034 0.0379516 0.945338 0.0496298 
-0.266 0.623954 0.343121 0.557636 0.881661 0.957309 1.38067 0.470213 0.81116 0.267244 0.783755 1.92802 1.10024 0.228703 -0.106395 -0.182586 -0.297025 -0.286176 -0.432868 -0.721173 -1.29898 -1.63413 -1.79757 -1.8684 -1.14343 -0.762386 -0.595312 1.3069 2.84603 0.828021 0.156581 -0.105137 -0.0119889 0.215526 -0.337504 0.0865224 0.834155 0.641622 -0.739038 -1.585 -0.68222 -1.45369 -1.1137 0.196407 -0.0247376 
0.340135 0.30023 0.311345 0.464061 0.312336 -3.10285e-005 0.94206 0.795908 0.769851 0.78169 0.424328 0.712525 0.6298 0.340521 -0.14646 -0.154685 -0.0628998 -0.00956511 -0.254318 0.0802309 0.0821407 -0.00364968 0.571873 0.81368 1.43679 1.06692 1.52407 1.65263 1.30858 0.221474 -0.53628 0.0635571 0.153643 -0.700403 -3.26918 -2.60145 -0.736702 -1.00575 -0.971833 -1.22553 -1.18139 -1.65286 -1.02849 -0.880167 0.321253 
1.04447 0.975028 1.41064 1.00437 0.682698 0.867215 0.322939 0.92784 0.56859 0.992265 0.219155 -0.0541534 0.193785 -0.0974364 -0.756975 -1.02424 -1.5829 -1.90696 -2.2177 -2.40095 -1.85588 -1.16335 -0.129716 -0.723766 -0.615507 -0.626049 -0.334564 -0.919286 -1.06127 0.181552 -0.504385 0.968089 1.0924 0.983401 0.149773 1.01126 0.389085 0.214327 0.623094 0.135082 0.428598 0.614125 -0.279887 0.620034 1.63514 
-0.148473 -0.148473 -0.132734 -0.14415 0.0828932 -0.0112413 -0.279011 -0.229432 0.122943 -0.0574756 -0.402684 -0.221913 0.0920884 0.212786 0.166576 0.158567 0.127103 0.0711498 0.150392 0.184463 0.342294 0.288874 0.281279 0.22127 0.163359 0.407037 0.227217 -0.335735 -1.12235 -0.941495 -1.19034 -1.50054 0.00873874 3.7088 4.01463 0.378362 0.30611 0.696343 -0.461 -1.25432 -1.42794 -1.2125 -0.976338 -0.107565 -0.107565 
0.0426795 0.0426795 -0.0350272 0.0384645 0.351267 -0.279854 -0.219486 0.142788 0.142849 0.0902269 0.0361101 0.373426 0.399033 0.0992888 0.375132 0.126353 -0.0122975 0.405729 0.476459 0.494924 0.317861 0.725115 0.0958807 -0.17395 0.114263 -0.0534215 0.084413 -0.715676 -0.590152 -0.484723 -0.191059 0.417185 0.0661112 0.35507 0.684263 1.10471 2.55428 1.85766 -1.98454 -4.25213 -2.58987 0.0273149 -0.0981248 -0.180611 -0.180611 
0.25187 0.25187 0.485046 0.0301057 -0.580716 0.066831 0.599336 -0.0119712 -0.630061 0.239918 0.528936 -0.113865 -0.0433152 0.109134 -0.378465 0.0875966 0.525215 0.0956114 0.409585 0.309081 -0.449518 -0.288636 0.0368777 -0.448857 -0.936042 -1.68905 -1.63758 0.203793 0.570682 -1.51185 -0.222451 0.634908 -0.381876 -2.53083 -1.79514 2.78494 1.76215 0.712067 2.21678 2.1531 -0.0325009 -0.819786 -0.162596 -0.20016 -0.20016 
0.200296 0.200296 0.145951 0.156904 -0.481102 0.169926 0.637594 0.295929 -0.260349 -0.185861 0.24417 0.390969 -0.257978 -0.464411 0.505331 0.988963 0.547769 -0.0836128 -1.08796 -0.377898 0.192666 -0.593053 0.924915 1.68114 1.36885 0.808031 -0.0114482 -0.415732 -1.78569 -2.28736 -1.66428 -1.29613 -0.482302 -1.09096 -2.07783 1.08606 3.08355 0.395502 0.180861 0.679402 -0.693424 -0.742742 -0.408612 0.931832 0.931832 
-0.610503 -0.610503 -0.289333 0.392473 0.0597662 0.399121 -0.102162 -0.4206 -0.597226 0.0680484 1.19152 0.246881 -1.15826 -0.951137 0.248569 0.760064 -0.0814438 -0.779153 0.327078 0.717125 0.512985 0.873274 0.611838 0.204396 -0.60467 -1.03905 -0.15056 -0.0757428 0.995167 1.93387 -0.310467 -0.962351 -1.40712 -2.96398 -1.55992 1.71035 2.65524 1.4173 1.00953 -0.444536 -0.0217371 -0.243658 -1.23882 0.144165 0.144165 
0.42497 0.42497 -0.0934619 0.392437 0.841768 0.467383 -0.472237 0.296234 0.821647 -0.494409 0.362484 0.626377 -0.0248689 0.260605 0.538563 -0.363745 -0.633207 0.144256 0.31506 -0.891344 -0.928557 -1.0022 -1.48793 -0.842353 -0.89292 -0.357141 -0.0758908 0.239406 1.74723 0.21682 -0.353098 3.46401 2.28678 -0.840901 -1.05196 0.0657799 -1.55979 -1.7672 0.669796 0.412675 1.37099 0.387678 -1.39987 -0.622423 -0.622423 
0.607179 0.607179 0.658513 0.259758 0.368783 -0.432175 -0.302251 0.414745 0.408692 -0.329374 -1.16771 -0.768607 1.26446 1.54299 0.236691 0.0521255 -0.063793 -0.454735 -0.772766 -0.510394 0.123885 0.333493 -0.161031 -0.160072 -0.461459 -0.611538 -0.486298 -0.990796 -0.864691 -0.0900455 2.11187 2.2103 -0.352224 -2.18495 -2.07108 -0.704671 -1.0013 -0.519393 1.64611 2.56505 1.35239 -0.259348 -0.755671 -0.143922 -0.143922 
0.130536 0.130536 0.0971112 -0.752331 0.0752671 -0.00507951 0.129182 -0.339944 0.397264 0.268829 -1.17184 -0.502565 0.681893 1.84815 0.834523 -0.946228 -0.564538 -0.13159 0.366436 1.23683 0.484497 0.623563 0.107082 -1.28792 -0.314645 0.602786 0.887949 1.26898 0.413415 1.45082 0.0561818 -2.12291 -0.122697 1.31799 0.47138 -2.19062 0.479948 0.988629 -2.84742 -1.92674 0.831572 -0.338596 -1.11813 0.251223 0.251223 
-0.258286 -0.258286 0.190236 -0.0294637 -0.435255 -0.549455 0.766928 -0.0561432 -0.266878 1.63428 -0.308564 -0.532832 0.72977 0.479906 0.346207 -0.588456 -0.463328 0.00293435 0.78866 1.48912 0.458906 -1.48695 -0.998601 0.0300071 0.0204832 -0.169636 -1.05769 -1.08105 -1.78529 1.23321 2.65188 -0.617752 -0.823157 0.0753591 1.64306 2.52959 0.66248 -1.38471 -1.85832 -0.079363 0.660038 -0.937415 -0.714924 0.174373 0.174373 
0.0110628 0.0110628 0.00195263 0.248671 0.172791 0.609017 -0.13628 -0.196359 -0.307781 0.275018 0.639123 0.39995 0.138177 -0.357636 -0.271052 -0.909615 -1.35508 0.176463 0.612108 -0.716494 -0.452423 0.125107 0.357261 -0.179851 -0.306643 -0.175959 -0.398761 -0.572872 0.345751 0.593463 2.14163 3.34269 0.593459 -3.4393 -2.68532 0.24347 0.190442 0.563447 0.461582 0.249928 1.04598 -0.492695 -0.543026 -0.0262257 -0.0262257 
0.526431 0.526431 -0.0913903 0.461871 0.33485 0.425716 -0.476275 -0.551663 -0.216386 -0.0557971 1.48837 0.258754 -1.58509 -1.13443 -0.406935 -0.205098 -0.125484 -0.154985 -0.42862 -0.822963 -0.865808 -0.486789 -0.245017 0.567617 0.980939 0.470628 1.86204 3.11706 -0.468763 -2.49076 -0.884286 -0.18492 0.262579 -0.328478 -0.148729 1.04098 0.477018 -1.46972 -2.06742 0.0212415 0.089386 -0.425407 1.47861 0.965345 0.965345 
-0.0329549 -0.0329549 0.1686 -0.00179243 -0.488445 0.6561 0.830024 -0.183025 -0.017706 -0.364377 -0.0752027 0.212172 -0.392086 -0.81509 -0.521002 0.0846057 0.149021 -0.203125 0.0911313 0.349234 -0.0906 0.509616 0.852407 0.902203 0.262155 0.0884934 0.610044 -0.228307 -1.50036 -1.93325 -0.16807 0.719091 -0.80222 -3.5844 -1.99204 2.6471 1.66688 -0.248866 -0.232809 -0.2221 -0.449971 0.157156 0.805696 1.40951 1.40951 
0.402225 0.402225 -0.0344674 -1.01629 -0.250338 -0.538937 0.00608581 0.24597 0.0110133 -0.525552 -1.42918 -0.105405 -0.128629 -1.30516 -1.2741 -1.14332 -1.21695 -0.895518 -0.712965 0.396575 1.53202 2.16544 0.497402 -0.702336 0.0541752 0.291726 -0.452692 -1.01468 1.35471 0.649484 0.947224 1.9977 -0.0526613 -1.29462 -0.0363963 0.237751 -1.10573 0.230877 -0.175254 -0.324676 0.54856 -0.991056 -0.0648523 2.4103 2.4103 
-0.00419657 -0.00419657 -0.0125501 0.142065 0.0815388 -0.280524 -0.175366 0.278403 0.11011 -0.400322 -0.136034 0.34632 0.302363 0.038791 -0.0553856 -0.0445962 -0.0796772 0.00132809 0.0672003 0.124705 0.060686 -0.0603582 -0.0651798 -0.101997 0.120216 0.031013 -0.559211 -1.00321 -0.458957 -0.0654593 -0.424778 0.861671 3.79605 2.91546 -2.45265 -2.7293 0.216959 -0.577019 -1.44304 -0.723234 0.0148826 0.314728 0.792789 0.619982 0.619982 
-0.0442957 -0.0442957 0.00639286 0.275735 -0.210251 -0.384359 0.300805 0.25921 -0.0269524 -0.0643201 0.204628 0.259615 -0.179778 -0.00718531 0.0279671 -0.257917 0.201991 0.346405 0.0708193 -0.100088 0.168067 -0.143804 -0.610802 0.0219789 0.0924309 -0.0112882 -0.447469 -0.455961 0.168593 0.284563 0.631363 0.186675 -0.033542 0.435651 0.526339 1.29909 0.528624 -3.12121 -4.20474 -0.408212 2.96092 1.72791 -0.13411 -0.047592 -0.047592 
0.163565 0.163565 -0.135376 -0.689967 0.034477 0.785756 -0.0414359 -0.797491 0.175861 0.771921 -0.222125 -0.365681 0.156877 -0.209882 -0.00380707 0.604152 0.0156114 -0.0656356 0.150616 -0.554171 -0.382415 0.329955 -0.0949363 -0.62896 -0.804585 -0.450635 1.25413 1.46139 -1.11701 -0.510823 1.42098 -0.0944131 -2.06986 -0.91831 3.50334 2.34784 -1.35174 0.309081 0.957245 -1.46766 -1.94313 -0.0751405 0.417501 -0.0143383 -0.0143383 
-0.083679 -0.083679 -0.0757394 -0.498823 -0.0348457 0.766637 0.0470524 -0.695187 -0.393525 0.321431 0.373848 -0.408282 -0.664334 0.509023 1.00924 -0.0135226 -0.821775 -1.22999 -0.257607 0.884018 -0.200247 0.486508 1.60424 0.277517 -0.677186 -1.04484 -0.931368 -1.3304 -1.40099 0.0437241 0.674239 0.812509 0.104435 -1.20085 1.5338 3.6971 -0.544856 -2.14839 0.161509 -0.678038 -1.07517 0.16217 1.16958 0.927378 0.927378 
0.165624 0.165624 0.617752 0.184144 -0.0429462 -0.154735 -0.59094 -0.375649 0.276685 1.13882 0.0712349 -1.60557 -0.841802 0.885558 1.0874 -0.266197 -1.06806 0.22355 0.944879 0.0759263 0.0561927 0.0181975 -0.490911 -0.854063 -0.871928 0.253781 0.591448 0.712415 1.28529 -0.913165 -1.96794 -0.774582 -1.37471 -0.14868 3.05236 2.74786 -0.241685 -1.13868 -1.28201 -0.731223 0.0858538 -0.854445 0.209824 0.86975 0.86975 
-0.325986 -0.325986 0.00563884 0.666135 0.0789926 -0.868963 -0.0889661 0.910916 -0.51177 -0.285535 0.792777 -0.236525 -0.221796 0.412384 -0.398276 -0.771889 0.374552 0.675033 -0.678953 -0.820924 -0.0478171 -0.353928 0.136938 0.433935 0.358999 0.585464 0.434985 1.27212 0.0124275 -1.40563 2.24404 1.82956 -2.91025 -2.25084 0.646651 -0.318753 -1.22316 1.54953 1.5156 0.506407 0.0107821 -1.86327 -0.661549 0.55845 0.55845 
0.0464527 0.0464527 -0.218236 -0.179942 -0.44692 -0.433047 0.574554 0.484294 -0.48156 -1.03402 -0.27918 1.62683 1.54679 -0.669845 -0.977242 -0.18708 -0.324071 -0.458231 -0.0245681 0.607564 0.572541 -0.176746 -0.315246 -0.187043 -0.2873 -0.00411029 -0.239369 -0.238795 0.610286 1.98819 1.53932 -1.62326 -2.90514 -1.12858 0.994968 0.722481 0.135363 1.7697 2.05979 -0.182592 -1.86242 -1.38693 0.0889962 0.41845 0.41845 
-0.0401144 -0.0401144 -0.537734 -0.0333303 0.417221 0.0110509 -0.216704 0.136514 0.336098 -0.939747 -0.472432 1.06542 1.35656 0.0688805 -1.65754 -0.840131 0.456698 0.524849 0.781111 0.0486287 -0.379795 -0.241631 -1.14032 -0.26759 1.08708 0.68397 0.369736 -0.298525 0.0859927 -0.229808 -2.1141 -0.125325 1.99522 0.327489 -2.07595 -0.0155142 1.84193 -1.96977 -1.72841 2.13469 0.909832 -1.1627 0.324994 0.781658 0.781658 
0.236353 0.236353 0.106394 -0.398957 -0.33655 0.682167 0.262848 -0.640488 0.970975 -0.0536188 -1.31087 0.585245 0.570104 -0.25585 -0.660928 -0.507824 0.320865 0.711628 0.850164 -0.22402 -1.7894 -0.891119 0.868365 0.573858 -0.147055 -0.666731 -0.568089 -0.459357 1.33999 2.59575 -1.12386 -2.08455 0.381035 1.42988 1.42279 -0.609005 -2.34438 -1.52009 0.743189 1.46072 -0.536524 -0.842291 0.628695 0.497085 0.497085 
-0.0117557 -0.0117557 0.143054 0.101158 0.22007 -0.199974 -0.511394 -0.113652 0.289738 0.588121 0.072353 -0.320371 -0.481407 -0.262821 -0.352393 -0.686238 0.675449 1.22832 -0.566348 -0.674007 0.522045 0.502018 -0.197393 -0.422623 -0.00359746 -0.0638414 -0.255093 0.461125 0.725808 1.12083 1.71903 -0.977479 -4.26158 -2.0634 2.30481 1.79843 0.194739 0.164095 -0.202765 0.360655 -0.472017 -1.0031 0.286659 0.318241 0.318241 
-0.402837 -0.402837 -0.0387785 0.284179 -0.0200874 -0.530035 -0.639434 0.174716 0.329994 1.12547 0.210685 -2.0187 -0.913043 0.778953 0.615225 0.188904 0.0366788 -0.195767 -0.435841 -0.283976 0.224913 0.412197 0.697526 0.810409 -0.0601176 0.58349 1.74511 -1.53002 -3.68637 -0.26972 1.521 0.758366 -0.0907608 -0.266946 0.904839 0.415459 -1.6484 -1.67059 0.984792 1.42293 -0.290202 0.917841 0.918849 -0.334033 -0.334033 
0.0742317 0.0742317 -0.0315712 -0.458905 0.357589 0.767765 -0.571965 -0.577308 -0.163529 -0.0866229 0.307079 -0.247686 -0.688787 -0.13097 0.507734 0.365122 -0.229584 -0.0868673 0.292059 -0.163765 0.0486663 0.534627 0.19285 -0.417431 -0.556183 0.165096 -0.247634 -1.36135 -1.10959 0.776347 1.59602 -0.444689 -2.72312 -0.789724 3.81845 2.22104 -1.84913 -1.23051 -0.0343014 -0.185765 0.184573 0.728769 0.726714 0.324011 0.324011 
-0.418083 -0.418083 -1.13666 -0.256466 0.250894 0.0892001 0.47599 -0.0948669 -0.663141 -1.15254 0.209028 0.853386 -0.976562 -0.936828 0.0199788 -0.056649 0.0828893 0.270389 0.847193 1.5446 1.19614 -0.855696 -2.19736 -0.422865 0.629068 -0.469443 -1.05462 1.22434 1.11951 -0.396708 0.888267 -0.830276 -2.50808 -0.0865692 1.02305 -0.881103 -0.103505 0.582528 -0.505075 0.431277 -0.586188 -0.547422 2.39094 1.71306 1.71306 
