57
-0.421226 -0.565857 -0.473192 -0.288397 -0.0836737 1.12848 1.4346 1.48607 1.50691 1.50129 1.46866 1.44472 1.32261 1.11669 1.25892 1.30025 1.43503 1.41972 1.3082 1.06152 0.643366 0.412775 -0.220942 -0.922195 -1.21925 -1.43153 -1.65917 -1.579 -1.70642 -1.47218 0.271455 0.596197 0.00104653 -0.289317 -0.366587 -0.462335 -0.316842 -0.486556 -0.456282 -0.537775 -0.565705 -0.499927 -0.393393 -0.523431 -0.246186 0.281287 0.359501 0.247436 0.20546 0.146568 0.161833 -0.122097 -0.59712 -0.760067 -1.09327 -1.78057 -1.9801 
-1.45068 -1.55791 -1.45716 -1.60223 -1.13598 0.329 0.886023 1.15123 1.00862 1.00828 0.977931 1.00069 0.997241 1.12346 1.07959 0.97811 0.746477 0.722426 0.735901 0.770717 0.784981 0.831152 0.656091 0.547648 0.482281 0.495121 0.400297 0.385869 0.284404 -0.146082 -0.247328 -0.208198 -0.474059 -0.567874 -0.475597 -0.920586 -1.50148 -1.65188 -1.73523 -1.69768 -1.55776 -1.67604 -1.629 -1.61131 -1.13282 -0.414605 -0.133576 0.122591 0.528547 0.855084 0.97466 0.971442 0.700076 0.895658 0.854023 0.425104 0.274313 
1.02591 0.967279 0.802066 0.323787 1.01098 0.707037 -0.176537 -0.762557 -0.77644 -0.965412 -1.02712 -1.35866 -0.968182 -0.967742 -1.3518 -1.56426 -1.53983 -1.61017 -1.6687 -1.19726 -0.550536 -0.742636 -0.752484 -0.799089 -0.163532 0.00609089 -0.180916 -0.144725 -0.527909 -0.603421 -0.861789 -0.917789 -0.502965 -0.410587 0.20297 0.541446 1.35595 1.35175 1.10479 1.23385 1.08251 0.618325 0.750663 1.2809 1.80369 1.94077 1.68661 1.54441 1.48424 1.03265 0.383733 0.126168 -0.476246 -0.163712 -0.241984 -0.177039 -0.216529 
-0.850071 -1.16722 -1.22754 -0.842543 0.0143205 -0.20812 0.147276 0.446286 0.699837 1.09252 1.12352 1.23892 1.22299 1.18822 0.689844 1.40986 1.77253 1.99739 2.03993 2.01623 1.95681 1.74763 1.20796 0.854771 0.568394 0.523604 0.217291 0.225811 -0.350382 -0.629647 -0.9217 -1.2836 -1.07154 -0.592163 -0.838807 -0.653237 -0.542177 -0.872152 -0.785873 -0.662386 -0.721848 -0.939739 -0.766044 -0.709752 -0.394846 -0.775067 -0.736287 -0.664406 -0.676369 -0.419137 0.0644793 0.0132704 -0.472493 -0.636725 -0.845797 -1.19441 -1.02763 
1.2299 0.0998557 0.661143 0.567157 1.14267 0.780327 -0.190714 -0.567235 -1.15386 -1.27275 -1.24201 -1.46142 -1.26395 -1.07619 -0.778364 -0.53721 -0.592569 -0.699894 -0.0754112 0.392033 0.556762 0.72915 1.79056 1.18465 0.925793 1.63894 1.93903 1.38239 1.52506 0.991896 1.00124 0.449908 0.115447 0.233142 0.322564 0.0791419 0.140099 -0.0457323 0.0748718 0.389312 1.34207 0.248279 0.107381 0.261012 0.199426 -0.42776 -0.671138 -0.686944 -1.04781 -0.934655 -1.58652 -1.80857 -1.82037 -1.66222 -1.78117 0.17457 0.708695 
0.590488 -0.192473 -0.199404 0.684325 -0.178652 -0.592074 -1.96082 -1.33572 -0.878589 -0.961812 -0.748467 -0.444844 -0.522827 -0.778132 -0.890941 -1.70699 -1.55584 -1.29215 -0.701801 -0.781224 -1.06484 -0.775741 -0.35988 -1.36423 -1.20288 0.239592 0.851325 -0.318981 -0.346738 0.202087 0.415508 0.247911 0.260757 -0.124899 -0.177728 0.187939 1.12 1.47412 0.894858 1.24252 2.21591 0.742487 0.981495 0.867633 1.80686 1.97914 1.22887 0.793834 0.564363 0.0418758 -0.103244 -1.0685 -0.114322 0.841627 -0.795637 1.05187 2.01297 
1.29327 0.144558 0.70795 0.413206 -0.514484 0.084687 0.702552 -0.0269953 0.442763 0.102081 -0.317166 -0.400261 -1.03009 -1.46412 -1.86824 -1.06017 -1.41364 -0.965158 -0.82919 -0.385637 -0.150413 -0.32902 -0.452173 -0.0311816 -0.536992 0.340576 0.0683383 -0.173873 0.0899887 -0.636623 -0.940507 -1.31445 -0.934189 -2.05567 -1.87635 -1.49783 -0.569819 -0.119176 0.0149535 -0.0603294 0.846295 -0.227514 -0.153262 -0.273601 0.905988 1.29369 1.165 1.386 1.13932 1.61949 1.94963 1.78251 1.70351 1.67125 1.0299 1.01699 0.693609 
1.05683 0.226711 1.56808 1.45857 0.952628 0.116997 -1.31606 -1.94359 -2.17037 -1.5302 -2.09528 -1.97007 -1.7368 -1.37148 -1.32534 -0.203756 -0.379763 -0.0422315 0.0678253 0.0149253 -0.123689 0.266953 0.535144 -0.405876 -0.612008 -0.484679 -0.815787 -0.259076 0.0565377 0.642337 1.3916 1.60904 0.89353 0.432823 -0.285465 -0.724953 0.318464 0.685104 1.13123 0.61118 0.682415 0.953723 0.688453 0.631639 1.05856 1.23963 1.24811 1.27063 0.967113 0.295113 -0.227936 -0.250769 -0.781548 -0.481904 -0.792345 -0.217466 -0.523434 
1.44222 -0.667318 1.04821 0.63867 0.345592 -0.851086 -0.215361 0.420174 0.682704 0.692641 1.18193 0.445202 -0.270644 0.349024 0.153222 0.468924 0.149943 -0.0566169 0.0655026 -0.185946 0.622796 0.785559 1.4317 1.51765 1.23014 1.63999 0.607734 1.02043 1.16631 -0.695867 -0.683827 -0.813415 -0.577205 -1.36447 -1.49016 0.257412 0.169962 0.505902 0.727061 1.69764 0.501458 0.131101 -0.34456 -0.0826459 -0.199346 -1.57316 -2.27152 -2.17745 -1.93216 -1.68659 -1.51083 -0.805877 -0.247542 -0.877066 -1.45883 0.549065 0.393633 
0.737641 0.112194 0.87161 0.191486 0.00421848 0.191433 0.864508 0.482417 0.209876 0.457862 0.791128 0.659833 1.28467 -0.519676 -0.611344 0.157409 0.782689 0.536453 0.553576 0.380051 0.282659 -0.150988 0.329716 0.417095 -0.810484 -1.01042 -0.0693272 -0.166092 -0.267255 0.0702114 0.869232 0.388055 1.08507 1.01479 1.07829 1.10467 0.504568 -0.189988 1.32936 1.74663 1.00176 0.849337 0.878748 0.413494 -0.0784748 -0.600419 -1.1437 -1.61689 -1.27666 -1.91298 -2.35298 -2.06479 -1.91562 -1.69181 -2.33644 -1.17463 -0.671758 
0.985071 0.544662 1.67939 1.33256 1.01764 0.973682 -0.21878 -0.12097 -0.241041 -0.751243 -0.432194 -0.300648 -0.954951 -1.65992 -2.06493 -1.50639 -1.25853 -1.42742 -1.99507 -2.10597 -2.18982 -1.22736 -1.52317 -0.868377 -0.844233 -0.677486 -0.413257 -0.749238 0.363775 0.0568132 0.152008 0.0668717 0.399735 0.228186 0.195244 1.06916 1.07542 0.740452 1.11151 1.17837 0.95959 0.805648 0.784173 0.536958 0.698747 1.31446 0.704145 0.924484 0.411356 0.419243 0.677374 0.097342 0.179897 0.279656 0.481476 0.588679 0.497232 
-1.28611 -0.483152 -0.706423 -0.819091 -1.42383 0.548049 0.920419 0.600462 -0.0296207 0.574038 -0.591789 -0.489756 -0.13616 0.183722 -0.179014 0.364345 0.141898 0.485586 0.0809384 0.92625 0.993715 1.12752 0.148329 1.29288 0.422025 0.0939026 -0.614047 -0.400157 0.159045 -1.14969 -0.790553 -0.402947 0.984722 -0.338105 -0.510328 -0.367781 -1.19412 -1.16745 -1.49909 -0.825552 -1.30074 -1.73401 -0.852894 -1.08409 -1.49407 -0.854787 -0.0608155 0.7465 1.11339 0.654631 1.19078 1.98233 2.42547 2.33437 2.00199 0.700352 -0.411501 
0.839627 1.02527 0.140916 -0.216331 -0.229561 -0.643158 -1.94364 -0.98506 0.143137 1.00932 0.907211 0.421261 0.307959 1.931 0.540314 0.907731 0.890991 1.17713 1.32923 0.309069 1.57395 0.718015 0.755918 0.439489 -1.07297 -0.48668 -0.970802 -1.55601 -2.03405 -1.23614 1.53353 0.913259 1.65611 1.50732 0.401008 -0.250944 -0.566624 1.14919 -0.747155 -0.61404 -1.27137 -0.507178 0.569679 0.0785143 -0.559417 0.75057 -0.817027 0.396279 -0.34246 -0.383079 -0.641116 -0.2492 -1.9772 -0.692483 -1.09975 -0.973613 -1.25593 
0.0201296 0.0201296 0.523898 0.695262 2.26634 2.42139 0.646426 0.210178 0.122883 0.0411095 0.0130891 -0.123753 -0.402049 0.00220486 0.38031 0.368907 0.282298 -0.0943419 -0.448173 -0.917094 -0.892484 -1.22213 -1.94188 -1.42704 -0.679292 -0.573146 -0.12592 0.0273356 0.262954 3.12423 3.26262 -0.313919 -1.25456 -0.462599 -0.164986 0.175671 0.0625578 -0.113639 0.0212731 -0.0677345 0.157476 0.363103 0.0636551 0.324711 1.3302 1.02583 0.0478316 -0.135965 -0.0546527 0.0328812 -0.311253 -1.06102 -0.876005 -0.659127 -1.46099 -1.25657 -1.25657 
-0.112611 -0.112611 -0.182192 0.489813 3.45001 3.6169 1.41104 0.124714 -0.363523 -0.157128 -0.114649 -0.0651931 0.125021 0.0507146 -0.367932 -0.713153 -0.570788 -0.12014 -0.0119094 -0.0104591 0.0104175 -0.337669 -0.621938 -0.420258 -0.197271 -0.25143 -0.301564 -0.313773 -1.07873 -1.07832 -0.2149 -0.517557 -0.761987 -0.103523 -0.749182 -1.98685 -1.44524 -0.530471 -0.1849 0.225593 -0.0609004 -0.231667 0.0183082 0.811557 2.09953 1.73649 0.886979 1.11667 1.24604 0.719514 0.113237 -0.605538 -0.240029 0.182347 -0.965844 -1.16653 -1.16653 
-0.311111 -0.311111 -1.04255 0.443188 0.747053 -1.99078 -2.48244 -0.966575 -0.274523 -0.35789 -0.606377 0.181787 0.760416 -0.589598 -0.960679 -0.248686 -0.000971938 -0.145568 0.798761 2.02801 0.871452 -0.272944 -0.0193459 1.10559 1.48247 0.0487511 -0.18382 -0.525757 -0.720454 -0.502899 -0.46889 0.704478 0.9631 1.30949 1.73844 2.08869 1.4914 -0.358721 -0.12645 0.040206 -0.993799 -0.49935 1.23391 1.91447 1.22921 -0.125014 -0.611803 -0.273678 -0.812957 -1.83913 -1.50093 -1.41989 -0.426208 0.487368 0.0558218 0.123418 0.123418 
-0.76039 -0.76039 0.706129 2.62178 1.35308 0.305693 1.39481 1.1821 1.37775 0.912926 0.333771 0.235748 -0.077905 -1.08555 0.490929 2.28934 1.25512 0.586498 0.0673425 -0.145608 -0.533006 -1.53608 -1.83686 -1.30783 -0.66369 -0.70533 -0.593985 -1.15767 -1.75874 -1.16528 -1.33787 -0.284972 1.47216 0.514099 -0.0995651 0.647549 -0.429236 -0.480996 0.466122 0.161721 -0.551293 -0.0643121 0.508355 0.803295 -0.108422 -0.685148 0.259128 0.153143 0.540275 1.57536 0.93114 -1.09354 -1.32961 -0.751699 -1.1368 -0.351791 -0.351791 
-0.739056 -0.739056 0.548651 0.566329 0.232792 -1.6894 -1.70703 -1.22924 -0.909037 -0.141721 -0.266645 -0.0594253 0.446649 0.571383 0.637733 0.198768 -0.234352 0.610617 1.32499 0.753569 0.386846 1.50133 0.533983 -1.10697 0.532481 1.22719 -0.351027 -0.546671 -0.51749 -0.683203 -0.705788 -1.1331 -0.301571 0.22527 -0.22356 -0.258939 -0.18736 -0.113225 0.508559 1.54284 -0.207443 -1.56674 -0.0163285 0.0822482 -0.888224 -1.11417 -0.354292 -0.500321 -0.340033 -0.701711 -1.11834 -0.322803 0.149748 0.0165674 2.25078 3.06248 3.06248 
-0.871042 -0.871042 0.793636 -0.0613761 -1.35696 -1.86212 -0.824846 0.998818 0.291348 0.0478615 0.43424 0.143265 -0.414989 -0.449773 -1.00984 -0.746201 0.332235 0.770907 0.428207 -0.444709 -0.076627 0.62201 -0.669879 -0.924084 1.51978 1.96962 -0.640001 -1.27872 0.438335 0.679221 -0.0363351 -0.236666 -0.454463 -0.520059 0.230357 1.21406 1.20253 -0.306976 -0.313423 1.23736 -0.581534 -1.31503 0.0428925 0.742264 1.02806 -0.659393 -1.26598 -0.745809 -0.833153 -0.748904 -1.19114 -0.0931679 1.82572 -0.762595 0.127889 2.72311 2.72311 
-0.871091 -0.871091 0.425017 -1.83808 -0.481334 1.86444 -0.15223 -0.37702 0.213183 -1.13611 -0.745155 -1.06476 -1.59741 -1.25483 0.630376 0.707239 0.161483 0.904334 0.896848 1.04749 0.103207 -0.440721 0.469323 -0.111458 0.581514 0.93602 -0.763531 0.0501366 -0.685065 -1.54676 -1.01149 0.0268648 -1.10772 -1.41269 0.863944 2.00026 2.10974 0.904819 0.106591 1.27905 -0.236469 -1.49981 -0.052672 1.62496 2.39604 0.410387 0.157385 -0.0216971 0.371652 1.24714 0.264701 -0.356274 -0.151583 -1.00511 -0.975733 -0.493129 -0.493129 
0.663037 0.663037 1.55933 -0.738341 -1.64149 -2.79464 -2.5358 -1.03544 0.541334 0.120548 -0.519957 0.473034 0.771671 0.538922 1.47956 1.20326 0.228056 0.58386 0.098243 -0.211053 0.340623 0.846606 -0.809711 -1.39967 -0.0708629 -0.226308 0.307756 1.11215 1.14833 1.6877 1.22953 -0.592344 -1.43582 -1.43928 -1.41289 0.778317 1.78098 1.03806 -0.0647951 -0.531077 0.453206 0.0346615 -0.373456 0.487483 0.783368 0.262919 0.0657159 -0.322351 -1.1862 -1.45925 -0.651814 -0.66143 -0.260333 0.0137234 0.356059 0.361622 0.361622 
-0.437837 -0.437837 1.32372 -0.75763 -1.57327 -0.610831 1.28773 0.901023 0.25277 0.487746 -0.285964 -1.53475 -0.129225 0.409652 0.0946777 -0.0329616 -0.574137 -0.117063 -0.163576 0.547911 0.977122 0.80863 0.729042 -0.238417 0.0972058 -0.674512 -0.671563 0.54924 -1.80801 -1.9467 -0.151369 0.0809191 -0.600574 -0.975584 1.65105 1.69068 0.227924 0.547709 1.20533 -0.263337 -1.65283 -0.906219 -0.251051 0.120908 -1.57406 -2.17678 -0.655739 0.322085 0.479081 0.407023 0.883038 1.27947 -0.103332 -1.28472 1.44821 1.88999 1.88999 
0.184812 0.184812 0.117318 -1.05128 0.0193725 1.08139 0.378633 -0.788651 -0.0108729 0.736947 0.268755 0.628672 -1.43657 -2.32103 0.855244 1.74026 0.487336 -0.263383 -0.173626 -0.314987 -0.636086 0.0775264 0.72069 -1.38804 -1.74271 0.934336 1.06169 -0.224888 0.311135 1.42234 0.41179 0.285867 0.793088 0.0110762 0.130385 -0.688776 -1.57871 1.03757 2.41003 -0.384956 -1.08819 -0.13241 -0.518574 -1.16217 -1.23215 -1.2955 -1.23531 -0.144684 -0.346058 -1.30919 -0.167957 0.559318 0.479849 -0.500031 0.657849 2.07435 2.07435 
1.2217 1.2217 1.38748 -1.18055 -0.64402 -2.19858 -1.94744 -0.0477094 -1.1248 -0.3469 0.78995 -0.934334 -2.41621 -1.97459 0.263702 1.42026 0.131617 -1.31306 -1.21031 -0.353268 1.54816 1.17269 0.627667 1.19445 0.329888 0.755195 -0.135384 1.36823 1.41964 -0.38342 0.0095437 0.430571 0.277491 -0.370527 1.48151 1.55095 -0.590582 0.0556546 0.767489 -0.277397 -0.668543 -0.319023 -0.484256 -0.159607 1.36906 0.00128862 -0.699112 -0.526948 -0.903303 0.462974 -0.57852 -0.889551 0.314693 0.525969 0.539156 0.0196377 0.0196377 
0.599364 0.599364 -0.353812 -0.750921 1.41911 2.43629 0.0504661 -0.993097 -0.031605 -0.589319 -1.11152 0.470218 0.697001 -0.048708 0.183933 0.329976 0.122117 -0.0675563 0.454639 0.946113 0.20543 -0.884151 0.168046 0.280823 -1.25225 -1.08266 -0.518417 0.8007 -0.784366 -0.992638 0.773268 1.84398 0.0634045 -1.56046 -0.0349895 -0.715935 -0.836558 -0.32157 0.351821 0.202384 -0.949806 0.46212 0.672477 -0.671564 0.234606 1.48793 1.66286 1.21827 -0.0997328 0.0764616 1.37805 1.28124 0.362377 -0.444946 -1.70512 -2.51657 -2.51657 
-0.566441 -0.566441 -1.06902 -0.262582 -0.314748 -1.5064 -0.236129 2.01219 1.92666 0.787715 -0.464006 -0.474368 1.478 0.295482 -0.866895 0.405018 0.329777 0.486072 -0.723217 0.306929 0.458959 -0.676896 -0.17746 -1.61269 -0.777008 0.174967 -0.909542 -0.903904 0.376506 3.38303 2.07016 0.193855 0.630325 -1.08151 -1.54731 -0.815392 1.37654 -0.0867427 -1.55191 -0.4049 0.179308 1.78471 0.62258 -0.964864 0.70253 -0.158097 -0.247599 0.519707 -0.641099 -0.196095 0.204319 -1.15648 -0.329982 0.89267 -0.17987 -0.0642017 -0.0642017 
0.442635 0.442635 0.584112 1.46527 1.45181 -1.31066 -1.79884 -0.405508 -0.112856 -0.0639194 -0.109383 -0.31601 0.130716 0.672638 0.329474 -0.0541926 -0.35573 -0.576347 -0.652534 -0.340094 -0.225109 -0.839651 -0.142449 1.06911 0.731698 0.483587 0.522481 0.347778 2.58351 2.50324 -2.8118 -3.70264 -0.0960235 0.926271 0.553679 0.214585 -0.212126 -0.00735824 0.0646245 0.139175 0.382424 -0.050732 -0.00497016 1.07238 0.605569 -1.03199 -0.932448 -0.0578844 0.166125 -0.185122 -0.876391 -0.439531 0.358524 -0.456235 -0.466518 0.195496 0.195496 
-0.0247178 -0.0247178 0.571506 3.25962 2.81146 -1.77202 -3.06136 -1.53743 -0.213042 0.257825 0.118584 0.249659 0.139853 -0.400347 -0.64071 -0.142963 0.563155 0.532871 0.134329 0.0568255 -0.253294 -0.524028 -0.0362596 0.413793 0.186806 -0.0555157 -0.0182966 -0.652505 -0.641316 0.803429 0.534545 -0.448376 0.404361 0.0483772 -1.63393 -0.580546 1.32916 1.15523 0.70782 0.147033 -0.368679 0.107293 0.962596 1.88354 0.857644 -1.0388 -0.512909 0.355589 -0.315349 -0.968043 -1.13861 -0.276412 0.736052 -0.606948 -1.15975 -0.141042 -0.141042 
-0.560892 -0.560892 0.572841 1.36286 -1.86006 -2.4671 0.778804 1.68207 0.461726 -0.255978 0.409068 1.04022 -0.591373 -1.31608 0.257395 0.729583 0.0759398 0.607511 1.65586 0.0527215 -1.75855 -0.682495 1.04918 1.14326 -0.809197 -1.27426 -0.441141 -0.412241 0.014695 0.189216 0.918574 1.08997 0.458924 0.588895 0.591844 -0.191255 -1.87031 -1.23729 0.301665 -0.664601 -0.41447 1.69717 1.83918 -0.00633238 -1.55903 -1.40758 -0.116189 -0.156244 -1.19731 -0.527726 0.317165 0.817351 1.45264 0.365078 -0.280469 0.0488338 0.0488338 
1.13233 1.13233 2.66782 0.475406 -1.89961 -0.00969879 0.659326 -0.0568297 -0.258905 -0.879953 -0.585944 -0.373131 -1.10224 0.412795 2.66199 0.569386 -1.40806 -0.995218 -0.629971 -0.524361 -1.15769 -1.08825 0.139806 0.897195 0.439777 0.0127185 -0.405722 -0.976763 -0.0492556 0.294194 0.662455 2.20922 0.59734 -1.30296 0.0638133 -0.3074 -0.947736 0.674519 0.472015 -0.85866 -0.22433 0.806205 0.652275 -0.53753 -1.23621 0.251456 0.628777 0.1822 1.09682 0.270144 -2.18241 -1.85525 0.230851 0.111388 0.277392 0.586072 0.586072 
0.959426 0.959426 0.974604 -0.417325 -2.08282 -1.81159 0.248935 0.538978 0.787554 0.405388 -0.0754873 0.46626 0.395442 0.0179143 -0.466053 -0.894877 0.207453 1.19264 -0.0234103 -0.951595 0.495849 -0.0198171 -2.38551 -0.147433 1.85786 -0.904684 -1.6691 -0.289061 -0.263362 -0.307807 -0.532408 0.200901 1.0201 -0.0791656 -0.561864 -0.115063 -0.0210384 0.451343 1.27568 -0.760871 -2.8159 0.0179398 1.26961 -0.894714 -1.17334 0.312268 0.380884 -0.1339 -0.319047 -0.814365 0.179172 0.942584 0.145226 1.65771 2.46895 0.550751 0.550751 
0.932548 0.932548 0.387854 -1.49801 -1.27513 0.211038 1.69463 0.583131 -0.733766 -0.0369195 -0.067173 -0.66896 -0.505751 -0.506906 -0.316793 0.72703 0.838537 -0.0668107 -0.90237 -0.44956 0.551612 -0.505887 -1.1129 1.26699 1.71551 -1.50386 -2.19733 0.559014 1.11937 -0.430344 -0.711425 -0.394323 -0.308489 0.30832 0.976786 0.491378 -1.09694 -1.0937 0.855881 -0.298753 -1.75397 0.269846 1.18267 0.499662 -1.02089 -1.58939 -0.183002 0.147786 -0.129922 -0.35601 0.289792 1.79397 -0.554415 -1.20957 2.09265 1.52536 1.52536 
0.897668 0.897668 -0.725409 -0.681921 2.62353 0.20414 -1.63945 0.23018 -0.576305 -0.719205 0.0192769 -0.643119 -0.168207 1.56586 1.37529 -0.368178 0.109464 0.495507 0.0707811 -0.601086 -1.09923 0.230684 0.204253 0.0485708 0.719352 -0.996548 -0.667241 0.024383 -1.17718 -0.266002 1.0967 -0.100907 -1.06433 1.38217 2.41585 0.861581 -0.817537 -1.46853 0.236505 -0.277932 -2.02487 0.099926 2.20917 1.72431 -0.902974 -1.63744 -0.341779 0.121779 0.878109 -0.108596 -1.18185 -0.330447 -0.49723 -0.622966 0.335295 0.314229 0.314229 
0.68649 0.68649 -1.08371 -2.47005 -1.58828 -0.69305 1.3513 2.36668 0.886566 -0.821692 0.267524 0.991068 0.0467204 0.541339 0.507783 -0.96824 -0.481245 -0.104053 -0.616467 0.182695 0.810811 -0.890294 -1.73464 0.565189 0.899954 0.287657 1.02714 0.643559 0.439379 0.0585188 -1.76065 -2.0575 -0.656547 0.0136243 1.70446 2.45661 0.196074 -1.42608 -1.21295 0.395042 0.431821 -0.640927 0.344826 0.887211 -0.177053 -0.556943 -0.454951 -0.968556 -0.879941 0.407665 0.610621 0.297567 0.516117 0.470845 0.26399 0.0002441 0.0002441 
1.11425 1.11425 -0.298808 -2.04851 0.0179679 1.86069 0.944726 -0.784349 -0.362276 -0.447451 -1.4548 0.0247168 1.23839 0.070315 -0.382193 -0.535765 -0.138794 0.19704 0.369765 0.692743 0.0953102 -0.250122 -0.792553 -0.51066 -0.377768 -0.603626 0.749129 -0.853251 -1.77623 1.04303 1.29489 -0.386668 -0.798973 1.44697 1.72847 -1.04788 -0.857678 0.581879 -0.632328 -2.02214 -0.518159 0.869994 0.615637 -0.979907 -1.64163 0.541766 1.61482 0.688751 -0.0240299 0.192557 0.510626 -0.751358 -1.82257 0.971672 2.07366 0.218232 0.218232 
-0.100384 -0.100384 -0.84539 -0.119798 1.30227 0.17168 -1.24954 -0.305673 0.915242 0.120912 -0.126382 -1.14453 -1.93785 1.40372 2.53179 -0.291903 -1.33471 -0.478731 -0.0902536 -0.352182 0.192879 0.807614 -0.991684 -1.62782 1.42321 1.7305 -0.796382 -0.535845 0.992782 0.00681414 -0.781877 0.185729 -0.23254 -0.479841 -0.503525 -1.14693 1.04323 2.48554 -0.964245 -2.28754 0.103647 0.305788 -0.713849 -0.512275 -0.142351 -0.0593704 0.67631 0.509562 -0.79975 0.0561873 1.13385 0.355633 -0.73271 0.0561231 1.58386 0.845693 0.845693 
0.150683 0.150683 -1.65618 -1.39532 -0.682241 -0.883044 1.5474 0.612854 -0.176468 1.38126 -0.379276 -2.22182 -0.697881 1.91963 2.42266 -0.0588923 -1.88912 -0.910139 0.70935 1.97491 1.10771 -0.61362 0.0493486 -0.175475 -0.275016 -0.293323 0.465375 1.12816 -1.19842 -0.9581 0.606767 0.222571 -0.529611 0.881189 1.38599 -1.42388 -1.01805 0.989582 -0.200293 -0.97635 0.00475448 0.163707 0.146208 1.33804 0.147249 -1.42113 -0.337625 -0.109626 0.730552 0.262561 -0.917594 0.662508 1.03 0.191975 -0.322212 -0.33149 -0.33149 
-0.570888 -0.570888 -0.849777 1.34364 2.33689 -0.862669 -2.30992 0.0408864 0.382097 -0.659894 0.842634 1.36864 -0.265915 -0.261802 0.364473 0.0551114 -0.180661 0.332054 0.810421 -0.076494 -1.18686 0.0722703 0.916682 -0.898943 -0.859044 0.613891 1.4212 -0.0882503 -1.16093 1.19245 2.09067 -0.40001 -2.2924 0.0294228 0.69163 -0.464415 0.375486 0.93312 0.466496 -0.815604 0.280936 1.23785 -0.697658 -0.20899 1.61513 1.10158 -0.0908616 -1.13934 -0.70336 1.13637 0.944633 -0.614779 -1.11377 -1.35347 -1.35637 -0.47135 -0.47135 
-0.331804 -0.331804 0.189374 0.480462 -0.810851 0.0438076 2.26697 1.39075 -0.798348 -1.55202 -0.822653 1.24807 0.490532 -1.52245 0.0637878 0.766376 0.0453814 -0.687524 -0.122778 0.757007 -0.642823 -0.418303 -0.611783 -0.394474 1.14832 -0.0926558 -0.704248 0.824137 2.76353 1.08756 -2.06808 -0.93753 -0.831237 -1.41435 0.164984 1.8826 0.463905 -1.89958 -0.212619 1.11184 1.40808 0.279473 -1.78398 0.0446676 0.51439 -0.621046 0.431045 -0.261311 -0.469606 0.53937 -0.627674 -0.352307 1.31731 0.0900114 -0.625403 0.0677512 0.0677512 
