38
-0.723919 0.342805 0.561408 0.750412 0.894007 0.795764 0.786464 0.862787 0.951794 0.9478 1.00659 1.09163 1.11902 0.913527 0.30262 -0.290472 -0.745301 -0.944323 -1.361 -1.47291 -0.73338 0.0372884 0.432907 0.549142 0.860963 0.958725 0.812704 0.649389 0.456282 0.334029 -0.0121856 -0.700973 -0.884402 -0.913979 -1.60963 -1.83959 -2.0298 -2.1562 
-3.84764 -0.960542 0.374826 0.620732 0.77147 0.877699 1.02414 1.09734 1.1976 1.1119 0.996738 0.845235 1.00007 1.36337 0.962533 0.603289 0.62846 -0.243194 -0.242232 -0.00182715 -0.67035 -0.459626 0.148534 0.331751 -0.127149 -0.0975992 -0.185279 -0.646764 -0.581956 -0.983976 -0.141313 -0.267066 0.068468 -0.0239879 -0.839947 -0.986747 -1.50585 -1.2111 
3.16143 1.54223 0.0547282 -0.358318 -0.590135 -0.990004 -1.22649 -1.56445 -1.7521 -1.65197 -1.50533 -1.20255 -1.05827 -0.898025 -0.495211 0.0257716 -0.141609 0.503284 0.368902 0.757547 0.794162 0.577403 0.648037 0.73579 0.555831 0.267723 0.174683 -0.0822896 -0.170768 -0.20092 -0.100697 0.0703348 0.0408397 -0.0533847 0.70027 0.893109 0.599022 1.57144 
1.64749 2.58101 0.385694 -0.777759 -1.11545 -0.784127 -0.367248 -0.493841 -0.522441 -0.544586 -0.510761 -1.03454 -1.35215 -0.522343 -0.701588 -0.018089 -0.242263 -1.02006 -1.93185 -0.594494 1.07498 1.36546 1.4234 1.26611 1.12701 0.80616 0.957737 0.688299 0.0470736 0.828894 1.22625 -0.257945 0.0476587 0.144013 -0.253605 -0.658518 -1.39386 -0.519703 
1.7573 0.924224 1.07174 0.862814 0.520523 0.380781 0.101016 -0.0683321 0.0154962 -0.170318 -0.585795 -0.626143 -0.689607 -0.664735 -0.0812353 -0.002963 0.789251 1.31499 1.48005 1.42049 -0.249445 -1.20358 -1.71207 -1.83391 -1.50104 -1.40031 -1.37153 -1.01287 -0.878419 -0.901382 -0.542012 -0.496404 0.404494 0.48615 1.04579 0.962249 1.25874 1.19601 
0.603835 -1.069 -1.29771 -1.32828 -1.74464 -2.20363 -1.82165 -1.35549 -0.940066 -0.82194 -0.530921 -0.434537 -0.481151 -0.484468 -0.208788 0.288839 1.54371 1.649 1.61657 1.60603 0.686763 0.477308 0.302942 0.471766 -0.0042817 0.13 -0.26117 -0.14111 -0.0725044 -0.0800716 0.389004 0.697989 0.917254 0.443278 1.02243 0.479619 0.781143 1.17394 
-0.967811 -0.519606 -0.901456 -1.05903 -0.554981 -0.726201 -0.720588 -1.18991 -1.17221 -1.50343 -1.57535 -1.18426 -0.854666 -0.210137 0.76748 1.38494 1.33931 0.0711469 0.237429 0.804793 1.88222 1.73036 1.38807 1.45539 1.40913 1.15904 0.868797 0.476684 0.424599 -0.360416 -0.854567 -0.899528 -0.329704 -0.539435 -0.395091 0.255048 0.275411 0.588533 
1.48786 1.2321 -0.10803 0.329239 0.581646 1.26332 1.25428 0.99771 0.429608 0.413644 0.411246 0.302846 0.14127 -0.763059 -0.724688 0.141009 0.954763 0.698067 0.488658 0.902307 1.74817 -0.175206 -1.42483 -1.53106 -1.5363 -1.59111 -1.91529 -1.70463 -0.997443 -0.912573 -0.52105 -1.50153 0.0461729 0.859322 -0.0375183 -0.109047 0.525635 0.344487 
0.0490493 -1.31333 -0.961051 -1.01092 -0.883908 -1.37243 -0.829562 -0.268192 1.29219 1.74772 2.20504 2.21181 1.57224 0.834101 0.074759 -0.343077 -0.484107 -1.33915 0.370477 1.33116 -0.483642 -1.16898 -0.890239 -0.519107 -0.381274 0.237382 1.4132 0.750518 0.196317 0.253246 -0.330464 -0.782686 -0.39222 0.223754 -0.469124 0.155734 0.445124 -1.14035 
-0.649097 -0.559075 0.246263 1.36712 2.20808 1.87049 1.57841 1.67475 1.46348 0.881016 0.695886 0.619868 0.0669908 -0.702045 -1.17166 -0.977967 -0.463874 0.613723 0.999933 0.921668 -0.0803955 -1.52019 -1.26241 -1.07233 -1.30363 -1.33785 -0.963245 -0.611381 -0.230706 -0.175732 0.093507 -0.132696 -0.92838 -0.858532 -0.0795428 -0.206125 0.0204708 -0.0347806 
-1.36594 -1.25055 -1.56129 -1.03255 -1.49068 -1.94646 -1.44508 -1.24941 -0.440608 0.421807 0.974405 1.13771 1.67301 1.52239 0.314018 -0.837693 -0.540842 0.753103 0.744124 -0.0138896 -0.958037 -0.475992 0.311313 0.54927 0.779741 1.38759 1.58513 1.58201 0.682582 0.471086 0.26245 -0.193436 -0.571013 0.34254 -0.0115169 -0.0484518 -0.281697 0.220865 
-0.25237 0.968824 0.856075 -0.0390801 0.287841 -0.058265 -0.270903 -0.558343 -1.06635 -1.56702 -1.81616 -2.06162 -1.74658 -0.766839 0.376246 -0.819097 0.0280923 0.334783 1.84227 0.172488 -0.614285 -1.11325 -0.712669 -0.688843 -0.113442 -0.281625 -0.334702 0.165462 -0.0815828 0.847821 1.37058 1.42977 0.426604 0.845945 0.536168 1.82025 1.61361 1.04017 
0.572977 0.452929 -0.481329 0.25902 -0.415137 -0.509512 -0.314234 -0.291126 -0.368198 -0.128775 -0.217707 0.34612 0.739514 0.732946 -0.196187 -0.956653 -1.35321 -0.403034 0.903018 -0.359206 0.425153 1.31834 1.65377 1.40672 1.50884 1.40453 1.31161 1.41902 0.465628 0.82213 -0.353423 -1.68792 -1.63461 -1.3218 -2.24058 -1.21743 -0.741758 -0.55046 
2.0292 2.0292 0.719554 0.607635 0.179034 -0.0491006 0.211369 0.358053 0.238213 0.193123 0.325976 0.27913 -0.154386 -1.10679 -1.68512 -1.45224 -0.864245 -0.807312 -0.677337 1.04783 2.36473 1.85158 0.8751 0.750066 0.722502 0.0393569 -0.350194 -0.420452 -0.359185 -0.587635 -1.43296 -1.19007 -0.206462 -0.970745 -1.26974 -0.515567 -0.361052 -0.361052 
3.65173 3.65173 1.27743 0.21251 0.0869478 0.0830806 0.0533948 0.0118805 -0.130964 -0.324615 -0.383773 -0.141054 0.321721 -0.1778 -0.827323 -0.444368 -0.904998 -0.926759 0.072924 -0.528909 -0.55559 0.592082 0.567355 -0.391878 -0.530017 -0.196309 -0.637724 -0.500645 -0.447189 0.252062 0.500413 0.0445299 0.0744617 -0.960671 -1.00952 -0.742668 -0.345738 -0.345738 
-3.31796 -3.31796 -1.97328 -0.573366 -0.558675 -0.563884 -0.494866 -0.440412 0.0479947 0.420679 0.646602 0.643967 0.48507 0.773298 1.17547 0.53978 0.677922 0.714711 0.429032 0.619669 -0.0552704 -0.0173446 0.322143 0.0427676 -0.376263 -0.279361 -0.24465 -0.239564 0.0133083 0.223683 0.447975 0.303358 0.00763477 0.880735 1.20077 0.0326876 0.901801 0.901801 
-0.998463 -0.998463 -2.95413 -1.22168 0.172363 0.876082 0.449027 0.0335672 0.130976 0.189195 -0.27864 -0.606386 0.655988 0.785022 0.648576 0.606674 -0.756148 -1.39743 0.575188 2.98251 2.00618 0.503243 0.0856496 -0.0981083 -0.250655 0.0204326 0.0683827 -0.670995 0.309423 1.27802 -0.835299 -0.920866 0.553174 -0.102661 -0.57015 -0.885119 0.307763 0.307763 
-0.861321 -0.861321 -0.0561802 -0.688009 -0.598771 -0.518114 -0.556304 -0.0872816 -0.108522 -0.752608 -0.564963 -0.110879 -0.0267464 0.807814 0.876698 1.14593 1.72314 0.914137 0.15913 -2.20795 -3.36191 -1.8637 -0.790069 0.29526 0.582368 0.190105 0.522815 0.659126 0.166849 0.45699 0.545443 1.24399 1.2905 0.850287 0.637186 0.297726 0.324575 0.324575 
-2.57815 -2.57815 -0.388296 -0.638513 -1.20979 -0.145247 1.08837 1.13296 0.66889 0.503001 0.47401 0.0237987 -0.109144 0.320613 0.988587 2.29427 1.77111 0.0545872 -0.0998566 -1.2824 -1.54764 -0.554364 -0.0499551 -0.452228 -0.498287 -0.385109 -0.404072 0.209008 0.0388249 0.572825 0.994925 0.661819 -0.382205 0.097678 0.00589277 -0.364303 0.883265 0.883265 
-0.00805224 -0.00805224 -0.814938 0.36506 0.346891 -0.317018 -0.714077 -0.69798 -0.514042 -0.633412 0.328694 0.863499 1.20107 2.06422 2.02816 0.665233 -1.84636 -1.56411 0.880761 2.09438 1.1364 -0.754627 -0.462691 -0.0683834 -0.491164 -0.816142 -1.00531 -0.688094 -1.21143 -1.80025 -0.814516 0.602668 0.383199 -0.183528 0.961795 0.796655 0.347758 0.347758 
-1.47429 -1.47429 -0.800836 0.746708 0.984211 0.730144 -0.181593 -0.724851 -0.491046 0.0586734 -0.0311506 -0.185831 -0.959272 -0.764974 0.955042 1.70852 0.617836 -0.376419 0.274987 1.30044 -0.970553 -3.00683 -1.24103 -0.0318034 0.0181559 -0.291771 -0.0337895 0.968433 0.846195 0.539451 -0.495804 0.627715 2.37067 -0.00480925 -0.864492 0.623759 0.517238 0.517238 
-0.844051 -0.844051 0.304691 0.107527 -0.276393 0.0875749 1.00646 1.89701 1.80438 0.838959 0.446191 -0.513833 -1.16579 -1.27062 -0.990281 -0.449121 -0.831774 0.787959 2.37712 -0.707533 -2.14816 -0.315853 0.608789 0.485467 0.702105 1.61057 0.489118 -1.02503 -0.395213 -0.42104 -0.86666 -0.0140403 0.920867 -0.0272985 -0.0195228 0.840179 -1.09435 -1.09435 
0.883683 0.883683 1.97348 2.01114 0.469268 -0.728574 -0.269823 -0.184399 -0.902026 -0.874388 -0.338977 -0.727759 -1.46042 -1.37239 -0.354597 0.685375 1.61984 1.48464 0.262668 -1.20501 -2.64442 -1.31252 0.410578 -0.106465 -0.343593 0.296962 0.705129 0.711548 0.397676 0.279867 -0.0173934 -1.14323 -0.830244 0.834499 0.626832 0.042843 0.118254 0.118254 
-0.280739 -0.280739 0.157902 0.00149284 -1.04328 -0.025039 0.666276 0.992509 1.70007 1.42818 0.686286 0.667925 0.334782 -1.5156 -2.57796 -0.980618 1.61472 1.29018 -0.887373 -1.87978 -0.563821 1.2736 1.01458 0.423663 0.816196 0.781245 0.132882 -1.03122 -1.25236 -0.519282 -0.77863 -0.957911 0.495345 0.520304 -0.488359 -0.360152 0.212364 0.212364 
1.09669 1.09669 -1.11625 -0.656511 -0.0824052 -0.646587 -0.585244 -0.894091 -1.11705 -0.846371 -0.579516 0.0104093 1.29152 2.15736 -0.116988 -0.426387 1.14419 1.83462 -0.232046 -2.631 -1.40676 -0.165218 0.381427 0.564228 0.363457 -0.293702 0.405145 0.202326 0.651154 1.45609 0.546165 -1.0494 -0.672816 0.0522192 0.956421 1.06427 -0.87802 -0.87802 
-1.04921 -1.04921 -0.130962 0.146625 -0.744219 0.18367 0.309051 0.0183908 0.24925 0.236591 0.582806 1.09756 0.488816 -0.922627 -1.72721 -1.15882 0.666824 2.4839 0.122757 -0.434009 1.86631 1.3872 0.170303 -0.0786895 0.0736511 -0.134509 0.091439 -0.826878 -0.561033 -0.798134 -2.60282 -1.29134 0.466718 -0.570723 0.187373 1.67557 0.787791 0.787791 
-1.1831 -1.1831 -1.2979 -0.394202 -0.513406 0.193384 0.577841 0.187751 -0.00895411 0.250237 0.248435 -0.332496 -1.26134 -1.40988 -0.19411 1.0022 0.821724 0.351931 2.06306 3.28051 0.984636 -1.36771 -0.969619 0.00369472 -0.568767 -0.940062 -0.311415 0.150996 -0.0112645 -0.941168 -0.457706 1.41825 0.385179 -0.930403 0.627099 1.09227 0.318706 0.318706 
-2.16041 -2.16041 -3.2498 -0.949384 0.136056 0.234136 0.195624 0.0798649 -0.0757685 0.0098407 0.45624 0.990169 0.23087 -0.906993 -0.00423412 0.189001 -0.225018 1.26886 0.675455 -0.374499 1.41521 1.41721 -0.738113 -0.854132 0.468524 0.158278 -0.0428698 0.463374 1.03847 1.23784 0.0561581 -0.16728 -0.759843 -0.840438 0.491474 0.947502 0.674513 0.674513 
1.49736 1.49736 3.46685 1.59574 -0.381075 -0.304644 -0.220705 0.369316 0.817023 0.447744 -0.0802789 -0.621668 -0.212464 0.576878 -0.722943 -1.09439 -0.14831 -0.744569 -0.528126 -1.07576 -1.29061 0.136554 -0.309845 -1.37697 -0.847605 -0.209253 -0.338425 -0.0315024 0.25731 0.217102 -0.282322 -1.01391 0.417876 1.28416 -1.5875 -0.815023 0.828309 0.828309 
-1.32767 -1.32767 -0.180103 2.03874 1.35731 0.151018 -0.590323 -0.242919 0.0708449 -0.303571 -0.559234 0.586853 0.889423 -0.0371522 -0.15038 -0.962728 -1.35976 0.849631 2.86902 0.915644 -1.67451 -1.3044 -0.430576 -0.25501 0.0462787 0.179087 -0.490243 0.127422 1.25878 -0.790504 -1.48878 0.887479 0.509735 -0.776329 -0.550541 0.549285 0.75792 0.75792 
0.6448 0.6448 0.0796144 -0.560777 0.0765579 -0.03743 0.309972 0.325134 -0.670568 -0.483714 0.498625 0.40603 0.746375 0.732735 0.227038 0.681748 -0.282765 -1.47446 -2.8682 -3.22507 0.232518 2.22516 1.85583 1.15226 -0.169481 -0.128689 0.344134 -0.393837 -0.256233 0.263244 0.628577 0.59105 -0.427598 -0.659819 -0.569696 -0.355056 -0.0514005 -0.0514005 
1.66929 1.66929 1.45143 -0.952643 0.192097 1.76359 0.875537 -0.60262 -0.78588 -0.407062 -0.654618 -0.745127 0.0210497 0.718398 1.48106 0.443952 -2.18745 -1.86641 -1.40148 -1.49795 0.396508 1.06663 -0.148453 -0.627739 -0.178943 -0.15535 0.279907 0.148242 0.0793886 0.595081 -0.159897 -1.43643 -0.728573 0.100529 -0.639624 0.526534 0.848859 0.848859 
-0.551007 -0.551007 0.269351 0.817681 -0.464239 -0.72765 -0.254896 0.149024 0.0548443 0.595842 1.05064 0.616447 0.844718 0.584964 -0.962645 -2.68369 -1.53993 1.90591 2.55341 0.187678 -1.97073 -1.10176 0.487046 -0.00983877 -0.509901 -0.347491 0.098977 -0.13334 -0.763236 0.285896 1.68051 0.842631 -0.536623 0.412207 0.691398 -0.416935 -0.302126 -0.302126 
0.359538 0.359538 1.36439 1.08132 -0.0885027 -0.834727 -1.0225 -0.278682 0.431011 0.220872 -0.236509 -0.680395 -0.453797 1.16526 1.52834 -0.296702 -1.43154 -0.300366 1.01107 -0.886501 -2.87454 -0.25337 1.854 0.739864 -0.246549 -0.111476 0.740529 0.493645 -0.356294 -0.949134 -0.0204357 1.78351 -0.488458 -2.1784 0.330395 0.819438 -0.146914 -0.146914 
0.783455 0.783455 0.652836 -0.362535 0.00920876 0.872304 1.22115 0.551037 -0.678518 -0.877357 -0.873782 -1.04549 -0.478933 0.138699 0.566657 0.127436 0.841978 2.14828 -0.968319 -2.97551 0.28191 1.84887 0.553291 0.0842474 0.767793 -0.118675 -1.72363 -0.563432 0.422562 -0.289901 0.292059 1.20664 0.0136432 -0.600571 0.59712 -0.689634 -1.25918 -1.25918 
0.81376 0.81376 0.841633 -1.10625 -2.02074 -0.539933 0.409907 -0.460818 -0.50359 0.423876 0.115653 -0.822938 -0.470015 0.825621 1.53022 1.46855 0.59872 -0.997422 -1.98369 -2.14463 -0.0724502 2.26835 0.899812 -0.551096 0.305728 0.783359 0.313988 -0.220447 -0.312397 -0.300101 -1.04622 -0.594528 1.47098 1.08561 -0.57884 -0.369314 0.0629396 0.0629396 
0.250616 0.250616 0.149086 -0.813848 -0.0513426 1.07561 0.626405 0.63695 0.24869 -0.692202 -0.527628 -0.262293 -1.45152 -1.92488 0.313156 2.68749 1.43993 -1.65831 -2.09184 0.175908 2.01284 0.990471 -0.585845 -0.162896 0.197999 -0.477682 -1.21065 -0.933323 0.298198 0.273391 -0.318849 0.79286 0.925439 -0.672675 -0.605653 0.420743 0.337519 0.337519 
-1.23806 -1.23806 -0.953422 0.77214 0.138194 -0.179277 -0.0211891 -0.197211 0.161595 0.464858 0.662515 1.29048 1.46131 -0.740012 -1.46764 0.912896 1.53193 -0.720034 -2.63279 -0.595258 1.65871 1.23918 0.583678 0.120924 -0.399128 0.15786 0.43916 0.284364 0.908305 0.0670468 -1.4192 -0.622669 0.814107 1.14077 0.758651 -1.00372 -1.0705 -1.0705 
0.573599 0.573599 0.767595 -0.496713 -0.0422404 0.667964 -0.183637 -0.109922 0.0843634 0.164982 0.533572 -0.133816 -1.47997 -1.61683 -0.233199 1.60498 2.47764 -0.448358 -2.10735 1.15038 1.20465 -1.25341 -1.09259 -0.135676 -0.10714 -0.055698 -0.552002 -0.52412 -0.0480414 -1.49506 -0.412813 2.07707 0.435484 -0.263353 1.50173 0.351482 -0.688566 -0.688566 
