37
0.991057 1.02274 1.06619 1.08673 1.08529 1.10758 1.04585 0.964475 0.959011 0.964793 0.9252 0.913211 0.873205 0.88642 0.861713 0.814459 0.720542 0.584417 0.249493 -0.236908 -0.619399 -1.05524 -1.30193 -1.42298 -1.27744 -1.14317 -0.972273 -0.759073 -0.442884 -0.240694 -0.384846 -0.639294 -0.778684 -1.30299 -1.30207 -1.56177 -1.68075 
-0.394689 -0.33247 -0.504774 -0.491914 -0.526523 -0.725044 -0.686792 -0.508205 -0.712561 -0.78494 -0.914296 -1.02692 -0.810454 -0.672986 -0.678764 -0.48401 -0.100796 0.0592685 0.0653666 0.0970868 0.529332 0.246109 0.149783 -0.0328801 0.146539 0.276067 0.776198 1.80312 2.47884 2.19658 1.81753 1.72271 1.35785 -0.416528 -0.0161763 -2.18407 -0.71658 
-0.675357 -1.12596 -1.14886 -1.12633 -1.16797 -1.06957 -0.755676 -0.647234 -0.50095 -0.546109 -0.491307 -0.384542 -0.410705 -0.547546 -0.478829 -0.714523 -0.928895 -1.00904 -1.13989 -0.71637 0.114492 0.594213 1.05487 1.31025 1.44422 0.679848 0.836544 0.768599 0.439398 0.354963 0.476352 -0.100888 0.0577055 1.35129 1.81012 2.21623 2.17746 
0.790013 0.983687 0.947056 0.938769 0.990393 1.09524 1.01058 0.924134 1.01802 1.05328 1.04817 1.02785 0.964315 0.937128 0.971303 0.881065 0.717568 0.669735 0.0979214 -0.0989436 -0.415122 -0.58857 -0.66488 -0.503463 -0.840479 -1.11336 -1.44674 -1.56878 -1.65242 -1.28252 -1.13407 -1.17037 -1.59993 -1.08552 -0.423027 -0.676557 -0.801458 
-0.432758 -0.860268 -0.813641 -0.682413 -0.740071 -1.02374 -1.263 -0.91741 -1.16036 -1.3878 -1.2942 -0.97711 -0.919693 -1.12188 -1.16276 -0.924451 -0.714535 -0.386106 -0.0587672 0.82315 1.10011 1.28607 0.73231 1.42254 1.10013 0.878546 0.881387 0.88182 0.651697 0.127966 -0.159196 1.37692 1.52028 1.2426 1.34378 0.666095 0.964758 
-0.122761 -0.0357728 -0.197665 -0.515772 -0.592381 -0.596819 -0.686997 -1.09017 -1.14232 -1.10779 -1.36085 -1.54892 -1.50853 -1.24929 -1.32756 -1.21476 -0.898564 -0.878299 -0.0519501 1.49887 1.53795 0.763406 0.874025 1.04932 1.09717 1.3934 1.44491 0.901152 0.843191 0.853362 0.838458 0.164003 0.205755 1.06364 0.457876 0.0392993 1.10137 
-0.763083 -0.843463 -0.717747 -0.395476 -0.36709 -0.327576 -0.309863 -0.643093 -0.425432 -0.557974 -0.754956 -0.640493 -0.699836 -0.60778 -0.649904 -0.807123 -1.19893 -1.72102 -1.16653 -0.145599 0.259192 1.51634 2.24581 1.44457 1.06628 1.53196 1.49837 0.682307 -0.115805 -0.496037 -0.966968 0.729492 -0.125691 0.441365 0.56765 2.00153 1.4626 
0.707403 0.754524 0.526365 0.403752 0.155844 0.487442 0.685096 1.20096 0.832872 0.921151 0.889869 0.921223 0.675716 0.0392543 0.777967 0.593759 1.23919 1.47312 0.704485 -1.45585 -1.457 -1.401 -0.522061 -1.92987 -0.642744 1.265 0.0885508 -0.184447 -0.310199 -0.712284 -1.41945 0.396576 -1.18906 -2.25353 -0.334493 -1.06427 -0.863865 
-0.91716 -1.17445 -0.587285 -0.558094 -0.43204 -0.760287 -0.440914 -0.0867492 -0.509669 0.0748586 0.0304353 -0.886148 -0.853119 -0.024213 -0.718485 -0.206424 -0.240248 1.83701 0.683957 0.496011 1.28228 1.95653 2.5813 1.88067 -0.488139 0.774281 -0.471315 -0.657459 -1.47531 -0.352488 0.0217855 0.0824568 -1.46634 0.0953047 1.94921 0.0481618 -0.487902 
-1.35429 -0.960565 -0.797307 -0.583581 -0.695033 -0.62296 -1.0071 -1.30141 -1.12278 -1.40758 -0.961932 -0.78669 -1.18798 -1.0647 -0.664172 -0.544502 -0.638181 -0.743475 0.0775383 0.420674 0.934791 2.1056 1.93354 1.04899 1.10572 0.565138 0.706481 0.632562 0.792431 0.178433 0.577557 0.526096 0.467733 1.69913 0.612054 0.938215 1.12155 
-0.493798 -0.928833 -1.02935 -0.803633 -0.34869 0.240099 0.75632 0.384574 -0.156981 -0.138209 -0.565999 -0.393411 1.12794 1.34911 1.15757 0.962442 1.96598 0.489389 -0.321743 -1.89925 -1.62211 0.0762595 -1.37993 -0.810926 -0.811197 -0.549889 -0.662446 0.542247 0.834524 1.27808 2.2448 -0.0930475 0.751976 -0.127248 -1.59828 1.00295 -0.429281 
-1.21179 -1.08312 -1.0712 -0.916463 -1.17541 -1.13891 -1.08504 -1.29666 -1.01196 -0.652469 -0.668108 -0.119474 -0.93612 -0.629088 -0.340327 -0.240374 -0.819991 -0.576294 0.169416 -0.614183 0.748443 1.93725 0.563708 1.70859 1.78908 1.90834 1.71698 0.957813 0.634439 0.840854 0.41159 0.473613 0.814835 0.0907944 0.780179 -0.0892003 0.130285 
-0.886304 -0.307867 -0.509421 -0.427135 -0.445075 -0.510185 -0.749897 0.57165 0.809308 1.52555 2.02988 1.19519 1.06552 0.585167 0.764583 1.02794 1.03351 1.39223 0.674035 0.175606 -0.553769 -0.98312 0.399225 1.72958 1.10812 -0.31653 -0.745357 -1.19386 -0.999964 -1.34822 -0.679694 -0.294997 -1.35294 0.0542898 -0.799202 -1.55399 -1.48386 
0.63953 0.63953 0.607909 0.480544 0.485513 0.314449 0.0203068 0.179953 0.427251 0.330418 0.279999 0.278824 0.350334 0.393745 0.222177 0.0258049 -0.226345 -0.910151 -1.90399 -2.03895 -1.89548 -1.51018 -0.617057 0.49582 1.22026 1.29221 1.51614 1.92838 1.89714 0.591019 -0.704595 -0.69108 -1.45673 -1.05866 -0.307894 -0.648072 -0.648072 
-0.0407986 -0.0407986 -0.109212 0.0816339 -0.211341 -0.110354 0.412319 0.0760624 -0.271778 -0.167827 -0.223604 0.255703 0.602331 0.294302 0.3737 0.912845 0.864766 0.342081 0.164195 0.754838 0.318324 -0.414279 -0.274902 0.107283 0.539982 0.984489 2.22828 2.47165 0.657118 -0.804791 -0.545005 -0.525353 -2.85321 -1.79262 -2.33804 -0.858985 -0.858985 
-1.06551 -1.06551 -0.275429 -0.306708 -0.180017 0.413687 0.430451 0.150562 -0.105934 -0.258699 -0.00500216 -0.140205 -0.547001 -0.388562 -0.553636 -1.02636 -0.766616 -0.627136 0.213928 1.81987 1.91373 1.29552 0.920896 0.37537 -1.3275 -1.28955 -0.126598 -0.937991 -0.965529 -0.213093 -1.03602 -0.973896 2.15018 2.65154 1.16954 0.338611 0.338611 
0.678655 0.678655 0.132399 0.37111 0.677099 0.308502 -0.208904 0.273992 0.603196 0.335456 0.185102 0.0270791 0.00852016 0.272791 0.102255 -0.432406 -0.317711 -1.42211 -1.82521 -1.13378 -1.07044 -0.421649 0.484087 -0.221064 -1.39573 -1.38591 -0.977933 -0.302434 1.02815 1.65592 0.557241 -1.00617 0.483384 3.43716 1.36005 -0.769679 -0.769679 
-0.755338 -0.755338 0.205214 0.0259324 -0.687342 -0.999542 0.0822579 0.0759089 -0.909215 -0.33063 0.605493 0.543286 -0.349418 -0.518409 0.238856 0.670015 0.824947 1.02681 1.97834 1.89173 0.695284 -0.732843 0.134057 0.531799 -1.03574 -0.476604 -0.0949168 -0.495416 -1.39653 -1.49459 2.04658 2.78672 -0.331455 -0.403969 -1.09164 -0.752147 -0.752147 
-0.188459 -0.188459 -0.797332 -0.669147 -0.197691 -0.218087 -0.817396 -0.760242 -0.102355 -0.40434 -0.738923 -0.297833 0.374484 0.196128 -0.0239714 0.568921 0.429836 1.19662 3.4971 2.31381 -1.18131 -1.07378 0.353872 0.259526 0.441288 0.44678 -0.815747 -0.980275 -0.147705 -0.0829886 -1.11201 -1.02685 1.27631 0.303071 -1.61549 0.891326 0.891326 
-0.138236 -0.138236 0.337001 0.222125 -0.111605 -0.124202 -0.564142 -0.328149 -0.0912824 -0.580674 -0.28914 -0.126689 -0.153136 -0.132813 -0.427025 -0.839746 -1.27039 -0.153506 1.66768 1.491 1.7698 2.153 -0.276459 -1.58391 -0.0885911 0.318247 -1.19457 -2.09692 -1.58251 -1.19635 1.25471 0.801192 -0.531814 0.626586 1.64968 0.864543 0.864543 
-0.06415 -0.06415 -0.219224 -0.237266 0.177712 0.584789 0.753139 0.236264 -0.154388 0.153325 0.101317 -0.0944047 -0.704538 0.194671 0.607861 0.52264 0.904659 -0.387272 -2.57473 -1.87354 0.151364 0.955436 -0.381944 -0.00900773 3.02017 0.769381 -1.223 -0.263057 -0.380994 -0.912189 1.11434 0.311741 -2.31996 0.882006 1.18779 -0.382397 -0.382397 
0.271554 0.271554 0.498906 0.132968 -0.150692 0.00272444 0.544282 -0.0447964 0.138018 0.43839 -0.752882 -0.691416 0.693793 0.116611 -0.134834 0.389293 1.63142 0.74321 -1.05444 0.484588 1.16882 1.04067 -0.050435 -2.42612 -0.868254 0.0231182 -1.12645 -0.786999 0.251789 1.19785 0.354936 -1.1712 0.0199628 2.72032 -0.0276455 -1.92431 -1.92431 
0.676768 0.676768 0.379595 -0.0739333 -0.307794 -0.75798 -1.36286 -0.433774 -0.418057 0.0227739 0.782263 -0.615968 -0.701764 0.621989 0.616037 -0.199873 -0.571273 0.938826 1.67916 1.17249 2.53893 1.40609 -1.98718 -1.60946 -1.04159 -0.901904 -0.131469 -0.100884 -0.99252 -0.597525 0.331188 -0.424094 1.69383 -0.00451701 -1.49901 0.598364 0.598364 
-0.520656 -0.520656 0.0464551 0.523196 0.83481 0.887405 0.0629992 -0.844868 -0.509695 -0.412052 -0.280035 1.39287 1.43456 -0.0355713 -0.392868 0.632838 -0.467012 -2.0245 -2.11111 -1.17708 1.63453 0.146852 -0.822453 0.427133 0.163041 0.0666686 0.876355 1.22381 0.570549 1.14941 -1.23781 -1.34226 -0.0903551 -2.07817 0.909019 0.942325 0.942325 
0.141355 0.141355 0.181742 -0.237982 -0.421198 0.0635371 -0.320941 0.036738 0.921706 0.456311 0.749397 -0.491798 -0.86617 0.846707 0.525828 -0.819763 -0.597024 1.45663 -0.135212 0.820726 3.87705 -0.362756 -0.430814 1.82226 0.233015 -0.188223 -1.54938 -1.75394 -0.257735 -0.421816 -0.645557 0.548345 -0.669696 -0.130202 -0.355411 -1.08354 -1.08354 
0.438032 0.438032 -0.0615418 0.123339 -0.0250745 -0.248377 1.14785 1.62851 1.01903 1.28754 -0.274089 -0.91246 -0.555681 -0.244466 0.50438 0.329336 0.425353 -0.303412 -1.16647 -1.17773 -1.10817 1.01812 2.78996 0.772334 -2.00167 -1.80772 -0.824834 -0.197815 -0.0968745 0.381028 1.11904 -0.619341 0.410245 0.616106 -1.56083 -0.630836 -0.630836 
0.0536727 0.0536727 -0.0886625 -0.0477718 -0.0966069 -0.430875 -0.0612947 0.543786 0.257161 -0.0755488 0.0313528 0.167612 0.217438 -0.0542103 -0.322177 -0.41223 -0.956956 -1.78582 -1.17246 0.098517 0.679924 1.5177 2.3308 2.14229 0.979004 0.419661 0.799959 0.514796 -1.40554 -2.81853 -1.34378 -0.751533 -0.321774 1.37288 0.547858 -0.291151 -0.291151 
-0.0596905 -0.0596905 0.123124 -0.0919867 -0.178065 0.603257 0.184416 -0.649463 -0.227782 0.0519903 0.411551 0.79702 0.0428185 -0.213165 0.598356 0.476243 -0.5409 -0.665244 0.40123 0.153487 -1.11407 -0.562417 0.505457 0.786434 0.846134 1.62309 1.43042 -1.49919 -3.13271 -1.14569 0.273523 -2.20523 -1.20809 0.499334 0.90019 1.42266 1.42266 
0.562687 0.562687 0.538081 0.0162196 0.50787 0.421394 -0.265828 -0.480792 -0.380788 0.0205614 0.0343775 -0.485208 -0.254211 -0.0640571 -0.560572 -0.226381 0.255219 0.712519 1.86613 1.27833 -0.471324 -0.839861 -0.782689 -1.82756 -1.36857 0.885865 0.217724 -0.718793 0.511412 -0.114293 -0.657333 2.44763 2.79316 -0.83027 -1.87833 -0.712499 -0.712499 
-0.268429 -0.268429 -0.106473 0.471743 0.0597078 -0.498935 0.078771 0.653164 0.143886 -0.181476 -0.107037 -0.0176192 0.268891 0.16578 -0.376265 -0.182746 -0.569295 -0.920597 0.297812 0.614269 0.585335 1.15687 0.238274 -1.1732 -0.688118 0.385647 0.837281 1.46324 1.43085 -0.217312 -1.70394 0.0520758 3.11681 0.696971 -2.75199 -1.34276 -1.34276 
0.620976 0.620976 0.500651 -0.622736 -0.711944 0.492819 0.698091 -0.689124 -0.296546 0.992897 0.56283 -0.664585 -0.736253 0.371122 0.773912 0.369657 0.215768 0.750401 0.556788 -0.884819 -1.78518 -0.400364 0.825066 -0.808807 -0.700486 0.607737 -0.0363234 -0.897273 -0.694289 2.28714 2.84969 -1.61971 -2.16512 -0.533896 -0.257377 0.204154 0.204154 
-0.457401 -0.457401 -0.375801 0.311907 0.217324 -0.464296 -0.41493 0.385368 0.156749 -0.475031 -0.00200863 0.638957 0.244634 -0.323454 0.167502 0.219074 0.329766 1.88273 0.641367 -3.04796 -2.22626 0.907445 0.778942 -0.0141617 0.0493925 -0.870003 -0.978234 0.355449 0.501381 -0.683657 -0.670645 1.45053 0.776784 -1.91065 0.304659 1.52597 1.52597 
0.316425 0.316425 0.231774 -0.364341 -0.288974 -0.367239 -0.184056 0.314673 -0.219853 -0.179568 0.300765 0.0664485 -0.0382833 -0.235595 -0.554698 -0.655235 0.471909 2.13125 1.17804 0.0414779 0.454051 -1.54163 -2.78744 0.104667 1.3679 -0.848752 -1.81347 -0.319638 0.629844 2.05694 1.43819 -1.35024 -0.162435 1.57374 0.141576 -0.612325 -0.612325 
-0.0537644 -0.0537644 -0.0643958 0.271507 0.522008 0.376682 -0.167756 -0.497146 -0.011259 0.188287 -0.108362 -0.437237 0.20795 0.810943 0.230868 0.212501 -0.498552 -2.01261 -0.838168 1.64396 1.70458 -0.276639 -0.530685 2.0423 0.496277 -2.46267 -0.570751 0.533762 -0.344888 0.918734 0.758812 -1.98604 0.37364 2.10455 -0.707436 -0.88762 -0.88762 
0.236851 0.236851 0.0152743 -0.294145 0.0203257 0.519996 0.0704144 -0.146805 0.391759 -0.440253 -0.584911 0.975153 0.58845 -0.402547 0.264298 1.16866 0.313486 -1.52711 -0.0574076 1.44538 0.435895 -0.639075 -1.99996 -0.396003 1.58221 -0.0571514 -0.391339 0.933717 1.30102 0.161644 -1.33528 -0.103639 2.45551 0.0703614 -2.71315 -1.04924 -1.04924 
-0.233348 -0.233348 -0.543163 -0.499913 -0.497629 -0.75108 0.191131 0.615074 0.281537 0.789624 -0.466681 -1.04411 0.815336 0.869879 -0.591774 -0.84142 0.74753 1.50698 0.129279 0.556987 0.129236 -3.12223 -2.09033 0.615612 0.453003 0.591383 0.516854 -0.618546 -0.369608 0.873914 0.0881332 0.900509 0.256281 -2.21144 0.3815 1.40242 1.40242 
0.326364 0.326364 0.656144 0.479407 0.186009 -0.599818 -1.26421 -0.462082 0.233467 0.0929361 1.1826 1.12012 -1.05403 -1.33003 0.396436 -0.117216 -1.90411 -1.20321 0.520267 2.52507 0.849883 -1.76552 0.127953 0.615775 -0.315274 0.427498 0.734513 -0.277465 -0.117397 -1.31684 -1.78951 0.72781 -0.574986 0.625376 2.02346 -0.0428886 -0.0428886 
0.0854985 0.0854985 -0.201163 -0.353879 0.263846 0.126388 0.0396121 0.906615 0.344474 -0.0597679 -0.589621 -1.04548 0.972084 1.00862 -1.08025 -0.708966 1.61264 0.373322 -0.376392 2.7982 -0.750376 -2.88426 1.55023 0.511295 -1.3152 -1.15942 -1.01143 0.940079 0.967726 -0.206958 0.720513 0.0414287 -0.405516 0.272565 -0.593194 -0.439381 -0.439381 
-0.296659 -0.296659 -0.1757 0.0540486 -0.213007 0.797579 1.25815 -0.0540929 -0.192893 -0.815836 -1.40917 -0.154043 0.467227 0.723739 0.405603 -0.0215141 -0.383788 -1.01127 -0.541834 0.0683333 1.46683 2.58056 -0.130615 -3.10476 -1.65782 0.800143 1.08347 0.50646 0.4089 0.825704 -0.624306 -0.43354 0.838486 -1.25939 -0.785627 0.638641 0.638641 
