34
1.41831 1.06468 1.32439 1.5432 1.54203 1.27697 0.950237 0.326411 -0.245333 -0.513959 -0.690682 -0.291448 0.279674 0.677089 0.852018 0.925318 0.85109 0.655288 0.27347 -0.054642 -0.18668 -0.167948 -0.263396 -0.267415 -0.333892 -0.477867 -0.537865 -0.64766 -0.900059 -1.26134 -1.52001 -1.6973 -1.90484 -1.99784 
-0.598381 0.0362469 -0.971482 -1.32702 -0.340532 0.443935 1.49799 0.825841 0.0534639 0.202338 -0.2233 0.0265758 0.0285783 0.322365 0.306456 -0.11761 0.295599 0.407103 0.766539 0.782621 0.861413 0.916092 0.596786 0.604744 0.600285 0.343701 0.557956 0.112209 0.0578715 0.231325 -0.142178 -0.792752 -2.52263 -3.84215 
-1.05427 -0.878389 -1.20502 -1.29861 -1.47554 -1.04404 -0.540461 -0.51555 -0.440272 -0.113065 0.274879 0.125897 -0.366973 -0.621919 -0.508289 -0.404976 -0.503671 -0.568907 -0.516148 -0.488442 -0.330932 -0.193685 -0.0904695 -0.017112 0.11195 0.338519 0.542686 0.950362 1.13002 1.65258 1.83823 2.06757 2.29608 1.84798 
-2.25509 -1.1565 -1.34714 -1.22084 -1.50313 -1.12472 -0.926833 -0.51105 -0.852167 -0.98816 -0.030472 -0.479806 -0.526328 -0.0970925 0.113229 0.0294312 -0.0187984 -0.0736588 0.0825649 -0.234544 0.116366 0.774649 1.17808 1.52798 1.24667 1.11584 1.26552 1.80542 1.46163 0.148493 0.00117229 0.550208 1.02506 0.904025 
-0.0276013 -0.69825 -1.14023 -1.43421 -1.4779 -0.989394 -1.51262 -0.59326 0.452613 0.849945 1.24315 1.09241 0.459973 -0.351262 -0.966073 -0.918015 -0.431963 0.346353 0.198151 0.339931 0.389742 -0.146787 -0.411459 -0.307796 -0.833371 -0.698066 -0.527526 -0.0798659 -0.0724852 0.744873 1.52093 1.7712 1.69122 2.51763 
0.122101 0.414735 0.288901 0.800121 0.109964 -0.098826 -0.729667 0.0618894 0.76147 0.946869 0.447798 0.278433 -0.0298251 0.701788 1.23737 1.51813 1.44236 1.56428 1.33533 0.269654 -1.64214 -1.79843 -1.62619 -2.31466 -1.33845 -0.90209 -0.494699 -1.03362 -0.885515 -0.285684 0.0942364 0.383607 -0.035122 0.435877 
-1.77829 -1.80108 -1.56574 -1.48652 -1.50043 -1.09422 -0.585041 -0.206825 -0.0192057 0.510864 0.244469 0.0367528 -0.35199 -0.655755 -0.817394 -0.983063 -1.01907 -0.579763 -0.214157 0.196189 0.579567 0.786338 0.854713 0.817666 0.857316 1.30666 1.21723 0.910302 0.776459 1.01862 1.29973 1.42879 0.883805 0.933067 
1.38503 1.05321 1.87129 1.79892 1.33571 0.888965 0.563358 0.655635 0.323579 0.359967 0.627291 0.567699 0.758916 0.309869 -0.0146236 -0.401043 -1.09114 -2.06162 -2.08764 -1.47432 -1.2466 -1.14575 -0.752657 -0.417932 0.172841 0.660334 0.0703506 0.19121 0.12229 -0.543399 -0.3954 -0.939365 -0.709195 -0.435787 
-0.311322 -0.0626179 -0.337925 -0.539269 -0.627714 -1.13645 -1.00377 -0.844966 -0.0317462 -0.24449 -0.230235 -0.904729 -1.52081 -1.55337 -1.64879 -1.53481 -1.3941 -0.866141 0.204952 0.721236 0.705916 0.682392 0.702126 1.15378 1.35059 1.36278 1.22995 1.25374 1.14153 1.03607 1.0263 0.558019 1.28986 0.374019 
1.77425 0.888536 1.45687 1.31449 1.87456 0.73985 -0.153511 -0.169936 0.434794 0.84563 -0.252693 -0.827145 -0.443594 -0.580243 0.102719 0.840649 1.30319 0.638648 -0.740549 -0.636083 -0.173581 -1.18632 -1.43387 -1.27208 -1.76091 -1.55424 -0.943244 -1.05961 -1.17907 0.114504 0.383663 0.467882 0.487245 0.6992 
0.258488 0.780984 0.36339 0.549528 1.20775 1.26804 1.48299 1.35876 1.45429 1.68593 0.874952 0.88534 0.440181 0.457643 -0.177878 -0.876766 -1.63893 -2.43385 -1.99859 -0.713059 -0.601159 -0.711185 -0.791358 -0.801267 -0.39252 -0.655152 0.0154372 0.594782 0.0788735 -0.603754 -0.300007 -0.502192 -0.20217 -0.35752 
0.427034 0.672972 -0.599844 -0.5105 -0.907161 -1.59265 -0.766562 0.101225 0.458612 -0.665168 -1.57836 -1.94248 -2.35553 -1.4441 0.257146 1.17795 1.42961 1.69241 1.23542 0.783472 0.715397 0.992199 -0.309119 -0.556276 -0.0287673 0.483903 -0.284336 0.00889819 -0.0716917 0.177733 0.429027 0.740167 0.72115 1.10823 
0.0144143 -0.252842 0.358327 0.375445 0.0428017 0.869002 0.727534 0.906763 0.865878 0.373978 1.28935 1.47457 1.25372 1.10792 1.1129 1.26751 1.02969 0.290598 -0.761999 -2.28272 -1.95176 -1.44569 -1.15908 -0.954603 -1.24061 -0.861633 -0.932852 -0.946461 0.115637 -0.867353 0.343939 -0.144713 -0.277429 0.259773 
0.219838 0.219838 1.41262 0.869019 -0.139214 -0.817605 -1.56518 -2.0757 -1.33557 -0.512454 0.879173 2.43746 2.43367 1.60812 0.932761 0.413591 -0.14714 -0.788069 -1.06377 -0.543296 0.179427 0.255669 0.208263 0.268631 -0.0229978 -0.00949873 0.0617249 -0.339182 -0.863216 -0.876282 -0.492883 -0.386349 -0.210712 -0.210712 
-0.0970743 -0.0970743 -1.04153 0.860624 1.948 2.01245 0.623078 -1.11904 -0.335917 -0.00518554 0.0911541 0.499053 0.540936 0.523851 -0.160861 0.248447 0.759291 0.708 0.616985 0.349297 0.386111 0.00639068 -0.0381724 0.26214 0.00980999 0.218427 0.0379972 -0.218196 0.372418 0.0679875 -0.717998 -2.01175 -2.64982 -2.64982 
-0.808506 -0.808506 -1.4924 -1.11247 0.220124 1.94714 0.915282 -0.171676 0.595505 1.389 0.180507 -2.05486 -2.32378 -0.784577 0.124627 -0.41422 -0.841969 -0.457603 -0.221731 0.0441113 0.322108 0.184316 0.0221761 0.0877712 0.476597 0.667201 1.12682 1.06462 1.35617 1.37138 0.627246 0.736011 -0.983212 -0.983212 
1.14145 1.14145 -0.41345 -0.560012 -0.156842 0.611079 0.670852 -0.191145 -1.07356 1.00352 0.502421 -1.10354 0.301492 0.712243 -0.108212 -0.521694 -0.475416 -0.148449 -0.567843 -0.256497 1.30337 1.38737 0.894187 -0.200859 -0.969646 -0.28041 0.792238 0.00307119 -2.96035 -2.64615 0.331881 1.32688 0.255281 0.255281 
-1.45599 -1.45599 -1.01619 -0.551157 0.362476 -0.197427 0.305638 2.13772 1.5282 0.766147 0.126212 -1.07133 -1.84252 -1.82194 -0.818629 0.46674 1.31939 0.578833 -0.164386 0.0668142 -0.72518 -1.09237 -0.344882 -0.649513 -0.612568 0.200217 0.564923 0.374417 0.806077 1.70359 1.04145 0.0419419 0.714646 0.714646 
0.178125 0.178125 0.415017 -0.196569 -0.97688 -0.912597 0.17153 1.61338 0.956453 -0.342589 -0.727064 -0.52027 0.456167 1.37068 0.882072 0.219511 0.0473686 -0.118642 -1.4057 -3.22948 -2.24393 0.0146434 -0.562112 0.30919 1.52823 0.911774 -0.145194 -0.426193 0.807934 1.05916 0.7227 -0.142838 0.054003 0.054003 
0.127551 0.127551 0.336844 -0.174558 0.496334 1.56959 1.51216 0.852397 1.16396 0.232443 -1.2813 -1.53233 -1.72939 -1.26344 -0.980099 -0.722337 0.518918 1.34292 1.2835 1.31997 0.902283 0.255977 -0.244274 -0.303208 0.694744 0.429909 -1.12178 -1.2129 -0.0863161 0.765069 0.533029 -1.16192 -1.32565 -1.32565 
0.841965 0.841965 1.23029 -0.687452 -1.2478 -1.04184 -0.235067 -0.244721 -0.328372 0.56874 0.425083 0.311173 -0.271737 -1.04362 -0.94988 -1.49708 -2.37128 -1.37733 0.993204 1.37297 0.605941 0.853468 1.20351 1.49939 1.72804 -0.0392363 -0.587988 0.191904 -0.985347 -0.660678 -0.47849 -0.355503 0.867886 0.867886 
-0.13511 -0.13511 -0.891929 -0.577696 -1.09461 -0.722768 0.399793 1.54422 0.919411 -0.424161 -1.20066 -2.26065 -1.18116 -0.305593 -0.0591541 0.337921 1.03408 2.59866 2.57902 0.752067 -0.155694 -0.0967476 0.702323 1.00011 0.261101 -0.293241 -0.273753 -0.239064 -0.456409 -0.284155 -0.894283 0.352838 -0.399796 -0.399796 
-0.297107 -0.297107 0.516549 0.507513 -0.5787 -2.16965 -0.945559 0.694265 1.16195 -0.702229 -1.78073 -0.158661 0.320562 0.6483 1.60562 1.36435 -0.170812 -2.1868 -1.34503 0.670909 -0.551996 -1.32922 -0.0435698 -0.307685 -0.258552 0.945329 0.591725 -0.207839 1.33549 1.76088 0.437111 0.163682 0.303504 0.303504 
0.194941 0.194941 -0.258529 1.19187 1.02219 0.424585 0.175826 0.0148171 0.494589 -0.727533 -1.02582 -0.532635 -0.523097 -0.779739 -1.74551 -1.91625 -2.04571 -0.431367 2.37344 1.9375 0.05604 -0.202908 -0.0679327 0.591219 0.250504 0.603513 1.73865 0.139038 -1.56232 -0.457284 0.190437 0.185417 0.248558 0.248558 
-0.948938 -0.948938 -1.09335 -0.285332 -0.999913 0.127751 1.56024 1.12799 -0.70871 -1.88048 -1.1799 -0.718649 0.457712 2.40759 2.41623 1.07937 0.472544 -0.181002 -0.840169 -0.481496 0.190582 -0.946759 -1.42997 0.256636 0.957377 -0.237608 -0.43998 0.194194 0.153792 0.459867 0.516784 0.267493 0.337524 0.337524 
0.409458 0.409458 0.778629 -0.446615 0.603724 0.851904 0.0120164 0.142592 -0.728659 0.512738 1.39177 -0.083255 -0.512996 -0.219813 0.170179 -0.145037 -1.30522 -2.36294 -3.37766 -1.58153 1.04962 0.992034 0.600518 -0.142846 0.0836866 0.362524 -0.147126 1.32413 0.0656921 0.259374 0.901116 -0.843656 0.488093 0.488093 
1.03644 1.03644 0.558106 -1.37864 -1.49724 -1.26788 -1.12017 0.188911 1.36242 1.93569 2.5826 1.35473 -0.742892 -1.33383 -1.06424 -0.963369 -1.07051 -0.819698 0.202254 1.0808 0.689905 0.012244 -0.00172382 -0.216624 -0.257865 0.0614207 -0.303229 -0.827015 -0.485741 0.312738 0.417979 0.235162 0.141419 0.141419 
-0.690912 -0.690912 1.06666 2.94405 1.24603 -1.04246 -2.71171 -0.704349 1.21094 0.576366 0.647668 0.59735 0.204669 -0.4667 -0.0727158 1.03197 0.606379 0.0502652 -0.149684 -0.0315709 -0.135088 -0.210279 0.418066 0.226091 0.141364 0.2078 -0.221681 0.490758 0.446187 -0.825782 -1.73991 -1.60324 -0.407816 -0.407816 
-0.449567 -0.449567 -0.166279 1.33728 2.34171 0.578698 -1.51949 -0.178073 1.22406 -0.249072 -2.50749 -1.80692 1.00753 1.88598 0.336515 -0.660363 0.0280158 0.522835 0.434459 0.465869 0.164905 -0.163275 -0.011623 0.399195 0.492406 0.545194 0.356692 0.231373 0.289097 -0.483146 -0.413389 -1.14045 -1.22155 -1.22155 
-0.852708 -0.852708 -0.940377 0.230885 0.777903 0.572493 -0.402478 -0.966066 0.792006 1.02009 -1.18299 -0.0427994 1.16354 -0.167683 -0.660715 -0.142261 0.300654 0.0221027 0.0127591 1.1967 1.0607 -0.167374 -0.87264 -1.0375 0.0298045 1.1313 0.24696 -2.1673 -1.5073 2.04671 2.45394 0.0315703 -0.563608 -0.563608 
0.241506 0.241506 0.643479 1.05306 0.167108 -0.187783 1.87983 0.91812 -1.32423 -1.35052 -1.72696 -1.84041 -0.787476 0.746389 1.83967 1.70943 -0.0417609 -1.42122 -0.581239 -0.6234 -1.14064 0.190074 0.24415 -0.370039 0.595848 0.879162 0.0119241 0.0697993 1.01027 0.0648023 -1.57497 -0.421141 0.442828 0.442828 
0.164464 0.164464 -0.270144 -0.992996 -0.512705 0.812214 1.79115 0.55391 -1.39384 -1.20023 -0.130142 0.836958 1.33988 0.298783 -0.82193 -0.597039 -0.244178 -1.03647 -2.21452 -0.599547 2.30149 1.19127 0.205436 1.48158 0.424335 -1.19306 -0.954672 0.673441 1.05166 -0.0644465 -0.85805 -0.479071 0.136003 0.136003 
0.250482 0.250482 -0.186061 0.207969 1.56067 0.938954 -0.540388 -0.225403 -0.457379 -2.0155 -1.43462 -0.310675 0.301357 0.711438 0.533717 1.35142 1.83477 0.724487 0.0522295 -0.253589 -0.836416 -0.906897 -0.405506 0.873389 0.697629 -1.47879 -1.33051 0.955715 1.76026 0.60051 -1.57309 -1.51478 -0.0679383 -0.0679383 
0.273037 0.273037 -1.26973 -2.03291 -0.324455 0.775347 0.601895 -0.114421 0.615042 0.566769 -0.246566 -0.599931 -1.12925 -0.584905 -0.404161 -1.18283 0.0569766 2.66725 2.17316 -0.350902 -0.457281 0.441367 0.48026 0.382602 -1.27713 -1.90253 0.146584 -0.359023 -0.725235 0.368388 0.206143 1.04375 0.944815 0.944815 
-0.552118 -0.552118 -0.303151 -0.113077 -0.06743 1.23153 1.84365 0.459204 -1.51204 -1.63222 -1.40755 0.0629633 1.59651 0.936474 0.557367 0.913681 1.8387 1.27157 -1.41555 -2.11921 -0.625006 0.727319 0.91655 -0.30207 -0.977211 -0.376254 0.0904352 -0.0972078 0.011785 -0.299418 0.552201 0.439293 -0.548802 -0.548802 
0.470623 0.470623 0.464955 -0.726759 -1.71903 -0.269868 1.75667 1.28221 -0.915719 -1.88558 0.301207 1.27831 0.466424 0.766317 0.409398 -1.15404 -2.26725 -0.776294 1.75278 0.457689 -1.29436 0.279164 0.601019 -0.174602 0.746216 0.493595 -0.763089 0.426786 1.19515 -0.603273 -1.04162 -0.123559 0.047953 0.047953 
-0.314928 -0.314928 0.711189 0.911969 -0.536941 -0.592893 -0.284009 0.231407 -0.519303 -1.06976 0.143776 0.361552 -0.168929 -0.858932 -0.79816 -0.206493 1.05641 3.13232 1.6818 -1.63361 -1.50839 -0.0818167 0.567714 0.231176 0.0145881 1.05871 -0.322713 -2.32946 -0.415991 1.24592 0.460585 0.0470097 0.0505615 0.0505615 
-0.15757 -0.15757 0.42673 0.0144294 0.24557 1.79817 0.670154 -1.69387 -2.22864 -0.393867 0.787009 1.13105 2.20752 1.36311 -1.01361 -1.45867 -0.964546 -1.00239 -0.270434 0.692221 -0.389583 -1.225 0.817064 1.67321 -0.41054 -1.0636 0.259107 0.376231 0.138975 0.209349 -0.19225 -0.182767 -0.00249841 -0.00249841 
0.231036 0.231036 -0.668993 -0.168627 0.913709 -0.474797 -0.561187 -0.584225 0.231752 1.51746 -0.477945 -1.43934 -0.140458 0.461694 0.0147822 -1.12393 -1.66936 -1.5625 0.533859 3.212 1.85032 -0.370044 -0.873797 -0.419796 0.331084 -0.209695 0.666221 0.116184 -0.822285 0.573532 -0.8504 -0.343541 0.938118 0.938118 
