48
-1.07674 -0.487011 -0.392625 0.704461 1.22058 0.940459 0.691351 0.949476 0.988655 1.16169 1.33633 1.44042 1.3407 1.02081 0.277093 -0.444546 -0.578263 -0.803564 -1.00686 -1.02258 -0.725942 0.160439 1.04586 1.28959 1.36624 1.29964 1.17025 1.10869 0.911554 0.684152 0.33936 -0.0504092 -0.335066 -0.292104 -0.41045 -0.482764 -0.424034 -0.893669 -0.512671 -1.05462 -0.72422 -1.06169 -0.898395 -1.08002 -1.33527 -1.61087 -1.78414 -1.95928 
-4.73676 -3.58741 -1.93035 -0.176611 0.0498972 0.211968 0.759876 0.793061 0.942114 0.793253 0.484933 0.345421 0.735985 0.749322 0.739228 0.804138 0.215843 0.242739 -0.29049 -0.298519 -0.459491 -0.00817199 0.124847 0.104379 0.027759 -0.0510735 0.227627 0.516924 0.471584 0.497424 0.424371 0.156407 -0.181119 0.412316 0.394289 0.173125 0.101646 0.0702476 0.113647 -0.0358116 0.320824 0.100359 0.174639 0.111317 0.126247 -0.0930294 -0.0349205 -0.634002 
1.91638 1.68513 2.04721 0.396399 -0.784162 -1.32497 -1.27045 -1.75214 -1.76321 -1.63232 -1.54618 -1.49571 -1.28736 -0.827552 -0.560829 -0.0653976 0.448926 0.700703 0.91146 1.09339 1.05937 0.433392 -0.199519 -0.412796 -0.472364 -0.505793 -0.450426 -0.664026 -0.387223 -0.236749 -0.029573 0.00866557 -0.0611441 -0.262984 -0.237064 -0.213496 -0.348782 0.399284 -0.215574 0.236838 0.228126 0.479048 0.451171 0.602531 1.06018 1.54988 1.84682 1.45288 
-1.04312 -1.06468 -0.702056 0.265854 0.0579353 0.0285184 -0.810992 0.170715 0.269057 0.585742 0.134256 -0.123154 -0.500804 -0.417592 -0.139175 -0.896371 -2.02082 -2.12023 -1.3363 -1.03823 0.103462 1.22932 1.12883 0.854057 0.785223 1.16179 1.48831 1.72043 1.87777 1.18451 0.693248 0.382322 1.0823 1.16521 1.17663 0.755796 0.90742 0.126864 -0.0303696 -0.448275 0.0533915 -0.277104 -0.313806 -0.471342 -0.970153 -1.65238 -1.38856 -1.62345 
1.11108 0.720648 1.26664 0.813393 0.359985 0.194321 0.0156173 -0.402981 -0.722563 -0.898109 -0.863045 -1.03323 -1.26356 -1.15087 -0.642996 -0.104264 0.472649 0.216936 0.708543 0.558136 0.186524 -0.832129 -1.65179 -1.67917 -1.9456 -1.90302 -1.69469 -1.78809 -1.49164 -0.79047 -0.00424618 0.578653 0.869397 0.784965 0.895885 0.795034 0.820816 1.0064 0.676813 0.767025 0.517961 0.871392 0.745591 0.940566 1.1769 0.822866 0.72159 1.24615 
0.599244 -0.0432079 0.847492 0.221605 -1.74795 -1.66513 -0.516582 -0.705733 -0.735824 -0.569862 -1.09778 -1.5521 -1.67844 -1.88329 -0.870532 1.05622 0.709066 -0.327747 -0.365089 0.447797 0.0677447 -0.570031 -0.89635 -0.872998 -1.03842 -0.540286 -0.906954 -0.156641 -0.32397 -0.333272 -0.59156 -0.0586174 0.939405 -0.211209 0.0229968 0.517253 0.723615 1.12703 1.03396 1.13222 0.819422 1.494 1.52082 1.71296 1.08633 1.4384 0.903953 1.83806 
-1.69138 -2.00914 -1.406 -1.73942 -1.22047 -1.11614 -1.17937 -0.749075 -0.534775 0.160099 0.725165 1.04341 1.02805 0.897341 0.969121 1.28212 0.945426 0.404559 0.712416 1.06738 1.84384 1.71291 1.55986 1.50778 1.3893 1.44178 1.12021 0.466032 -0.335728 -0.28819 -0.378885 -0.509666 -0.239382 -0.149974 -0.0450617 -0.303162 -0.137421 -0.414356 -0.433062 -0.294413 -0.671853 -0.496832 -0.524956 -0.773983 -0.913492 -0.76837 -0.728316 -0.223916 
1.42113 1.62532 1.3817 -0.343955 -0.616516 -0.331227 0.340319 0.38511 0.724295 -0.232917 -0.247676 -0.430781 -1.32256 -1.26663 -0.556854 -0.250205 -1.19826 -0.483564 0.538912 -0.566778 0.0651786 -0.533362 -1.28558 -1.81708 -1.68846 -1.46498 -1.64641 -1.28107 -1.25775 -1.06305 -0.543454 0.0468896 0.598369 0.439855 0.437714 0.542767 0.681336 0.572748 0.213032 0.785308 0.764503 0.872347 0.971149 1.33133 1.44429 1.08694 1.18327 1.97531 
-1.13522 -0.793875 -1.27277 0.210845 1.21886 2.20222 1.65325 1.64936 1.23829 1.1637 1.27089 1.68097 1.47954 0.679485 -0.981004 -1.20114 -1.50733 -0.643077 -0.578039 -0.349145 -1.18411 -1.94864 -1.33184 -0.486978 -0.191368 -0.0339022 0.399853 0.172682 0.185281 -0.489179 -1.17838 -1.78491 -0.506031 0.0795528 0.0734333 0.303273 0.747504 -0.261605 -0.186022 0.00576514 0.541554 0.49893 0.650159 0.912019 0.427776 -0.723033 -0.162132 -0.515445 
-0.223814 0.1665 0.343033 0.161948 0.935082 1.01675 0.748587 0.938643 0.614896 0.36279 0.0225234 0.759946 1.37054 0.199295 0.776005 1.78553 1.60197 2.56417 1.97678 1.5589 0.425702 -0.675126 -1.3138 -1.3751 -0.707868 -0.711511 -0.498897 -0.118879 0.30075 0.383485 0.237773 -0.0682206 -0.923256 -0.649693 -0.572747 -0.411715 -0.662979 -0.710357 -0.909869 -0.622224 -0.991025 -1.04548 -1.51272 -1.52872 -1.702 -1.3039 0.219637 -0.231344 
-0.762954 -1.22913 -0.0130781 0.300479 1.15721 1.3484 1.18393 1.30843 0.493447 0.113667 -0.0218748 0.561478 1.22882 -0.19411 -0.0711856 1.17602 1.31791 1.74624 1.02935 0.466339 -1.23358 -2.03914 -0.719832 0.349301 0.78726 1.24013 1.40033 1.26894 1.22522 0.197876 0.139298 0.174385 -0.805585 -1.0847 -1.43624 -0.617228 -1.47681 -0.378747 -1.93563 -0.793027 -0.799825 -0.521685 -0.358921 -0.854143 -1.1235 -1.04251 -0.37476 -0.326244 
-1.54535 -0.661916 -0.862401 0.268236 -0.42453 -0.685377 -1.03336 -0.98487 -0.87369 -1.0672 -1.6075 -1.16648 0.304625 1.12262 0.803167 -0.937532 0.461071 0.163685 -1.26766 -1.09163 0.118537 0.366483 0.852835 0.57572 0.424832 0.159623 0.61994 1.19687 1.6645 2.81144 2.20331 1.42535 0.724127 0.814238 0.933827 0.401527 -0.297479 -0.477235 0.415519 0.0441045 0.543966 -0.02242 0.0728792 -0.804276 -0.339343 -0.502796 -1.2518 -1.5882 
1.05881 1.91357 1.31327 -0.567479 0.140614 -1.17677 -0.963287 -0.789777 -0.235463 -1.28817 -2.02582 -2.68154 -1.4512 -0.37293 -0.259888 -0.88416 -1.11555 -0.660555 -1.47518 0.119532 1.1628 1.61002 1.68987 1.53789 -0.0133632 -0.0379973 -0.280945 -0.536891 -0.0877414 -0.439814 0.303324 -0.212798 -0.6065 -0.290731 0.029349 0.313887 0.102711 1.29088 0.396613 1.04297 1.47803 0.0576734 0.358333 0.813588 0.474163 0.170337 0.740576 0.335735 
1.13529 1.13529 1.93249 2.59515 0.43118 -0.771203 0.0745306 0.527507 0.39381 0.606653 0.49832 0.067224 -0.598967 -1.61085 -2.24211 -1.28363 -0.503754 -0.613078 -0.283777 0.501757 1.91921 2.84434 1.83456 0.56377 0.076161 -0.24759 -0.239675 -0.34612 -0.606705 -0.838711 -1.09383 -0.999346 -0.319407 -0.0580866 -0.239217 0.0390177 -0.585281 -0.0789111 -0.192533 -0.27204 0.0492568 -0.213314 0.0315582 -0.626083 -0.773758 -0.644946 -0.487079 -0.487079 
3.02267 3.02267 3.72538 2.0621 0.211491 0.585177 0.435324 -0.0284195 -0.240082 -0.771864 -0.760993 0.05159 0.229304 -0.236535 -0.176571 -0.848838 -0.893036 -0.829012 -0.869618 -0.436799 0.0972776 0.439096 -0.109444 -0.353188 -0.421047 -0.00792193 0.420098 0.0433408 -0.262978 -0.295199 -0.636801 -0.9443 0.057237 0.428713 -0.51841 -0.580557 -0.359919 -0.226353 -0.363619 0.000577638 -0.081982 -0.410273 -0.227564 -0.29657 -0.477895 -0.427692 -0.869286 -0.869286 
0.194922 0.194922 -1.83345 -4.03768 -2.45163 -0.686869 -0.602401 -0.696101 0.179182 0.318084 0.203181 0.377798 0.962686 1.04609 1.09699 1.45078 1.10263 0.668877 0.569072 0.219319 -0.935069 -1.79081 -1.20111 -0.381882 -0.124903 0.0393238 -0.218117 0.0982859 0.6185 0.519012 0.358642 -0.0371338 -0.380174 -0.243389 0.0786885 -0.151653 0.883559 0.198314 -0.224137 0.641966 0.354062 0.326679 0.184419 0.878176 1.36161 1.13197 -0.13062 -0.13062 
0.444287 0.444287 1.69248 0.97275 -0.285354 -1.08209 0.193417 1.37649 0.537585 -0.156009 -0.880216 -0.787074 -0.357388 0.470225 -0.589928 -2.35961 -1.52983 0.877543 1.37895 1.83027 2.8745 1.30752 -0.459341 -0.419417 0.402232 0.90097 0.718749 0.505325 -0.66201 -1.4802 -0.997897 0.50482 1.00164 0.133037 -0.50243 -0.325566 -0.779343 -1.16896 -0.711484 0.119702 0.229967 -0.449171 -0.230987 -0.813926 -1.47581 -0.513766 0.0505316 0.0505316 
0.220306 0.220306 0.12193 -1.4433 -0.992899 -0.562664 -0.958804 -1.17944 -0.79878 -0.243344 -0.234947 -0.650597 -0.207574 0.948582 1.61584 1.72397 0.47973 0.346125 0.511054 -0.840897 -2.20072 -2.90244 -1.34994 -0.483477 -0.373916 0.369632 0.156682 0.294692 1.53912 2.30619 2.12096 1.34495 0.299795 0.0181586 -0.00755406 -0.140896 0.307706 -0.248857 -0.398223 -0.272115 0.140131 0.333182 0.0850144 0.652177 -0.207664 -0.736417 0.639619 0.639619 
0.207935 0.207935 0.226139 -2.91721 -2.13835 1.28836 0.989465 -0.305824 0.0844367 -0.462665 -1.14434 -0.703011 -0.428847 0.822988 3.16555 1.67105 -1.58582 -1.24535 0.787419 0.410791 -1.18345 -1.1244 -0.397834 -0.22101 0.300758 0.0795908 0.356733 0.575802 -0.258995 -0.358957 0.236955 1.61761 -0.232576 -1.07199 0.735677 0.705078 0.605243 0.276179 -0.0591764 -0.300654 0.332705 0.705935 0.175749 -0.542379 -0.366621 -0.265307 0.374332 0.374332 
0.407328 0.407328 0.377103 0.214435 1.06018 -0.0646198 0.565153 1.10137 1.61254 2.29023 1.56257 0.441159 -0.426236 -0.257871 0.599384 -0.189802 -1.8395 -0.594205 1.13657 2.04192 1.10317 -0.692679 -0.540355 -0.473551 -0.271521 -0.663913 -2.02921 -2.95694 -1.60121 -0.227403 -0.57192 0.125503 0.550915 0.231413 -0.439986 -0.322464 -0.358854 -0.715212 0.0877139 -0.605374 -0.535103 0.139789 -0.679488 -0.894687 -0.133176 0.213744 0.907883 0.907883 
-0.0769792 -0.0769792 -2.57567 -2.61314 -0.009444 1.21295 0.901563 0.471235 -0.826123 -1.2844 -0.282112 -1.41765 -1.10815 0.965487 1.2901 -0.856397 -0.32807 2.22331 -0.133666 -0.639297 0.0173414 -1.77483 -1.68804 -0.547557 0.429965 0.0285089 0.212196 0.47731 0.25636 0.898914 1.41119 1.45247 0.482873 -0.233934 0.107322 0.289508 0.0128946 -0.632267 0.24929 0.688101 0.0867717 0.241633 0.568348 0.586683 -0.342351 -0.363879 1.1243 1.1243 
-0.167457 -0.167457 0.991217 2.49948 1.99203 0.412695 -0.588725 -0.448845 -0.520562 0.00514259 0.49677 0.183716 -1.04379 -2.52379 -1.93555 -0.561805 0.538143 0.914701 0.270224 -0.6427 -1.65039 -0.177782 1.45472 1.12892 0.431653 0.571781 0.181623 -0.245581 -0.699291 -1.41117 -1.34226 0.654079 1.8633 0.559856 0.199004 0.655821 -0.600915 -0.974856 0.243281 0.710094 0.472318 0.0822366 0.391091 -0.253503 -1.68645 -0.626305 0.182641 0.182641 
0.64421 0.64421 -0.0480444 0.67474 0.993068 -0.268469 -0.137157 -0.204496 -0.740177 -0.760191 0.438627 1.59059 -0.72176 -0.762805 1.8792 0.958132 0.900797 0.411557 -1.26043 -1.92167 -2.74906 -2.14995 -0.890545 0.691562 0.761406 0.210641 0.675447 0.926247 0.566088 -0.118826 -0.589773 -1.44912 -0.746985 0.382115 0.245782 -0.151846 -0.404336 -0.341638 0.064245 -0.140849 -0.555306 -0.67456 -0.627976 -0.271852 0.229844 2.28555 1.25687 1.25687 
0.682336 0.682336 1.4507 1.09662 0.976038 -0.0302723 -0.0959984 -0.737023 -1.23394 -0.564412 0.384676 1.17585 -0.801174 -1.33765 1.29355 1.31224 0.505294 -0.340959 -1.31784 -2.28654 -2.52555 0.449656 2.29701 1.42851 0.821235 0.547528 -0.0282168 -0.229167 -1.11205 -1.12669 -0.0797534 -0.987709 -1.29733 -0.678063 0.404052 -0.0965871 0.178398 -0.508732 -0.464843 1.06264 0.210781 0.37787 -0.384214 -0.810032 -0.242227 0.681215 0.649219 0.649219 
0.717144 0.717144 0.96878 0.467674 -0.948756 -0.597794 -0.282909 0.184488 -0.0618555 -0.725008 -0.0790999 1.96835 2.35208 0.529433 -2.07513 -0.326276 1.14291 -1.73777 -1.25587 1.433 1.50621 0.769415 0.234942 -0.413723 -0.401604 0.220559 1.0778 1.08524 1.66547 0.570425 -1.38899 -1.48375 -0.600118 0.235412 -0.398157 -1.23143 -0.872563 0.747733 0.552639 0.152703 -0.045764 -0.457579 -0.77392 -0.397659 0.328838 -0.906858 -1.08291 -1.08291 
0.285857 0.285857 -2.45581 -1.14447 -0.579833 -1.07556 0.418683 0.760285 -0.468686 -1.76356 -1.36568 0.606735 2.34462 1.22482 -0.481556 -0.826766 0.254931 -0.329613 0.812666 2.67473 1.52467 0.559082 -0.0414658 -1.67624 -1.54861 -0.237361 -0.469192 0.224462 0.128119 0.422769 0.25835 -0.881048 -0.0472851 0.668103 0.636802 0.104351 1.01002 0.325387 -0.217647 1.11467 -0.956689 -1.09139 0.788439 0.146914 -0.613875 0.297835 0.196593 0.196593 
0.791303 0.791303 1.41193 -1.3614 -3.10813 -0.28935 1.261 0.343701 0.118801 0.142556 -0.460534 -0.983004 -1.52695 -1.49423 0.351133 1.67275 0.672695 0.250698 1.08879 2.10792 2.23866 -0.0346065 -2.09123 -1.60218 -0.715215 -0.251125 -0.0476043 -0.299072 -0.416667 -0.411552 -0.105769 0.769976 0.926225 0.119779 0.13562 -0.279436 -0.0657723 0.412509 -0.136202 0.271127 0.0996756 0.0280997 -0.341909 -0.709555 0.0270094 0.313169 0.192528 0.192528 
1.0907 1.0907 -1.02016 -4.26055 -1.67544 0.482963 -0.579811 -0.658253 -0.744599 -0.462184 1.24393 1.45567 -0.166758 -0.316194 -0.578169 -0.710361 0.224059 0.228618 0.69665 1.42598 1.31049 -0.0634504 -0.806581 -0.196554 0.637071 1.26639 0.263955 -0.667986 -0.230739 -0.275517 -0.624869 1.07969 1.94137 -0.531649 -1.08196 0.400037 0.648415 0.194202 0.486893 0.55632 -0.322508 0.0141409 0.343197 -0.118794 0.0324919 -0.297812 -0.361524 -0.361524 
-1.63755 -1.63755 -3.49216 -0.451023 2.88843 1.62501 0.0613323 0.726714 0.922423 0.0892921 0.119342 0.708138 0.631389 0.182105 0.409607 0.0738446 -0.588787 -0.379832 -0.309152 -1.19647 -1.62219 -0.154747 1.25455 0.97461 0.423497 -0.00932892 0.11871 0.773018 0.423093 -0.149541 -0.398834 -0.552531 -0.104441 0.455181 0.146285 0.746308 0.363557 -0.862902 0.442383 0.555589 -0.196179 -0.0736364 0.533123 1.05958 0.282639 -1.18645 -0.993228 -0.993228 
0.850574 0.850574 0.351583 -1.38605 -1.43944 0.317131 1.68975 0.223809 -1.0773 -0.997776 -0.452326 0.347676 0.85689 -0.176027 -1.97675 -0.666445 2.22954 2.00188 0.645725 1.02206 -0.377227 -2.32618 -1.2121 0.58253 0.900628 0.204639 -0.289108 -0.972095 -1.39138 -0.247678 1.36142 1.37149 -0.272564 -1.05758 -0.332757 -0.206791 -0.599536 0.0322425 0.878634 0.63791 -0.409208 -0.334387 -0.267692 -0.877846 0.193298 1.04342 0.376427 0.376427 
-0.12823 -0.12823 -1.53705 -1.04311 0.752949 -0.00899635 -0.59483 0.10435 0.802874 0.467808 -0.406241 -0.0150458 1.3997 1.60153 0.658221 -1.06227 -1.27984 -0.0114897 -1.10809 -2.48048 -1.89522 0.726082 2.13756 0.83881 0.728177 0.437893 -0.107135 1.20461 1.77081 0.484013 -0.904869 -1.67886 -1.23389 -0.31632 -0.182845 0.244073 -0.136856 -0.675071 -0.0606172 0.444874 0.505128 -0.0892921 0.247435 -0.303116 -1.28952 0.722933 1.19885 1.19885 
-0.00143841 -0.00143841 -1.85878 -1.40932 2.47279 1.83597 -0.954168 -0.546958 -0.104869 -0.738253 -0.15421 0.410575 0.889488 2.11167 0.48891 -2.81969 -1.73544 1.39011 0.966386 -1.17674 -0.919306 0.452009 0.521599 0.40059 0.165424 0.0208795 0.281007 -0.376016 -0.564525 0.280852 1.15572 -0.289632 -1.60142 0.559927 1.03784 -0.0892656 -0.265623 -0.404787 -0.353034 0.21936 0.582579 -0.104937 -0.749799 -0.33267 0.151522 0.42562 0.365755 0.365755 
-0.0526198 -0.0526198 -0.184484 0.525603 -0.254329 -0.429403 0.917063 0.820921 0.935608 -0.0686225 -1.52703 -1.64031 -0.594774 0.803279 0.0270601 -2.00515 -0.355941 2.38438 2.1088 -0.0551974 -2.24487 -1.36041 0.149512 0.189806 -0.182432 -1.45295 -1.88692 0.318832 2.18452 0.806251 0.257957 0.882085 0.0577344 -0.831373 -0.477108 0.037649 -0.346492 0.333882 0.0609182 -0.532993 0.575932 -0.145162 -0.866696 0.414737 0.870408 0.815795 0.534571 0.534571 
-1.63806 -1.63806 -1.66235 1.64424 2.4607 0.571582 -0.499462 -1.13842 -1.15653 0.333751 -0.105147 -0.554104 1.52559 1.53539 -1.19946 -1.06745 1.977 0.107189 -1.8739 0.0790661 -0.754676 -1.12396 0.77654 1.35378 0.354524 -0.159919 0.27205 0.00982632 0.254426 0.729589 0.339935 -0.620386 -1.11166 -0.262169 0.320421 -0.0799879 -0.616149 0.134401 0.836868 -0.124114 -0.308126 0.29329 0.204814 -0.608971 -0.634804 0.931668 0.94562 0.94562 
0.746151 0.746151 1.76636 0.639374 -1.44913 -1.78326 -0.620354 0.0085116 0.26949 0.650545 0.0831948 -1.07965 -1.869 -0.640797 1.28953 1.63565 0.961138 -0.218819 -1.09105 -1.33673 0.276883 2.06275 0.846281 -0.729614 -0.414454 -0.206719 -0.590471 -0.633459 -0.826019 -0.472508 1.35937 2.13069 -0.101329 -1.16335 0.0273175 -0.578673 -1.14061 0.533433 1.10213 0.11733 -0.462288 -0.0925378 -0.264694 -1.44288 -0.289765 1.22669 0.509589 0.509589 
-0.52963 -0.52963 0.031731 0.816614 -0.724538 -0.869787 0.0577043 -0.460326 -0.42357 0.923555 1.83379 -0.893213 -1.81978 2.0281 1.34461 -0.751876 -0.416487 -1.67053 -1.80412 -1.14815 -0.169274 1.45146 2.21492 1.29103 -0.365495 -0.0587428 0.563805 -0.0769161 -0.803652 -0.889697 -1.02517 -0.114082 1.43028 0.779066 -0.40669 -0.496904 -0.139385 0.371949 0.163965 -0.473164 -0.406495 -0.0484215 0.320788 0.674257 1.99426 0.805677 -0.790915 -0.790915 
0.53005 0.53005 0.281269 -0.343312 -0.801571 -0.763029 -0.506377 -0.809336 0.111468 1.12744 1.21291 -0.842995 -1.77581 1.46196 1.85202 -0.563641 -1.17135 -1.29075 -1.37679 -0.858355 1.91266 3.37855 0.677939 -1.0467 -0.628793 -0.606639 -0.55552 -0.771316 -0.640413 0.715488 0.0878378 -0.865286 0.20775 1.18559 0.39874 -0.168355 -0.299385 -0.461755 1.09425 0.464888 -0.490933 -0.427857 -0.844437 0.0899518 1.03795 0.616527 -0.0322892 -0.0322892 
0.206487 0.206487 -0.111826 -1.17142 -0.630166 0.469603 0.543565 0.187061 -0.531089 0.0356888 1.75752 1.59098 -0.86739 -2.76562 -0.496922 2.09081 -0.849966 -1.47712 2.06078 1.80117 -0.374879 -0.760894 -0.704912 -0.357705 0.449552 0.986392 0.595904 0.419941 -0.280376 -1.89361 -1.25821 0.547748 1.13869 0.174933 -0.885126 -0.254711 1.30385 0.951962 -0.331333 -0.333476 -0.341022 -0.415898 0.0847052 0.747138 -0.276812 -0.85013 -0.0651886 -0.0651886 
-1.72488 -1.72488 -0.880485 1.24851 0.0849065 0.683496 1.22267 -0.530861 -1.58462 -0.537061 1.56681 2.42967 0.438529 -1.7793 -1.28052 0.514771 0.360658 0.399668 1.97509 0.499004 -1.32178 -0.967931 -1.39883 -0.92995 0.967055 0.735593 0.337909 0.425153 0.168226 0.124391 -0.799021 -0.156272 1.03806 0.48103 -0.322479 0.280853 0.182862 -0.749985 0.548767 -0.435351 -1.37999 1.16425 0.8379 -0.862445 0.137714 0.562409 -0.0246593 -0.0246593 
