24
0.908547 1.00531 0.948102 0.892562 0.686376 0.227487 -0.0791955 -0.362855 0.0700561 0.484579 0.812678 1.07896 1.08897 0.990616 0.723 0.250041 -0.405152 -0.827241 -0.655156 -1.08195 -1.41614 -1.63246 -1.83546 -1.87168 
0.67806 0.296218 0.652074 0.949915 1.53714 1.24201 0.250262 -0.318286 -0.367846 0.522573 0.771941 0.247281 0.0225401 0.115042 0.133411 0.654324 0.389841 -0.180268 0.505452 -0.511637 -1.38099 -1.91581 -2.01369 -2.27956 
-0.115539 -0.436899 -0.593354 -0.486732 -0.549088 -0.0844584 -0.948493 -0.38387 0.117388 -0.747457 -0.908986 -0.88979 -0.800594 -0.756064 -1.09723 -0.765805 -0.129911 0.371757 1.01529 1.07337 1.31016 1.46268 2.29484 2.04878 
-1.84428 -0.838281 -0.67248 -0.886722 -1.32134 -0.412501 0.421044 1.59205 1.09176 1.80417 1.36536 0.8233 0.873104 0.861643 0.71029 0.306422 -0.90986 0.0367292 0.186544 -0.955081 -0.708036 -1.27235 -0.193933 -0.0575475 
1.10945 0.211958 -0.108879 -0.266075 0.212741 0.72762 0.826638 1.57772 0.721419 -1.01377 -1.75482 -1.27581 -0.983802 -1.2188 -1.37563 -0.951572 -1.14837 -0.289178 0.778449 0.104145 0.888844 0.814761 1.24929 1.16366 
-1.02995 -1.36789 -1.2851 -1.53438 -0.842453 -0.540049 0.260806 1.31973 -0.210172 -1.15134 -1.28574 -0.876787 -0.126331 -0.235173 0.0410486 0.811421 0.533472 1.21126 0.831548 0.776869 1.33706 0.990673 0.961734 1.40973 
-1.5298 -1.2763 -1.25501 -0.837921 -0.568082 0.670547 1.35401 1.87028 1.33576 1.44031 1.16459 1.16495 0.79753 0.291491 -0.351727 -0.116587 -0.65723 0.246298 -0.628673 -1.04696 -0.477958 -0.490349 -0.834673 -0.2645 
1.2724 1.25095 0.896301 1.42147 0.486793 0.419854 1.02577 1.02469 1.51165 -0.0573476 -0.578619 -0.422004 -0.344866 -0.186506 -0.0181168 -1.3415 -1.42536 -1.33611 -0.677633 -1.73918 -1.12857 -0.84957 0.164109 0.631394 
-0.482467 -1.24408 -1.08438 -1.33676 -1.32792 -1.18858 -0.122311 -0.648172 -1.50974 -0.424987 -0.0509611 0.51321 -0.181608 -0.201426 0.585632 0.774018 1.37201 1.61947 1.89529 0.644341 -0.0497259 0.340221 0.897075 1.21187 
1.79482 1.70068 2.01621 1.05358 -0.35296 -1.63235 1.11716 -0.491343 -0.793779 -1.50119 -1.42794 -0.586211 -0.106549 0.147314 0.186778 -0.78342 0.199808 0.639043 -0.6226 0.074232 -0.0705349 0.316719 -0.715203 -0.162269 
-0.332026 -0.394322 -0.402942 -0.51917 -0.374077 -1.05244 -1.1466 -1.05518 -2.39542 -0.952157 -0.224419 0.252757 0.363126 1.06638 1.41103 1.07565 1.67973 1.55133 -0.192176 0.513853 0.17398 1.33615 -0.06356 -0.319506 
1.18728 0.940171 0.895992 -0.0387701 -0.219192 -0.664121 -1.01034 -1.7011 -1.85388 -0.106047 0.524813 -0.45821 -0.175493 0.887215 1.30532 1.40582 1.04548 0.3345 0.406223 -0.634666 0.484133 0.531387 -1.6271 -1.45942 
-1.39152 -1.96876 -2.23197 -0.341153 -0.622054 0.23108 0.180409 -0.0528892 0.922969 1.31032 1.30687 1.13272 0.902771 0.376249 0.257396 -0.251694 0.134799 -0.28985 -0.205012 -1.43667 0.478546 1.55345 0.244393 -0.240407 
0.543551 0.543551 0.250069 -0.0369936 -0.814215 -1.00786 -0.670211 0.754929 2.10027 1.89831 1.61266 0.999721 0.297102 -0.237859 -0.959699 -1.70653 -1.60851 -0.0144064 -0.0234657 -0.999027 -0.59346 -0.340657 0.00636633 0.00636633 
0.264317 0.264317 1.12089 1.41248 0.665182 -1.32473 -1.66931 -0.481908 1.35676 1.73349 -0.0498717 -0.647371 0.130411 0.436792 0.976701 0.620235 -0.754733 0.442765 -0.120543 -2.08034 -1.47255 -0.500291 -0.161351 -0.161351 
-1.14826 -1.14826 -0.432229 -0.274797 0.324169 -1.01708 -0.849785 1.43442 -0.957154 -2.06603 -0.586986 -0.167509 -0.125124 -0.84514 -0.365152 1.26952 1.55434 1.56713 0.824983 0.144462 0.302478 1.29856 0.631723 0.631723 
1.02627 1.02627 -0.263345 -0.8979 0.289033 1.6293 1.90636 0.496697 0.0120387 0.0770027 -1.24879 -0.732385 -0.171627 -0.38422 -0.798935 -1.92441 -0.497174 0.946588 -1.26035 -1.15759 -0.547456 0.331182 1.07172 1.07172 
-1.19224 -1.19224 -0.47326 0.303373 0.9561 0.587235 0.816634 -0.111179 -2.52587 -2.41394 -0.263493 0.73983 0.0463851 -0.389536 0.250545 0.211732 0.634336 1.86236 0.373011 0.0982281 0.681171 0.341084 0.329868 0.329868 
-0.537179 -0.537179 -0.433805 0.276453 0.919721 1.04673 1.92883 -0.788832 -3.12094 -1.49379 0.0804615 1.1122 0.50845 -0.0445075 0.980656 0.334494 0.226547 0.107885 -0.746177 0.349759 0.00962392 -0.677305 0.248951 0.248951 
0.241701 0.241701 0.458002 0.786628 1.87285 2.41973 1.46465 -0.145741 -0.690119 -0.347942 -0.485694 -0.606933 -1.27648 -1.64114 -0.661169 -0.525545 0.358182 -0.0838592 -1.83153 0.077656 0.614316 -0.593257 0.176995 0.176995 
-0.381865 -0.381865 0.214276 -0.418301 -1.06406 0.616119 0.687943 0.558215 -1.15176 -2.25135 -0.369386 0.283242 0.285144 0.384663 -1.23133 -1.50644 0.0341907 0.843785 -0.411285 -0.463482 0.998524 1.43811 1.64345 1.64345 
-0.879682 -0.879682 -0.300146 -0.471826 -0.0260321 1.17739 0.420355 -1.77365 0.0593318 1.46552 0.873058 -0.34335 -1.00796 0.678499 0.915447 0.700274 0.767503 0.40086 -1.30442 -2.40821 -0.540772 0.882849 0.797322 0.797322 
0.366987 0.366987 -0.40226 -1.92754 -2.2081 1.47301 1.18151 -1.52167 -0.72355 -0.390799 0.981306 1.34128 0.82059 0.430698 -0.65348 0.182432 1.4308 -0.557534 -0.329375 0.659868 0.385668 -0.400105 -0.25336 -0.25336 
-0.0136095 -0.0136095 -0.0688832 0.0886547 -0.487474 -0.732675 0.0562709 -1.22083 0.164654 2.2841 1.29398 0.66124 0.892949 1.13306 0.0685647 0.334453 0.546595 -1.85942 -1.00423 0.434341 0.901836 -0.18438 -1.63779 -1.63779 
0.0177802 0.0177802 -0.563071 -0.678153 -0.264399 -0.404445 -0.612094 -0.448701 1.61114 2.27307 -0.0336421 -0.327712 1.40028 1.51464 0.701885 0.0443452 -0.641105 -0.276148 -0.554814 0.329634 1.24877 -1.5195 -1.41778 -1.41778 
-0.773366 -0.773366 1.41838 1.40267 0.481161 0.685618 -0.279189 0.63242 1.18359 0.313915 -0.184727 -0.385872 -0.698792 -0.600135 -0.584655 -0.135882 -0.060895 -0.328779 -1.04544 0.580024 2.62837 -0.23495 -1.62005 -1.62005 
-0.216781 -0.216781 -0.46476 -0.882638 -0.801943 0.16114 1.55953 2.43002 1.02445 -0.384482 -0.7395 -1.0997 -1.03234 -1.04894 -1.23197 -0.52373 1.49848 1.40598 -0.81382 -0.455646 0.605476 0.554903 0.336519 0.336519 
0.537932 0.537932 0.724165 -0.30022 -1.7574 -1.50019 0.529147 1.92358 1.40581 -0.907571 -1.5298 0.105986 0.683291 0.531361 0.108004 -1.11502 -0.122508 0.395894 -1.62065 -0.872678 1.00001 0.828296 0.20732 0.20732 
0.429484 0.429484 0.549017 0.46013 -0.677775 -1.00553 1.74717 -0.195703 -2.77197 0.166877 1.32731 0.236498 -0.628687 -0.296427 1.49142 1.34324 0.111791 -0.667964 -1.19437 -0.510904 0.762096 0.135806 -0.620495 -0.620495 
-0.884527 -0.884527 -1.3263 0.397851 1.7727 1.13926 -0.775215 -1.30552 -0.278897 -0.864487 -0.550199 0.763202 0.25568 -0.423437 -1.05898 0.223374 2.01205 -0.518023 -1.45162 0.509599 1.04976 1.14055 0.528847 0.528847 
0.402431 0.402431 0.957913 0.910525 0.0912151 -0.211568 -0.611353 -2.50252 -1.75885 1.50633 2.1439 0.109822 -0.919589 0.0342079 0.318238 0.162688 1.06878 -0.298727 -1.3736 0.108593 0.061885 -0.363083 -0.119838 -0.119838 
-0.00319593 -0.00319593 0.447332 0.789794 0.41983 0.571326 -1.23309 -3.27192 -0.515931 1.96193 1.58425 0.202712 -0.802486 0.23076 0.171639 -0.54711 -0.212509 -0.68578 0.0846568 0.410648 -0.720249 0.0830413 0.518771 0.518771 
0.149071 0.149071 0.420346 1.13845 1.31862 -0.36644 -2.14723 -1.8082 -0.196395 0.139268 -0.243273 -0.682263 -0.8832 0.478448 0.891421 0.811974 0.335122 -1.83705 0.103846 1.98952 -0.583308 -0.390482 0.606348 0.606348 
0.280804 0.280804 -0.170069 -1.05524 0.593191 1.10465 -0.185371 -1.45536 -2.14664 0.413545 1.66245 0.322421 -0.0718108 -1.22498 -1.49199 0.75791 1.53104 -0.461615 -1.07586 0.860752 1.21127 0.315579 0.00226242 0.00226242 
0.258946 0.258946 0.152897 0.0702834 0.919698 0.176698 -1.92193 -0.322048 1.90183 0.403608 -1.2164 -1.26097 0.532168 1.08907 -0.0855894 -0.190427 -0.283992 -1.37889 -1.83423 0.372671 1.93388 0.727516 -0.151872 -0.151872 
-0.405073 -0.405073 -1.29842 -1.0122 2.03714 2.03074 -1.70849 -1.07031 0.70781 1.04399 1.05993 -0.0486606 -0.48785 -0.817883 -0.0999381 1.26622 -0.387924 -0.985451 0.758492 0.464264 -0.575349 -0.328804 0.131417 0.131417 
0.101334 0.101334 0.213019 -0.156237 -0.441756 0.526004 -0.205554 0.217357 2.62532 0.941144 -1.01 -0.143785 0.475015 -0.443921 -0.425648 0.479416 -1.41481 -0.958924 1.76667 1.49181 -0.298118 -1.65993 -0.889867 -0.889867 
-0.308736 -0.308736 -0.389256 0.306642 0.289176 -0.145603 0.0667046 1.65321 2.00202 -1.05314 -1.72203 1.10095 1.38672 -0.390981 -0.931059 -0.841984 -0.126571 0.158045 0.521519 1.35959 -1.19612 -1.76804 0.168844 0.168844 
1.38474 1.38474 1.37498 -0.559361 -0.422566 -0.449467 -0.0100974 0.931809 -0.174939 -0.827207 -0.411837 -0.296444 -0.110171 0.0938715 0.311406 0.348379 -0.0968955 -0.588766 0.587615 2.30558 -0.483405 -2.61668 -0.837636 -0.837636 
