48
0.85097 0.931783 0.976614 0.99512 1.00863 0.988449 0.954896 0.894745 0.916853 0.884659 0.83607 0.858021 0.888875 0.870066 0.842687 0.790696 0.731378 0.748442 0.794951 0.739295 0.707104 0.677045 0.712881 0.592766 0.523773 0.479981 0.410237 0.243314 0.0832047 -0.2787 -0.726433 -1.19493 -1.50116 -1.72589 -1.79921 -1.69113 -1.72084 -1.45419 -1.18461 -0.892603 -0.67355 -0.646389 -0.656388 -0.775182 -0.989534 -1.1764 -1.30166 -1.5447 
0.202813 0.0339975 -0.142475 -0.265327 -0.498042 -0.485856 -0.566325 -0.494543 -0.741328 -0.793897 -0.916618 -1.02096 -1.06545 -1.03744 -1.09728 -1.13634 -1.00409 -0.908872 -1.00155 -0.963305 -0.95292 -0.83428 -0.922466 -0.744209 -0.810075 -0.813134 -0.295831 0.108955 0.400709 1.08369 1.29056 0.849437 0.562879 0.186865 -0.0146077 -0.0714196 -0.0413799 0.324083 1.33008 1.80389 2.0831 2.23668 2.16397 1.80047 1.33447 1.17126 0.378116 0.294 
-1.79089 -1.42866 -1.3839 -1.27164 -0.985807 -1.06024 -0.741531 -0.894711 -0.564309 -0.397668 -0.235554 0.00772189 0.0217261 -0.00516808 0.148265 0.339716 -0.0232565 -0.193727 -0.089012 0.143185 0.118971 -0.143351 -0.160934 -0.416813 -0.369967 -0.543963 -1.49146 -1.43136 -0.574314 -0.55469 -0.260951 0.652141 1.10399 1.52719 2.15847 1.92086 2.12244 1.83471 1.24514 0.667555 0.264576 0.101118 -0.132786 -0.630581 -0.305095 0.509695 1.24628 1.9486 
0.90469 0.515059 0.366648 0.471667 0.476169 0.605532 0.5253 0.763838 0.810082 0.77173 1.14345 1.02247 0.912994 1.0876 1.04225 1.08842 1.0966 0.970322 0.813577 0.806397 0.770772 0.977484 0.748778 0.693582 0.639189 0.479723 0.544825 0.575008 0.200906 -0.180452 -0.74479 -0.98785 -0.659156 -0.928974 -1.27953 -1.7985 -1.63536 -1.13076 -1.12932 -0.92686 -1.43355 -1.25187 -1.37417 -1.70552 -1.66198 -1.75839 -0.600302 -0.637715 
-0.973681 -0.756695 -0.686938 -0.827499 -0.815097 -0.893481 -0.594512 -0.747552 -0.778945 -0.643345 -0.996036 -1.3282 -1.19072 -1.13439 -1.00675 -1.00235 -0.812368 -0.618061 -0.675806 -0.835718 -0.588056 -0.564248 -0.433513 -0.537422 -1.01771 -0.936703 0.0891797 1.16888 1.38306 1.89851 1.77584 1.55765 1.75913 1.83507 1.10068 1.01836 1.64285 1.22473 0.64638 0.383584 0.476284 0.407842 0.277829 0.738061 0.652674 0.746291 0.125855 0.48706 
-0.180641 -0.401598 -0.524212 -0.575734 -0.759778 -0.743133 -0.821564 -0.778291 -0.819276 -0.873304 -0.883697 -0.922433 -0.937739 -1.06956 -0.968445 -1.02785 -0.961573 -0.903049 -0.926609 -0.821886 -0.764845 -0.858834 -0.825324 -0.940018 -0.703272 -0.712498 -0.552173 -0.421358 -0.15569 0.384235 1.18011 1.38735 1.39759 1.79761 1.74209 1.61295 1.90455 1.58722 1.35353 0.877588 0.777099 0.655257 0.847058 0.73005 0.527284 0.624861 1.06222 1.38572 
-1.49881 -1.32969 -1.83672 -1.25513 -1.22006 -1.05669 -0.738473 -1.06597 -0.990152 -0.866207 -0.76973 -0.321784 0.0070308 0.241772 0.0831375 0.484128 0.0505679 -0.068858 0.0307301 0.00415283 -0.54738 -0.327825 -0.283162 0.0370987 0.339407 0.264757 -0.778746 -1.28986 -1.21333 -0.703998 -0.225718 0.132942 0.904032 0.256779 1.58507 1.99228 1.30261 1.49711 1.51737 1.21138 2.18498 1.09999 1.11523 0.696658 1.05671 0.56669 0.804396 -1.07871 
1.07549 0.778902 0.895187 0.590478 0.95593 0.779715 0.557014 0.922678 0.54861 0.813099 0.434127 0.815031 -0.0811379 -0.163007 0.0621524 0.535446 0.10167 1.1 0.502159 0.258176 -0.330683 -0.314874 0.197427 0.836245 1.80642 2.11387 0.951825 -1.32021 -0.434794 -0.720231 -0.73897 -1.06197 -1.44479 -2.33077 -1.60051 -0.335229 0.901183 -0.223473 -2.18305 0.198676 -0.61206 -0.14912 -1.00652 -0.124682 -0.702572 -1.26228 -2.0949 0.504341 
-1.0952 -0.129838 -0.227893 0.377515 0.23627 0.231063 0.634852 0.975161 1.06638 0.808519 0.431589 -0.181656 -0.0514981 0.281516 -0.0480842 -0.177228 0.00583739 -0.386021 -0.0188787 0.0806342 0.731867 0.913473 0.215417 0.0880402 -0.672677 -1.24493 0.308613 0.788049 -0.668965 -1.26436 1.20387 1.62913 0.952074 3.31601 0.945806 0.288384 -0.201038 0.0459105 -0.193869 -1.00305 -1.7089 -2.09034 -2.44484 -0.975565 -0.933401 -1.43622 0.655506 -0.0570377 
-0.305215 0.0281029 0.525068 0.107821 0.438158 0.287474 -0.222928 -0.784973 -1.19356 -1.49036 -1.02389 -1.08093 -0.788408 -0.732927 -0.479013 -0.504423 -0.250209 -0.0351799 0.199974 -0.108557 -0.398862 -0.677505 -0.625139 -0.717364 -1.7416 -1.57596 -0.581643 -0.993244 -1.48952 -1.05771 -0.848996 1.95864 0.927809 1.34167 2.13183 0.550302 -0.435916 0.481558 0.678395 0.577868 0.961665 1.44905 0.903358 1.59475 0.872655 1.73887 1.03546 1.35353 
-0.188094 0.0490992 -0.284292 -0.150211 -0.78688 -0.720159 -0.576427 -0.102853 0.0458866 0.259597 0.500869 1.21896 1.27189 1.50943 1.00175 0.794571 1.42294 1.49941 0.997431 1.1911 0.672107 0.214014 -0.339579 -0.854705 0.179593 0.559027 0.189815 0.0966117 -0.182085 -1.13189 -2.25104 -0.275436 -2.64279 -1.11507 -0.224 0.475963 0.533746 -1.14802 -0.561901 -1.67131 -0.195787 0.29192 1.60136 0.855712 1.25976 -0.270656 -1.9025 -1.11686 
-2.0596 -1.29414 -0.890077 -0.847556 -0.420683 -0.510496 -0.614292 -0.86577 -0.249851 -0.084227 0.191618 0.499081 0.0579881 0.0974835 0.364279 0.335147 -0.349083 -0.301544 0.16522 0.273183 0.548178 -0.124502 -0.557537 -1.14688 -0.106493 -0.299571 -1.82773 -1.491 -0.756752 -1.43937 -0.66737 0.725736 1.41587 1.23002 1.47786 1.63183 2.35794 2.20912 2.0151 0.958387 -0.358514 0.981281 0.496011 -0.356516 -0.292335 0.532237 -0.442716 -0.208957 
0.869985 1.16769 1.34034 1.52029 1.30597 1.32301 1.35845 1.49476 1.01757 1.08863 0.855305 0.321509 0.362162 0.245978 0.285283 0.176862 0.0299845 0.469907 0.187124 -0.0718841 -0.235995 0.252136 0.363393 0.867488 0.216778 0.0165665 0.546539 0.209261 -0.0913244 -0.58705 -0.726186 -0.0166081 0.628344 -0.684182 -0.304683 0.307725 -0.209002 -0.69707 -1.72404 -1.16515 -1.54955 -1.66579 -1.08443 -1.37191 -1.86237 -2.18664 -2.18613 -0.409025 
0.75806 0.75806 0.550119 0.445587 0.316469 0.159399 0.0259999 0.211767 0.305073 0.0691245 0.249832 0.514969 0.378935 0.184583 0.0738406 -0.0327511 0.197714 0.550902 0.308203 0.0455511 0.13098 0.358013 0.0574557 -0.292401 -0.037677 -0.0401866 -0.451131 -0.752718 -1.40346 -2.36338 -2.71914 -2.24688 -1.43329 -0.655994 0.454722 0.600282 1.12952 2.12839 2.21299 2.04436 1.16046 0.396011 -0.0911056 -0.773124 -1.00032 -0.702976 -0.890422 -0.890422 
-0.595798 -0.595798 -0.512532 -0.614419 -0.369789 -0.0939881 0.0139743 -0.287316 -0.512585 -0.287837 -0.381636 -0.239903 -0.000127797 -0.027952 -0.149463 0.198536 0.441786 0.0343084 -0.068897 0.117804 0.263447 0.0848792 0.192879 0.233313 -0.0951495 0.961294 1.70013 1.29153 1.79549 1.64173 -0.394645 -1.28853 -1.17058 -1.01644 -0.438186 -0.0187883 0.746186 2.51419 2.71047 1.39384 0.813721 0.176215 -0.760508 -1.47297 -1.11014 -1.70279 -1.55949 -1.55949 
0.344552 0.344552 -0.0221109 0.331493 0.0576584 0.10588 -0.00961797 0.00752754 0.476631 0.22979 0.342197 0.124954 -0.271323 -0.0668139 0.253449 -0.503999 -1.03485 -0.348865 0.241756 0.0526467 -0.6727 -0.662974 -0.653524 -0.55902 -0.438917 -1.89739 -1.55402 1.09283 1.03345 0.207215 1.51773 1.74964 1.03108 1.29427 0.324999 -0.305273 -0.378771 -1.53921 -1.96437 -1.69068 -1.08325 -0.835257 -1.32565 -0.505154 1.42011 2.02309 1.85813 1.85813 
-1.09605 -1.09605 -0.000355091 0.338364 0.392287 0.204592 0.446426 0.726584 0.113245 0.834201 0.651175 -0.414715 0.240027 0.382074 0.0975793 0.21616 -0.165831 -0.531165 -0.267346 0.00094515 0.474737 0.0470437 -0.533109 -0.146987 -0.377954 -0.113262 0.306829 -0.666051 -1.57766 -1.99905 -1.6927 0.285449 0.22618 -1.27843 -1.83032 -0.692423 1.57487 1.21669 0.547416 -0.578138 -0.624158 0.227283 -0.90913 -0.541759 -0.0213526 2.44749 2.57818 2.57818 
0.438504 0.438504 -0.222061 -0.328023 -0.213151 0.316278 0.178351 -0.431988 0.101271 -0.492324 -1.35651 -0.450933 0.266815 0.248642 0.152684 0.267864 0.618722 0.161045 -0.49337 0.0708668 0.410288 0.194267 -0.0416911 -1.17055 -0.828918 1.95372 3.79878 2.29918 1.25674 0.6344 -0.720992 -0.122107 0.421289 -1.30774 -1.60011 0.910406 0.290018 -1.93222 -1.64526 -0.405503 -0.0464341 -0.457893 0.518825 0.601271 -0.0760449 -1.06454 -0.570179 -0.570179 
-1.06616 -1.06616 -0.631286 -0.788953 -0.613994 -0.342923 -0.274579 -0.178471 -0.428206 -0.349687 -0.310438 -0.323047 -0.561961 -0.263153 -0.0772935 -0.166704 0.13598 -0.0946027 0.0239729 0.230846 -0.279175 -0.33957 -0.39271 0.128923 0.399618 0.203472 0.562909 0.833285 1.88332 3.24417 2.39027 0.373845 0.868655 0.699862 -0.658282 0.232646 -0.250391 -1.59863 -2.00571 -1.66382 -0.754986 -0.00478124 0.00762519 -1.00509 -0.454323 1.18865 1.76851 1.76851 
-0.510459 -0.510459 0.0914382 0.882521 0.272222 0.685418 -0.0308948 -0.384625 0.274157 0.304301 0.77711 1.11616 0.80503 0.0937051 0.336309 -0.064884 -0.824317 -0.0463048 0.0891874 -0.86098 -0.501804 0.368212 0.515169 0.891147 0.314861 -1.64905 -2.28598 -0.651532 0.837585 1.42384 1.20397 1.63127 0.163357 0.976475 2.51523 -0.429545 -0.739955 0.296033 -0.434316 0.956875 -0.179898 -1.57841 -0.605931 -0.102761 -0.207016 -0.38555 -2.41845 -2.41845 
-0.125892 -0.125892 -0.133114 0.088443 0.202699 -0.320283 0.161553 0.0269574 -0.0630063 -0.0673669 0.0361489 -0.42374 -0.835237 0.161844 0.655492 0.0695699 0.536428 0.390544 -0.714113 -0.706129 -0.475122 0.504024 1.058 1.46514 1.17049 -0.725469 -3.01914 -1.19854 0.567933 -0.236042 -0.269438 -0.593182 -1.09379 -0.104036 1.80886 2.25893 0.133803 -2.70806 0.409804 1.43135 -0.274828 -0.316317 0.056161 0.304696 -0.97712 -1.20362 1.60531 1.60531 
0.690052 0.690052 0.372632 0.334546 -0.20392 0.276714 0.581404 0.305765 -0.221725 -0.634557 -0.947951 -0.500779 0.333672 -0.0717623 -0.479313 -0.0272224 -0.258895 -0.0965684 0.336743 0.587267 0.65966 -0.5302 -0.802675 -0.857932 -1.25024 0.790571 1.71799 -0.936842 -1.88467 1.57678 2.47683 -0.296821 1.41279 -0.0803 -2.74466 -1.08611 -0.288596 -0.0684508 -0.99979 -1.41079 -1.03359 -0.723749 0.908285 1.25807 -0.481002 1.32639 1.14145 1.14145 
0.891327 0.891327 0.0173551 -0.176669 0.133722 -0.84525 -1.32425 -1.20568 -0.896829 0.122087 0.401277 0.198734 0.329746 0.284796 0.190605 0.190953 0.470925 0.448731 -0.160911 -0.772765 -0.737962 -0.33895 -0.121882 -1.37549 -1.07523 1.2752 0.60305 -1.13262 -0.150531 0.670371 3.43682 1.99347 -0.793881 1.32652 -0.996953 -3.0654 -0.155517 1.22205 0.0366755 0.254375 0.938948 -0.143363 0.0941889 -0.111222 0.0923473 0.114104 -0.524172 -0.524172 
-0.0158533 -0.0158533 -0.114583 -0.404971 -0.469468 0.277764 0.667325 0.67212 0.4233 0.511901 0.994847 0.814504 0.354374 -0.182403 -0.608216 0.479549 0.751139 -0.331169 -0.218951 -0.235241 -0.859302 -0.892431 -0.94704 0.573362 1.4299 0.0860436 -0.366506 -0.279837 -1.10004 -1.90477 0.896313 -0.298842 -0.72769 2.39224 1.59967 0.801797 -1.47871 -0.972824 -0.424792 0.42681 1.95604 1.79702 0.616086 -0.250825 -1.00224 -2.9516 -0.733983 -0.733983 
1.22326 1.22326 0.422453 0.447713 0.301125 -0.286705 -0.465785 0.331456 0.793486 0.416781 0.573899 -0.220266 -0.517098 0.267042 0.191022 -0.862445 -0.777515 0.49746 0.564393 0.351968 -0.512764 -1.29706 -1.20475 0.427387 0.866339 -1.97888 -1.39201 1.1141 -0.0150484 0.0267679 2.32608 2.2354 0.486357 -0.00357897 0.372855 0.902635 0.567228 -0.452005 -1.4577 -2.70154 -0.0468809 0.874329 -1.55414 -0.945505 0.912245 -0.238821 -0.893274 -0.893274 
0.76404 0.76404 0.591037 0.0225112 -0.216842 0.150099 0.325337 -0.427834 -0.523699 -0.165398 -1.05406 -0.651531 -0.0379728 -0.039954 -0.0285478 -0.302089 0.50354 0.303867 -0.723005 -0.548651 0.54905 0.953621 0.977076 -0.14241 -1.17718 0.557484 0.356105 -0.864155 -1.09695 -0.859746 0.911094 2.06308 -0.907807 -1.29781 1.53031 0.213572 -1.40325 -2.15291 -0.614714 0.329358 -0.662544 0.756353 0.504775 -1.06996 -1.12401 -0.402673 2.68467 2.68467 
-0.167259 -0.167259 -0.300706 -0.200079 -0.26715 -0.272616 0.165057 0.454472 -0.083898 0.027682 0.667375 0.263017 -0.323575 -0.291286 -0.179249 0.256342 0.843305 0.239255 -0.546938 -0.128043 0.497097 0.00433982 -0.732127 -0.0232456 0.420183 -0.42962 -0.811428 -1.11755 -1.958 -1.58143 0.246937 1.73975 2.12915 2.50847 1.70199 0.959664 2.04902 1.48137 -0.00907781 -1.24547 -2.00611 -1.49957 -1.39434 -1.06252 0.187754 0.238502 -0.141095 -0.141095 
0.121214 0.121214 0.0171692 0.181952 0.567643 0.42808 -0.16124 -0.501533 0.035652 0.169909 0.0851342 0.425777 0.252627 -0.116315 0.267471 0.639962 -0.131523 -0.48532 0.121449 0.375571 0.00256249 -0.0358796 0.187764 -0.257947 0.779591 1.8695 0.37342 0.133572 0.393802 -2.20036 -2.95616 -0.756188 0.314037 0.784094 1.05498 1.24565 2.62284 2.04209 -1.1079 -1.90076 -1.20725 -1.5714 -1.64794 -0.320853 -0.198506 -0.422688 0.182519 0.182519 
-0.397009 -0.397009 -0.0616856 0.0263431 -0.263251 -0.113101 -0.14257 0.411809 0.16147 -0.176786 -0.148718 -0.631105 -0.231157 0.44834 -0.463886 -1.271 0.0978116 1.16131 0.331452 -0.916482 -0.727927 -0.0311177 0.049277 0.15421 -1.31848 -1.10675 2.78633 2.4044 -0.88913 0.409938 1.41338 -0.510788 -0.481133 -0.718883 -1.56615 -0.716688 -1.21944 -1.55293 -0.192945 0.786264 0.761898 -0.279172 0.263735 2.55451 2.34824 0.366072 -0.205739 -0.205739 
0.754074 0.754074 1.03259 0.175967 -0.256891 -0.102376 0.282329 -0.420861 -0.0584032 0.295434 -1.17385 -0.484972 0.508288 -0.264025 -0.283321 -0.36349 -0.761401 -0.230367 0.290648 0.463304 -0.108988 -0.975622 -0.306441 -0.0193139 -0.119163 0.416187 -0.601439 -1.69646 -1.24299 -0.241493 1.73159 1.43096 -1.43284 -1.83791 0.334969 2.65312 1.42292 -0.991747 -1.62274 -1.11025 0.515385 -0.38122 -0.779259 0.583105 2.3111 1.99064 -0.0394319 -0.0394319 
-0.432452 -0.432452 -0.506953 0.0382488 0.484986 0.307245 -0.494114 -0.0222096 -0.0104375 -0.992969 0.0610855 1.17333 0.523849 -0.0482604 0.045499 0.359651 -0.043119 -0.749916 -0.0314192 0.667337 0.118746 -0.285798 -0.927605 -0.521507 2.22863 3.28567 0.274875 -1.7553 -1.13851 -1.35854 -0.499907 0.835111 -0.801623 -1.38924 1.59154 1.36092 -1.96664 -1.32869 1.1054 1.1561 -0.00485103 0.429412 0.776672 -0.386263 -1.13923 -0.315436 0.379567 0.379567 
0.297894 0.297894 0.139017 -0.122896 0.309134 0.2017 0.0253938 -0.295127 -0.312851 -0.0216486 -0.113476 -0.393775 -0.0799674 0.348068 -0.0431307 0.0745907 -0.0676663 -0.253188 0.187627 -0.445796 -0.715116 -0.254728 0.331769 0.658091 -0.0651988 0.0242247 0.494327 1.19023 2.28908 0.370524 -3.03269 -1.67362 0.1882 -1.67898 -0.611124 0.270702 -1.98565 -1.90912 -0.20602 1.12001 1.53146 0.628145 -1.14831 -0.605816 2.07026 2.09958 0.443987 0.443987 
0.533277 0.533277 1.12644 0.217519 -0.0658269 -0.145318 -0.720372 0.310697 0.598532 0.459087 0.690707 0.1029 -0.684687 -0.269491 -0.0369488 -0.788293 0.0958951 0.766925 -0.528893 -0.361171 1.00363 0.844508 0.474069 -0.0682305 -1.82272 -1.86819 0.829923 2.42407 1.63812 0.356689 0.237492 -0.698308 -0.409009 1.84544 -0.972294 -2.35883 0.626015 0.311137 0.577474 0.272731 -1.81904 -0.237483 1.18843 0.381077 -0.130076 -1.57621 -1.44234 -1.44234 
-0.0805283 -0.0805283 0.0490174 0.120047 -0.315289 -0.100363 0.126728 -0.207606 -0.131457 -0.0183287 -0.284678 -0.585809 0.266089 0.795331 -0.130258 -0.145923 0.11137 -0.807503 -0.717535 0.0634339 0.631277 0.820119 0.485663 -0.0105342 -1.35716 -2.526 -0.352915 2.02107 0.486475 -0.56592 -0.285127 -0.558307 0.209701 1.62089 1.30533 -1.05572 -2.98053 0.0850739 2.34403 -0.476613 -1.09817 0.117226 0.286804 -0.68047 -0.958226 1.43365 1.56609 1.56609 
-0.214388 -0.214388 -0.239453 -0.384926 -0.04355 0.51134 0.0136284 -0.534038 -0.624327 -0.483428 0.0825503 0.83796 0.276851 -0.540524 0.0238219 0.139569 -0.0511277 0.386506 0.444549 0.207025 -0.740908 -0.967869 -0.221175 -0.300039 1.07941 1.94794 -1.14232 -2.37645 1.64875 2.86486 -1.23853 -0.705744 0.137005 -2.74156 -0.667425 1.61088 0.664242 -0.473535 -0.888902 -0.0277371 0.446662 1.27248 1.29877 -0.919795 0.0394704 1.06227 -0.127202 -0.127202 
-0.516049 -0.516049 -0.643844 0.136244 -0.380767 -0.900701 -0.177805 0.341119 0.934144 0.914604 0.110082 0.0124839 0.116283 -0.0320483 -0.0022119 0.244233 0.229385 -0.356565 -0.744948 -0.32048 0.345333 0.465383 -0.623128 -0.56833 1.8055 1.16501 -1.52633 -0.436753 1.24715 2.42243 0.931067 -2.72698 -0.379698 -0.0741562 -2.83317 0.613815 2.88356 0.186187 -0.577769 0.653886 -0.202375 -0.496808 0.0807684 0.058385 0.20801 -0.346476 -0.360806 -0.360806 
-0.0783037 -0.0783037 -0.279616 -0.255884 0.463449 0.778226 0.263529 -0.17903 -0.120932 0.386367 0.199921 -0.453869 -0.700968 -0.677178 0.449041 0.932518 -0.571891 -0.682376 0.0566432 -0.453784 -0.465458 -0.0706836 1.00631 1.63796 -0.347694 -1.25522 -0.263507 -0.51838 -1.13635 1.37411 1.10345 -1.1357 1.85574 1.60359 -1.11244 -2.14395 -1.24012 0.72077 0.960441 1.64066 0.940041 -0.938789 -1.42953 -1.13177 -1.88218 0.176111 1.52751 1.52751 
-0.44714 -0.44714 -0.430585 -0.00184838 -0.403633 -0.424926 0.48277 0.902917 0.13358 -0.0662428 -0.339822 -0.637314 0.397016 0.541724 -0.662538 -0.557061 0.968866 0.957072 -0.0176848 -0.628245 -1.00302 -0.375824 1.20777 1.43493 -1.49927 -1.40233 2.10462 0.980042 -0.634911 1.6119 1.52507 -1.12799 -1.38964 0.00327994 0.671543 0.205044 -0.81009 -1.24936 -1.39655 1.00223 2.42108 -0.91011 -1.11495 1.69399 0.540783 -1.10557 -0.351228 -0.351228 
-0.195183 -0.195183 -0.548868 -0.590145 -0.00818318 0.249737 -0.447094 -0.615749 0.0757068 -0.417499 -0.389984 0.544559 0.292911 -0.0816933 -0.250633 0.243459 0.289414 -0.850601 -0.617915 0.7038 0.847019 0.178721 -0.769407 -1.42774 0.347853 0.866314 -0.97197 -0.991513 -0.0848137 1.16166 1.73076 -1.21911 -2.1784 1.42922 0.852688 -1.91255 -1.55976 0.403001 1.45668 -0.117312 0.178081 0.638642 -1.22372 -1.10084 0.327566 2.28186 1.83311 1.83311 
