23
1.45941 1.40393 1.34763 1.12607 0.807752 0.190239 -0.321011 -0.63605 -0.62698 -0.337176 0.156296 0.604489 0.838204 0.836977 0.563293 0.329012 -0.0602436 -0.60201 -0.987475 -1.08405 -1.58486 -1.66007 -1.76338 
-0.466549 -0.596075 -0.470744 -0.11538 0.480296 0.448206 0.504741 0.443031 0.388711 0.549764 1.31361 0.859774 0.175873 0.337784 0.454475 1.16824 1.43679 0.579052 -0.394658 -1.39498 -1.52349 -1.84145 -2.33702 
-1.39081 -1.44806 -1.24959 -0.897958 -0.75586 -0.544528 -0.530809 0.0396883 0.046677 -0.0320923 -0.136714 -0.148522 -0.425393 -0.819009 -0.386973 -0.164841 0.303558 0.838978 0.831915 1.71853 1.50939 1.93035 1.71207 
2.19439 1.89894 1.8236 1.61443 0.945803 -0.16291 -0.0768016 -0.466177 -0.800973 -0.763972 -0.94606 -0.894836 -1.16051 -1.06839 -0.339727 -0.0155975 -0.00577123 -0.653584 -0.351287 0.221001 -0.180509 -0.314313 -0.496751 
-1.14943 -0.817597 -0.50687 -0.613669 -0.128959 0.689703 0.746401 0.971642 1.02715 0.225507 -0.489256 -1.45999 -1.89015 -1.3242 -0.951697 -0.318354 0.0105836 0.103189 1.4547 1.0524 0.658996 1.01387 1.69603 
-1.29006 -1.6236 -1.61155 -1.42389 -0.933808 0.132839 0.844402 1.48713 0.769121 0.736027 -0.250256 -0.848671 -0.431406 -0.636292 -0.748237 -0.292697 0.468801 0.969225 0.389871 0.805156 1.0365 1.41248 1.03891 
-1.67245 -1.43445 -1.36679 -1.63178 -1.1376 -0.303744 0.478876 0.505611 1.26848 1.5516 0.753465 0.26049 -0.282338 -0.228187 -0.530395 -0.249028 -0.20395 0.0192418 -0.341858 0.77029 1.52695 1.0671 1.18045 
0.750338 -0.0718667 0.180291 0.932497 -1.08753 -1.06757 -1.32894 -1.30796 -0.22186 -0.634685 0.261411 0.172831 1.79993 2.26605 0.924125 0.682445 0.085401 -0.0145188 -1.85733 -0.552967 -0.209915 -0.413045 0.71287 
0.314183 0.172338 0.205723 0.246398 -0.144698 1.11866 1.86612 0.323877 0.127874 -1.175 -1.5785 -1.29824 -1.99147 -1.26587 -1.02819 0.0221026 -0.426028 0.338421 0.192092 0.465217 1.1466 1.32587 1.04252 
-1.48738 -1.27616 -1.17431 -1.62628 -1.199 -0.791038 0.241205 0.193361 -0.451448 -0.720743 -0.453751 0.153806 0.833724 1.69483 1.96067 -0.071731 0.277965 0.864924 -0.0873387 0.343278 1.08502 0.687362 1.00304 
0.904653 -0.225194 -0.721713 -1.27604 -1.1569 -0.20755 -0.190535 -1.20604 -1.10016 0.257901 0.318671 0.530065 0.719641 1.46426 1.44574 1.23432 2.15927 0.680021 -0.802158 -0.200716 -0.691572 -0.885903 -1.05007 
-1.18501 -0.563971 -0.029605 0.0206611 0.0338844 0.25858 0.625805 1.04014 0.637648 0.222392 1.40897 1.67258 1.86721 1.08344 -0.0119108 -1.28779 -2.0216 -1.14517 -0.163165 -0.407806 -0.880772 -0.832742 -0.341775 
1.0976 0.962386 0.506929 0.44102 -0.363896 0.359413 1.14622 1.12629 1.06372 0.815271 -1.19551 -1.78607 -1.42174 -2.15168 -1.44227 0.382181 0.272702 0.262123 0.0851407 -0.48304 0.215574 -0.59621 0.703823 
0.309212 0.309212 0.0143806 -0.450753 -1.15363 -1.49611 -0.95917 -0.0355195 1.03817 1.89806 2.17923 1.71812 0.920324 0.0196128 -0.394094 -0.599253 -1.14509 -1.13836 -0.348075 -0.552831 -0.514901 0.19073 0.19073 
0.199064 0.199064 0.777642 1.33886 0.876548 0.233238 0.197895 0.0656204 0.331425 1.30767 0.573978 -1.1535 -0.418776 0.536501 1.19498 1.37618 -0.498953 -1.98124 -2.15137 -1.14286 -0.328671 -0.766651 -0.766651 
-0.38724 -0.38724 0.630787 0.490437 0.141121 -0.178501 0.715713 0.698955 -0.917526 -1.1954 -1.02869 -1.45754 -2.40813 -0.64316 0.889872 0.980404 1.7604 0.576641 1.45101 0.947898 -0.211428 -0.234188 -0.234188 
-0.205517 -0.205517 -0.0666524 -1.02159 -2.46947 -1.25466 -0.0968346 -0.774313 -0.088026 0.157769 0.180661 0.0461178 0.111957 1.71242 2.08584 0.928824 -0.635591 -0.164837 1.79901 0.666178 -0.470332 -0.117718 -0.117718 
0.401259 0.401259 -0.0793806 0.111263 1.12534 0.656344 0.00610162 0.00479997 -1.12042 -1.96445 -2.14972 -1.83788 -0.154052 0.725484 0.799331 0.751589 0.159073 1.27956 0.737273 -1.17473 -0.345063 0.833506 0.833506 
-0.647977 -0.647977 -0.0235768 0.549111 1.60213 1.86747 1.35961 -0.353018 -1.16265 -1.48405 -2.1613 -0.479848 -0.00839989 -0.642395 0.148797 1.19518 1.24896 -0.357389 -0.459385 0.511831 0.46475 -0.259936 -0.259936 
0.0946158 0.0946158 -0.543054 -0.002323 1.39074 1.75642 0.733185 0.70814 1.03318 -0.945801 -1.92972 -1.60604 -0.912415 -0.607366 -0.319308 0.120969 0.0472156 -0.467722 0.659265 2.07632 0.0834032 -0.732167 -0.732167 
-0.489976 -0.489976 0.865968 -1.09093 -1.72157 -0.20694 -0.206064 0.954429 0.580821 0.417182 0.696435 1.326 1.80373 -0.753309 -1.36289 -0.721372 -0.599283 -1.67219 -0.462763 1.41979 0.121477 0.795709 0.795709 
-0.195044 -0.195044 0.00159448 -0.455721 0.861538 2.08817 -0.934454 -1.9509 -1.69301 -1.91656 -0.210975 -0.523111 -0.0433133 0.959603 1.3094 0.570546 0.262592 0.58774 0.0584101 0.950144 0.84903 -0.190317 -0.190317 
0.116984 0.116984 -0.592365 -0.24428 0.675506 1.32258 0.835047 -0.958745 -1.19561 -0.22034 0.717549 1.15922 1.43042 0.987516 -2.10741 -2.01771 0.783979 -0.608609 -0.775835 1.03609 0.15016 -0.305565 -0.305565 
-1.29941 -1.29941 -0.775113 -0.214242 1.15561 1.06257 -0.727416 -0.646454 1.51587 1.47477 0.430155 0.547497 1.03327 0.843694 -0.0272653 0.83224 -0.322754 -2.51566 -0.620142 0.282957 -0.441995 -0.144382 -0.144382 
0.967976 0.967976 0.445157 -0.0322032 0.127572 0.451833 0.625541 -0.079511 -0.839407 0.616161 1.23799 0.329386 -0.629997 -1.81161 -2.26238 -1.93121 0.0402785 1.61194 0.585057 -0.747677 -0.479595 0.403356 0.403356 
-0.452098 -0.452098 -0.3896 -0.704739 0.00697249 1.44238 0.772135 0.00617048 -0.199914 -1.9568 -2.26531 -0.123449 -0.24914 0.0620476 2.36558 1.62712 -0.0277021 -0.0885768 -0.591419 0.198189 -0.0214906 0.520866 0.520866 
-0.286954 -0.286954 -0.728346 -1.11556 -0.99917 0.177357 1.37886 1.88822 1.82771 1.07564 -0.17793 -1.20182 -1.61898 -1.2545 -0.594448 -0.719833 -0.51876 0.749158 0.548468 -0.165483 0.698434 0.66244 0.66244 
0.48805 0.48805 0.905307 0.131423 -0.764121 -0.446675 -0.0667313 0.157166 0.98133 0.238222 -1.77194 -0.680203 1.31437 1.25768 0.682176 -1.20151 -2.43829 -1.17065 0.681204 1.41303 0.337596 -0.26774 -0.26774 
0.793611 0.793611 0.677761 -0.450892 -0.598869 0.427585 0.677579 -1.39484 -1.61037 -0.138463 -0.263079 -1.18534 0.625512 2.67558 1.29344 0.671857 -0.379984 -0.302085 0.259744 -1.41894 -1.02244 -0.0654912 -0.0654912 
0.0796532 0.0796532 -0.612704 -1.76314 -0.190016 1.6992 0.327241 -0.0146418 0.65476 0.173778 -0.101979 -0.070841 1.18709 1.4101 -0.589157 -1.99415 -0.813967 1.74413 0.581483 -1.66637 -0.589377 0.234627 0.234627 
-0.425422 -0.425422 -0.277576 0.881592 0.370034 -0.920663 -0.557961 -0.926307 -1.57985 -0.850919 0.0454748 1.49498 1.93523 0.686676 -0.0324367 -0.549208 0.356767 0.395719 -1.95601 -0.892044 1.50473 0.86131 0.86131 
0.446512 0.446512 0.876266 1.19791 0.96727 -0.204039 -1.68834 -1.9148 -0.870793 -0.771452 0.731519 1.59353 -0.144027 0.0959137 1.3569 0.803529 -1.18713 -1.30402 0.630228 0.671437 -0.601196 -0.565865 -0.565865 
-0.369972 -0.369972 0.0280757 1.52296 1.3941 -0.384614 -0.672234 0.320274 -1.11808 -2.08164 -0.386586 0.8483 0.834589 0.536039 0.635584 0.369244 -0.333918 0.549983 1.97218 -0.324474 -1.96798 -0.50093 -0.50093 
0.81482 0.81482 -0.564667 -1.96508 0.482121 0.927299 0.677657 0.413669 -0.519759 -0.0595343 0.499627 0.639537 -1.60682 -2.3733 -0.118521 0.397259 -0.811298 -0.0447971 2.03861 0.270817 -0.580971 0.334256 0.334256 
0.170282 0.170282 -0.164126 0.655318 1.88669 -1.28681 -2.92705 -0.528196 0.0516038 1.11022 1.04544 0.149093 1.11071 1.01565 -0.258003 -0.73898 0.0390649 -0.122815 0.291496 0.604625 -0.80746 -0.733521 -0.733521 
-0.373119 -0.373119 -0.164297 0.813052 0.99242 0.148143 -1.31618 -1.1658 0.495415 1.20017 0.880055 0.480094 -0.0505758 -2.06997 -1.75046 1.78703 0.897781 -0.883329 1.03912 0.607953 -0.752454 -0.220966 -0.220966 
0.268764 0.268764 0.657149 1.24267 0.789855 -1.39823 -1.27774 1.4591 1.37458 -0.846116 -0.736399 0.32334 0.110812 -0.828678 -0.102227 -0.298911 -2.4126 -0.300226 1.84365 0.0290658 -0.390213 0.111792 0.111792 
-0.33164 -0.33164 -0.655134 -0.192557 0.35068 0.360121 -0.337417 -0.970095 0.4941 1.43046 -0.171679 -1.24322 -1.42823 -1.08356 -0.058386 1.58311 2.42376 0.391843 -1.57639 -0.698825 0.802685 0.621013 0.621013 
-0.0345821 -0.0345821 -0.259724 0.204088 1.45472 0.467416 -1.10529 -0.773684 -1.48162 -1.55479 1.23055 1.36116 0.0532908 1.78878 1.03889 -1.78904 -1.30496 -0.481963 0.12564 0.327937 0.151295 0.308239 0.308239 
