26
1.33806 1.34627 1.37769 1.38949 1.36891 1.32992 1.19428 0.872105 0.288684 -0.407097 -0.747762 -1.01307 -1.35546 -1.26836 -0.651087 -0.101929 0.152595 0.161202 0.0348672 -0.076095 -0.238943 -0.3724 -0.63292 -1.12529 -1.38191 -1.48174 
-0.870156 -0.667981 -0.636716 -0.556245 -0.423289 -0.430027 -0.189185 -0.0335837 0.105879 0.0194536 -0.687969 -1.02581 -1.13469 -1.33681 -0.269093 1.10554 1.44325 1.50037 1.74383 1.65214 1.49011 0.939258 0.340638 0.146963 -0.422916 -1.80296 
-0.92534 -1.15245 -1.15557 -1.43857 -1.36579 -1.33877 -1.23825 -0.772906 -0.909948 0.0809243 -0.028631 0.692378 1.50365 0.883789 0.59727 0.119138 -0.242429 -0.362972 -0.0617025 0.701491 0.790748 0.445896 0.695807 1.15496 1.53967 1.7876 
1.36519 1.44941 1.51895 1.36452 1.42054 1.36243 1.28 0.958741 0.257915 -0.304097 -0.510166 -0.413654 -0.592686 -0.314573 -0.755239 -0.950041 -1.08526 -1.24919 -0.91487 -1.11258 -0.930915 -0.890597 -0.798906 -0.653028 -0.111116 0.609209 
-1.2356 -1.4304 -1.75901 -1.23873 -1.2964 -0.963983 -0.742962 -0.4826 0.417196 0.968237 1.05604 2.01677 1.68996 1.36672 0.306247 -0.0852676 -0.329644 -0.486738 -0.466324 -0.150381 0.403272 0.309927 0.456761 0.278934 0.401618 0.996364 
-0.632542 -1.27504 -1.00239 -1.00711 -1.0135 -1.10087 -0.943639 -0.4234 0.248699 0.972322 1.33496 1.48139 1.71446 1.64519 0.797506 -0.256213 -0.949248 -0.862135 -0.574296 -0.505359 -0.241637 -0.534752 0.159665 0.27725 1.44165 1.24904 
-0.784035 -0.860348 -0.937139 -1.16519 -1.37675 -1.48822 -1.50766 -1.59556 -1.13594 0.150102 0.286783 0.394664 1.30288 1.59188 1.33012 0.433289 0.443018 0.455662 0.115958 0.414906 0.0663014 0.514314 0.555648 0.178402 1.06594 1.55097 
0.667118 1.00802 0.959186 0.855586 1.10988 0.826879 0.131573 -0.494004 -2.19727 -1.35806 -0.662392 -0.863062 -0.346322 0.356157 1.28826 0.614229 0.81271 0.127097 0.331578 0.219093 0.755804 0.953996 -0.620356 -1.13414 -1.66231 -1.67925 
-0.357614 -0.177696 -0.440845 -0.269106 -0.397946 0.192993 0.643654 0.697899 1.59905 -0.247579 0.654409 0.0276166 0.807778 0.379719 -1.10078 -1.57474 -2.5 -1.79912 -0.593809 0.0953598 0.20997 0.916505 -0.152504 0.936161 2.03348 0.417148 
-0.751459 -0.622145 0.10413 0.487096 0.602392 0.480594 -0.197173 -1.09841 -0.831955 0.690995 0.581828 -1.55437 -0.4722 1.11762 -1.30358 -2.29624 -0.998533 0.827983 1.70914 0.693176 -0.0310633 1.91567 -0.0220572 0.845336 0.301331 -0.178108 
0.434325 0.0454506 -0.0433021 -0.148556 -0.247822 -0.379662 -0.647844 -1.15008 -0.669532 -0.460338 -0.987821 -1.14936 -1.90799 -0.496784 0.610231 1.53308 1.33455 1.11209 1.54786 0.820901 0.935866 1.32177 0.572974 0.422731 -1.96507 -0.437661 
-2.0595 -0.893715 0.132428 0.0437136 0.144367 0.293633 0.252324 0.678325 0.272175 0.807153 1.38793 -0.117339 0.574747 0.75088 0.725918 0.450621 1.21358 1.35674 0.608542 -0.278476 0.0845039 -0.546628 -1.30084 -0.992735 -2.75241 -0.835945 
0.297866 0.335814 0.0797273 -0.369763 0.365138 0.82315 1.41751 1.39859 0.607871 1.46305 1.05717 -0.0737996 -0.0402383 0.762205 -0.619889 -0.400759 -0.287002 -1.91644 -2.4837 -1.47721 -1.20193 0.0105311 -0.65693 0.262768 -0.332 0.978255 
0.480974 0.480974 0.487503 0.393189 0.301068 0.0924003 -0.421214 -1.23336 -1.91095 -1.47067 -0.689927 -0.693056 -0.0538995 1.68662 2.52464 1.86673 0.886346 0.195591 -0.02127 -0.0874932 -0.128292 -0.305437 -0.956397 -0.949323 -0.23737 -0.23737 
0.340479 0.340479 0.213335 0.319571 0.228464 0.341173 0.510769 0.404858 0.152012 -0.732731 -0.995387 -0.37009 -0.228297 1.0009 2.64813 1.88549 0.509086 0.410621 0.255152 -0.16846 -0.648143 -1.10425 -0.731108 -0.701082 -1.94049 -1.94049 
-0.717941 -0.717941 -0.806423 -0.686275 -0.195577 -0.151671 0.542112 0.166092 0.997898 1.0414 0.614265 2.07175 -0.0505756 -1.78815 -1.56382 -1.68261 -1.11662 -0.0674868 1.33129 0.995713 -0.758093 -0.503811 0.768761 0.982125 0.647802 0.647802 
0.334439 0.334439 -0.0892086 -0.113227 0.0577786 -0.187997 -0.655159 -1.75294 -2.18033 -1.30203 -0.133004 -0.0850053 0.237376 -0.227082 -1.06661 -0.524376 -0.469561 0.363967 0.303996 0.033001 0.455546 0.29583 0.483222 1.28246 2.30223 2.30223 
-0.944891 -0.944891 0.0383595 0.410916 0.152603 0.535807 0.436732 1.37008 1.76977 0.653246 1.21659 0.64648 -1.11904 -2.12786 -2.22173 -1.09957 -0.77723 -0.413131 0.237315 0.970541 0.407753 -0.15164 -0.267808 -0.301015 0.761307 0.761307 
-0.683765 -0.683765 0.0815061 -0.253319 -0.352498 -0.156166 0.572907 1.19069 1.43473 1.06341 0.370838 0.215373 -0.0434447 -1.34024 -2.52147 -2.33591 -0.96703 0.209914 0.188104 0.159167 -0.275257 0.241531 0.734328 1.29825 0.926056 0.926056 
-0.491975 -0.491975 -0.697113 -0.879314 -0.721704 -0.461965 -0.430105 0.217555 2.07505 1.63845 0.0456469 1.08871 1.33358 -0.248163 -1.85134 -1.48429 -0.254741 -0.727152 -0.340087 -0.35212 -0.150593 0.376581 -0.73912 0.404899 1.57064 1.57064 
0.501779 0.501779 0.050962 0.358398 0.176446 -0.786645 -1.13409 -2.15637 -0.670771 1.76225 0.707593 0.526122 1.4421 1.86337 0.467301 -0.276745 -0.288491 -0.282406 0.298865 0.635815 0.950905 -1.19015 -1.91224 -0.851194 -0.347292 -0.347292 
-0.166037 -0.166037 -0.173801 -0.0463067 0.351624 0.901723 0.39226 0.819897 -0.984536 -0.983745 0.174205 0.0585585 0.247208 -1.89875 -1.94233 -1.41525 -0.300024 1.72244 1.71133 0.675969 0.692454 -0.431112 -0.06837 1.98804 -0.579708 -0.579708 
0.509527 0.509527 0.670182 0.283208 -0.0364923 -0.538791 -1.03246 -0.434424 1.10097 0.863068 -1.45451 -0.69996 1.65997 -0.55894 -2.1946 0.16083 1.94641 1.68257 -0.117756 -1.13456 0.74191 -0.0266699 -0.710285 0.172449 -0.68059 -0.68059 
-0.323395 -0.323395 -0.0324916 -0.0432752 -0.0705446 -0.243798 -0.623702 0.144252 0.873946 -0.159965 -0.540217 -0.777299 0.835828 2.74938 2.24848 0.909412 -0.2653 0.385284 -0.132173 -0.461211 0.680222 -0.205714 -0.755623 -2.43672 -0.715989 -0.715989 
2.21838 2.21838 0.909384 -0.056312 0.192007 0.043877 0.332634 -0.0480569 0.0656545 1.09545 -1.03343 -0.917278 0.837167 0.0889681 -0.382073 0.440081 0.876712 -0.700096 -1.77502 -0.615575 -0.348571 -1.5143 -0.534258 -1.5834 0.0948323 0.0948323 
-0.24726 -0.24726 -0.754193 0.276428 1.22023 1.07407 0.578061 -0.862421 0.0466382 0.446876 -1.61871 -1.1617 0.849043 -0.62323 -1.22987 0.325804 -1.59669 -2.30495 0.436396 1.31264 1.52685 0.546396 0.241928 0.317528 0.723705 0.723705 
0.0319404 0.0319404 -0.0562641 -0.148525 -0.255471 -0.649662 -1.21405 -1.3674 -0.196108 1.16777 0.753078 0.620662 2.25136 2.43734 0.194284 -1.50633 -1.53706 -0.822991 -0.238913 -0.0742556 -0.177993 -0.74863 -0.576344 0.698285 0.69167 0.69167 
0.097597 0.097597 0.200382 0.235249 0.241511 0.493743 0.282226 -0.126491 -0.88002 -0.889511 0.57147 0.962779 1.54706 3.00359 1.07647 -1.84894 -1.20634 -0.025073 -0.339657 -0.653338 -0.684779 0.140341 0.610682 -0.949477 -0.978528 -0.978528 
-0.136346 -0.136346 -0.0439389 0.401515 0.342876 0.499071 0.176101 0.282256 0.604918 -0.36335 0.724155 -0.57963 -3.03699 -1.23215 0.012882 0.275656 1.17392 1.81442 0.749425 -1.67526 -1.22159 1.10603 1.07456 -0.161324 -0.325425 -0.325425 
-0.649161 -0.649161 -0.675237 -0.0296484 -0.2704 -0.96323 -1.88821 -1.84503 0.300309 2.03346 1.13204 0.21288 -0.343472 -1.60491 -0.511985 0.458964 0.775208 0.650591 -0.548541 -0.0246941 0.0961163 -0.15918 0.881916 1.78559 0.917893 0.917893 
0.683121 0.683121 1.01222 -0.0845174 -0.0751118 0.0655511 0.551519 0.992109 -0.81865 -0.674093 -0.191411 -2.24861 -2.63615 -1.15951 0.722907 1.09057 0.42093 0.710765 1.03684 -0.0348777 -1.17672 -0.782193 -0.317385 0.723635 0.752969 0.752969 
0.581906 0.581906 0.270824 -0.532325 -0.0388328 0.730685 1.12225 0.671612 -0.247353 -1.11755 -0.916996 -0.514001 -1.5744 -2.4314 -1.05416 1.31511 2.23619 0.944123 -0.176246 -0.559599 -0.052573 0.808895 0.85269 0.0490344 -0.474902 -0.474902 
-0.316694 -0.316694 -0.46068 -0.174015 0.175232 0.0758567 0.382415 1.82514 0.968293 -1.75833 -0.589015 0.863223 -1.21106 -2.6715 -1.13144 1.10714 0.443755 -0.222027 0.141791 -0.00483246 0.421281 -0.619671 -0.132203 1.67073 0.766656 0.766656 
-0.277136 -0.277136 -0.0572867 0.13498 -0.773581 -0.891924 -0.934253 0.376566 2.84747 1.03092 -0.838716 0.570497 1.00152 -0.65184 -1.48516 -0.495225 0.041198 0.465267 0.70187 0.511523 -1.26051 -2.00221 0.287635 1.16435 0.405589 0.405589 
0.0815207 0.0815207 0.165941 0.434571 0.714398 0.113568 0.0324801 -0.824981 -1.10762 0.853919 0.776821 0.135001 -1.20937 -1.36314 0.406811 1.17411 2.16428 1.41848 -0.60626 -0.587988 -0.64639 -0.417117 1.6885 -0.25192 -1.61357 -1.61357 
0.156407 0.156407 -0.0606605 -0.330109 -0.394798 -0.492384 0.124833 1.26301 0.794099 -1.36717 -0.810467 1.81331 0.145393 -2.09588 0.470035 2.38913 0.919889 -1.09157 -1.51394 0.548507 0.687744 -0.748297 0.177983 0.0829472 -0.412209 -0.412209 
0.179424 0.179424 0.171486 -0.0627379 -0.18234 -0.441932 0.250938 1.06777 -0.258675 -1.07576 -0.489176 0.978252 2.56144 1.0052 -1.38922 -1.88525 -0.420562 0.0632767 -0.657874 0.56332 0.153359 -1.09172 -1.67708 -0.00554819 1.23199 1.23199 
-0.915011 -0.915011 -1.67685 -0.448278 0.196704 0.228606 0.045137 -0.0929576 1.01979 -0.749406 -1.47019 1.59338 0.911497 -0.844201 0.394659 1.11073 -0.781828 -1.9743 0.184343 1.243 -0.591342 -0.0288253 0.0631476 0.613957 1.44163 1.44163 
-0.383864 -0.383864 0.300895 1.26478 0.482912 -0.473713 -1.33368 -0.400135 0.822865 -1.15353 -1.11581 1.59256 0.310716 -1.42831 0.583501 -0.290771 -1.79496 1.30376 2.35652 0.67746 -0.556152 -0.900768 -0.199113 0.27305 0.22282 0.22282 
