28
1.47701 1.63348 1.76361 1.57365 1.27541 0.80878 0.14887 -0.404827 -0.681895 -0.850442 -0.788797 -0.694997 -0.0778341 0.3696 0.624885 0.649431 0.614486 0.50506 0.322565 0.0145232 -0.309284 -0.495563 -0.74973 -1.09956 -1.35635 -1.41532 -1.62285 -1.2339 
0.13542 -0.0757295 -0.459836 -0.037317 0.66315 1.22287 0.761118 0.698134 -0.832674 -2.522 -1.9779 -2.77005 -1.10786 0.128237 0.354073 0.350295 0.560466 0.646148 0.365417 0.502558 0.224705 0.485824 0.9498 0.782057 0.656439 0.444772 -0.264547 0.116424 
-1.30368 -1.52316 -1.63296 -1.6275 -1.33564 -1.41026 -0.719503 -0.303061 0.472763 0.831784 1.74763 1.96315 0.730784 0.110398 0.0299471 0.105705 0.0415885 -0.116198 -0.211777 -0.436319 -0.0449999 -0.220833 0.0659286 0.899635 1.00829 1.03181 0.923313 0.92317 
0.542041 1.0348 0.639555 0.501236 1.10998 0.084069 0.608992 0.0242219 -0.772413 -1.42017 -1.99165 -1.86349 0.24158 0.839784 0.640388 1.18289 0.975412 1.62277 1.13986 0.247387 0.121989 -0.954796 -0.443425 -1.14552 -1.60635 -0.718484 -0.488223 -0.152429 
0.17652 -1.11791 -1.27923 -1.54002 -1.69539 -1.1115 -0.403347 0.356942 0.37396 1.22246 1.24158 1.20348 0.307622 -0.644984 -0.710915 -0.794555 -0.487263 -0.619894 -0.970441 -0.47421 -0.285876 0.378255 0.435589 0.823499 1.07365 1.5023 1.77401 1.26566 
-0.843938 -0.436925 -0.547667 -1.16517 -0.882894 -0.728076 0.475992 1.35642 0.807901 0.845946 0.356512 0.478064 -0.596698 -2.11524 -1.79906 -1.23583 -0.653128 -0.68695 -0.341387 0.357955 0.374117 0.727357 0.419071 1.32876 1.84438 0.504921 1.00105 1.15452 
-1.2696 -0.974772 -0.175289 -0.371439 0.0590837 0.106755 1.12275 1.65972 0.962988 0.609853 -0.641514 0.0304304 1.25064 1.96137 1.71095 1.18046 0.940591 -0.171525 -0.464795 -0.98656 -1.25652 -1.21004 -1.39179 -0.74003 -0.359923 -0.436243 -0.265997 -0.879559 
0.136072 0.575598 0.58084 -0.0135844 -1.0204 -0.534948 -1.20723 -1.58123 0.152149 0.85017 -0.54065 0.405601 0.19315 -1.35464 -1.52754 -1.1645 -1.60611 -0.84917 0.0841552 -0.374241 1.23201 1.32484 0.881634 0.801177 0.409426 0.998132 1.57891 1.57039 
-1.44695 -0.526401 0.170102 0.298625 -0.167867 -0.59956 0.205278 -0.906638 0.175498 0.042209 -0.585516 -0.612546 -1.81068 -0.951882 -0.633089 -0.720474 -0.981626 -1.20282 -0.397173 0.558395 0.83594 0.544768 1.00564 1.21392 1.23131 1.66317 1.42004 2.17831 
1.6203 1.30605 1.64078 1.73335 0.765215 0.171556 0.49782 0.656294 1.04273 1.02964 0.169626 0.744344 -0.404593 -1.18869 -0.963338 -1.42545 -1.01029 -0.203521 -0.0338778 0.010453 -0.467604 -0.433376 -1.03388 -0.647888 -0.311932 -0.27599 -0.854875 -2.13284 
0.626681 -0.169631 0.387603 1.93334 1.01043 -0.617342 -1.58249 0.853641 0.359218 -0.0745077 0.0599157 -0.313051 -1.62969 0.0998078 1.0276 1.33443 1.36596 0.561732 1.00423 0.969664 -1.13379 0.271562 -0.849728 -1.07425 -1.16338 -1.00627 -0.967281 -1.2844 
-1.05968 -1.58409 -0.900884 -0.804102 0.173971 -0.184461 0.240851 0.842022 0.0239392 -1.96579 -1.41717 -1.20563 0.388147 1.28107 0.0258071 0.459999 0.858818 1.65542 1.29734 1.20182 -0.0500758 1.32506 1.02384 0.485701 -0.903457 -0.670105 -0.856244 0.317881 
-0.418043 0.346071 -0.352458 0.292072 -0.202126 0.158136 -1.4855 -1.29265 -1.74295 -1.49418 -0.825879 -0.217461 1.19854 1.08242 1.38918 1.43368 1.12731 0.759666 1.20519 1.15486 0.991904 0.743206 -0.223114 -0.598243 -1.19914 -0.439941 -0.0696376 -1.32094 
0.889657 0.889657 0.251568 -0.537483 -1.04711 -1.71327 -1.87366 -1.16848 -0.459044 0.164854 0.648087 1.67133 2.32271 1.65615 0.877202 0.342608 0.0958381 -0.175944 -0.541788 -0.80208 -0.577797 -0.449522 -0.75078 -0.755606 -0.219858 -0.129132 0.69594 0.69594 
-0.513602 -0.513602 0.0729611 1.07691 1.20392 0.12809 -0.448329 -1.43791 -2.94335 -1.02269 -0.192211 0.842765 2.72024 1.39066 0.242955 0.228455 0.311264 -0.143146 -0.0955121 -0.0928487 0.0219142 0.708599 0.311616 -0.23415 -0.274808 -0.815119 -0.266536 -0.266536 
-0.658128 -0.658128 -0.350064 0.200035 0.0903498 0.636661 1.3092 1.42569 1.34706 1.53882 1.34229 -1.59977 -2.74458 -1.16699 -0.21359 -0.191219 -0.511067 -0.554156 -0.645581 0.0212451 0.087954 -0.0552413 1.32736 1.08344 -0.0261423 -0.323539 -0.355951 -0.355951 
0.151327 0.151327 -0.472804 0.520137 -0.357689 -0.440592 -0.00430196 -1.31131 -1.37361 -1.15093 -0.383547 2.26353 2.7284 0.449305 0.394214 0.386223 0.489925 0.217521 -1.30536 -0.951777 -1.13406 -0.504303 -0.133735 -1.09524 0.477219 1.16071 0.614709 0.614709 
-1.80513 -1.80513 -0.59156 -0.584568 0.407154 1.42099 1.6281 0.816653 0.92022 0.92269 -0.11825 -1.19251 -2.26621 -1.29181 -0.271575 0.166616 0.109098 -0.663256 0.0750767 0.707765 0.904894 0.75109 0.426784 0.653165 0.700995 0.726314 -0.373795 -0.373795 
0.144784 0.144784 -0.916558 -0.509414 0.290669 1.2456 1.99729 0.181703 -0.69096 -0.629751 -0.543242 -1.14961 -2.84866 -1.40772 0.748887 1.02498 0.406473 0.16081 0.920329 0.579086 0.220543 -0.115567 0.460886 1.31441 -1.01559 -1.03578 0.510812 0.510812 
1.04785 1.04785 0.54924 0.174549 0.422158 1.01672 1.51363 -0.225703 -1.12964 -1.69289 -0.651886 1.85808 1.89747 0.40399 -0.8565 -0.845789 -1.43645 -1.49068 -0.891158 -0.867484 -0.290413 -0.200839 0.413844 0.984432 0.245042 0.031921 -0.513666 -0.513666 
0.307849 0.307849 -0.682545 -1.65197 -0.617584 -0.297144 -1.12039 1.18393 2.21079 -0.781797 -0.544024 0.584706 -1.80427 -1.76639 0.0639438 -0.193448 0.183865 1.50088 0.336739 0.981317 1.50933 -0.453797 -0.619789 -0.570499 0.0704758 1.00203 0.429964 0.429964 
1.7153 1.7153 0.702892 -0.783704 -1.4998 0.125275 -0.744219 -0.389763 0.861165 -1.32446 -1.18864 -1.91775 -0.785452 1.15355 -0.055899 -0.797213 -0.968249 0.395379 1.89957 1.22453 -0.369115 -0.134781 0.503649 -0.0632305 0.222552 -0.11045 0.306786 0.306786 
0.360492 0.360492 0.853817 -0.726078 -1.55822 0.011407 0.923468 0.996438 0.788385 -0.723099 -0.0102963 -0.360659 -2.0084 -0.341894 0.0485575 0.278725 1.81741 1.51969 0.59513 -0.190292 -0.202543 -0.351033 0.0755333 1.21112 0.786634 -0.322732 -1.91602 -1.91602 
-0.0963858 -0.0963858 1.72608 0.5743 -1.89516 -1.92802 1.23429 1.60059 -0.632585 -0.143249 -0.0959698 -1.22511 0.410917 2.15741 1.05037 0.352948 -0.51162 -0.191823 0.407084 -1.57405 -0.453575 0.310693 -0.957591 -0.154419 0.142555 0.24225 -0.126775 -0.126775 
0.0364643 0.0364643 0.567641 0.81978 0.43053 -0.0421301 0.778418 -0.284797 -2.50025 -1.3316 0.550686 1.44439 2.02704 -0.409152 -0.801405 0.612982 0.922873 0.27566 -0.487181 -1.25148 0.00606263 0.818976 -0.81705 -1.74733 -1.08764 -0.0589465 0.745499 0.745499 
0.164149 0.164149 0.0257168 0.262252 -0.0668184 -1.39741 -1.59121 -0.209799 -0.145064 1.14983 1.56616 2.43171 1.59298 0.308912 0.494851 -0.214918 -0.692021 0.178382 0.54571 -0.158673 -0.38831 -1.31829 -1.46464 -1.04163 0.271478 1.39575 -0.931624 -0.931624 
-0.648028 -0.648028 -1.45846 -1.32652 -1.2003 -0.841596 0.566916 1.4603 1.37682 1.14449 1.55466 1.72736 -0.00824202 -1.47733 -1.34178 -0.795186 -0.525251 -0.647553 -0.635751 -0.0296319 0.369465 -0.170318 -0.307026 0.552663 0.650805 0.947969 0.854784 0.854784 
0.39868 0.39868 1.1562 0.809446 -0.75983 -1.29059 -1.22552 -1.9265 0.269395 2.03194 1.36366 2.15366 0.369506 -1.91312 -0.920839 0.00763625 -0.324293 -0.350835 -0.00595444 0.0446973 0.560819 0.174686 -0.755248 -0.486386 -0.48227 -0.037664 0.370022 0.370022 
0.213399 0.213399 0.637751 0.315495 0.312573 0.915985 0.584423 0.00495991 0.063019 -0.0279215 -2.44538 -3.17689 0.309608 1.92819 0.728472 -0.253721 -0.304217 -0.12801 0.419625 0.541611 -0.0832468 0.931848 0.854143 -1.06835 -1.1096 -0.278662 -0.0492475 -0.0492475 
-0.461652 -0.461652 0.283171 0.0928695 -0.714141 0.271602 -0.646623 -1.02062 0.126825 0.749184 2.56777 2.34085 -1.35437 -1.7444 -0.0407991 0.0783142 -0.120027 -1.34015 -0.870592 0.13501 0.342178 0.756883 -0.436754 0.464808 1.69875 0.109654 -0.403045 -0.403045 
0.971318 0.971318 0.977452 0.782842 1.66605 0.977784 -0.623367 -0.714196 -0.000222441 -1.00419 -1.94871 -1.97745 -0.180346 1.65648 1.18611 0.24069 -0.821211 -0.123083 1.10943 0.634684 -0.0552346 -0.512641 -0.179139 0.147301 -0.0290729 -1.03605 -1.05826 -1.05826 
-0.724285 -0.724285 -0.457373 0.76292 1.12203 1.09031 -0.725957 -1.79083 -0.560466 0.0683385 -0.369305 -1.53986 -0.197708 2.32994 1.5663 -0.252977 -0.595028 0.308367 0.245708 -0.487259 -0.483894 0.12906 0.908947 -0.996435 -1.56921 0.972163 0.985399 0.985399 
-0.256807 -0.256807 -0.531906 0.0159661 0.727594 0.91063 -0.802918 -1.83142 -0.967939 0.460041 2.7164 1.98101 -0.958329 -1.9127 -0.80832 -0.316531 -0.364209 0.509626 0.566821 0.550339 0.598723 0.626338 0.979499 -0.0146642 -0.590065 -0.447775 -0.291301 -0.291301 
-0.620422 -0.620422 -1.25802 0.07369 0.92204 -0.299731 1.00508 2.22189 -1.2619 -1.78089 0.929719 -0.797904 -1.51536 1.2597 1.06549 0.109837 1.14533 0.131511 -0.310757 0.80218 -0.912915 -1.36936 -0.0457908 0.484955 1.06522 0.267401 -0.345287 -0.345287 
-0.620047 -0.620047 -1.6551 -1.4488 0.717734 0.610929 -0.273751 1.20261 -0.565944 -1.34234 -0.328237 0.365569 2.22327 0.592807 -1.27339 -0.550383 0.915202 2.08159 0.662152 -1.49474 -0.861584 0.69252 0.134667 -0.110868 0.051972 0.143498 0.375353 0.375353 
0.492155 0.492155 -0.626276 -1.5646 0.664999 1.89975 0.840241 0.0472957 -1.07436 -0.422476 0.3995 -1.27157 0.156206 1.59908 0.582268 1.39512 1.02142 -0.722348 -1.0676 -0.421762 0.0291315 0.339777 1.2488 0.646322 -0.942915 -1.77033 -0.98499 -0.98499 
1.00529 1.00529 0.352133 -2.08177 -1.44724 1.74647 1.97283 -1.08689 -1.01712 0.276103 -0.641717 0.259245 1.88999 0.334421 -1.0515 -0.913993 -0.33714 0.492781 -0.81205 -0.516277 1.04061 -0.314028 -0.291966 0.595676 0.196741 -0.18094 -0.237476 -0.237476 
0.264782 0.264782 0.419026 -0.144039 -0.587431 0.152656 -0.208613 -2.06587 -0.700537 1.80623 1.63803 0.842986 -1.19406 -1.79044 0.565122 0.994654 -0.266517 -0.922756 -0.994384 0.241577 1.20643 -0.563697 -1.63009 -0.225693 0.972697 1.06125 0.431952 0.431952 
0.0208903 0.0208903 0.197986 0.0552535 -1.11807 -1.01679 1.01371 1.20727 1.1425 1.40574 1.08429 0.144617 -1.46482 -0.697643 -0.26766 -0.764084 0.419002 1.05123 -0.12782 -0.574772 -0.743676 -0.681323 0.331673 1.42438 1.94941 -0.776235 -1.61798 -1.61798 
