32
1.14447 1.33284 1.35266 1.34309 1.33897 1.32188 1.05123 0.506396 0.143059 -0.185399 -0.283136 -0.183175 0.14578 0.588076 0.84186 0.935308 0.851245 0.598711 0.386212 0.0379792 -0.271831 -0.608673 -0.912155 -1.05683 -1.14571 -1.1755 -1.30531 -1.40809 -1.3167 -1.33732 -1.40326 -1.32666 
-0.115513 -0.221316 -0.438173 -0.386018 -0.357895 -0.243353 0.298201 0.610043 0.691023 1.19335 0.973633 1.23661 1.37158 1.63661 1.21776 0.637918 0.825093 0.72691 0.875966 1.33924 0.446625 -0.636773 -0.867839 -0.68795 -0.76822 -1.12785 -1.50242 -1.79302 -1.48821 -1.0691 -1.16099 -1.21592 
-0.736682 -0.827946 -0.875371 -1.03858 -1.22931 -1.32748 -1.28399 -1.38834 -1.45345 -0.600789 -0.377368 -0.444457 -0.503589 -0.182886 -0.0730854 -0.539033 -0.704091 -0.401607 -0.603502 0.690086 1.18856 1.1346 1.1636 1.139 1.36916 1.17541 1.19205 1.00387 1.17582 1.13042 1.07752 1.15147 
1.74434 1.73973 1.64336 1.75027 1.9187 1.78528 1.26779 0.44058 0.283477 0.272527 -0.175569 -0.2369 -0.768814 -1.01446 -0.973525 -1.19417 -1.10546 -1.03628 -0.967797 -0.417333 -0.453026 -0.367879 -0.427324 0.02704 0.106488 -0.413207 -0.618022 -0.320413 -0.499875 -0.785839 -0.79134 -0.412338 
-1.13746 -0.760032 -1.01935 -0.688206 -0.301876 0.0671813 0.126403 -1.08498 0.982559 1.43937 0.753077 0.939189 1.4367 0.368728 -0.571816 -0.195101 0.0353922 -0.392991 0.289425 0.200509 1.17194 1.84852 0.679003 1.98416 1.00022 -0.219078 -0.849372 -1.25386 -1.54951 -1.538 -1.15322 -0.607532 
-1.1594 -1.39842 -1.49035 -1.74843 -1.97668 -1.7596 -0.628818 0.0320297 0.622846 0.288159 1.40392 1.00787 0.211652 -0.719187 -1.04685 -0.84657 -0.350411 -0.405284 0.627772 0.81318 0.570791 -0.0320891 0.163483 1.02619 1.09922 0.878803 1.20107 1.12745 0.861824 0.275602 0.585112 0.765115 
-0.303247 -0.359147 -1.0906 -0.567894 -0.523016 -0.536325 -1.00422 -0.547213 0.0407572 0.948474 0.700212 1.19979 1.50464 0.346361 -0.363145 -1.23468 -1.56784 -1.72815 -1.62985 -0.990778 -0.424039 -0.900164 -0.0401545 1.03964 1.27486 1.38832 1.14208 0.950942 1.6218 0.562371 0.358824 0.731401 
-0.534991 -1.01689 -1.07393 -1.0069 -1.31576 -0.699163 -0.385385 -0.935879 -0.477462 -0.687026 -0.473877 -0.359243 -0.746892 0.0579935 0.343602 0.846785 1.90944 2.74544 2.31331 0.65797 -0.0471224 1.04737 0.686564 0.113897 -0.352219 -0.376368 -0.911633 -0.573892 1.13121 0.516986 -0.526216 0.130286 
0.998764 0.614642 0.681593 0.364786 0.341861 0.308216 1.0356 1.27691 1.2054 1.18492 0.419961 -1.409 -1.53903 -1.12464 -0.994817 -1.59929 -1.34972 -0.495507 -0.135916 -0.943308 -1.26301 -1.05444 0.197784 -0.255961 -0.0103641 0.124742 -0.962272 -0.280347 1.21618 0.557049 0.688944 2.20027 
-1.92182 -1.70475 -1.03844 -0.832062 -1.10367 -1.51335 -1.27708 -0.647935 -0.115066 -0.82795 -0.853655 -1.27791 -0.437072 0.260593 0.580489 1.40733 1.38745 1.03893 0.675249 0.795306 1.41565 0.393638 1.49481 0.32062 0.281926 0.430449 0.112156 0.344388 0.52111 0.0319586 0.860777 1.19793 
0.275334 1.19185 1.68356 2.03915 1.58538 -0.0632085 -1.34421 -1.15293 0.490271 0.763496 -0.837975 -0.646699 -0.328486 -0.116656 -0.623826 0.112366 -0.394599 -0.245096 0.0156016 -1.02327 0.712793 0.165083 2.39902 -0.0328276 0.116448 -0.950719 0.773635 -0.00487384 -1.29388 -1.33082 -1.01522 -0.918689 
-1.25339 -1.2563 -1.4765 -1.34046 -1.20809 -0.805283 -0.978103 -0.576907 0.338809 1.69016 1.45453 2.04794 1.15236 1.15038 1.58869 0.804634 0.520312 0.377638 -0.19136 -0.896462 -1.33713 -0.144997 0.438453 0.366023 -0.0233949 -0.841494 0.597734 0.779696 -0.214019 -0.041348 -0.332487 -0.38962 
0.687911 1.21592 0.814863 0.994745 1.07611 0.909308 0.28511 0.152303 0.723294 0.439733 0.74429 0.0505519 -1.07211 -1.41632 -1.74723 -1.98057 -2.16311 -1.855 -1.85566 0.190191 0.101664 -0.260734 0.62686 0.100531 0.400576 0.649449 0.403429 0.878411 0.267992 0.289233 0.38361 -0.0353459 
0.889481 0.889481 0.405905 0.347412 0.32903 -0.322133 -1.61147 -1.83791 -1.30928 -0.660394 0.386283 1.42874 2.2651 2.08145 1.22918 0.40378 -0.441495 -0.755279 -0.989082 -1.22683 -1.199 -1.18353 -0.714042 -0.189764 0.0909255 -0.00905581 -0.187405 0.353009 0.553761 0.169374 0.406881 0.406881 
-0.403493 -0.403493 -0.142536 0.262184 0.365252 1.21347 1.53942 0.778527 1.09323 0.596449 0.201017 0.786998 0.790386 -0.124569 -1.52034 -0.519143 0.27658 0.213607 1.14117 -0.579738 -3.13493 -2.04202 0.0450129 0.294138 -0.597182 -1.08338 -0.969334 0.153021 1.32551 0.670151 -0.112991 -0.112991 
-0.523825 -0.523825 -0.672452 -0.968511 -0.834148 -0.350268 -0.36304 -0.587393 1.38966 1.98572 0.0856441 -0.49807 0.303057 0.652046 -0.973065 -1.54088 0.0465885 -0.0295111 2.01797 3.46483 0.680985 -0.28887 -0.228212 0.187344 -0.162115 -0.603207 -0.591677 -0.270827 0.024106 -0.440392 -0.193826 -0.193826 
0.079606 0.079606 0.319603 0.889476 0.372268 -1.10385 -2.59691 -1.82135 -0.0647273 -0.690956 -0.799378 -0.979759 -1.37641 -0.143615 -0.0898073 0.0129983 0.636704 0.593188 1.62894 1.40474 0.403356 0.352241 1.14681 1.44572 -0.6505 -1.26225 0.496629 0.551188 -0.704686 -0.330315 1.10072 1.10072 
0.0802585 0.0802585 0.0344378 0.673643 0.711179 0.387335 -1.17734 0.810943 2.46249 -0.263864 -0.531866 0.640129 -0.601442 -2.02515 -0.594875 0.564479 -0.232588 0.214826 0.550907 0.837039 1.5949 -0.524691 0.0976217 0.281336 -2.21793 -1.86781 -1.06113 -0.729826 -0.31798 0.355671 0.884514 0.884514 
-0.552006 -0.552006 -0.574981 -0.739265 -0.166608 1.47125 2.00605 1.35531 0.155524 0.788174 0.714213 -1.59004 -2.23454 -1.66986 -0.306672 0.68617 0.378668 1.02572 1.3153 -0.221826 -1.17184 -0.644027 1.12225 0.974559 -0.330782 -0.0303982 0.14651 -0.562007 -1.17978 -0.486638 0.43679 0.43679 
-0.921838 -0.921838 -0.273587 0.596189 -0.00434356 -0.578838 -0.0519128 1.13104 1.63601 0.699119 0.241854 0.86154 -0.995869 -2.13232 -1.81106 -1.38942 -0.59258 -0.10919 0.786414 1.31124 0.0618071 0.390379 2.13358 1.43359 0.350935 -0.188476 -0.529734 0.497741 -0.475056 -1.45471 0.149662 0.149662 
-0.540215 -0.540215 0.00275625 -0.246331 0.297286 0.913173 -0.24127 -0.0981989 0.239037 -0.00357228 0.317111 -0.277176 0.405595 1.07156 0.773123 1.54175 1.87095 0.392373 -2.07196 -2.34197 0.378057 0.718616 -0.930472 -1.03464 -0.49207 -0.56047 -0.202503 2.01358 1.07193 -1.64658 -0.389628 -0.389628 
-0.386985 -0.386985 -0.321612 -0.408895 -0.133901 0.594766 0.861784 0.0859368 -0.1683 -0.841744 -2.59805 -1.98145 0.197196 0.449553 -0.53992 -0.42363 0.992978 1.09983 -0.513847 -1.17354 -0.18689 1.33969 0.696484 -0.281106 0.290758 -1.00341 -0.472366 2.03665 0.734277 -0.590993 1.51686 1.51686 
0.909971 0.909971 0.894789 -0.435282 -1.3089 -0.588677 0.884479 1.30509 -0.598046 -1.39016 -0.980861 0.247991 1.83899 1.10024 1.28342 0.801587 -0.86519 -1.35274 -0.688253 0.707204 -0.912372 -0.230507 -0.446314 -2.06277 -0.187017 -0.583518 -0.46481 0.237173 -0.785823 0.138917 1.3107 1.3107 
1.14956 1.14956 0.70719 -0.0384732 -1.61908 -2.27148 -0.820461 1.48573 1.55036 -1.00857 -1.0732 0.440771 0.456981 -0.193964 0.219577 0.219739 -0.242957 0.362466 -0.574752 0.588803 0.976158 1.36881 -0.117125 -1.7612 -0.684943 0.557253 0.784906 -1.5916 -1.00676 0.258722 0.363987 0.363987 
-0.29078 -0.29078 -0.136046 0.25658 0.553658 0.213792 0.211997 1.4242 2.4823 1.20016 0.356102 -0.378832 -1.04185 0.44358 -0.427355 -1.23208 -0.517831 -0.834848 -1.46117 -1.31827 0.794513 1.93498 0.526752 -0.556642 -1.38703 0.649369 1.76305 -0.946299 -0.956646 -0.17425 -0.430163 -0.430163 
0.239755 0.239755 -0.219497 0.416923 -0.0404336 -0.971234 -0.926385 0.65034 0.451462 0.0999744 -0.441141 -2.32397 -1.86286 -0.818352 -0.672092 -0.476372 0.237927 0.477873 2.77034 2.65443 -0.522595 0.765128 0.548867 -0.226242 0.796423 0.0760392 0.374329 -0.106395 -0.704982 0.224802 -0.355916 -0.355916 
-0.443397 -0.443397 -0.501585 -0.0388189 -0.628396 -1.89272 -1.47021 0.338266 1.20903 1.72437 2.11589 1.90667 0.686958 -0.992866 -1.63126 -1.6243 -1.11536 -0.507074 -0.431431 -0.171164 0.0807211 0.520077 1.02624 0.838421 0.217419 -0.239223 0.39783 0.774953 -0.145022 -0.10846 0.273922 0.273922 
0.178959 0.178959 0.458478 0.349433 0.655734 0.80967 -0.301662 -0.309434 -0.127021 -0.617472 0.130332 0.405777 -0.630841 -1.59716 -0.27378 1.23977 0.504802 0.595856 -0.549191 -2.95455 -1.01119 2.19495 1.61219 -0.4448 -0.952645 -0.258295 0.852644 1.58366 0.355885 -0.994768 -0.542144 -0.542144 
-0.119799 -0.119799 -0.325633 -0.128886 0.413363 0.311068 -0.181327 1.20209 1.77247 -0.923076 -1.74331 0.134688 0.783145 -0.903684 -1.54109 0.692441 1.03431 1.35413 2.41295 -0.945999 -2.6262 -0.648581 0.314618 0.0294863 -0.566093 -0.315118 0.214618 0.411653 -0.134357 -0.167983 0.154957 0.154957 
0.0919967 0.0919967 0.514936 -0.0470341 -1.5655 -2.28974 -0.618618 1.79318 0.752815 -0.631351 -0.300459 -0.514372 0.534436 0.86875 0.0301125 0.45307 0.344476 0.650278 0.516185 -0.995701 -0.867248 0.465647 0.725418 -1.42002 -2.09587 0.765237 1.25974 -0.977692 -0.740339 1.25379 0.975941 0.975941 
-0.0762279 -0.0762279 0.362023 0.419174 -0.241111 -1.33961 0.245622 2.45072 -0.781721 -2.0978 0.574982 -0.0925149 -1.87218 -0.04031 1.73068 0.203578 -0.284541 0.492366 0.381788 0.670966 -0.97844 -1.07137 0.507815 -1.6324 -1.5183 0.748315 0.735408 0.464704 0.699425 0.77964 0.317773 0.317773 
-0.0784452 -0.0784452 -0.192579 0.221227 1.47323 1.44694 -0.143029 -1.34811 -0.456492 0.325656 -1.71471 -2.11108 -0.117935 1.27687 1.57433 0.413645 0.173412 0.588224 -0.929195 -1.79038 -0.355801 1.5313 1.062 -1.07195 -0.760662 0.269108 -0.43181 -0.9839 -0.0101218 1.0606 0.579053 0.579053 
0.387653 0.387653 1.04762 0.100069 -0.995819 -0.140323 1.1932 1.17654 -0.431966 -1.16209 0.0190133 -1.04339 -2.37592 -0.722783 0.459471 0.820334 0.867186 0.942128 0.973572 -0.654048 -0.802965 1.4678 0.687342 -1.45687 -1.33502 -0.772466 0.416461 -0.0627398 -1.58571 0.369797 1.11314 1.11314 
0.299122 0.299122 0.143024 0.143428 0.685491 -0.37865 -0.674955 0.259851 0.0181532 0.00778012 -0.21261 0.0143038 0.804076 0.189175 0.253514 0.646842 -0.761439 -2.5121 -1.75471 1.49423 1.87686 -0.861177 -1.13988 0.23359 0.256009 0.140319 1.57196 0.757518 -2.3349 -0.957081 0.74656 0.74656 
-0.0777986 -0.0777986 -0.133673 0.000517014 0.522851 0.517745 -0.445376 -0.77906 -0.713506 -1.67506 -0.849232 1.66974 1.43657 -0.591515 -0.67862 0.861645 0.855603 -1.08425 -1.57496 0.0896555 1.48921 0.445849 -1.15721 -0.379374 -0.582035 -0.608165 1.82646 0.652791 -1.80175 0.381327 1.22971 1.22971 
-0.052892 -0.052892 -0.974043 -1.56856 -0.148612 1.47667 1.26917 -1.06911 -1.909 -0.307499 1.09214 1.91054 0.547856 -0.427144 -0.249213 -1.53042 -1.53437 0.0801618 1.38425 -0.197593 -0.691797 0.280395 -1.31132 0.137201 0.982089 -0.234765 0.525999 -0.264697 -0.110426 1.40959 0.769153 0.769153 
-0.229724 -0.229724 -0.677277 -1.36046 -1.30448 0.515132 2.2909 1.45878 -1.46131 -1.53889 0.9057 0.954221 -0.345181 -0.106699 0.284101 -0.241824 0.121458 -0.163354 0.171642 0.966661 0.503958 -0.620405 -1.84287 -0.305017 1.42735 0.918007 -1.25397 -1.03958 1.14637 0.858524 0.0989732 0.0989732 
0.11114 0.11114 0.373049 0.468003 -0.0206225 -0.219992 0.81535 1.52238 -0.141532 -1.41041 -1.04538 -0.924615 0.556529 0.417832 -1.10987 -0.0524338 0.272902 -0.621357 -0.314556 1.51263 2.17808 -0.170696 -1.65418 -1.26871 0.812418 2.10925 -1.05651 -1.80631 0.522933 0.359123 -0.162792 -0.162792 
-0.300076 -0.300076 0.1902 0.191661 -1.01567 -0.62879 1.30292 1.11516 -0.370267 -0.633914 -1.8136 -1.04153 1.21359 0.971042 0.317166 0.754764 0.788835 2.0046 1.73046 -2.48305 -1.40174 0.879134 -0.710001 0.244425 0.286584 -0.27145 -0.0868247 -0.777748 0.30886 0.322625 -0.393649 -0.393649 
