41
0.905439 0.950811 0.940975 0.965824 0.967462 0.940188 0.978537 1.08422 0.954214 0.902153 0.862098 0.673013 0.604441 0.377384 0.428199 0.61215 0.60315 0.594329 0.647202 0.606649 0.441748 0.450884 0.365928 0.245678 0.137183 -0.0569139 -0.0264234 -0.11588 -0.25682 -0.427866 -0.607428 -0.892242 -1.1831 -1.41862 -1.54964 -1.65154 -1.70063 -1.79382 -1.75054 -1.94962 -1.85877 
0.52975 0.673958 0.677688 0.589871 0.233128 0.36887 0.525263 0.420154 0.818773 0.740722 1.07178 1.34962 1.18175 1.05034 0.989639 0.767425 0.477188 0.199495 -0.0172234 0.0142301 0.0109768 0.266032 0.192446 0.176027 0.350688 0.253765 0.360036 0.265375 0.188977 0.240461 0.403727 -0.140368 -1.13152 -1.12106 -1.17635 -1.13207 -1.553 -2.11726 -2.25306 -2.2142 -2.53203 
1.003 0.990625 1.27165 1.2499 1.36952 1.28197 1.3796 1.5467 1.39965 0.814058 0.779437 1.00459 0.778964 0.729971 0.82653 0.95597 0.713924 0.26615 -0.264244 -0.614367 -0.938784 -0.99227 -1.18429 -1.21821 -1.17651 -1.324 -1.34002 -1.40134 -1.46174 -1.50293 -1.02977 -0.742807 -0.728214 -0.214004 -0.334393 -0.223097 -0.493218 -0.422721 -0.184606 -0.250094 -0.320595 
1.47342 1.4227 1.32246 1.40429 1.50015 1.45727 1.2783 1.21734 0.919971 0.691354 0.875486 0.398333 0.344354 0.546026 0.517844 0.37062 0.309568 0.59247 0.809475 0.408201 0.309103 0.108984 -0.119811 -0.399565 -0.409349 -0.580301 -0.812559 -0.882873 -1.01537 -1.41747 -1.17642 -1.14134 -1.32895 -1.4309 -0.771778 -1.17457 -1.47998 -1.10056 -0.928675 -0.935049 -1.17223 
-1.20417 -1.0964 -1.11239 -0.752245 -0.508801 -0.270859 -0.396431 -0.809882 -0.931999 -1.15954 -1.24104 -1.24047 -1.29589 -1.05505 -0.924167 -1.33301 -1.08239 -0.86162 -0.508608 -0.588711 0.0148405 0.0802393 0.276238 0.390913 0.357236 0.100842 0.422417 0.721013 1.34012 1.38681 1.36583 1.15658 0.988043 0.975324 1.11641 1.20778 1.4835 1.48752 1.18224 1.29365 1.02616 
-0.644491 -0.760572 -1.00168 -1.0176 -0.729656 -0.519584 -0.79592 -1.07875 -1.17898 -0.697764 -0.634899 -0.96081 -1.12997 -0.817697 -0.975295 -0.946643 -0.868316 -0.851135 -0.86524 -0.974268 -0.534461 -0.507971 -0.215495 -0.0632136 -0.0702329 0.523485 0.685123 0.913184 1.24779 1.30573 1.26854 1.09968 1.02537 1.18199 1.23194 1.37113 1.448 1.75666 1.40538 1.4237 0.952949 
0.529804 0.66939 0.955153 1.13558 1.33468 1.28114 1.36702 0.94547 0.945637 0.985015 1.0506 0.958025 0.797959 0.563141 0.314182 0.44501 0.628114 0.640962 0.60473 0.511674 0.879474 0.657678 0.43268 0.314501 -0.237902 -0.754928 -0.973754 -1.18776 -1.11173 -0.75971 -1.01408 -1.27748 -1.37295 -1.60696 -1.128 -1.10258 -1.41558 -1.25127 -1.14781 -1.04984 -1.55528 
-0.892106 -1.25146 -1.50382 -1.60408 -1.74679 -1.74481 -1.67613 -1.14541 -1.36137 -1.05473 -0.842264 -0.597907 -0.386677 -0.581413 -0.341864 -0.541416 -0.389662 0.474799 0.596457 0.510034 1.12826 1.2145 1.50032 1.5166 1.44344 1.15513 1.24009 0.884813 0.691883 1.14958 0.553239 0.677272 0.201005 0.207448 0.387075 0.51531 0.232657 0.209924 0.421535 0.420472 0.330065 
-2.17183 -0.742732 0.0568859 0.635012 -0.756424 -1.11884 -0.218783 0.20072 0.559723 0.340738 -0.563945 -1.37228 0.20234 -0.455261 0.374673 0.112331 -1.26605 -0.228981 -0.730447 -1.76496 -0.80134 -0.0215674 -0.321051 -0.106904 -0.612684 -1.01695 -0.140373 -0.65825 -0.503048 1.35623 -0.135451 1.11791 1.01353 0.161271 1.95005 1.78047 0.251369 1.4206 0.306475 2.38984 1.47798 
0.695663 0.806823 0.790993 0.450711 -0.189401 -0.19656 0.14492 0.890803 1.48846 1.63844 1.20604 0.909688 1.30138 1.50874 1.06498 1.26186 0.45032 -0.176906 -0.294845 -0.901022 -0.584825 -0.915703 -1.02294 -1.16762 -1.84259 -1.81839 -1.91673 -1.85396 -1.94181 -0.286028 0.224529 -0.0841236 -0.154699 0.0934269 0.422033 0.226883 -0.172285 -0.394231 0.397439 0.298895 -0.358358 
-1.5545 -1.70415 -1.51365 -1.27093 -1.26454 -1.61274 -1.82262 -1.17424 -0.513337 -0.106318 -0.819448 -1.00389 -0.0873768 0.0289953 -0.244622 0.945803 0.221407 0.19049 -0.076339 -0.249338 -0.984334 0.0286742 0.686964 1.29407 1.22152 1.40533 1.54442 1.06708 0.620817 1.14508 1.17068 0.632982 1.01063 0.286505 1.38761 0.577364 0.0792639 -0.754241 1.11293 0.200899 -0.102919 
-1.17858 -0.78769 -1.26341 -1.33835 -1.51506 -1.5895 -1.26436 -1.54551 -0.832369 -0.32653 -0.693881 -0.499357 -0.223803 0.242564 -0.555334 -0.367352 -0.139222 -0.948956 -1.51465 -0.452573 0.209354 0.401408 0.423232 0.92765 1.57923 0.908784 1.54574 0.853303 0.436735 0.564527 0.567136 0.922721 1.8944 1.36134 1.1642 1.17925 0.611699 -0.826591 0.279478 0.863146 0.92717 
1.03218 0.90187 1.87334 1.20408 2.87999 2.75961 0.933619 0.592407 -0.175473 -0.542363 -1.47752 -0.091089 -0.217295 0.227933 1.0075 0.875085 -0.0842506 -0.773706 -0.625672 -0.427332 -0.267709 -0.684649 -1.24985 -1.11309 -0.719522 -1.0047 0.126756 -0.572858 -0.0944413 -0.174251 0.927168 -1.16634 -0.293258 -0.415749 -0.871042 -0.0119642 -0.513353 -0.858956 -0.625992 0.369583 -0.658698 
0.989612 0.989612 0.873865 0.938576 0.644617 0.851659 1.60152 0.65202 -0.237642 0.269683 -0.503091 -0.663917 -0.878072 -0.20476 2.11321 1.77587 0.688695 1.03764 0.858677 -0.369507 -0.0892765 0.36159 -0.368113 -0.500861 -0.917339 -0.133501 0.456641 -0.510182 -0.970317 -1.18814 -1.82976 -2.45745 -2.17946 -1.278 -0.524406 -0.0623134 -0.0131844 0.507726 -0.0895065 0.178793 0.178793 
0.727367 0.727367 0.157698 -0.727343 -0.178459 1.0814 0.490062 1.08478 1.15121 0.985331 1.85912 0.63414 -0.370656 -0.107515 -0.33046 -0.894029 -1.03024 -0.849738 -0.0907164 0.433385 0.982376 0.809694 0.143167 0.752666 0.555012 0.387098 0.392651 -0.0558371 0.302979 0.891404 -0.570868 -3.40521 -2.04365 0.25408 0.337108 -0.560615 -2.05471 -1.35465 0.126145 -0.320768 -0.320768 
0.864921 0.864921 0.840198 0.414508 0.240981 0.183009 0.854564 0.209273 -1.77575 -1.47924 0.658901 0.155164 -0.567838 0.281854 0.75243 -0.140559 -1.66282 -2.42327 -2.16574 -1.62252 -0.840215 -0.491056 -0.43946 0.176934 -0.122567 -0.274804 -0.0475589 -0.164591 -0.111507 1.29563 2.16105 0.951678 1.551 1.19502 0.132432 -0.262452 -0.370048 0.970302 0.611674 -0.202226 -0.202226 
-0.063211 -0.063211 0.370712 1.01262 0.604392 -0.295228 -0.354413 -0.742005 -1.29081 0.285347 -0.528211 -1.30764 0.914421 0.998868 -0.143208 -0.250806 1.15717 2.06736 -0.172223 -1.20696 -0.548491 -0.973043 -1.23372 -0.516809 -0.160657 -0.888906 -0.559475 -0.232907 -1.31898 -0.0962273 1.33484 -0.0683124 -0.51689 2.2548 1.27005 -1.88726 0.673228 2.2356 0.972738 -0.366277 -0.366277 
-0.0532135 -0.0532135 0.641141 1.35491 1.01869 0.00342729 -1.78874 -1.77923 -1.26775 -1.156 -0.528393 -0.456635 0.204414 0.716988 -1.07047 -0.741038 0.991193 1.27289 0.445115 1.13442 1.53474 0.413444 0.549017 -0.0828856 -1.1038 -0.1264 1.40053 2.21911 1.52605 -0.234976 -0.939158 -1.34514 -0.804411 0.0474492 0.33382 0.704219 0.463896 -1.13457 -0.83912 -0.735161 -0.735161 
-1.23611 -1.23611 -0.947947 0.574031 1.22414 -0.399168 -1.81715 -1.31052 0.887482 1.35666 -0.965272 -1.63275 0.203168 0.236424 -0.579491 0.0992179 0.0662204 -0.199689 -0.562768 0.743046 1.1329 0.709061 1.07094 0.209351 1.47927 1.96447 0.912549 1.41015 0.920733 -0.148858 -0.801304 -0.908092 0.0282458 0.38572 0.335578 0.413026 0.900549 -0.331151 -1.16638 -1.51009 -1.51009 
1.37889 1.37889 1.48766 1.25684 0.633682 0.332124 -0.64807 -0.876375 0.351306 0.525545 0.174092 -0.426927 -0.805788 -1.04256 -0.0686619 1.08213 0.767897 0.183698 -0.0983798 0.977754 0.63486 -0.94405 -0.668067 -1.54011 -2.60243 -1.71395 -0.90687 -0.12151 1.38609 0.506072 -1.1331 -0.709867 -0.631584 0.898377 1.58939 -0.519978 -0.150053 0.959182 0.782476 -0.83932 -0.83932 
-1.64218 -1.64218 -1.00251 -0.731782 -0.479374 0.0425242 1.34792 0.645176 0.0919561 1.14967 0.995906 0.992857 -0.0912064 -0.02129 -0.0331831 -0.249938 2.37698 2.30268 -0.0449388 1.18102 1.6073 0.786639 0.613937 -0.272348 -1.02437 -0.633972 -0.799297 -1.48539 0.521742 -0.474225 -1.29799 -1.00155 -1.29186 0.327457 0.628142 -0.513168 -0.885887 0.334386 0.387888 -0.357758 -0.357758 
1.79858 1.79858 1.02572 -0.964214 -1.81842 0.262731 0.972878 0.481487 -0.098394 -1.24608 -1.78133 0.470388 0.607283 -0.0690453 0.289933 -1.71567 -0.535541 0.260876 -1.62055 -0.289944 1.35781 0.210643 -0.303062 -0.490422 -1.05207 0.203397 0.100211 -0.554943 1.60401 0.108296 -0.442005 0.817953 -1.09438 0.624997 1.24501 -1.76831 -0.552398 -0.175512 0.654712 0.83841 0.83841 
0.203808 0.203808 -0.411484 -1.26235 -0.808317 0.529543 1.5559 1.90505 1.09286 -0.311035 -0.919367 0.203824 0.890359 -0.248327 -0.262609 -0.763872 -1.88709 -0.941743 -0.913054 -0.321349 0.05387 -0.523247 -0.26947 -1.04326 -0.813089 -0.0271689 0.0253968 0.0396868 2.21089 3.02649 0.349064 -0.44299 0.315871 0.859936 0.255772 -0.736147 -0.772667 0.850384 1.01857 -0.956233 -0.956233 
-0.0159281 -0.0159281 0.489769 0.252479 -0.509113 -0.787854 0.49657 1.61886 1.30779 -0.463103 -1.2254 0.874934 1.26263 -0.271241 1.11303 0.532051 -1.04205 -0.452322 -0.635442 -1.23883 0.289731 2.08543 1.5623 0.620375 0.0748112 0.347574 -0.50453 -1.25894 0.0319508 0.6401 -0.728583 -0.274858 -0.515128 0.417289 0.306287 -1.75482 -1.78479 1.26363 1.16243 -1.63559 -1.63559 
-0.249963 -0.249963 -0.86221 -0.46922 -0.468569 0.19103 -0.0806424 0.429313 1.46367 0.0435517 -0.365619 0.479369 0.83666 -0.574207 -0.940096 0.40844 -0.902885 -1.94622 0.513943 2.12743 0.983943 0.142638 0.553186 1.38089 -0.163263 -0.182487 -0.211387 -1.59606 -0.518014 0.0329217 0.332316 1.60599 0.438022 -1.09818 -0.377798 -0.864641 -2.77479 -0.575114 2.0824 0.712813 0.712813 
0.930585 0.930585 0.357831 1.10645 1.68976 -2.03177 -2.26645 -1.14198 -1.16927 -1.34704 0.516246 1.37593 0.375699 1.33828 0.724409 -1.12356 -1.71553 -0.538709 0.404766 0.417083 -0.236785 -1.00707 -0.418644 0.600259 0.151861 0.936023 0.495592 -0.198401 0.460276 1.12235 -1.01764 -1.2603 0.834336 -0.577351 0.465778 0.416791 -0.863444 -0.0830341 1.34226 0.00191161 0.00191161 
-0.0805116 -0.0805116 -0.0153175 -0.194859 -0.051467 1.00014 -0.165029 -1.81678 -0.34909 -0.231331 -0.904464 -0.341679 0.49868 3.04969 2.0315 -1.39904 -0.707641 0.207349 -1.38154 -0.918926 0.772648 -0.244818 -0.832785 -0.517224 0.406198 1.42033 -0.343391 -1.4015 -0.646914 -0.829753 -1.24269 -0.316213 1.22435 1.7035 1.26085 0.551133 0.610389 -0.0407927 -0.295287 0.306399 0.306399 
-0.363703 -0.363703 -1.01564 -0.191693 1.38828 0.548372 0.0584116 0.542941 -0.0173271 0.577385 -0.202767 -1.58657 -0.490391 0.0855358 -0.523434 -0.459546 0.0885516 0.747999 1.0011 0.846386 0.333122 -0.56225 0.013919 0.359299 -0.213358 -0.0636714 -0.270348 -0.0101283 0.753682 -0.587766 -3.10904 -1.02895 2.75143 1.80964 -0.544193 -1.70593 -0.528978 1.66238 0.817507 -0.273277 -0.273277 
0.0404172 0.0404172 -0.319624 -0.44548 -0.13447 0.580287 0.0835414 -2.16335 -1.36679 2.12051 1.44368 -0.976228 0.168481 1.17799 -0.295942 -1.98145 -1.86935 -0.36403 0.738584 1.18243 1.01831 0.400281 0.626303 0.329351 -0.320745 0.124769 0.154544 0.0072421 1.29636 1.98342 -0.229585 -0.454643 0.267143 -1.13847 -1.17138 -0.363662 1.10397 0.891654 -0.930378 -0.627056 -0.627056 
0.288633 0.288633 0.682185 0.165866 -0.779237 -0.565239 -0.251318 -0.551501 0.652461 0.490143 -0.954054 0.907066 1.4367 -0.625827 -0.743568 0.819849 1.44385 -0.792442 -1.98486 -0.20809 0.166008 -0.397513 0.302312 0.680488 -0.205532 -0.221914 0.424787 -0.443047 0.106395 1.64964 0.0397125 -1.11269 1.44688 1.11816 -2.51687 -0.343312 2.5503 0.206226 -1.5726 -0.798343 -0.798343 
0.528948 0.528948 1.0621 0.292316 -0.99918 -2.08669 -1.32124 0.399453 0.475819 0.562562 0.532694 0.55767 0.886934 -0.941966 -1.07876 1.55025 1.5146 -0.397586 -0.093125 0.82419 -0.528226 -0.725973 -0.360427 -1.22426 -0.0221989 1.8809 1.76227 0.104059 -1.82276 -1.83107 -0.818928 0.110953 1.05049 0.860499 0.500874 0.107463 -1.36317 -0.962976 0.308641 0.0879555 0.0879555 
0.220513 0.220513 1.32858 1.59209 -0.697814 -2.20348 -0.652784 1.97981 1.95254 -1.33817 -2.16571 0.861392 1.37156 -0.559094 -0.0891755 0.480823 -0.206901 -0.447214 0.697068 1.24524 -0.0140259 -0.0343951 -0.353094 0.308002 1.28852 -0.401885 -0.392849 0.0166752 -1.12431 -1.243 -0.542039 0.614665 0.952668 0.234468 0.0305958 0.42204 -0.531077 -1.4941 -0.847603 -0.239517 -0.239517 
0.191431 0.191431 0.0173903 -0.534505 -0.587846 -0.857056 -0.801821 0.862968 1.1665 -0.0242087 -0.608772 -0.629438 -0.354783 0.665226 1.71148 0.7402 -0.568026 -0.543778 0.708152 0.662295 -1.33967 -0.873022 -0.340026 -1.34914 -0.0216693 1.38791 1.31016 1.83836 0.582627 -1.79011 -0.807431 0.487567 1.32207 1.78408 -0.960058 -1.20217 1.22474 0.812564 -1.2467 -1.11346 -1.11346 
0.482211 0.482211 0.707455 0.385266 0.594231 1.47029 0.451418 -1.09491 0.369751 0.702092 -0.180441 -0.954433 -0.893728 -0.00170256 -0.240207 1.95523 2.07375 -2.06497 -0.983172 1.32465 -0.378095 -0.876434 -0.931033 -1.41302 -0.350842 0.137281 -0.758341 1.0491 0.791295 -1.56396 -0.488703 -0.0448764 1.05573 1.54743 -0.74936 -1.30962 0.655171 1.00978 -0.625827 -0.670339 -0.670339 
-0.465253 -0.465253 -1.7662 -1.81938 0.842148 1.86487 0.183031 -0.660345 -1.08941 -1.06023 1.16218 1.60161 -0.312647 -0.167457 -1.03649 -0.499651 1.33221 -0.669327 -0.320092 1.98716 0.367282 -1.0458 -0.418317 -0.449657 0.49361 0.793333 -0.455762 1.02315 0.473618 -1.2976 0.503964 -0.386487 -0.0861328 1.56943 -1.52465 -1.13507 1.08133 0.829182 0.702882 0.160111 0.160111 
-0.337223 -0.337223 -0.91626 -0.188556 1.30093 1.69041 1.01757 -0.233607 -1.42661 -1.28788 0.431876 1.31307 -0.226201 -0.703127 -0.269343 -1.024 -0.0395456 0.744355 0.503696 0.739519 -0.0558969 -0.138541 -0.272384 -0.288448 0.77298 0.652113 0.126997 1.56879 2.11411 -1.18553 -2.27958 0.0589119 0.968178 0.0406014 -1.00468 -0.618381 1.16118 1.30049 -1.14795 -1.26241 -1.26241 
0.378101 0.378101 0.238048 -0.509924 -0.534388 0.673199 1.50011 0.558422 -1.14917 -1.41549 0.869359 1.5481 -0.596858 -0.00866836 0.553745 -1.19232 -0.50136 0.319615 -0.384576 0.625681 2.04166 0.830721 -0.785068 -0.798308 -0.0813797 -0.262304 -0.868555 0.396269 1.20047 -0.369247 -0.46039 0.205615 0.488146 0.564441 -1.20238 -1.15455 1.86116 1.81912 -1.63153 -1.5718 -1.5718 
-0.389975 -0.389975 -0.139095 0.252172 0.422373 0.248525 0.152993 0.986747 -0.245389 -1.16692 0.279097 0.768398 -0.671715 -1.13339 0.628187 0.0246314 -1.50232 0.905364 2.60145 0.300919 -1.26619 -0.274114 0.791364 -0.456497 -0.997168 -0.029846 -0.901533 -0.194871 1.0408 0.543718 1.00511 0.0683578 -1.72544 -0.519935 0.149965 -1.52934 0.185707 3.10165 0.823075 -0.873452 -0.873452 
-0.320841 -0.320841 0.178728 0.950186 -2.03283 -2.57868 0.655143 0.793538 -0.0754684 1.18614 1.87845 -0.0324211 0.036247 0.294068 -1.58146 -1.56685 0.451647 1.47628 0.699185 -0.366751 -0.888994 -0.0599898 1.13397 0.442076 0.285429 0.290746 -0.695654 0.037801 0.942729 -0.924873 -1.52862 1.29723 0.517111 -0.184577 0.724777 -0.825646 -0.272174 1.53327 0.118054 -0.83307 -0.83307 
