40
0.340964 0.42673 0.543849 0.776633 1.03016 1.11152 0.953884 1.0698 1.21639 1.12468 0.876882 0.609181 0.458829 0.244822 0.151916 0.197675 0.209006 0.279182 0.287764 0.406675 0.616651 0.593602 0.568022 0.608316 0.665912 0.630276 0.369712 0.123511 -0.308098 -0.65668 -1.11472 -1.1698 -1.34268 -1.31112 -1.16243 -1.38355 -1.61314 -1.84537 -2.24966 -2.33533 
-1.57237 -1.47866 -1.56145 -1.73194 -1.6719 -1.37549 -0.718092 -0.523735 -0.47601 -0.0816236 0.215544 0.558154 0.834718 0.884121 0.894946 1.1999 1.44944 1.33922 1.56367 1.32107 1.1141 0.808015 0.804989 0.417796 0.20335 0.264052 0.250213 0.343239 0.573844 0.478101 0.600015 0.411337 0.335679 0.114571 -0.346112 -0.398563 -0.909591 -1.32417 -1.43379 -1.37659 
0.279624 -0.14424 -0.192881 -0.231219 -0.588373 -0.943325 -1.1417 -1.14117 -1.10044 -1.31092 -1.34622 -0.878726 -0.915943 -0.422676 -0.12532 0.0948172 -0.0969013 -0.244427 -0.609626 -0.692333 -0.787079 -0.93211 -0.94831 -0.75964 -0.570342 -0.391677 -0.0937848 0.0613657 0.344632 0.819884 1.26148 1.24124 1.2916 1.4501 1.55844 1.62615 1.77894 2.1252 1.40077 1.27514 
1.33385 1.64131 1.97785 2.06095 2.09869 1.84811 1.47208 1.09779 0.897438 0.711568 0.420282 -0.0562181 -0.275605 -0.51918 -0.745035 -0.988356 -1.08755 -1.27435 -1.16566 -1.06704 -1.02903 -0.575251 -0.272139 0.142317 0.214158 -0.00482687 -0.0930552 -0.127654 -0.116515 -0.0946896 -0.292602 -0.311147 -0.529872 -0.704743 -0.333428 -0.698865 -0.547499 -1.18583 -0.947838 -0.87241 
0.825283 1.01369 0.891111 0.986483 1.16765 1.21423 0.937387 1.02572 0.704985 0.505778 0.323272 0.545376 1.12704 1.14389 0.822269 0.55487 0.55711 0.446984 0.235407 0.373851 0.706746 1.01806 0.153651 -0.523643 -0.968957 -1.11964 -1.11518 -1.39929 -1.65989 -2.05943 -1.3131 -1.0607 -0.958942 -1.3748 -1.74381 -1.29627 -0.597555 -0.405186 -0.122567 0.438119 
1.53364 1.02171 1.0475 0.72202 -0.214367 -0.17003 0.276911 0.00492082 -0.257384 -0.347734 0.385711 0.721216 0.907902 0.500739 0.486842 0.635237 0.457282 0.370191 0.618217 -0.0446055 -0.588665 -1.57676 -1.14131 -1.52247 -1.6845 -1.20191 -1.36326 -1.75615 -1.71959 -1.16443 -1.06878 -0.508305 0.0447789 0.235948 0.549629 0.408378 0.810968 1.14093 1.13117 2.31841 
0.598662 1.0273 1.05439 0.63991 -0.105523 -1.01818 -1.6678 -1.77159 -1.08929 -0.558625 -1.00675 -0.121099 0.482958 -0.121437 -0.136112 0.088184 -0.679213 -1.04374 -1.47945 -1.23266 -1.04515 -0.441077 0.0504216 0.746669 1.75516 1.9522 1.95328 1.77466 1.35054 1.02104 0.462158 0.664705 -0.284175 -0.0597166 0.269612 -0.44297 -0.00887925 0.119117 -0.890888 -0.806637 
-1.252 -1.36666 -1.29766 -1.21834 -0.98388 -1.19638 -1.33262 -1.56611 -1.70684 -1.7299 -1.62033 -0.88105 -0.244427 -0.10061 0.0228571 -0.29173 0.134955 -0.051909 -0.137034 -0.0312611 0.334269 0.510252 0.806481 0.954482 0.857301 0.761241 0.395868 0.694423 0.941405 0.448337 0.824513 0.741909 0.782661 0.607816 0.932743 1.13607 1.14833 1.71797 0.897802 1.35706 
0.19295 0.571311 1.00515 1.33249 1.01005 1.23355 0.801119 -0.166908 -0.701303 -1.21552 -1.37742 -1.01053 -0.588332 0.386748 -0.267934 -1.02245 -0.225705 -0.266748 -1.01277 -0.161272 -0.00450081 0.446956 -1.29054 -0.929997 -1.29716 -1.49531 -1.25079 -0.488746 -0.406175 -0.514148 -0.908606 -0.415705 0.423644 0.35275 1.75436 1.85946 1.34065 1.08977 1.40386 1.81376 
1.14687 1.86852 1.67936 1.21875 0.655528 0.437056 0.20518 0.0370827 -0.136827 -0.432094 -1.06035 -1.74544 -1.75899 -0.679096 -1.2809 -0.403351 -0.129884 0.11658 -0.34529 -1.20296 -1.25503 -1.38369 -1.15747 -1.10672 -1.00817 -0.655937 0.226348 -0.083433 0.769392 1.35484 0.326586 0.416193 0.533304 -0.864273 0.252562 0.479095 1.20777 1.4158 1.38641 0.95668 
-1.07431 -1.81488 -2.41597 -2.11398 -1.70799 -0.850151 -0.383935 0.083869 0.258759 0.376791 -0.0646088 -0.767112 -0.898807 -1.25741 -0.500618 -0.474138 -0.493156 -0.347273 -0.425802 -0.218953 0.302855 0.814489 1.60973 1.701 1.39105 0.860124 0.688755 0.288159 -0.102734 0.19203 0.564587 0.404663 0.547891 0.266818 0.886269 1.26102 0.824956 0.305078 0.962042 1.32089 
-1.29807 -1.2933 -1.36105 -1.86896 -0.802552 0.389727 2.20671 1.07609 0.947787 0.0205547 0.271689 0.238545 -0.212785 -0.972155 -0.943732 -1.03474 -1.30264 -0.560258 -0.320857 0.174158 0.551633 0.868591 1.04213 0.707129 0.138039 1.07578 0.859159 1.09202 0.376577 0.0625047 0.10489 -1.22925 -1.83099 -0.704418 -0.746958 0.309884 0.86307 1.98543 0.796169 0.324439 
-0.945844 -0.750308 -0.604328 -0.322961 -0.494385 -0.815655 -1.50068 -0.951763 -1.06352 -1.02439 -0.647013 -0.100089 -0.211996 0.224769 0.236962 -0.296115 0.384078 0.761188 1.62977 2.86173 2.11956 1.50474 1.11922 0.748111 1.4471 1.14136 0.419199 0.434576 0.666166 0.278445 0.257902 -0.270231 -0.544294 -0.656715 -0.594999 -1.1676 -0.601622 -0.413703 -1.31374 -0.94293 
1.00691 1.00691 1.4374 1.83681 1.39344 0.189508 0.290684 1.18149 0.573526 -0.581271 -1.09658 -0.811259 -0.654036 -0.485828 0.274792 0.580012 0.651508 0.643456 0.786158 1.37586 0.960184 0.270453 0.45593 0.699478 0.477147 -0.45446 -1.07102 -1.57185 -1.87164 -1.94901 -1.08961 -0.254656 -0.000955452 0.940641 0.200765 -0.906877 -0.939413 -1.45097 -1.02182 -1.02182 
0.0135576 0.0135576 -0.58936 -0.263428 0.802073 2.1653 1.93241 0.541087 0.997568 1.56682 1.44866 1.40164 0.732518 0.126083 0.709266 1.25403 0.306589 0.24933 -0.0527994 -1.03732 -1.18218 -0.716781 -0.901872 -1.38435 -0.362217 0.0955831 0.16935 0.727187 0.296404 0.0483615 -0.163724 -0.614595 -0.688602 -1.56726 -1.18237 -1.29726 -2.12368 -1.20762 -0.13098 -0.13098 
-1.09403 -1.09403 -0.255431 -0.92651 -1.61521 -1.26983 -0.496581 0.0235239 -0.435474 -0.600856 0.873872 0.869699 0.92577 1.65354 1.05942 -0.00441739 -0.804161 -1.18152 -1.04052 -0.452232 -0.5878 -0.416944 0.308926 0.755927 0.734162 0.970377 0.91923 0.887414 1.5837 1.9281 0.850296 -0.000714673 0.388098 0.514196 0.316699 0.413398 1.0193 -0.888818 -1.91528 -1.91528 
1.74387 1.74387 1.21513 0.510926 -0.275492 -1.25063 -1.54218 -1.12816 -0.684108 -0.898409 -1.58335 -1.41391 -0.864956 -0.8802 -0.879605 -0.581088 -0.447885 0.0420422 0.714709 0.548129 1.38515 2.00993 1.91726 1.37221 -0.120652 -0.497896 -0.0633432 0.17084 0.303818 -0.188864 -0.284007 -0.333056 -0.701479 0.689098 0.239982 -0.278382 -0.921528 -0.717371 0.964785 0.964785 
0.136429 0.136429 -0.0199175 0.490521 0.408519 -0.361143 -0.290961 -0.364732 -0.847935 -0.61564 0.0923485 1.3765 1.03157 -0.48635 -0.964 -0.419778 -0.15549 -0.514798 -0.0970884 0.817867 1.10836 -0.903639 -2.56494 -1.86067 -0.975731 -0.219913 -0.444136 -0.889548 -1.08353 0.608568 1.70412 0.62095 -0.502018 -1.29312 0.157772 1.95202 1.52323 0.823997 1.44294 1.44294 
-0.779968 -0.779968 -0.503375 -1.93073 -1.38212 0.669984 0.200729 -0.851403 -0.58195 0.895198 1.52693 0.715842 -0.38587 -0.683425 0.140719 -0.102653 -0.451986 0.179936 -0.674134 -1.84915 -2.33169 -0.87862 0.0217391 -0.864605 0.41674 0.417748 -0.880996 -0.587415 0.818983 0.906649 0.914529 1.59311 1.04526 0.690119 0.196989 0.328881 1.0279 0.416199 1.68793 1.68793 
0.645904 0.645904 -0.343212 -1.24951 -1.83396 -1.72155 -0.772613 0.789952 1.53427 0.208093 0.624553 1.85894 0.110864 -0.615014 0.357182 -0.525889 -1.21668 -0.82755 -0.110375 0.620763 1.03993 1.39656 1.50469 2.1112 1.52555 0.343689 -0.0970247 -0.595846 -0.772864 -0.930966 -0.306779 -0.764315 -0.738609 0.760948 -0.33836 -0.215457 0.770685 -0.923486 -0.974806 -0.974806 
-0.394144 -0.394144 0.0917981 0.506294 -0.224733 -1.15336 -1.20595 -1.21719 -0.69005 -0.0630435 1.84667 3.16697 1.6753 0.389814 -0.758516 0.00106371 0.321017 -0.961097 -0.228024 0.900893 1.07677 0.903169 0.833073 -0.152441 -0.763829 -1.43567 -0.447131 1.08685 -0.896208 -0.572569 0.455665 -0.384591 -0.615658 0.0962173 1.04355 0.260302 1.17795 -0.90733 -1.18385 -1.18385 
0.830402 0.830402 0.770932 -0.110534 -0.231565 -0.359769 -1.74854 -1.86739 -1.33846 -0.904291 0.122679 0.803465 1.51234 0.257188 -1.75873 -0.0670303 0.764552 -1.0336 0.00668815 1.05893 0.592666 -1.61518 -1.72115 -0.123966 -0.775144 -0.0622036 1.05694 0.868186 -0.145857 -0.701854 -0.00150942 1.43654 0.779417 1.43476 1.63988 -0.598452 -1.01335 -0.0425736 0.727588 0.727588 
0.70522 0.70522 -0.817709 -1.29956 -0.987658 -0.560829 -0.495939 -0.421269 -0.585083 -1.17035 -1.6725 -0.880662 1.3929 0.635141 0.37449 1.50197 0.689038 -0.258188 -1.68048 -1.15259 -0.213519 0.144958 0.376071 0.211601 0.599962 1.60954 0.75676 0.718811 1.872 -0.551114 -1.18984 0.285572 -1.63015 -0.342351 1.74975 1.24974 1.2259 0.249399 -0.572125 -0.572125 
-1.93016 -1.93016 -0.554525 0.774306 1.50774 1.5872 1.07256 0.68816 0.226641 -0.586543 -1.66923 -1.26058 -0.806803 0.365539 0.873648 -0.150019 0.00753153 -0.0709925 0.00945176 0.801587 1.20374 1.56454 1.00988 -0.448412 -1.26939 -1.08653 -0.914564 -1.20422 -0.286706 0.720655 0.120701 -0.181895 -0.341748 0.286619 1.15196 -0.240766 -1.42121 0.0210183 1.18049 1.18049 
-0.104157 -0.104157 -0.578034 0.470292 2.0418 2.73557 0.588482 -1.20958 -1.02159 -0.670866 0.155554 -0.493745 -1.16501 -0.721564 -0.103784 -0.377678 0.39263 0.861535 0.632893 0.760517 0.595937 0.407436 -0.195181 -0.881604 0.294809 0.620604 -0.0309283 -0.491997 -0.997532 -0.297062 -1.23993 -1.8353 0.43917 0.956046 0.891596 1.44223 1.50279 -0.107775 -1.58122 -1.58122 
0.509413 0.509413 0.630794 0.181932 -0.670299 -1.39662 -0.166026 0.644673 -0.0762506 0.615465 1.33357 0.64164 0.485856 0.661355 -0.710165 0.2345 1.52166 1.78807 2.99696 0.719098 -1.89255 -1.38819 -1.04355 0.49013 0.582579 -1.42718 -0.973063 0.375706 -0.194342 -0.5509 -0.749467 -1.10799 -0.5201 -0.0452517 -0.69602 0.0170874 1.09259 -0.980604 -0.721963 -0.721963 
0.548917 0.548917 0.978446 0.0387017 -1.68554 -1.09994 1.15276 0.390144 -1.80971 -1.71007 -0.161357 0.561893 0.435945 1.08484 1.23219 0.491097 0.154202 0.230777 0.873608 0.273124 -1.10279 -0.456304 0.547351 0.108791 -1.15498 -1.57893 -1.11568 -0.775018 -0.319625 0.92697 1.9081 1.25672 1.3714 0.302905 -1.90086 -1.14018 -0.499142 -0.00264423 0.547482 0.547482 
-0.632731 -0.632731 -0.293281 1.44433 2.52465 1.17241 -1.69639 -0.978422 1.06346 0.46499 -0.176836 -0.750648 -1.33326 -0.0290246 1.16992 -0.424184 -1.05118 -0.379101 -1.34482 -1.18103 0.329023 0.287128 -0.700058 0.557229 1.5365 0.548805 0.652992 0.127516 -0.711787 -0.484019 -0.69526 -0.551454 -0.996982 -0.519055 0.276388 -0.985151 0.0885519 2.07053 1.11648 1.11648 
0.860617 0.860617 0.207554 -1.27875 -0.289577 1.13313 1.30317 0.103997 -0.563087 1.31873 1.47561 0.0950359 0.807327 0.174597 -1.56892 -1.76902 -1.10097 -0.185483 0.754237 0.485098 0.078871 0.917183 1.18592 0.458352 0.253225 0.22463 -0.0362048 0.691166 1.05728 -0.669187 -1.8325 -0.405259 0.545618 -0.0249516 -0.0535606 0.728268 -1.22273 -2.81127 -0.95438 -0.95438 
-0.513612 -0.513612 -1.21101 -1.4662 -1.73452 -1.24443 0.131301 0.859801 0.237557 -0.880538 -0.500497 0.721478 0.538572 -0.00448531 0.306244 0.43757 0.627132 1.16139 0.511219 0.673987 1.45771 0.536991 -0.621542 -2.0082 -1.84202 0.0667762 0.672297 0.373636 -0.346208 -0.572125 -0.132778 -0.403418 1.0223 0.942388 -0.948113 -1.14027 -0.424727 1.87811 1.67593 1.67593 
-0.167136 -0.167136 0.198641 0.251916 -0.665397 -0.556342 -0.0576705 -0.454223 -0.234898 0.618703 1.37246 0.617941 -1.39001 -1.48511 -0.00739362 0.524275 -0.12319 -0.0132485 0.899881 0.808719 -1.28872 -2.68736 -0.740904 1.08372 1.12066 0.325839 -0.534955 -0.513282 1.01844 1.94251 -0.046226 -1.63601 -1.42671 0.417703 2.27035 0.923378 -0.863436 -0.112635 0.388428 0.388428 
0.0945946 0.0945946 -1.08472 -0.859972 2.01484 1.17385 -1.39094 -0.780602 1.30915 1.60848 -0.282122 -1.71434 -1.29004 0.301148 0.345915 -0.623642 0.0995486 -0.317478 -1.81042 -1.50345 0.667947 1.81053 -0.122354 0.192426 0.925579 -1.20616 -0.964425 1.27063 1.1005 -0.0549911 0.433239 -0.0259197 -0.880009 -0.834798 -0.432398 0.552589 -0.0617885 0.411397 0.916803 0.916803 
-0.742489 -0.742489 -1.50537 -1.16474 -0.307238 0.983506 2.20419 2.03195 -0.399677 -0.675656 1.47972 -0.342295 -1.99236 0.297448 0.165129 -1.2347 -0.163819 1.02135 1.30924 1.05838 0.743136 0.481326 0.691669 0.107671 -1.39771 -1.27571 -0.700753 -0.478786 -0.191983 0.482438 0.230387 -0.273389 1.37401 0.42702 -0.731789 1.02365 -0.505881 -1.37917 0.0469076 0.0469076 
0.380674 0.380674 0.684 -0.206572 -1.18947 -0.692984 -0.0216435 0.402595 0.869662 1.88142 2.38877 -0.100342 -2.00725 -1.75599 -0.259421 0.815061 -0.679041 -0.376722 1.38766 0.979909 0.0267295 -0.153275 -0.747427 -1.14354 -0.913994 0.256821 1.87103 -0.303569 -1.18929 1.01436 0.162625 -0.758925 0.376917 1.23926 0.14514 0.123419 -0.829403 -1.70329 -0.177293 -0.177293 
-0.0492105 -0.0492105 -0.650864 -0.692882 -0.178736 -1.04405 -1.03766 0.27129 0.648752 0.988694 1.15703 0.939908 -0.381485 -2.24132 -0.229917 1.71367 -0.668363 -0.525906 1.41966 0.391346 -1.83386 -1.58793 1.00923 0.637085 0.0335382 1.24189 0.626429 -0.8296 -1.08027 0.0899075 1.45097 0.524411 -0.00983821 0.578699 -1.39641 -1.81961 0.370802 1.17967 0.517063 0.517063 
-1.01552 -1.01552 -1.36493 -0.0344228 0.624498 0.445377 0.190013 0.0241725 -0.454375 -0.699711 0.29888 2.31164 1.18798 -0.64967 0.717382 0.316904 -1.18754 -1.62941 -0.559752 1.15256 1.02971 0.516347 0.137139 0.251165 1.10251 0.202514 -0.557087 0.897518 -0.832056 -2.13144 0.695526 -0.230472 -0.366517 2.5397 1.2433 -0.291047 -0.636571 -1.215 -0.506903 -0.506903 
0.89265 0.89265 1.91812 1.42252 0.458384 -0.504762 -0.862731 -0.821735 -1.15263 -1.63199 -0.689089 0.496603 1.08595 1.12788 -0.566793 -0.837321 -0.107949 -0.167452 0.504441 0.752709 0.419841 -0.318544 -1.72234 -1.92786 -0.661375 0.104887 -0.259756 0.315588 1.31651 0.145464 -0.865438 -0.525809 0.192622 0.983771 -0.575921 -2.15467 0.0330869 1.83881 0.725834 0.725834 
-0.251069 -0.251069 0.498066 1.9597 1.70633 -0.950981 -2.73165 -1.063 0.472532 0.928753 0.214135 -0.85611 -0.0752355 0.845916 0.333306 0.442302 0.973108 0.259257 0.0153764 0.0611552 -0.164748 -0.477769 -0.833585 0.437712 1.16104 -0.145208 -0.707502 -0.603172 0.226865 -0.0856506 -1.01166 1.28745 2.08226 0.410868 0.434996 0.524326 -1.02007 -2.11627 -0.965358 -0.965358 
0.121725 0.121725 -0.193283 -0.876556 -1.07128 0.390436 1.46911 0.0995451 0.0160432 1.02594 0.0549103 -0.558376 0.050377 -0.802818 -0.263023 1.60282 1.12683 1.0719 -0.713657 -3.39489 -1.44234 0.632366 1.35473 1.17774 -1.30901 -1.0552 1.30179 0.583042 -0.613744 -0.353042 -0.354419 0.197509 0.782361 -0.086918 0.0802902 1.29177 -0.663631 -1.2369 0.218054 0.218054 
