31
0.846656 0.938939 1.03922 1.13133 1.18191 0.986305 0.838036 0.623025 0.456217 0.426973 0.52989 0.697739 0.738518 0.747806 0.701947 0.575797 0.481184 0.397988 0.169013 -0.0683329 -0.420075 -0.6387 -0.963739 -0.861112 -1.04627 -1.19391 -1.20451 -1.41908 -1.75806 -1.95785 -1.97686 
-1.47982 -1.64761 -1.74178 -1.60622 -1.44644 -0.570633 0.0265956 0.385822 0.690093 1.00135 1.1941 1.11914 0.905173 1.31796 1.19721 1.02411 0.82584 0.632337 0.672307 0.699523 0.509652 0.321777 -0.0507778 0.154904 -0.236863 0.135147 0.0870768 -0.318673 -0.85866 -1.30512 -1.63751 
-0.236233 -0.609357 -0.803222 -1.09299 -1.08999 -1.55034 -1.43208 -0.90518 -0.596317 -0.405148 -0.264797 -0.500475 -0.767602 -0.874074 -0.901262 -0.999237 -0.516806 -0.281799 0.308449 0.406414 0.788185 0.794556 0.764538 1.29651 1.02201 1.62283 1.57013 1.44668 1.49325 1.14484 1.1685 
1.75252 1.92883 1.94573 1.78194 1.45089 1.20404 0.828465 0.299587 0.0820034 -0.162365 -0.83296 -1.03803 -1.14959 -0.53798 -0.448754 -0.222181 0.176198 0.135452 0.181904 0.228918 0.253288 -0.049505 -0.586905 -0.0815449 -0.599268 -0.764765 -1.23027 -1.15969 -0.912461 -1.19581 -1.27768 
1.06925 1.03961 1.22777 1.32416 1.41415 1.10445 1.07095 0.866146 0.58068 0.553151 0.828708 0.52516 0.705879 0.383792 0.0621979 -0.731747 -1.00749 -1.3309 -1.49406 -1.6338 -1.12381 -0.468603 -0.262245 -1.44415 -1.89528 -0.52731 -0.793137 -0.631684 -0.213773 0.307176 0.494758 
-0.543174 -0.360954 -0.840877 -0.765763 -0.305098 0.66393 1.04633 1.47642 1.42951 0.817843 0.238771 -0.293162 -0.520027 -0.578513 -1.28985 -1.32845 -1.1064 -1.02665 -0.992487 -0.594593 -1.29234 -0.49855 -0.0825834 -0.270516 -0.357462 0.715783 0.361993 1.02312 1.15721 1.64698 2.46957 
0.50283 0.001336 -0.583574 -1.40636 -1.68939 -1.35199 -0.565344 0.801555 0.752632 1.09132 0.665441 0.0163543 -1.12176 -0.506218 0.250315 0.861088 1.23344 1.51015 1.97221 1.4486 0.994959 0.526405 0.245657 0.26039 -0.53559 -1.1122 -0.914768 -0.802333 -1.27448 -1.20294 -0.0677359 
-1.02648 -1.13301 -0.676541 -0.769199 -1.37354 -2.2319 -1.57572 -1.51149 -0.450222 -0.354229 -0.544696 -0.813163 -0.408251 -0.120716 0.53538 0.873694 0.369316 0.629789 0.344266 0.564095 0.51325 0.438105 1.56006 0.256888 0.231223 0.508824 0.797336 1.06031 1.8573 1.14063 1.30867 
-0.131732 -0.05544 0.0714488 0.559152 1.02556 0.899797 -0.508962 -0.338997 -0.296017 -0.240165 -0.363998 -0.597065 -0.616119 -1.0428 -0.958544 -1.63758 -1.50795 -1.37738 -0.882232 -1.11776 -0.474116 -0.598486 -0.367711 0.946983 1.30175 1.52733 2.04704 1.02941 1.43303 1.13619 1.13537 
1.71499 1.39257 0.776397 0.295774 0.0369656 -0.00756241 0.0548091 -0.858352 -1.28789 -1.65284 -1.60291 -1.53698 -0.861376 -0.852584 -1.6199 -1.39429 -0.105201 -0.237683 -0.281903 -0.238472 0.0481678 0.148097 0.329354 0.749214 1.22584 0.520662 1.32942 0.937025 0.850389 0.954723 1.17353 
-1.42248 -1.71236 -1.56388 -1.52903 -1.32162 -0.786535 -0.0644479 -0.278624 -0.586337 -1.24842 -1.5764 -0.731446 -0.147249 0.321615 0.595949 1.46961 1.14808 0.877779 1.02437 0.132821 0.251536 0.602455 0.641034 0.332759 0.520337 0.035782 0.231826 1.11802 1.04805 1.46623 1.15057 
-0.15396 0.31531 0.609452 0.605995 0.34693 0.410343 -0.619477 -0.253639 -0.73176 -0.109623 0.526432 0.573764 1.222 1.8282 2.30537 1.29872 0.524614 0.663018 0.633542 0.489686 -0.174449 -0.383844 -0.458015 -0.507969 -0.861495 -0.716353 -1.18163 -1.5936 -1.03035 -1.17299 -2.40422 
-1.35549 -1.40103 -1.37608 -1.46764 -0.845113 -1.73669 -0.597876 -0.549562 0.371514 1.65727 1.13057 1.19336 0.400702 0.221192 1.28474 -0.669478 -1.28547 0.891911 0.516585 1.31579 1.03934 1.04083 0.986705 -0.311882 0.0874942 -0.460583 -0.932929 0.193977 0.926939 -0.420564 0.151454 
1.47266 1.47266 1.472 1.27834 0.157203 -0.617632 -0.693232 -0.765468 -0.0416144 1.00939 1.77738 1.53525 0.917411 0.579817 0.0520705 -0.137903 0.0294734 -0.494079 -1.09474 -1.57311 -1.50016 -1.39611 -0.144327 0.400738 -0.574452 0.105716 -0.155089 -1.43463 -1.37703 -0.130266 -0.130266 
-0.405935 -0.405935 0.119522 0.559418 1.84167 2.5994 1.70459 1.19713 1.11404 0.920857 0.251864 -0.452635 0.392232 0.553687 -0.461177 -0.595441 -0.630793 -0.218116 0.164211 -0.233917 -0.606493 -0.922935 -0.241222 -0.274502 0.0136082 0.608955 -0.738267 -1.59036 -1.66088 -1.30128 -1.30128 
-1.39777 -1.39777 -1.21574 -0.785875 -1.15838 -0.906682 1.24907 1.66526 0.932169 0.564207 -0.367852 -1.25762 -0.975485 -0.451555 -0.433003 0.679796 1.40689 1.64232 1.34308 0.887849 0.687848 -0.211333 0.936372 0.402521 0.552833 1.03718 -0.544326 -0.32757 -0.81879 -0.868825 -0.868825 
0.846267 0.846267 0.121855 -0.619312 -0.796248 -0.891077 -1.49182 -1.15529 -0.54926 -1.51421 -1.4305 -0.239724 1.49987 1.92758 1.10741 1.76593 1.19652 0.446887 0.633823 0.586787 -0.15833 -1.35494 0.366485 0.408397 -1.02058 -0.909349 -0.406497 1.11169 0.357801 -0.343213 -0.343213 
0.248842 0.248842 0.430412 0.288976 -0.296106 -0.474033 -0.322905 -0.685932 -0.430517 0.377801 -0.0198858 -0.156527 -0.183238 -0.906969 -1.58682 -1.52076 -0.842808 -0.680602 -0.415976 0.553892 1.69925 1.26179 -1.38512 -2.33242 1.34142 1.6084 -0.129937 0.855189 1.37315 1.04129 1.04129 
-0.652296 -0.652296 -0.794188 0.451862 1.63608 1.5324 0.818434 0.249705 -1.13036 -1.83535 -1.72972 -1.26314 -0.635934 -1.27774 -1.25139 -0.0148876 0.141886 -0.107002 0.314463 -0.655149 -0.130681 1.34472 0.0441759 -0.622061 1.04869 0.69519 0.149233 0.795559 0.568544 1.48063 1.48063 
-1.00186 -1.00186 -1.31346 -1.02069 0.104489 1.14189 2.14032 1.32997 0.332778 -0.0327995 -0.990764 -1.68152 -0.455043 1.38244 1.37781 1.00522 0.681233 0.768238 -0.00793042 -0.896004 -0.842605 -0.674931 -0.206228 -0.705912 -1.27941 -0.315976 0.352276 -0.297094 -0.336754 1.22209 1.22209 
0.308569 0.308569 0.329178 -1.24699 -2.38469 -0.511785 0.859026 1.46092 1.50811 -0.351746 -0.89327 -0.00864131 0.817482 1.1907 1.26614 -0.458117 -0.573775 -0.248594 -0.308985 0.0397054 -0.398574 1.34401 -0.480631 -2.1858 0.162957 0.629769 0.608034 1.36355 -0.0920271 -1.02655 -1.02655 
0.183997 0.183997 0.780444 1.27267 0.383287 -2.33526 -1.90652 0.198152 0.0327155 -0.209122 -0.627986 -0.476083 -0.756776 -0.607001 -0.972853 -0.907072 0.266662 0.796573 0.265811 0.481103 0.642261 0.0436949 2.12999 2.30975 0.730793 0.969929 -0.832427 -1.00073 0.0442306 -0.542113 -0.542113 
-1.27518 -1.27518 -1.50258 -0.988904 -0.362067 0.0995926 -1.14897 -1.85603 -1.06804 -0.378866 0.240471 1.13982 1.05769 -1.01634 -0.704694 2.25115 1.73643 -0.180045 0.0728101 0.548384 0.629594 0.478118 0.937981 1.36254 -0.254573 0.222833 0.672419 -0.614615 0.0993837 0.538425 0.538425 
-0.487584 -0.487584 -0.00142807 0.0868056 0.835707 1.60624 0.48451 -1.05722 -1.72779 -1.75814 0.498079 1.86372 1.30067 0.836764 1.4428 0.550716 -1.16194 -0.461098 -1.39118 -1.43292 0.427206 0.307232 -0.679659 -0.45659 -0.720504 -0.707828 1.34434 0.946088 0.24542 -0.122408 -0.122408 
1.16997 1.16997 0.557958 -0.158245 -0.0716723 -1.06952 -0.67799 0.0362611 0.368073 1.81053 1.06636 1.08214 1.80567 1.5842 -0.503864 -2.12381 -0.641375 0.322648 -0.042776 -0.86443 -0.949279 -0.185489 0.0209298 -0.340734 -0.0881555 -0.232838 -0.954097 0.377482 0.726173 -1.59704 -1.59704 
-0.0712415 -0.0712415 -0.114858 0.451618 -0.306772 0.182652 1.07363 0.867227 2.04028 0.66784 -0.491489 -0.743611 -0.973304 0.786314 -0.896044 -2.48818 1.42842 1.65656 0.3501 0.44383 -0.312369 -0.101613 -1.33404 -0.904139 -0.192683 -1.01904 0.568779 1.71137 -0.634283 -0.786852 -0.786852 
0.0596497 0.0596497 -0.124993 -1.19332 -1.74744 -0.750574 -0.0806799 0.68156 1.75252 1.7946 0.561659 -0.759664 -0.850689 -0.764785 -0.624035 0.0387293 -0.279322 -1.01161 -0.968529 -0.326277 0.229033 1.353 1.77348 -0.349829 -0.221014 0.460116 -1.40837 -1.10479 1.30392 1.249 1.249 
0.589349 0.589349 1.05675 1.86085 2.19856 -0.114609 -1.4589 -0.596427 -0.262506 -0.885041 -1.42832 0.180185 1.10028 -0.875724 -1.18993 -0.14918 0.431957 0.875748 0.0142518 -0.787848 -0.701055 0.419149 0.720014 0.301803 0.969731 -0.767842 -2.30577 -0.949258 0.338189 0.413123 0.413123 
0.137608 0.137608 0.549414 0.018185 -0.152502 2.26953 2.42711 -0.340357 -1.09156 -1.28217 -1.78205 -0.618873 0.735425 0.482919 1.04705 1.72582 0.885314 -0.0979057 -0.759544 -0.66447 -1.08977 0.201312 0.551292 -0.404196 0.571219 -1.08783 -1.34418 -0.299703 -0.555284 -0.0847027 -0.0847027 
-0.504005 -0.504005 -1.12484 -0.66625 -0.124846 -0.479849 -0.118518 0.892334 -0.197853 -0.635369 1.17037 2.55742 1.91824 -0.225947 -0.0326067 0.17744 -1.0021 -0.368543 0.219985 -0.560748 -1.52369 0.542409 1.57986 -1.05908 -1.00101 0.617184 1.79572 0.743012 -1.1159 -0.484405 -0.484405 
0.0924308 0.0924308 -0.00419755 -0.52797 -0.5529 -0.0499262 -0.176385 -0.105136 0.695119 0.248924 -0.396667 -0.143218 -0.544314 -0.990536 -0.450953 0.476688 0.542371 0.259992 0.811782 1.4135 0.452012 -2.13884 -2.48716 1.83114 2.66073 -1.03684 -0.546207 0.995283 0.0955289 -0.258339 -0.258339 
-0.270134 -0.270134 0.835851 2.0129 0.814886 -0.86993 -1.2827 -1.87393 -1.99487 -0.676178 0.363703 0.826647 -0.157159 -0.690469 0.97671 1.09247 -0.225953 0.00898566 -0.630724 -0.539299 1.63088 0.0110095 -1.88989 0.747409 1.02499 -0.942546 -0.0551051 0.227985 0.463873 0.66537 0.66537 
-0.386249 -0.386249 -0.157944 0.962471 1.54315 1.44431 0.00340277 -1.55281 -1.20597 -1.17538 -1.42896 0.2745 2.24605 1.28602 -0.437422 -0.686463 -0.328067 -0.680683 -1.44106 -0.794155 0.0291326 0.352993 -0.167422 -0.980147 0.160815 1.12915 -0.128539 -0.68058 1.04142 1.07235 1.07235 
0.0855958 0.0855958 -0.904765 -1.63257 0.534601 2.11079 1.31217 0.480488 -1.06632 -1.43622 0.288232 1.14757 0.826232 0.354557 -0.96336 -1.08344 0.204298 0.239023 0.253795 0.0163548 0.892186 0.0210872 -2.14526 0.477036 1.84177 0.352304 0.533708 -0.367226 -1.42914 -0.514546 -0.514546 
0.473844 0.473844 0.836593 -0.258407 -2.62463 -1.65322 1.90131 1.46343 -0.265863 -0.45263 -0.162457 -0.0606297 -0.0621988 -0.124958 -0.186858 0.947762 1.28981 0.0336564 -0.198207 0.311714 -0.28807 1.13069 1.70428 -0.996877 -0.953115 -1.11775 -1.41802 0.680349 0.372266 -0.397831 -0.397831 
-0.260281 -0.260281 0.120373 0.753398 0.714851 -0.674889 -1.54095 -0.031791 1.00287 0.877888 1.03363 0.513824 -1.68956 -1.39776 2.32957 1.7172 -1.89337 -1.32457 0.448028 0.320833 -0.143835 0.136761 0.563628 -0.975492 -0.936334 0.59517 -0.712346 -0.516406 0.76268 0.233581 0.233581 
0.316846 0.316846 0.377783 0.559242 1.03046 -0.261454 -1.85837 -1.54679 -0.502981 1.51834 2.48246 0.535381 -0.728155 0.0792526 -0.21646 -1.81781 -0.717694 -0.177232 -0.690078 1.23692 1.18289 -0.783339 -0.546424 -0.0471156 -0.192419 1.40713 1.12333 -0.777854 -0.75684 -0.272939 -0.272939 
-0.246141 -0.246141 -0.766454 -0.258942 -0.463554 -0.242005 1.00182 0.958431 1.48746 0.705778 -0.330689 0.735575 0.563217 -1.47937 -2.49535 0.098578 1.9758 0.633353 -0.663921 -0.460087 0.69172 0.903324 0.0856941 0.119229 0.276863 -0.430619 0.641868 1.41918 -1.23599 -1.48931 -1.48931 
0.00581038 0.00581038 0.376449 -0.091219 -0.141633 0.937532 0.482258 0.666815 -0.0961088 -1.62216 -0.889149 -0.280898 1.03536 0.0848986 -2.10812 1.55522 2.74621 -0.671185 -0.759128 -0.399098 -0.322529 -0.634123 -0.490736 0.781129 -0.0408328 0.532564 1.82083 -0.752802 -1.60021 -0.0654763 -0.0654763 
