34
0.930677 0.902798 0.900595 0.896714 0.853353 0.869142 0.739212 0.693468 0.546364 0.358793 0.339619 0.289126 0.224166 0.376546 0.541812 0.667376 0.678335 0.60888 0.690431 0.63721 0.570865 0.438494 0.260047 -0.115414 -0.355305 -0.728558 -0.804645 -1.14329 -1.11989 -1.46747 -1.76395 -2.01593 -2.29979 -2.19978 
-1.98072 -1.71479 -1.53766 -1.26239 -0.67133 -0.561451 0.113072 0.280522 0.758678 0.989441 1.04255 1.1212 1.06246 1.55132 1.22177 0.992907 1.0657 1.00121 0.783026 0.665677 0.536884 0.313725 0.298266 0.366562 0.250588 -0.0536763 -0.130689 -0.214019 -0.38449 -0.727826 -1.04672 -1.43412 -1.4255 -1.27018 
0.129915 -0.213808 -0.500227 -0.615394 -0.890804 -0.840416 -1.30462 -1.12834 -0.957125 -0.622545 -0.455256 -0.306957 -0.194325 -0.392961 -0.255622 -0.58731 -0.836368 -0.901581 -1.08473 -0.751009 -0.514236 -0.370441 -0.238155 0.0251708 0.164721 0.987485 0.95222 1.52475 1.87233 1.87135 2.05593 1.26792 1.57148 1.53897 
1.444 1.6474 1.90843 1.85724 1.71583 1.52325 1.45674 0.96393 0.410691 -0.0929064 -0.474287 -0.486189 -0.87963 -0.943026 -1.00357 -1.14009 -0.79914 -0.495771 -0.00986926 0.274957 0.235842 0.282291 0.206063 0.0378198 -0.312091 -0.290138 -0.517766 -0.4876 -0.688928 -1.19234 -1.23998 -1.22474 -0.806467 -0.879954 
0.410672 0.513734 0.626935 1.05269 1.10879 1.19165 0.987907 0.904514 0.76212 0.752875 0.943372 0.504722 0.616963 0.756002 0.527441 0.515068 0.491561 0.393922 -0.452262 -1.23802 -1.45167 -1.81027 -1.97342 -1.23755 -1.75565 -1.27867 -1.30981 -0.861294 -0.919163 -0.687985 -0.0953943 0.514703 0.697548 0.797964 
0.945615 0.961901 0.699093 0.314745 0.397317 0.230017 0.379086 1.11444 1.72749 1.44833 1.19925 0.750512 -0.477348 -0.161086 -0.224582 -0.723863 -0.69809 -1.02819 -1.02054 -1.14912 -1.38224 -1.45372 -1.28287 -1.06562 -1.56062 -1.04892 -1.07942 -0.486123 -0.295401 0.587176 0.760959 1.32975 1.26796 1.02409 
0.814506 0.427155 -0.247489 -0.688923 -1.24497 -1.48784 -1.03884 -0.946906 -0.262676 1.05753 1.14834 0.885468 0.0397791 -0.741489 -0.684964 -0.365039 -0.865486 -0.37378 0.636989 1.2985 1.42521 1.46244 1.74756 1.49292 0.627927 0.560054 0.80243 -0.0303258 -0.701423 -0.272713 -0.791702 -0.115342 -1.5824 -1.98451 
-1.16052 -1.57919 -1.17407 -1.19095 -1.21558 -1.50032 -1.79719 -1.9197 -1.69396 -1.12643 -0.328774 0.139295 0.154338 0.124076 0.19195 0.164924 0.649248 0.828954 1.1252 1.0594 0.883362 0.901612 0.715949 0.626919 0.494662 0.937065 0.677693 0.612846 0.846876 0.93281 0.643839 0.681595 0.432196 0.861889 
-0.460384 -0.125518 -0.32034 0.141879 0.813767 0.691575 0.0713487 -0.582851 -0.683528 -0.666458 -0.607546 -0.353752 -0.320619 0.129949 -0.406681 -0.670776 -0.200386 -0.865557 -1.71478 -2.05865 -1.24033 -0.352226 -0.614709 -0.882255 -0.130241 0.44018 0.502563 0.431855 1.59154 1.7358 1.67612 1.63236 1.07009 2.32856 
1.5473 1.7056 1.3027 0.715597 0.181692 0.118941 0.365947 0.133776 -0.682615 -1.35213 -1.28641 -1.46471 -0.734435 -0.64957 -0.872793 -1.24638 -1.08794 -1.46744 -1.28473 -0.941935 -0.77858 -0.449405 -0.280367 -0.1004 -0.0190163 1.03253 0.796328 0.310198 1.10134 1.48973 1.14557 0.714823 0.919764 1.11703 
-1.60409 -1.53135 -1.44374 -0.916034 -0.714451 -0.734981 -0.713365 -0.108716 0.317866 -0.665981 -0.984977 -1.08308 -1.61025 -0.847913 -0.239149 -0.670613 -0.508603 0.58699 1.44826 1.52215 1.32882 0.877808 0.938938 0.688373 0.442078 0.523 0.659102 -0.0414596 -0.446123 1.00684 1.12018 0.436435 1.16519 1.80285 
-0.202507 -0.441305 -0.714419 -1.26843 -0.937931 -0.68933 -0.365117 -0.501949 -0.386589 0.643087 0.396106 -0.139869 -0.281615 0.0725134 1.11671 1.44057 1.28083 2.44392 2.20402 1.14013 0.594302 0.852265 0.151435 -0.206499 0.8112 0.541755 -0.321621 -0.478775 -1.53385 -0.918745 -1.01409 -0.944627 -0.579489 -1.76209 
-1.50057 -1.28871 -0.813261 -0.606205 -1.13504 -1.25235 -1.94193 -1.68473 -0.725793 -0.193011 0.201318 0.921395 1.38082 0.932994 1.56663 2.25455 1.11803 0.491363 -0.068321 0.0686473 0.950951 1.03238 0.525132 0.503748 0.287463 0.492416 0.622892 0.300215 -0.283758 -0.0727728 0.276234 -0.76155 -0.792575 -0.806591 
0.647964 0.647964 0.743674 0.579533 0.657976 0.312733 0.0673342 -0.00115762 -0.566775 -0.0565793 0.490097 0.3075 1.11658 2.03473 1.92779 1.3124 0.534646 0.816174 0.88092 0.291097 -0.0245618 -0.47163 -1.44109 -1.68613 -1.67733 -1.02407 -0.88603 -0.489288 -0.524949 -1.80062 -1.41937 -1.36904 0.0347592 0.0347592 
0.865483 0.865483 0.885917 1.79107 1.42939 1.61191 1.7378 1.3084 1.44685 0.517401 0.184767 -0.0597946 0.837213 0.24502 -1.32443 -0.444625 -0.0851918 -0.721465 -0.837042 -0.641579 -0.872954 -0.625128 0.0121957 -0.207599 -1.02227 -0.937079 -0.453961 -0.658327 -1.22688 -1.55144 -1.64779 -0.931615 0.255137 0.255137 
-1.55056 -1.55056 -1.05389 -1.02997 -0.670202 -1.08046 -0.806897 0.573916 0.917922 0.909387 0.504586 0.385811 -0.368106 -0.314416 -0.603549 -1.44322 -0.864145 -0.72093 0.145992 1.05852 0.645791 0.418735 0.678483 0.694266 1.90997 1.53009 0.986317 1.81825 0.571957 0.217781 -1.49251 -1.23398 0.407807 0.407807 
1.20897 1.20897 0.679341 -0.157863 -0.451979 -0.296156 -0.920713 -1.93324 -1.95568 -1.59817 -0.575316 -0.600403 -0.707527 -0.0150109 -0.167131 0.668081 1.58317 1.88471 1.84613 0.753959 0.258072 0.180869 -0.265748 -0.835082 -0.439422 -0.185044 -0.167958 -0.113246 -1.22322 -0.90351 0.175406 1.14463 0.960064 0.960064 
0.333686 0.333686 0.916444 0.813327 0.194089 -0.275176 -0.575417 -0.464618 -0.330714 0.270458 -0.50501 -0.646335 0.396924 -0.218535 -0.491974 -0.121663 -0.275645 -1.76133 -3.00402 -1.86172 -1.09029 -0.999099 0.977417 0.336409 -0.131139 0.748289 0.696886 0.648605 0.256114 1.43079 2.11509 1.37512 0.45468 0.45468 
-0.378257 -0.378257 -1.00553 -0.46477 -0.124937 -0.0208234 1.39246 2.11891 0.530485 -0.819346 -1.08485 -2.61732 -1.41956 0.403474 -0.873416 -0.733648 -0.468762 -0.497133 -0.181627 -0.55859 -0.469185 0.1633 0.615366 -0.427149 0.0338629 0.76113 0.888893 1.23525 1.68818 1.66166 1.17037 0.801535 -0.470852 -0.470852 
-0.83184 -0.83184 -0.88576 -0.767521 -0.569557 0.432462 0.766258 1.00078 2.22535 1.63372 0.0554063 -0.878269 -1.3951 -0.495605 0.602268 0.0469745 0.218238 1.7249 1.89419 1.0128 0.390401 0.548333 0.257333 -0.889305 -0.703097 0.40093 -0.361647 -1.27237 -0.0147037 0.136947 0.383849 -0.561358 -1.63658 -1.63658 
-0.312983 -0.312983 0.604301 -0.376816 -0.988334 -1.60984 -1.23949 -0.0463652 1.52896 2.83461 2.60755 0.820876 -0.316793 -0.196183 -0.188794 0.761944 1.2339 0.804539 0.244053 -0.834165 -0.642277 -0.664246 -0.909163 -0.78724 0.426002 0.135803 -1.02223 0.104189 0.448415 -0.745576 -0.855564 -0.765223 0.129554 0.129554 
-0.00229547 -0.00229547 0.165245 1.30545 0.536626 -1.16322 -1.86311 -1.17961 -0.29652 -0.0865716 0.224852 0.190938 0.449806 -0.299749 -1.23993 0.0848621 -0.442775 -2.1788 -1.75611 0.437644 2.05837 0.636503 -0.883813 0.450814 1.55321 0.64596 -0.197481 1.24608 1.52888 -0.0752633 -0.322617 -0.983793 0.72936 0.72936 
-0.327485 -0.327485 -1.47103 -1.67202 -0.867591 0.330432 0.0705197 -1.56087 -2.23182 -0.878542 -0.124948 0.894565 1.2983 -0.164499 -0.86782 -0.282309 -0.291387 -0.254134 0.853963 0.824263 0.803369 0.812088 0.583182 0.448708 1.78584 1.29861 -1.0604 0.515694 1.85732 0.115613 -1.14105 -0.298657 0.664794 0.664794 
-0.0789528 -0.0789528 0.48173 0.622191 -0.0534421 -0.275232 0.495229 0.994303 -0.963335 -1.88217 -0.790595 -1.04715 0.013245 1.41316 -0.0580679 -0.608641 1.27328 2.13503 0.875913 -0.423768 -1.07065 -0.757049 -0.510027 -0.888893 -0.480373 -0.00911283 -0.972202 -1.63863 1.01534 1.65372 -0.97953 -0.221105 1.40737 1.40737 
-0.507507 -0.507507 -0.885803 -0.161391 0.801844 0.794299 0.331732 0.0810831 1.48104 1.04618 -0.832792 -0.706497 0.361736 1.78502 1.74868 0.303814 1.31101 1.21479 -1.45787 -1.82501 -0.238618 -0.424644 -1.1638 0.898651 1.00485 -1.25267 -1.11791 -1.34797 -0.421167 0.730625 0.0757897 0.628424 -0.874206 -0.874206 
0.774453 0.774453 0.768572 -0.459324 -0.855907 -1.05244 -0.594547 1.42102 1.75797 1.06765 1.29664 1.37623 -0.051711 0.161287 1.54991 -0.614373 -2.22166 -1.5164 -0.582729 1.18033 1.11242 -0.586524 -0.712223 -0.356481 -0.0797489 0.344221 -0.300889 -1.17442 -0.52193 0.618785 -0.908031 -1.37268 -0.120963 -0.120963 
0.101712 0.101712 -0.0887029 -0.108734 -0.318826 -0.694505 -0.373454 -0.744931 -0.0736113 1.21673 0.413041 0.717443 1.9944 0.931748 -0.847276 -1.62547 -0.584976 0.392385 -0.618445 -1.05974 -0.894137 -1.65259 -1.41823 -0.283374 0.758726 0.908649 0.611065 0.409562 -1.53056 -1.04691 0.491347 1.67758 1.61919 1.61919 
0.0248361 0.0248361 1.10399 0.648426 -0.213131 0.368165 -0.361374 -0.346406 -0.942589 -1.50423 -0.68768 0.778344 0.363884 -2.57671 -0.821746 1.47793 -0.329586 -0.89591 0.0957168 -0.042342 0.0200875 1.05578 0.498266 -1.23286 -0.869239 0.678037 0.332811 -0.921031 -1.06433 -0.501352 0.73945 2.26922 1.41536 1.41536 
0.307262 0.307262 0.330337 0.198295 -0.220472 -0.303612 1.42387 1.49181 0.15179 -0.570431 -0.676757 -1.01348 -0.847136 -0.398854 -1.26049 -0.423115 0.524873 0.802502 1.5445 0.310283 -0.788842 -0.140239 0.0939786 1.01599 0.634373 -1.06263 0.106162 -0.571419 -1.71541 -2.16294 -1.57199 1.66108 1.41172 1.41172 
-0.51015 -0.51015 -1.37476 -1.13155 -0.106007 -0.447266 -1.65386 -1.03204 0.382849 1.46237 1.06725 -0.0997253 0.641372 0.594902 0.74227 1.84442 1.29327 0.308383 -1.13095 -1.60324 -0.555039 -0.504156 -1.0124 -0.142546 0.708134 0.317166 0.110962 -1.053 -0.779323 1.48123 2.15201 0.847161 -0.153793 -0.153793 
0.545861 0.545861 0.449737 -0.670744 -1.01206 -0.714698 -0.173971 0.230732 0.68785 -0.159852 -0.851996 0.843392 0.401412 -0.825993 0.0929255 0.204282 -1.52585 -2.54072 -0.0909571 1.78657 0.806747 1.93011 1.24756 -1.03075 0.386571 0.774495 -0.0902999 -0.408256 0.731765 1.73553 -0.0492718 -1.54518 -0.855396 -0.855396 
-0.471887 -0.471887 -0.0210061 0.785358 0.421286 1.31632 1.83522 -0.667581 -2.39877 -1.29573 -1.44801 -0.227952 2.56984 0.5065 -0.896996 0.388525 0.248332 0.290538 -0.000115024 -0.188636 0.653033 0.955418 -0.441184 -0.433726 1.0419 0.764044 0.446442 0.717564 0.406664 -0.380618 -0.666035 -1.31731 -1.00978 -1.00978 
0.0218498 0.0218498 0.118872 0.325558 1.05075 1.16221 0.532432 1.26337 0.585462 -1.71448 -1.99515 -1.12414 0.380095 1.70506 0.511315 -0.249026 1.44294 1.44132 -0.518229 -1.16786 -0.315027 -0.0430961 -1.11358 -0.721998 1.12481 0.346275 -1.30695 0.350783 1.22252 0.393132 -0.506908 -1.59179 -0.816192 -0.816192 
0.630857 0.630857 -0.107779 -1.25874 -0.988008 -0.248803 1.11734 2.02451 2.10923 0.7523 -1.57577 -2.26132 -0.825417 0.0366427 0.661606 1.01136 -0.0276538 -0.804934 -1.29342 -0.726997 0.068202 -0.260647 -0.152318 0.94546 0.635193 -1.15002 -0.083522 1.04745 -0.699469 -1.04143 -0.0745131 0.681927 0.613913 0.613913 
0.0434459 0.0434459 0.759429 0.171445 -1.61194 -1.56865 -0.0720514 0.921966 0.624606 0.265631 0.1125 0.0794977 -0.369882 -1.12281 0.179753 0.438806 -1.48321 -0.886459 1.58121 2.33351 0.0631122 -1.90928 -0.178362 1.46855 0.0607798 -1.16109 0.315083 1.0223 -0.891488 -1.22439 -0.632263 0.598819 1.014 1.014 
-0.814727 -0.814727 -0.95157 0.374722 1.32725 0.602585 -1.32384 -1.6037 0.428436 1.39835 1.1711 0.932891 -0.757206 -1.51095 -0.116346 0.356334 -0.0169522 0.743686 0.6981 -0.0705822 -0.0444242 -0.18605 -0.283545 0.782701 0.542528 -1.97402 -0.569189 1.95042 -0.308533 -2.0776 -0.318193 1.19339 0.619838 0.619838 
0.258656 0.258656 0.347515 -0.434604 -0.663771 0.251058 0.707091 -1.01876 -1.91576 0.0132357 0.43221 0.412483 1.4604 -0.141157 -1.37507 0.746195 1.63966 -0.347426 -1.71479 -1.32748 -0.306884 0.25862 -0.17945 -0.0772832 0.460523 -0.407184 -1.12691 1.16132 1.98676 -1.35804 -1.28209 1.41396 0.934164 0.934164 
-0.199348 -0.199348 0.279777 1.16706 0.682948 -0.260076 -0.420864 0.811005 0.689171 -1.47951 -1.10836 0.840916 1.69874 0.968182 -0.92881 -0.238624 0.653372 -1.78047 -1.95966 0.857266 0.977054 -0.561056 0.926082 1.4852 -1.37203 -1.35313 -0.0121712 0.511681 1.42563 0.379543 -0.016739 -0.57747 -0.942981 -0.942981 
0.00687642 0.00687642 -0.825154 -1.0899 -0.391036 0.187961 1.6869 1.60494 -0.228591 -0.301736 0.219964 -0.902792 -0.812395 1.09613 -0.51473 -2.54478 -0.600357 1.12141 1.83818 1.1595 -1.18637 -1.22553 0.166741 0.43943 0.485661 -0.138984 -1.01818 -0.138917 1.22595 -0.250763 -1.33857 0.544184 0.859033 0.859033 
