28
0.365143 0.524748 0.661423 0.687872 0.741171 0.726212 0.871452 0.895377 0.798286 0.298696 -0.185417 0.296068 0.706497 0.991376 0.774659 0.727906 0.656208 0.391978 0.137582 0.0508605 -0.473902 -0.300833 -1.39703 -1.1514 -1.64711 -2.26923 -1.93605 -1.94253 
0.685234 1.12782 1.24266 1.40321 1.22163 0.990441 0.865094 0.937679 0.806645 0.971279 0.964195 0.439642 -0.663504 -2.12459 -1.31066 -0.517284 -0.247896 -0.689053 -0.402746 0.0380839 0.0877472 -0.192901 -0.528344 -0.249675 -0.461545 -1.2317 -1.28587 -1.8756 
-0.268601 -0.847086 -1.27913 -1.50707 -1.38425 -0.774411 -0.770501 -1.03036 -1.14403 -1.16049 -0.0896229 -0.350881 0.205925 1.74896 0.835806 -0.0707054 0.0515068 -0.061504 0.0903975 -0.380167 0.376793 0.0464888 0.679481 1.10857 1.07991 1.37123 1.38014 2.1436 
1.94005 1.42964 0.893325 0.761639 0.631691 0.108532 0.285771 0.468248 0.201407 0.685961 1.8294 1.47799 0.242976 -0.412913 -0.180309 0.208718 0.188386 -0.263705 -1.41364 -0.697662 -0.871155 -0.889806 -1.58932 -1.47805 -1.48554 -0.991143 -0.79549 -0.285 
1.91041 1.77883 1.59936 1.4065 1.20523 0.628005 -0.0453246 -0.0948609 -0.0283544 0.479067 0.650821 -0.291721 -1.08707 -1.15732 -1.16351 -1.35831 -1.25386 -1.12872 -0.877016 -0.874207 -0.43325 -0.776526 -0.623335 -0.42619 0.0825726 0.975634 0.787763 0.115377 
0.32431 -0.255228 -1.04919 -1.03343 -1.39766 -0.89618 -0.323809 -0.712866 -0.390169 -0.498616 -1.3644 -0.45468 -0.158507 -1.18967 0.403237 1.66162 1.40309 0.940952 0.47583 0.809209 0.0676749 -0.00561754 -0.236799 -0.51468 -0.772986 2.48361 1.22662 1.45834 
-1.5986 -1.97391 -1.8752 -1.52908 -0.871849 -0.95476 -1.12227 -0.936746 0.0812241 0.487562 0.361089 0.322357 0.398038 0.796328 0.515506 0.526604 0.301579 0.0942195 -0.361445 -0.196406 0.376839 0.232641 0.658156 1.0739 1.22064 1.66977 1.36079 0.943033 
-0.116529 0.108946 0.187048 0.0239932 -0.0525043 0.493012 0.708209 0.0878703 -1.5326 -1.73531 -1.06627 -2.09938 -1.24035 -0.451223 -0.074286 -0.0926358 0.11739 0.473888 1.07821 1.88523 1.17258 1.79182 0.291982 1.03894 0.70796 -0.166768 -0.0265077 -1.51273 
0.972188 0.573082 0.50686 0.746502 0.757111 1.29226 1.12762 1.08715 0.420119 -0.242523 -0.578844 0.217272 0.679891 0.667339 0.220347 0.334439 1.37851 1.11795 -0.0811045 -0.731964 -0.812621 -1.57483 -1.59565 -1.26199 -1.53577 -0.988289 -1.89137 -0.803693 
-1.89349 -0.466065 0.946658 0.798697 1.02621 -0.478202 -0.81462 -0.83473 1.18876 1.23092 -0.0484125 -0.224432 0.0577612 2.32189 0.929232 -0.422421 -0.138492 -0.265819 -0.249404 -0.523457 -0.0859026 -0.861534 1.96998 0.144041 -0.185618 -1.71886 -1.2276 -0.175097 
-1.55328 -0.630713 -0.393603 -0.432519 -0.670596 -0.163136 0.989781 0.45219 0.241007 0.318542 -1.38332 0.00753083 0.24346 -1.42232 -0.636515 0.207467 0.12098 -0.102185 0.333837 1.83071 1.51997 1.0907 2.81605 -0.443367 0.0584594 -0.221064 -1.23819 -0.93987 
-1.22197 -1.1723 -0.658121 -0.322556 -0.391516 -0.893208 -1.08897 -0.964438 -1.15912 -1.12322 -1.31534 -1.00349 -0.589783 0.104199 -0.25308 -0.195462 0.294666 0.616424 0.713288 1.21194 1.08601 0.889994 1.83479 1.51929 1.39256 0.491345 1.23684 0.96123 
0.883422 1.21374 0.943032 0.129732 -0.045628 1.37131 1.30584 0.767285 -0.419631 -0.278217 0.389401 -0.0090983 -1.43911 -1.75181 -1.49342 -1.69883 -1.03126 -0.679741 -1.20223 -1.32713 -0.315773 0.782635 -0.0289628 0.681931 1.37317 0.537206 0.763849 0.578282 
0.904319 0.904319 0.633316 0.463625 0.379353 0.566473 0.64561 0.152414 -0.913056 -1.70073 0.295973 2.11657 1.71643 0.440047 -0.234898 0.060249 -0.382365 -0.754197 -0.392928 -0.943184 -0.414453 -1.57745 -1.42978 -0.207655 -1.9737 -0.286734 0.966216 0.966216 
0.917213 0.917213 0.566778 0.198462 -0.288295 -0.218424 0.159031 0.151964 0.266338 0.420352 -0.43599 -1.79789 -2.96157 -0.579522 2.22173 1.54511 0.0111591 0.0321824 1.12809 0.834046 -0.0624182 -0.540928 0.154046 0.307589 -0.995613 -0.799667 -0.57549 -0.57549 
-1.48839 -1.48839 -1.04158 -0.334344 0.733506 0.581939 -0.526596 -0.676462 -0.366219 1.14361 0.831588 0.176356 2.47614 0.602503 -2.51973 -1.20004 -0.188627 -0.150784 -0.60653 0.16469 0.343469 0.185456 1.15339 0.310039 0.134443 0.182327 0.784122 0.784122 
-1.05555 -1.05555 -0.598997 -0.109138 -0.581048 -0.210742 0.639884 0.104556 0.468702 2.16876 1.16102 -1.70614 -2.07317 -0.304004 0.955615 0.650707 -0.363238 -1.72495 -0.316869 0.860209 -0.0253686 -0.659474 -0.502852 0.33136 0.793202 1.03809 1.05749 1.05749 
-0.245565 -0.245565 -0.334248 -0.365792 -0.921966 -1.60504 -0.84147 0.229067 1.03498 1.18727 -0.910814 -2.31021 -1.04801 0.0939137 -0.0863122 0.0737727 0.536722 0.749801 0.572791 0.846638 0.345855 -0.0705399 0.711445 1.22596 2.23294 1.22492 -1.04027 -1.04027 
-1.19452 -1.19452 -0.679696 -0.308062 0.111988 0.921967 0.151825 -0.0640935 0.178578 -0.849224 0.031291 1.03616 -0.64233 0.479093 2.4591 0.857969 -0.629943 -0.808601 -0.120637 -0.359679 -0.71137 -0.270015 -0.446945 -0.470402 2.58623 1.72256 -0.893362 -0.893362 
-0.788545 -0.788545 0.473851 1.45118 0.700444 -0.74274 -0.273015 1.8014 2.18779 0.185186 -0.593621 -0.239882 0.524842 -0.0989853 -0.776514 -0.678877 -1.06114 -1.46473 -0.813087 0.987351 0.446231 0.187726 1.16754 0.679721 0.738149 -0.0592903 -1.57622 -1.57622 
0.416667 0.416667 0.00735018 -0.155521 0.590959 0.898259 -0.329968 -2.26384 -1.82387 0.588128 -0.286694 -0.0865414 1.83317 1.32529 0.474619 0.298779 0.69368 1.10907 1.58369 0.196262 -0.00155673 -0.830861 -0.69631 0.53508 -1.17337 -0.676913 -1.32112 -1.32112 
-0.39979 -0.39979 0.440609 0.541696 0.930498 0.69992 -0.0574332 -0.718417 -1.537 -1.10189 0.817392 1.86856 0.804593 -0.39218 -0.225555 1.73623 1.2433 -1.70797 -2.22148 -0.750013 -0.896515 -0.817789 0.624047 0.29123 0.572545 -0.255423 0.455313 0.455313 
1.65525 1.65525 0.671009 -0.0694681 -0.916928 -1.26925 -0.341914 1.13247 1.17138 -0.892111 -1.02842 -0.052835 1.47168 0.425295 -1.83371 -0.786243 -0.0213293 -0.188462 -0.280131 -0.017019 -0.330386 1.16527 0.509078 -1.46591 -1.28304 -0.770158 0.845317 0.845317 
0.960932 0.960932 0.153111 -0.246131 0.212923 1.38161 0.503578 -0.642512 -0.125696 -1.37813 -0.274712 1.35338 -1.21474 -0.752744 1.35591 0.623025 -0.27357 0.165431 1.61057 0.983154 -0.635143 1.07554 -1.3023 -2.33028 0.173368 -1.10283 -0.617333 -0.617333 
0.686416 0.686416 1.22716 0.124216 -1.45936 -1.69918 -0.514762 -0.512731 -0.680363 -0.675501 -0.15357 0.992266 1.71502 0.256796 -0.946811 0.65596 1.15555 0.411736 0.746305 0.32493 -0.988955 1.03618 0.81021 -1.21645 -2.32428 -0.67458 0.508694 0.508694 
0.0838339 0.0838339 -1.07157 -0.975237 1.27798 1.38901 -0.586636 -1.71964 -1.03267 0.840978 0.295502 -1.82374 -1.73706 -0.0312588 0.0771363 0.490532 1.0532 -0.149122 -0.630446 0.919201 2.15511 0.313376 -0.0781324 1.44019 -0.122605 -0.591991 0.0651097 0.0651097 
-0.23432 -0.23432 -0.36238 -0.22146 0.0478135 0.171133 -0.342279 -1.20608 -1.42831 0.882612 2.85099 1.04217 -1.29502 -1.50241 -0.316424 -0.141091 -0.644438 -0.0377735 -0.172425 -0.0460466 -0.508463 -0.796036 1.00394 -0.440278 -0.0894812 2.18885 0.915759 0.915759 
-0.157457 -0.157457 -0.3998 -0.489496 -0.20118 0.367451 0.316828 0.143727 0.249715 -0.388994 -1.38643 -1.58865 0.87478 3.48361 1.47108 -1.38138 -0.92235 0.808034 0.60073 -0.710203 -0.83158 0.21555 0.631426 -0.683328 -0.655428 0.349553 0.220625 0.220625 
0.17283 0.17283 0.667625 1.10211 0.501281 -1.02135 -1.02016 -0.0275621 1.13359 0.69824 -0.816469 1.01079 0.158374 -3.63494 -1.40085 1.49111 0.594309 -0.432135 0.0809469 0.524869 -0.125235 0.426868 -0.052604 -0.852633 -0.229112 0.314761 0.28126 0.28126 
0.186967 0.186967 0.504295 -0.0971562 -0.174602 0.682128 0.0954646 -0.219674 1.22839 0.339696 -2.61892 -2.20387 0.799511 1.85325 0.509672 -0.963128 -1.64772 -0.0787462 1.56586 0.0800484 -1.09322 -0.418094 0.533072 0.730792 0.349032 0.0624211 -0.0962161 -0.0962161 
0.0353492 0.0353492 0.0139668 -0.302921 -0.744558 0.150027 1.33871 1.36741 0.744981 -1.22349 -2.2753 0.0024675 1.72509 0.747345 0.0818102 0.517785 0.553708 0.119912 0.161103 -0.0583649 -0.526245 0.343277 0.97429 1.12681 0.0947592 -2.12328 -1.43999 -1.43999 
0.347752 0.347752 0.575141 0.517154 0.785362 0.0571271 -0.570582 0.0491212 -0.447641 -0.0573678 1.18635 -0.379412 -0.308094 1.93041 0.264572 -1.85732 -0.986961 0.344377 0.307431 -0.328696 0.0876141 0.194544 -0.0898574 1.88864 1.37454 -2.09628 -1.56783 -1.56783 
0.885504 0.885504 1.5373 0.194705 -1.41958 -0.605635 1.74033 1.68475 -1.0343 -1.8114 -0.239901 0.789512 0.137552 -0.824316 -0.343157 -0.146241 -0.480516 0.20902 1.67893 0.883452 -0.489701 0.524644 0.371708 -0.242787 -0.449277 -1.49992 -0.968088 -0.968088 
-0.190511 -0.190511 -0.315847 0.573589 0.935407 -0.584218 -2.3089 -1.02515 2.3192 1.3074 -0.394712 1.75581 1.21094 -0.920992 -0.66547 0.293054 0.748036 0.809381 -0.577974 -1.09544 -0.665942 -0.410167 1.17563 -0.242639 -0.808207 0.0107737 -0.371269 -0.371269 
0.462506 0.462506 0.52709 0.238569 0.026672 -0.705595 -0.980576 -1.01969 -0.319414 1.42978 1.82337 -0.0825928 -1.51878 -0.732566 1.28541 0.864023 -2.27488 -2.28803 0.537614 0.772093 -0.117718 0.897056 0.634125 -0.10732 -0.423666 -0.149313 0.379666 0.379666 
-0.581286 -0.581286 -1.03488 -0.951092 -0.713321 0.373864 1.49285 0.948622 -1.21857 -1.3259 0.535743 1.55311 0.314516 -2.00315 -0.720521 1.13184 0.387811 -0.136905 0.126649 -0.00915583 0.745863 0.535858 -1.59015 -1.07617 0.447823 1.32539 1.01122 1.01122 
-0.457165 -0.457165 -0.724171 0.123095 1.1717 0.277478 -1.27061 -0.337755 -0.408877 -0.0165671 1.90988 -0.545584 -1.32545 1.8023 1.00318 -1.00668 -0.222938 1.34317 0.629973 -1.4188 0.144878 -0.363092 -2.19466 1.07 0.903994 -0.445715 0.407784 0.407784 
0.315811 0.315811 -0.392354 -1.75631 -1.20213 0.575113 0.730402 -0.13771 -0.135893 0.306855 1.03944 1.16838 -0.503605 -1.74046 0.224908 1.31848 -0.188191 -0.294145 -0.0871187 -1.14554 0.425287 1.12381 -1.47772 -2.04394 0.316535 1.78759 0.728361 0.728361 
-0.662969 -0.662969 -0.606763 1.38204 1.39061 -1.07677 -1.80261 -0.249077 1.50519 0.786099 -1.5436 -1.17476 1.05701 1.06968 0.315609 0.580661 -0.36205 -0.971181 0.63449 1.63643 -0.342312 -1.29185 0.668619 -0.0147844 -1.17454 0.120689 0.394557 0.394557 
