33
0.364161 0.884333 0.867169 0.873388 0.931288 0.945437 0.938695 0.939681 0.991059 0.875035 0.804089 0.838016 0.663754 0.572537 0.547044 0.552498 0.5187 -0.0212016 -0.848887 -1.16096 -0.539559 0.228258 0.207331 0.216717 0.0592385 -0.693619 -0.437759 -1.39646 -1.11969 -1.40982 -2.16869 -1.74042 -2.28136 
0.107305 -1.07964 -0.880653 -0.525457 -0.454447 -0.311214 -0.0344468 0.178249 0.0172957 0.357623 0.480893 0.434995 1.11262 1.25124 1.33035 0.670789 0.807744 1.46212 1.73413 1.38251 1.3979 -0.0541614 -0.983798 -1.83136 -1.22634 -1.00185 0.225805 -0.281953 0.272707 -0.392641 -1.26296 -0.677462 -2.2259 
0.0217661 0.160931 0.343493 -0.460221 -0.760406 -0.932912 -1.32268 -1.32943 -0.777214 -0.220823 -0.532292 -1.15094 -1.04648 -0.470717 -1.16587 -0.852182 -1.30653 -1.03703 0.398367 0.789718 0.0769842 0.401542 0.34307 0.349924 -0.312038 0.531252 0.545561 1.07955 1.65297 1.48112 2.10502 1.89239 1.50412 
1.37203 1.40132 1.16816 1.88447 1.89773 1.78573 1.63384 1.3419 0.948666 0.300867 -0.0930745 -0.0594295 -0.455416 -0.981924 -1.04929 -1.14465 -0.582451 -0.574774 -1.10205 -0.855273 -0.0650022 -0.518019 -0.728526 -0.174586 -0.307259 -0.27737 -0.521424 -1.03959 -0.333149 -0.990024 -0.446258 -0.495573 -0.939607 
1.98908 1.78377 1.79954 0.579497 0.525815 0.544073 0.558385 0.555288 -0.0366767 -0.313375 -0.225039 -0.552043 -0.598658 -0.986262 -1.18185 -1.26932 -0.566737 0.716011 1.48413 1.49422 1.29302 0.484631 -0.85948 -1.35187 -1.09882 -1.10405 -0.818155 -1.03857 -0.234429 -1.11072 -0.137907 -0.272051 -0.0514513 
-0.321297 -0.921192 -1.48659 0.253089 0.228882 0.160913 -0.150136 -0.474694 -0.329691 -0.256142 0.354652 0.794897 0.128805 0.688616 0.257577 -0.0351894 -0.433048 0.0378662 1.45693 3.15505 0.170937 -0.402766 -0.298975 1.2475 1.48658 1.17573 -0.168824 -0.649522 -0.882793 -2.37355 -1.33994 -0.653317 -0.420363 
-0.844475 -0.734341 -0.791526 -1.21591 -1.23783 -1.24228 -1.3146 -1.17667 -1.15656 -1.26231 -1.27107 -0.790757 -0.412127 -0.38695 0.357706 0.0819149 0.0560781 0.271592 1.24829 1.93783 1.50755 0.541583 0.112941 0.062403 -0.0451096 0.258844 0.84703 1.134 0.703503 0.614161 1.22491 1.72624 1.19596 
0.783095 0.471314 0.960425 1.05103 0.716361 0.644217 0.508943 -0.0609572 0.0571602 0.836789 0.233878 0.210433 0.263239 0.509319 0.72323 1.73061 0.982887 -1.22535 -1.72662 -1.67305 -1.5063 -0.590132 -0.375082 -0.0191523 -0.255418 -1.26534 0.289536 -1.43 0.634622 -0.522594 -1.8155 1.87071 -1.01231 
0.526837 0.903844 0.344747 0.173112 0.881789 1.16053 1.01764 1.03422 0.962805 1.05742 1.30519 1.2614 0.412251 0.569407 0.462932 0.812206 0.823135 0.0938384 -0.703506 -1.2675 -0.268153 -0.192503 -0.360042 -0.713543 -0.0568651 -1.65862 -0.678542 -2.31941 -0.439226 -1.75174 -1.58551 -1.27775 -0.530384 
-1.12212 -0.818546 -0.571665 -0.381427 -0.716246 -0.559299 -0.108939 0.107793 0.523917 0.392921 0.894398 1.52527 0.931543 -0.164722 0.137724 -1.19326 -1.89369 -0.928359 2.3158 1.9307 0.448897 0.46177 0.263119 0.0134269 -0.0580608 0.913557 -1.46173 -0.105608 -1.41052 -0.932924 0.802534 -0.631092 1.39483 
-1.40394 -2.18454 -1.93875 -1.26189 -0.887865 -0.988615 -0.90832 -0.70766 -0.630314 -0.378617 0.477195 0.469165 0.479075 0.973607 0.894858 1.47851 1.87693 0.998355 0.570633 0.402472 -0.581985 0.630002 1.03544 0.788609 0.892342 1.28257 0.112427 0.4933 -0.266285 -0.157587 0.0355887 -1.07918 -0.515531 
-1.32301 -0.323092 -0.655739 -1.54483 -1.48274 -1.45752 -1.25175 -1.16619 -1.16977 -0.502244 -0.405513 0.19403 0.380271 0.173288 0.691322 0.279782 -0.329007 -0.0867901 0.0958292 -0.123181 -0.300655 0.620763 0.607825 0.650537 1.22683 1.83955 1.71424 2.48413 0.429883 1.05768 0.611503 -0.426311 -0.509117 
-1.3269 -2.09326 -1.57965 -0.317742 0.48253 0.798806 0.62318 0.945261 1.86066 1.53137 0.0937214 0.0917425 0.120035 0.0319145 -0.514803 -0.602546 -0.416987 -0.413827 -0.585893 -1.00379 -1.09113 -1.08438 -0.94002 -0.644894 -0.186351 0.516977 0.136589 1.31706 -0.334042 0.836265 1.25744 0.317707 2.17495 
1.20632 1.20632 0.253782 0.392902 0.4076 0.287796 0.263401 0.371115 0.154255 -0.0724522 0.205459 0.013978 -0.217957 0.0577631 0.236929 0.221537 -0.789198 -2.26055 -1.83829 0.847362 2.84876 1.65831 0.252678 -0.000399554 -1.4131 -0.647041 -1.02854 -0.989789 0.249314 -1.6701 -0.338658 0.0652463 0.0652463 
-0.992518 -0.992518 0.766138 0.620196 0.378474 0.613119 0.692334 0.193157 0.338708 0.662837 0.222385 0.854571 1.065 0.382452 -0.527796 -0.461831 1.03659 1.19061 0.0433624 -0.249296 -1.50423 -2.58193 -1.89257 -0.142441 1.08013 1.79017 0.955118 0.187638 0.00792188 -1.61713 -0.190661 -0.963989 -0.963989 
0.327266 0.327266 -0.998224 -1.67687 -0.78952 -0.915456 -0.682437 0.641799 1.43346 0.219293 -1.43256 -0.84786 0.831232 -0.292853 -0.661275 -0.322747 -0.384878 2.27171 2.44302 -0.576813 -0.67071 0.249046 -0.197579 -1.04596 0.129895 1.08059 0.64578 1.43177 0.439502 0.510471 0.453151 -0.969754 -0.969754 
-0.105525 -0.105525 1.20747 1.67843 0.0953892 -0.220225 -0.564108 -1.02535 -1.70544 -1.7068 -0.404467 -0.408375 -1.4789 -0.850874 -0.0268849 1.17631 1.37322 -0.708914 -0.251964 2.26605 0.928648 -0.983976 0.940455 1.08921 0.0876746 -0.125189 -1.1726 0.643927 0.378839 0.0679426 1.22907 -0.658749 -0.658749 
-0.0718781 -0.0718781 -1.24284 -1.32298 0.105972 0.184432 0.15979 -0.539829 -0.855556 -0.0705146 -0.128565 -0.284293 -0.354223 -0.526132 -0.179793 0.856664 2.43785 2.51347 1.04488 -0.0736908 -1.01818 -2.33705 -1.9724 -0.129344 0.432827 0.470728 0.222407 0.820446 0.0635834 0.258231 1.11465 0.246615 0.246615 
-0.86025 -0.86025 0.870347 1.27067 -0.0664598 -0.278638 -0.468438 -0.131094 0.163388 0.507937 0.779184 -0.165336 -0.0768927 0.0969775 -0.53368 -0.509135 0.0557637 1.39975 2.30752 -0.949535 -2.63001 -0.345873 1.22244 1.32251 -0.0513678 -1.22279 -1.34843 -0.526404 -1.27355 -0.336428 1.27419 0.681938 0.681938 
-0.128405 -0.128405 -0.94382 -0.890025 -0.249404 -0.326291 -0.109096 0.0319106 -0.339817 -0.383857 0.510176 1.10114 0.40683 0.965204 0.506076 -0.669315 0.0801736 1.60954 2.33268 0.186317 -2.33916 -2.33666 -0.940171 -0.450287 0.0904918 1.15178 1.12588 -0.428129 -1.0022 0.586226 1.4873 -0.253343 -0.253343 
0.143831 0.143831 0.506425 -0.235887 -0.382544 -0.202865 -0.651393 -0.423062 0.792997 0.143279 -0.58037 0.0104969 0.253366 0.398536 1.08454 0.218015 -2.67957 -2.45749 -0.419381 0.182567 0.959852 1.00338 0.498548 0.0918687 -1.1389 0.475096 -0.164329 0.294995 0.801698 -2.22376 2.14064 0.707795 0.707795 
-0.157934 -0.157934 -0.942805 0.870833 1.51512 0.296896 -0.0781385 0.0241186 0.135757 0.59236 0.394359 -1.17485 -0.887383 0.175062 0.449899 0.617852 -0.925117 -2.08141 -1.84493 0.725361 1.64042 -0.0288961 -0.642826 0.536273 -1.24944 -0.786794 -0.842743 0.444916 0.91464 -1.53727 0.780636 1.61198 1.61198 
0.334209 0.334209 0.246908 -0.201171 -0.226814 0.378003 0.424054 0.397683 0.129831 0.195578 0.782442 -0.0611889 -1.39159 -0.701273 -0.882078 -1.65458 0.114253 3.15274 2.11251 -1.52786 -1.22131 -0.232904 -0.435156 -0.337203 0.603562 -1.17104 -0.874856 -0.0503548 -0.727076 1.6149 0.142697 0.366442 0.366442 
-0.786483 -0.786483 1.25197 1.43132 0.343731 -0.0670843 0.354474 0.35035 0.421732 1.51052 1.14726 -0.0358469 0.66705 0.54305 0.667699 1.33507 -0.710038 -1.8655 -0.871896 -1.65056 0.279754 2.22369 0.183356 -0.238611 0.65239 -1.12929 -1.14237 -0.568153 -0.948826 0.383732 -1.32744 -0.809288 -0.809288 
0.850745 0.850745 -1.58615 -1.07692 0.102582 0.287933 0.365759 0.0956928 0.846456 0.975862 0.888159 1.00363 -0.036817 0.391206 0.127322 -1.32632 -0.482951 0.537995 -0.0570044 -0.521539 0.949653 1.16191 0.0283501 0.788476 1.52381 0.618721 0.821465 -1.66693 -1.85022 0.224236 -1.92446 -1.4557 -1.4557 
-0.523221 -0.523221 1.82426 2.15604 1.06158 -0.0679035 -0.0611853 1.20155 0.447666 -2.27571 -1.89689 -0.200234 -0.299934 -0.965441 -0.965003 -0.117479 -0.0122697 -0.426179 -0.913498 -0.815438 -0.323964 -0.0558013 0.27796 0.641593 1.11404 0.143076 0.695309 -0.77539 -0.787151 1.61126 -0.830859 0.831218 0.831218 
-0.621405 -0.621405 -0.521665 0.171777 -0.0138547 -0.0418821 0.121233 -0.0167512 -0.256509 0.0982095 0.123464 -0.242062 0.0928902 0.387623 0.178914 -0.674166 -1.71799 -0.690632 2.28966 3.42181 0.642899 -1.79972 -1.12769 -1.13275 -0.4021 0.337203 -0.184228 0.977638 -0.426236 -0.360038 1.30562 0.351072 0.351072 
1.29511 1.29511 1.18567 -0.314393 -0.0289943 0.211673 -0.338612 -0.288868 0.328521 -0.110917 0.120092 0.608179 -0.377724 -1.21811 -0.656807 1.14943 1.21546 -0.768498 -1.10345 -1.18422 -1.77291 -0.314899 1.80567 2.20552 1.42556 -0.117434 -1.22541 -0.733981 -1.37706 -0.172602 0.466095 -0.603598 -0.603598 
-0.741776 -0.741776 -1.1744 0.236249 0.588591 0.171468 1.09593 1.45205 -0.166137 -1.72384 -0.57709 1.54634 0.457012 -0.848246 0.0841467 0.279402 1.75713 1.90594 -1.71269 -1.88175 0.629676 0.404817 -0.722343 0.311963 1.45885 0.432073 0.327075 -0.0282956 -0.48411 0.111905 -0.840417 -0.803877 -0.803877 
0.897271 0.897271 1.20709 -0.698068 -1.21551 -0.400334 -0.496138 -0.717311 -0.414773 0.889363 0.887684 -0.673302 -0.257581 0.988725 1.3671 0.954575 -1.20668 -1.03561 1.99059 0.810181 -2.10451 0.0412831 1.39736 -0.527485 -0.765374 -0.795556 0.539478 1.05413 -0.345395 0.592841 -0.444538 -1.20839 -1.20839 
-0.857627 -0.857627 -0.918533 1.05737 1.1779 0.0731892 -0.518141 -0.739361 0.388961 0.584791 -0.130181 -0.139209 -0.151506 0.164853 1.08319 2.02166 1.29144 -1.02635 -1.93392 -1.53561 -1.68783 -0.692906 1.71011 1.86023 0.488334 -0.127628 0.29807 -0.0884155 -0.394988 0.831081 0.0234603 -0.627403 -0.627403 
0.945395 0.945395 1.18154 -0.628107 -0.989421 -0.312612 0.0115519 0.29723 0.30148 0.287774 -0.472648 -0.580484 0.0792548 -0.344943 -0.43303 0.272228 1.05057 1.25283 -1.46133 -2.98814 0.280616 2.19708 0.908695 -0.826904 -1.57696 -0.84062 0.335313 -0.0313153 0.0365827 1.42743 0.52525 -0.424855 -0.424855 
-0.460839 -0.460839 -0.426897 0.491792 0.409338 0.142176 0.279657 -0.0919249 -0.208681 0.589954 0.990611 -0.0115577 -0.0321195 0.116269 -0.977655 -0.215075 1.4915 1.47487 -0.84434 -2.89406 -1.53823 0.936347 1.24386 0.703948 1.06448 0.706928 -0.9432 -1.28907 0.693659 1.62441 -0.476079 -1.04462 -1.04462 
0.244318 0.244318 -0.258278 -0.603076 0.0211744 -0.183213 -0.150271 0.976768 0.382269 -0.931047 -0.0910861 0.563313 0.261546 0.561578 -0.123409 -2.54974 -1.81269 1.52912 1.78632 0.932653 0.554564 -0.313518 -0.61834 -1.10985 0.258289 0.65867 -0.123124 0.652884 -1.70656 0.905377 1.98368 -0.971322 -0.971322 
-0.571674 -0.571674 0.588655 1.503 -0.436722 -1.08887 -0.244046 0.0673172 0.294021 0.0959195 -1.20015 -0.889561 0.794117 0.786037 0.21376 -0.949236 -1.79646 -0.658009 1.72618 2.16033 -0.552087 -1.5303 0.292055 -0.457627 -0.916 0.190667 0.718494 1.05481 -1.33769 -0.155262 1.9453 0.46235 0.46235 
-0.0583188 -0.0583188 -0.338131 -0.299628 0.357876 0.402647 0.00848742 -0.187536 -0.130011 0.403736 -0.164146 -1.36143 -0.403516 0.314375 -0.599118 0.618379 2.99824 1.24406 -2.9267 -2.08568 0.804863 0.487129 -0.0689336 0.644848 -0.524507 -0.927032 0.696032 0.0884825 1.0361 0.539347 -0.783428 0.13592 0.13592 
1.388 1.388 1.51486 -0.696227 -1.11366 -0.0462211 0.241437 -0.00624779 0.766779 0.459352 -1.14758 -0.393475 0.355641 -0.053361 0.506387 -1.02831 -2.31762 -0.168304 0.0982062 0.760756 2.68649 -0.122003 -1.79544 0.277934 -0.683806 -1.32327 0.343077 0.0830756 0.61946 -0.321617 -0.897657 0.312674 0.312674 
-1.68732 -1.68732 -1.3033 1.42389 1.17966 0.348857 0.00541817 0.512893 0.814143 0.181839 0.17133 -0.547153 -0.31145 0.27417 -1.14483 -0.309828 1.55631 0.471605 -0.648625 0.90953 1.41991 -0.544383 -0.131226 1.27815 0.0223742 -0.379264 -1.57326 -1.86438 1.57655 0.0944022 -1.11648 0.503896 0.503896 
1.43506 1.43506 1.65715 -0.646791 -1.62492 -0.887825 0.713458 0.204334 -2.46385 -1.70566 1.25299 0.932681 -0.648483 -0.581455 0.431324 0.501456 -0.342911 -0.739533 -0.396835 0.258341 0.372202 0.266634 0.330539 0.42337 -0.469969 -0.416562 -0.751071 -1.12859 1.46128 -0.165534 -0.658417 0.97627 0.97627 
