32
0.530536 0.751258 0.661871 0.755822 0.588843 0.767625 0.633575 0.637017 0.866231 0.883248 0.75963 0.753751 0.708662 0.655369 0.383934 0.575633 0.712221 0.580337 0.562448 0.460612 0.128759 -0.803225 -1.54278 -1.04451 -1.01804 0.0433355 -0.649501 -1.85452 -1.36886 -0.527827 -1.96592 -2.62552 
-0.533707 -0.944103 -0.2588 -0.328756 0.434024 -0.0311414 0.411974 0.542884 -0.29629 -0.154102 0.118399 0.208556 0.624495 0.468221 0.620711 0.528758 0.222104 0.44251 0.823606 1.6359 2.39221 1.86216 0.00125434 0.243854 0.465893 -1.46988 -2.09253 -1.6804 -1.08411 -0.457275 -1.20239 -1.51402 
0.391441 0.105881 -0.390202 -0.650912 -0.628326 -0.829655 -1.04464 -1.07588 -0.558548 -0.465484 -0.203451 0.0133689 -0.362144 -0.0180515 0.803243 -0.524345 -0.891563 -1.00904 -1.16509 -1.72457 -0.848534 0.0286421 0.360829 0.131118 0.858804 1.09035 0.819231 1.38567 1.77132 0.270552 1.452 2.90798 
1.60044 1.7403 1.47252 1.49045 1.06636 1.42832 1.5503 1.226 0.551663 0.206307 -0.164134 -0.573971 -1.02352 -1.03282 -1.18851 -0.610369 -0.600274 -0.46171 -0.163959 -0.168228 0.179952 0.0602603 -0.262967 0.629847 0.22732 -0.599645 -1.08493 -1.41614 -0.637033 -0.903464 -1.55711 -0.98124 
0.972105 0.770007 1.02587 0.950581 1.23846 0.759941 0.770627 0.647535 0.617818 0.35878 0.227203 -0.124791 -0.46309 -1.21425 -1.77181 -1.58686 -1.42804 -1.18272 -1.3673 -0.843919 -0.00556515 1.31714 1.79786 1.50816 0.551066 -0.401077 -0.96659 0.225437 -0.408458 -1.00277 -0.711929 -0.259433 
-0.792764 -0.51242 -1.37158 -1.14883 -1.16397 -1.46712 -1.88578 -1.50274 -0.869667 -0.0738296 -0.3093 0.454523 1.03192 1.59294 1.30426 1.45879 1.46352 0.531193 0.468407 0.34671 -0.821934 -0.167975 1.6584 0.63556 0.939725 -0.150655 -0.849571 0.44954 -0.161943 0.422728 -0.150004 0.641866 
-0.326964 -0.827001 -0.502175 -0.780294 -1.52739 -0.965749 -1.11192 -1.03411 -1.03213 -0.97136 -0.793186 -1.2609 -1.08329 -0.393672 0.269017 0.304452 0.0287934 0.0325841 -0.0171355 0.0449008 1.02861 0.934589 2.60819 1.35486 0.126564 0.549347 0.0014728 0.289115 1.30401 0.743855 1.11263 1.89429 
-0.11421 0.305019 0.107874 0.213829 1.05132 0.744129 0.726751 0.530988 0.264116 0.700683 0.604174 0.928221 0.967958 0.400602 0.712614 0.408152 0.779108 1.21366 1.20383 -0.0493835 -1.20359 -0.775327 -0.244532 -0.893439 -2.23165 0.244107 -0.774363 -1.68589 -0.551442 0.684679 -2.19058 -2.07741 
0.00772766 -0.187272 -0.134678 0.344691 -0.0879033 0.143345 0.314915 0.756738 1.11398 0.607006 0.340599 0.222203 0.297301 0.931899 0.24865 0.885444 0.20542 1.18852 2.00335 0.966195 -0.362696 -1.56137 -0.933938 -2.7 0.589312 0.355742 -1.28058 -0.995983 -0.981134 0.0581896 -2.31157 -0.0440959 
-1.21593 -0.397409 -0.104438 -0.81396 -0.590367 -0.32235 0.0469471 0.0837332 0.624631 0.655642 1.00578 0.411085 0.828561 1.10629 1.14286 0.397122 0.572432 0.356831 -0.76449 -1.07736 -0.591158 0.517676 -0.245709 -2.84674 -1.15016 -1.41443 0.575544 1.61848 0.00759055 -1.25351 1.38341 1.4534 
-1.36363 -1.57487 -1.50902 -0.97524 -0.453822 -0.930868 -0.852536 -0.863825 -0.558758 -0.40833 -0.976195 -0.588742 -0.192967 -0.553754 -0.784632 0.357835 0.607803 0.311213 0.753543 1.39109 0.828821 0.0945708 -0.663711 -0.603299 1.39286 1.23337 1.34452 1.42108 0.883278 1.0453 2.09294 0.0959922 
-1.42859 -0.934662 -0.70406 -0.864516 -1.08486 -0.455031 -0.138823 -0.269855 -0.597401 -0.373238 -0.19783 -0.827713 -0.894801 -0.319278 0.118855 0.211132 0.214506 -0.757913 -0.850136 -0.636209 -0.440795 0.397373 -0.986226 0.24266 0.481669 0.611892 1.77158 1.29472 1.66246 2.11235 2.44232 1.20042 
0.63258 1.10747 0.672644 1.06438 0.916598 1.13251 1.22614 1.53173 1.04112 0.311293 -0.144855 0.587256 0.792105 0.397367 0.206673 0.177295 -0.751003 -0.989216 -0.618359 -1.3274 -0.828623 -0.818451 -1.4436 -1.47846 -1.51195 -1.0343 -0.814172 -1.22885 -1.40309 0.407722 1.23546 0.952005 
0.470654 0.470654 0.312107 0.215064 0.321158 0.362342 0.143051 0.597374 0.614351 0.173075 0.144439 0.242653 0.183356 -0.0997296 0.206674 0.716976 0.312281 0.119082 0.156662 -0.236004 -1.27424 -1.78415 0.00462841 0.962682 1.66693 0.767314 -2.06719 -0.593288 1.96566 -0.440322 -2.31712 -2.31712 
0.342372 0.342372 0.68717 0.765638 0.36537 0.0416144 0.645318 -0.653381 -0.641959 0.483943 0.431247 0.576519 0.326935 0.0601142 0.125259 -0.339761 -0.0234052 0.673147 1.27261 1.65262 0.293099 -2.3576 -1.57507 0.534532 -1.67172 -2.52722 -0.149265 1.08527 1.30273 -0.0558467 -1.00632 -1.00632 
-0.985089 -0.985089 -0.959597 -0.427564 -0.366655 -0.610343 -0.435872 0.315307 0.442815 0.180941 0.307885 -0.346088 -0.215536 1.01211 -0.702645 -1.92178 -0.680488 -0.46388 -0.917273 0.141407 1.61508 1.05722 -0.0781896 0.3275 0.800647 -0.223897 0.119618 0.793314 -1.32715 -0.510851 2.52207 2.52207 
0.106966 0.106966 -0.10262 -0.371282 0.220046 1.15861 -0.0209214 -1.38961 -1.4258 -0.903468 -1.0143 -1.15027 -0.461836 0.0432524 1.05292 1.33786 0.582334 1.07675 0.831252 0.917928 0.719542 -0.434455 1.30581 1.16951 -1.78639 -1.92863 -1.07655 1.09665 1.208 -1.25457 0.193142 0.193142 
0.125627 0.125627 0.265802 0.301195 -0.144533 -0.450939 -0.0580544 -0.102716 -0.252988 -0.365582 -0.468335 -0.696843 -1.13807 -1.38044 -0.345688 0.446195 0.512933 0.133341 0.440704 1.57144 2.455 2.05968 0.277352 -1.31199 -2.04425 -1.6114 0.758738 0.68315 -1.29144 -0.269255 0.88787 0.88787 
-0.702533 -0.702533 -0.767403 0.18324 -0.409107 -0.863601 -0.0907037 1.0939 1.55884 0.580571 0.544513 1.46008 1.23166 0.256161 -0.201701 0.128792 -1.09538 -1.17144 -0.258384 -1.50396 -0.630303 2.74311 0.854462 -0.860063 -0.936139 -2.06595 0.625432 0.723911 -0.0807924 -0.0371455 0.196231 0.196231 
-0.418234 -0.418234 -0.141768 -1.47716 -0.430995 0.317633 -0.28512 -0.10055 -0.121781 0.0977192 -0.560668 -0.561362 0.880444 1.48475 0.669768 -0.499226 -0.538648 -0.257173 -0.184611 1.10283 0.90842 1.76789 0.323621 -3.29157 -1.20347 -0.355794 -0.524153 1.42275 0.366561 -0.438377 1.23325 1.23325 
0.365147 0.365147 0.105637 0.962706 0.620467 -0.0876868 0.00461564 -0.202061 0.321749 0.462875 0.369665 0.482529 -0.255892 -0.030345 0.187431 0.236259 0.848447 0.533009 -0.865106 -1.81308 -0.42018 0.975637 0.0833358 -1.46492 1.1235 1.38837 -1.4176 0.36584 2.14491 -1.17665 -2.10688 -2.10688 
-0.0590655 -0.0590655 0.537619 0.108322 -0.111216 0.423351 0.609668 0.773951 -0.065547 -0.617354 -0.27354 0.028626 0.694878 0.0238888 0.0258321 0.028686 0.335095 1.65775 -0.129774 -2.02655 -2.16946 -0.438501 -0.940532 1.41471 2.77067 -1.58755 -1.12908 0.331888 0.999672 -1.11024 -0.0235668 -0.0235668 
0.60378 0.60378 -0.47769 -0.526792 0.165059 0.268181 0.104528 0.225978 0.221891 0.0868832 -0.355962 -0.308306 0.309156 0.0395664 -0.684791 -0.586594 -0.211393 -1.12908 -1.19792 -0.0602014 0.946005 0.0616145 -2.56403 -0.823001 0.830835 1.03849 1.96366 -0.584845 -2.21552 0.790855 1.73293 1.73293 
-0.320309 -0.320309 0.558922 1.09656 -0.0963603 -0.619262 -0.0696042 0.197974 0.388822 -0.641358 -0.361635 0.775592 -0.107434 -0.84697 0.927076 1.49454 -0.203746 0.0232691 1.12568 -0.0598866 -1.6788 -1.91012 -0.972306 2.27831 2.01879 -0.205772 0.0728036 -0.693049 -0.5922 1.27884 -1.26903 -1.26903 
0.782644 0.782644 -0.161065 -0.811384 0.328305 1.10208 0.00482463 -0.92355 -0.411315 0.314008 -0.917632 -1.26734 0.471003 1.19959 0.502694 -0.124283 -1.65971 -1.79757 -0.0867118 0.328097 1.22833 -1.0488 -0.485338 1.85466 0.270254 1.59799 0.722506 -0.419588 0.916897 0.862434 -1.57734 -1.57734 
0.00987814 0.00987814 -0.0951451 0.267376 0.0453267 0.350209 0.463474 -0.274391 -1.58205 -1.53852 0.307802 1.14259 -0.280536 -0.780079 -0.318655 -1.2502 -1.51394 0.1268 -0.467821 -0.306268 0.602046 -0.817389 -0.874267 -0.127051 0.520219 0.84053 -0.286418 -0.784476 2.02616 3.29157 0.646672 0.646672 
0.0512376 0.0512376 -0.0114692 0.159537 0.248856 0.0385982 0.305561 0.458234 -0.120486 -0.149961 0.198648 0.178835 -0.0675534 0.168756 0.681428 0.22193 -0.23266 0.0531298 -0.0757622 -0.770936 -0.846693 0.980071 1.92864 1.22784 0.0274449 -2.25924 -0.725507 2.75964 0.252532 -2.61376 -1.05906 -1.05906 
0.290491 0.290491 0.341369 -0.141724 -0.402522 0.248443 -0.383701 -0.76773 0.804357 0.762783 0.126953 -0.00070732 -0.267904 -0.0638373 -0.192348 -0.0294648 0.723687 0.907251 0.702009 -0.568178 -2.53326 -1.14437 1.94216 0.00425633 -1.91828 1.05407 2.40922 1.00838 -0.67296 -1.43024 -0.549352 -0.549352 
-0.20257 -0.20257 0.169986 0.194788 -0.348411 -0.268889 0.427767 0.394881 -0.31451 -0.314905 -0.589471 -0.586945 0.730657 -0.561518 -2.27488 -0.204905 0.800474 -0.386228 0.203432 1.55286 0.420876 -1.40613 -0.731405 0.394985 -0.606536 -0.69731 0.491882 -1.23352 -1.13366 2.475 1.90339 1.90339 
-0.172145 -0.172145 -0.354469 0.18906 1.00833 -0.193442 -1.75923 -0.983311 0.299998 0.249345 -0.197404 0.345007 0.780057 0.998057 0.848657 -0.349271 -0.207114 0.139012 -0.137695 -0.105723 -0.947688 0.367952 1.0586 -2.12839 -2.13243 0.451816 2.02316 1.52046 -1.62554 -0.718629 0.952559 0.952559 
0.0372859 0.0372859 0.0626664 -0.357495 -0.602605 -0.00122094 0.186481 -0.203027 -0.251743 -0.217666 -0.300789 -0.543516 -0.553455 0.504996 1.24668 0.552497 -0.28759 -0.115033 0.968049 1.38125 0.286892 -1.62487 -2.48112 -1.7281 -0.277947 1.94684 1.58223 -1.53346 -0.746223 1.49959 0.76656 0.76656 
-0.0856495 -0.0856495 0.558978 0.201298 -0.75152 0.174247 1.28572 1.07689 -0.38975 -0.729476 0.554727 0.42429 -0.858031 -1.01362 -0.12803 -0.647662 -0.923341 0.525902 -0.267143 -0.293858 2.83826 0.965153 -2.48496 -1.25586 -0.85937 1.01723 1.85013 -0.520549 -0.557731 0.146187 0.116591 0.116591 
0.0742021 0.0742021 -0.807606 -0.299345 1.07681 -0.0120319 -0.384499 -0.000499727 0.0225661 -0.398171 -0.543573 0.843258 1.24276 -0.247475 -1.41845 -0.906318 0.0514779 0.125425 0.789701 0.613409 0.330805 -0.494522 -3.4493 -1.11675 1.83024 0.340216 1.06607 0.479811 -1.33732 0.463949 0.995478 0.995478 
-0.0429541 -0.0429541 0.499807 0.447417 -0.543802 -0.268617 0.0489569 0.32222 0.542475 0.151731 0.133833 -0.274763 -0.203404 0.402133 0.290221 0.539992 0.309311 -0.963765 -1.36433 0.403148 1.88741 0.440252 -1.42416 0.780097 1.9283 -1.48783 -0.526156 2.37744 -0.855435 -2.57117 -0.467706 -0.467706 
0.325497 0.325497 0.0676177 -0.42269 0.156306 0.400105 0.177674 -0.438536 -0.868693 -0.157875 0.355109 0.548798 -0.0357783 -0.43483 -0.030051 0.152842 0.945649 -0.312181 -2.2461 -1.25818 0.921011 0.705287 1.0803 2.19639 -1.8364 -2.37552 1.12008 1.24581 -0.899222 -0.647594 0.619834 0.619834 
-0.701506 -0.701506 -0.731519 0.352397 0.445442 -0.0774722 -0.0662697 0.0312625 -0.125493 -0.393677 -0.282027 0.366069 0.172158 -0.648008 -0.423205 0.248884 -0.37206 -0.643473 0.612863 1.26997 0.0339845 -2.18593 -0.581181 2.03459 1.09733 0.651947 -1.03271 -2.59493 0.800402 2.37296 0.535358 0.535358 
0.576962 0.576962 0.890079 -0.316731 -0.934383 0.080485 0.540857 0.331887 -0.423921 -0.37216 0.890127 0.212948 -0.88007 0.667395 1.42859 -0.593682 -0.791958 0.839155 0.016473 -1.56841 -1.01266 0.47636 2.50422 1.8069 -1.38181 -1.06843 -0.218885 -0.322392 1.21332 -0.329282 -1.41897 -1.41897 
-0.43311 -0.43311 -0.841032 0.465808 1.35909 -0.0440638 -1.11176 -0.102186 0.935119 -0.15875 -0.833079 1.02988 1.70626 0.178722 -0.671576 -1.19755 -0.890748 1.14553 1.4922 0.983722 -0.704834 -0.916079 1.98008 0.632799 -0.00216107 0.442525 -1.10671 0.280778 0.96301 -1.4057 -1.37154 -1.37154 
-0.0380845 -0.0380845 0.196369 0.120685 0.0834077 0.300266 -0.374111 -1.29307 -0.787714 1.25207 1.7638 -0.35066 -1.21362 0.00518495 -0.274204 -0.743194 0.920387 0.706398 -0.250242 0.721755 -0.300721 -0.924942 0.476301 0.931697 0.655603 -0.491841 -1.02111 1.52545 2.66595 -0.86232 -1.68071 -1.68071 
