26
0.503608 0.695632 0.722744 0.631702 0.774948 0.871237 0.92574 0.848721 0.757018 0.644764 0.571222 0.351856 0.168459 0.151417 0.0892425 0.136075 0.217437 0.280852 0.204112 -0.102117 -0.474885 -0.968794 -0.991405 -2.01373 -2.37989 -2.61596 
-0.136774 0.0536777 -0.034341 0.000214545 0.240474 0.0288462 -0.00870987 0.411653 -0.0784581 0.166149 0.507689 0.342246 1.04205 1.61451 1.82607 1.20721 -0.37014 -0.41191 -0.502857 -0.414686 -0.256598 -0.188731 0.294107 -0.248208 -1.5533 -3.53018 
0.300831 -0.410967 0.0402511 -0.387729 -1.27559 -1.47818 -1.16461 -0.885826 -0.160319 0.000111749 -0.410406 -0.446656 -0.576938 -0.956069 -0.375013 -0.824935 -0.892724 -0.122456 0.653997 0.550758 0.738809 1.38372 0.97889 2.08286 2.17657 1.46161 
1.90211 2.11073 1.55849 1.62245 1.52977 1.1221 0.529028 -0.0797274 -0.231473 -0.309614 -0.110547 -0.033097 -0.0717978 -0.123506 -0.548054 -0.767122 -0.667724 -0.626873 -0.503083 -0.985746 -1.11845 -0.946689 -0.759024 -1.0116 -0.770069 -0.71048 
2.44017 1.62865 1.72896 0.218419 -0.46613 -0.650689 -0.777924 -0.559404 -0.610575 -0.283894 -0.608535 -0.879598 -0.629431 0.0885792 0.294068 -0.167768 -0.979536 -1.29233 -1.09784 -0.949428 0.266207 0.191796 0.179104 -0.0944545 1.1442 1.86738 
0.461321 0.642336 0.0105687 1.30081 1.95297 1.45326 0.535211 -0.00838848 -0.597107 -0.940787 -1.06673 -1.06789 -1.24238 -1.65366 -1.7387 -1.41058 -0.303089 0.927832 0.920798 0.71665 0.220686 0.291937 -0.287794 -0.462492 0.604328 0.74088 
-1.04019 -1.4807 -1.4001 -1.34599 -1.05739 -1.2163 -1.20923 -0.655146 -0.000580834 0.297674 0.784687 0.103059 0.0284666 0.0842009 0.322047 0.815282 0.516583 0.111157 -0.336301 -0.0196969 0.0424917 0.41671 0.71575 1.20886 1.90884 2.40582 
0.529561 0.398012 -0.378886 0.65234 0.939904 1.39479 1.34777 0.569421 0.0144801 -0.315217 -1.29129 -1.33159 -1.43984 -1.5464 -1.41215 -1.35099 0.0177576 0.352983 0.610017 1.19463 0.671291 1.04216 1.47667 -0.643052 -0.664695 -0.837679 
-0.181274 -0.349759 0.184523 -0.0867961 0.261811 0.899527 1.24302 1.39406 1.18685 1.16658 1.10356 0.578561 0.368974 0.770493 0.394538 0.008249 0.289123 0.0204714 -0.464755 0.208182 -1.14905 -1.47176 -1.23201 -2.55089 -1.20963 -1.38259 
-0.7012 -0.24832 -0.66345 -1.183 -0.509362 -0.184473 0.35374 0.541461 0.349565 0.343842 -0.803482 -0.719666 -0.601488 -0.00984837 1.12218 0.247819 0.263325 -0.835774 -0.338666 -0.282887 -1.04218 -0.043501 -0.9516 0.989142 3.64361 1.26423 
-1.77591 -1.56663 -0.798843 -0.152992 -1.11836 -1.53193 -1.47381 -0.788178 0.212386 0.07343 1.00794 1.28538 0.784342 0.410802 -0.0371936 -0.159755 -0.033954 0.618087 0.808139 1.40257 1.1401 1.67862 0.631759 0.602387 -0.305362 -0.913011 
-1.23084 -1.39124 -0.822857 -0.892496 -1.06393 -1.37783 -1.48232 -1.09213 -1.43302 -0.589013 -0.146525 0.174899 0.371166 0.242558 0.742435 1.28952 0.981824 1.07953 1.05227 1.45627 0.829664 0.628867 0.483496 0.777213 1.21404 0.198457 
-0.169933 0.726166 0.816405 1.33424 1.56689 1.31605 0.819193 0.00177501 -0.487742 -0.781551 -0.197798 0.122039 -0.364754 -0.501901 -0.712263 -2.02058 -1.36027 -1.51851 -1.12492 -0.902445 0.0871847 -0.0225611 0.075662 0.704432 2.05506 0.540127 
1.13491 1.13491 0.454492 0.733647 1.18394 0.970629 0.554042 0.202599 0.117903 0.161558 -0.0959111 -0.359972 0.12636 0.417747 0.571287 0.91631 0.956168 0.576132 -0.312394 -1.02397 -1.4751 -0.633415 -1.90359 -2.7294 -0.839444 -0.839444 
0.359221 0.359221 0.22494 0.507702 0.295652 0.0563566 0.60072 0.210913 0.0595269 0.775866 0.42267 0.731262 1.36685 0.946306 -0.0798334 -1.62071 -1.12363 0.156676 0.2686 0.483105 0.465616 0.745338 0.21976 -1.32027 -2.55593 -2.55593 
-0.52306 -0.52306 -0.12273 -2.01151 -1.6936 0.00102679 0.68001 1.26105 1.09412 -0.508259 -0.78568 -0.390404 -0.874041 0.12931 0.0294576 -0.885746 0.835346 2.02616 0.794068 -0.0358802 1.0194 0.183129 0.830626 1.53384 -1.03178 -1.03178 
-0.316965 -0.316965 -0.667789 0.446711 -0.697029 -1.91055 -2.3982 -1.32793 -0.0411474 0.809603 1.18692 0.610318 0.297096 -0.638617 -1.04448 0.226137 0.856464 0.915617 -0.353952 -0.975979 0.611065 1.38799 0.358924 0.489562 1.2466 1.2466 
-0.706144 -0.706144 -1.393 -2.1642 -0.861294 -0.313677 0.0823884 0.157128 0.263407 -0.00530502 -0.592648 -0.0278406 0.944022 0.900121 -0.259196 -1.25875 -1.1123 -0.123557 0.329622 1.33301 1.11406 -0.0928968 -0.288578 0.940998 1.92039 1.92039 
-0.478811 -0.478811 0.60733 1.86453 0.111833 -1.42569 -1.46867 -1.14619 -0.950432 -0.497289 -0.161895 -0.209436 -0.611019 -0.523434 0.200577 1.36829 2.2523 1.16097 -0.244228 -0.72298 -0.453314 -0.535338 -0.776167 0.836111 1.14088 1.14088 
-1.05247 -1.05247 -0.257703 0.0764953 -0.265793 -0.718145 0.427504 1.46789 1.05682 0.787603 -0.786874 -1.68926 -0.504467 -0.0024404 0.700535 -0.161586 -1.60555 -1.84458 -0.684423 0.134478 0.227053 0.607625 0.798656 1.44289 1.44911 1.44911 
-0.789106 -0.789106 0.398569 1.48583 0.897141 0.555399 -0.704244 -1.22305 -0.764787 -1.19494 -0.899345 -0.0129376 -0.080608 0.167077 0.338385 1.59932 1.87926 0.743737 0.998465 0.201381 -0.0169401 0.961425 -1.5825 -2.04843 -0.06 -0.06 
0.559935 0.559935 0.410789 0.141497 1.45991 1.45249 0.746647 -0.0520665 -0.300522 -0.091398 -0.823426 -1.036 0.30777 0.0664789 -1.07611 -0.123485 0.0471295 -1.06398 0.301647 -0.96306 -2.4071 -0.0909187 -1.5357 0.0618647 1.72383 1.72383 
-0.173018 -0.173018 -1.01609 -0.0721555 0.65995 0.54254 0.423619 -0.209365 -0.377075 -1.20541 -1.12778 -0.0306224 0.409647 1.28862 0.0176453 -0.950345 -1.14519 -0.727655 0.273592 -0.815676 0.00179564 -0.127212 0.689527 3.77817 0.0327463 0.0327463 
0.955067 0.955067 1.41021 -0.396702 -1.50122 -0.434174 0.711821 1.69437 0.834689 0.765824 1.19994 -0.296704 -0.975388 -0.920091 -0.65843 -0.0602124 0.747358 0.814344 0.754281 0.282499 0.224207 -0.593566 -1.18563 -1.0406 -1.64349 -1.64349 
0.494201 0.494201 0.66713 -0.742473 -1.20787 -1.08033 0.261203 -0.189222 0.675457 2.16807 1.17236 0.703231 -0.154235 0.424245 1.71167 0.17297 -0.683253 -0.148931 0.434672 -0.707284 -1.85963 -0.942717 -0.00049736 1.10878 -1.38588 -1.38588 
1.01137 1.01137 0.574802 0.73917 -0.14799 -0.989952 -1.64386 -1.63539 -1.03107 0.207638 0.915873 -0.319691 -0.847116 -0.528075 -1.87978 -0.874887 0.452462 0.144623 0.584029 1.27194 0.888512 -0.140298 0.712055 2.15751 -0.316632 -0.316632 
-0.602508 -0.602508 -0.310032 0.874641 0.35867 -0.549581 -0.6943 -0.346571 0.0673807 -0.113637 -0.436037 0.343258 0.925212 0.57654 0.632735 0.513628 -0.246031 -1.21872 -1.56608 -1.10781 0.519569 -0.338559 -2.08563 1.22531 2.09053 2.09053 
0.129699 0.129699 0.386788 0.31608 -0.158578 0.529158 0.392312 -0.240268 0.765448 0.581961 0.211233 1.11024 0.447308 -1.06354 -2.08216 -0.697241 1.8678 1.51762 0.54858 0.430917 0.490212 0.0282542 -1.62628 -2.27188 -0.871678 -0.871678 
0.346698 0.346698 -0.905997 -0.960658 1.41596 1.65543 0.916874 0.355836 -1.09227 -1.16555 0.159353 0.022584 0.425877 0.680415 -0.592027 0.615677 2.01245 0.0538112 -1.28642 0.230634 0.226441 -0.0440119 0.977017 -1.15402 -1.62041 -1.62041 
-0.366178 -0.366178 0.472301 -0.124239 -1.8757 -1.38209 0.336084 1.67106 1.50591 0.821683 -0.252171 -0.771691 -1.04186 -1.11156 0.548346 1.32791 0.41648 -1.01288 -1.52536 0.623776 1.67626 -0.291935 -0.778163 0.565589 0.467305 0.467305 
-0.755073 -0.755073 -1.40199 0.267093 1.37337 0.612676 0.21601 -0.027073 -0.315171 -0.897005 -0.197821 1.11009 0.599488 -1.18822 -1.98985 -0.89453 0.773323 1.03062 1.0429 0.479094 -1.37501 -1.3555 0.688349 1.67404 0.642632 0.642632 
0.665356 0.665356 1.58654 -0.493555 -2.54133 -1.28857 0.0743075 0.249234 0.344977 0.447293 0.0804279 -0.459576 -0.360566 0.464188 1.25563 1.37286 -0.282401 -1.95976 -1.51091 -0.283694 0.00700001 -0.367054 0.874409 1.27419 0.0928243 0.0928243 
0.467612 0.467612 0.741044 -0.189265 -0.8328 0.384591 1.60591 0.332248 -0.739241 -1.69111 -2.20915 0.0484116 1.19747 0.803255 -0.312855 -2.06943 -1.55963 0.571 1.43657 0.563099 0.204471 0.285025 0.500745 0.349536 -0.177559 -0.177559 
0.745118 0.745118 1.54768 0.236452 -0.818371 -1.31364 -1.44434 -0.176261 -0.110819 -0.230896 0.740927 0.472784 0.00130814 0.177711 0.92565 1.00583 -0.763127 -0.781733 -0.531914 -0.881098 0.429459 -1.2872 -2.35331 0.992273 1.3362 1.3362 
-0.237058 -0.237058 -0.4521 0.719814 0.928935 -0.687533 -1.31942 -0.954172 -0.149366 -0.535522 -0.872264 0.785356 0.76242 -1.22306 -0.269654 0.779005 -0.868988 0.0852864 -0.0373696 -2.28102 0.578488 0.577893 0.0040466 2.48493 1.2092 1.2092 
-0.421279 -0.421279 0.161442 1.13385 0.478648 -0.0467183 -0.365 -0.395119 -0.515713 -0.364257 0.824409 1.04828 0.91359 -0.14282 -1.28301 -0.618681 0.23665 0.975037 0.0448377 -0.0686125 0.524188 0.523736 2.5101 -0.306276 -2.213 -2.213 
0.5637 0.5637 -0.977898 -2.30855 0.143416 2.06348 1.99139 0.280214 -0.616823 0.487005 -0.731127 -1.68053 -0.356467 0.445805 0.909007 1.37476 0.921529 0.181293 -0.278365 -0.276855 -0.572044 -1.02744 -0.206004 -0.215245 -0.338979 -0.338979 
0.274289 0.274289 -0.676038 -1.10638 -0.0700724 1.14812 0.75847 0.436986 1.74695 0.492709 -0.829863 -0.736665 -0.030384 1.41566 -0.0117013 -1.45691 -0.0593157 0.911387 -0.218728 -1.38907 -0.00102113 1.4111 1.54079 -0.776293 -1.52415 -1.52415 
-0.163872 -0.163872 -0.0427965 -0.374703 -1.11597 -0.94416 -0.317723 0.609099 1.5153 1.59185 -0.230724 -1.14092 0.00421429 -0.602954 -0.0977534 1.87566 0.908691 0.254625 0.988104 0.381996 -0.882557 0.0277317 1.8503 -0.600027 -1.66476 -1.66476 
