40
0.324511 0.454508 0.527381 0.672755 0.780459 0.804508 0.869064 0.920502 0.985893 0.946453 0.870612 0.824132 0.899055 0.971301 0.947425 0.877919 0.741929 0.699433 0.751695 0.777413 0.517849 0.303947 0.258277 0.0781762 -0.0141184 0.0456392 0.00797187 -0.158468 -0.465335 -0.786655 -1.28823 -1.72346 -2.00954 -1.81638 -2.03522 -1.46623 -1.25284 -1.07162 -1.22337 -1.54735 
0.444271 0.350784 0.292717 -0.225773 -0.474145 -0.241914 -0.415741 -0.382229 -0.632089 -0.734476 -0.838095 -1.19414 -0.898477 -0.262465 -0.0634947 -0.57837 -0.315841 0.395588 1.02573 0.62665 1.22515 1.17977 0.994893 1.19437 1.22488 0.2633 -0.187475 0.493647 2.35923 1.72956 1.95221 -0.54512 -2.02094 -0.879111 -2.01022 -1.45206 -0.784284 -0.0105744 0.102785 -0.708484 
0.791657 0.200373 -0.0783167 -0.075419 -0.0724896 -0.233379 -0.00247134 -0.256141 -0.445935 -0.798401 -0.597599 -0.52842 -0.897865 -1.1419 -1.71684 -1.76231 -1.21706 -1.02379 -1.05761 -0.732373 -0.857333 -0.96283 -0.615615 0.166684 0.0743661 0.267317 0.236681 -0.199156 -0.450001 0.0292288 0.624147 1.78201 2.28542 1.94723 1.55017 1.446 1.17427 0.947923 0.817067 1.3827 
1.66597 1.74255 1.75587 1.63678 1.43972 1.33056 1.08082 1.07564 1.19342 1.1486 1.15797 1.16684 0.813059 0.145246 -0.249951 -0.395531 -0.285648 -0.618022 -0.752225 -0.822427 -0.562431 -0.724551 -1.29478 -1.09684 -1.25099 -1.30569 -1.0554 -0.723617 -0.590677 -1.1108 -1.00273 -0.558377 -0.889717 -0.36612 -0.299932 0.0565894 -0.473587 -0.13413 -0.593281 -0.252159 
1.35055 1.17687 0.989808 1.01025 0.835985 0.562554 0.138151 -0.0481564 -0.213888 -0.455858 -0.718532 -0.56494 -0.394321 -0.333679 -0.812879 -0.793097 -0.5182 -0.373776 -0.504364 -0.415557 -1.07325 -1.19059 -1.60609 -1.83892 -1.80744 -1.39346 -1.23048 -0.743976 0.219467 0.662627 1.35411 1.26259 1.38879 1.61404 1.53529 1.11268 -0.0931604 0.837781 0.275733 0.797332 
-0.401632 -0.21251 0.0594007 -0.294435 -0.265733 -0.0907632 0.428049 0.176253 -0.375267 -0.321671 -0.0854402 0.126244 0.514853 0.345518 0.0452963 0.133059 0.831486 0.353794 0.453797 -0.54141 -0.0697915 0.565062 -0.446758 -0.937707 -1.36883 -1.33132 -1.48319 -1.0918 -1.11507 -1.06827 0.750818 2.47213 2.81598 2.35456 1.66235 0.342915 -0.863936 -0.530503 -1.19236 -0.34318 
-0.741712 -0.6417 -0.700396 -0.70743 -0.686323 -1.10245 -1.35303 -1.39089 -1.28606 -1.44144 -1.45997 -1.50991 -1.43753 -1.18818 -0.726407 -0.774108 -0.520323 -0.283376 0.209869 0.656578 0.575006 0.715832 0.836275 0.891168 0.935364 1.18113 1.27425 1.02639 0.552161 0.471095 0.768729 1.55905 1.52438 1.60087 1.1435 0.683107 0.132995 0.503989 0.306047 0.403433 
1.11096 0.340044 0.137116 0.550113 0.431208 1.33366 1.21265 1.06093 0.955532 0.298768 -0.0103481 -0.0706673 0.361354 0.536663 0.586764 0.344689 -0.0462728 -0.441421 0.227112 -0.312331 0.551083 0.737762 0.508407 1.02069 0.684321 -0.0116172 0.40817 0.479626 0.814965 -0.0990715 -2.55831 -2.60974 -2.22787 -0.263375 -1.81589 -0.216372 -1.8403 -0.423433 -0.980583 -0.764997 
-0.6772 -0.187612 0.265066 0.286172 0.239505 0.0598315 0.380418 0.425909 0.583251 0.692674 0.464263 0.645532 1.02149 1.20537 1.38461 1.72386 1.4528 1.31635 1.36371 1.61874 0.818935 0.348973 0.0351682 0.11465 -0.139354 -0.555758 -0.237297 -0.489598 -0.587356 -1.08092 -1.55216 -1.65942 -1.5903 -1.53452 -1.95945 -0.522099 -0.708318 -0.568624 -1.15168 -1.2456 
-1.19458 -1.02811 -1.50496 -0.850776 -0.412588 -0.790559 -1.41124 -1.42019 -1.03821 -0.0926856 0.733486 0.601954 0.318644 -0.0508117 1.08477 0.80595 0.5007 0.185466 -0.408029 0.168985 0.489018 0.00869969 0.432435 -0.232649 0.574331 0.611318 -1.00254 -1.68354 -1.00973 -0.313567 -0.316479 2.31115 2.02927 2.13185 1.57988 -0.745603 0.133233 -0.445614 0.747168 0.504145 
-1.96351 -1.74137 -0.930127 -1.81168 -1.79373 -1.20349 -1.09658 -0.657447 -0.522265 0.127438 0.359133 0.23096 0.696573 0.374611 0.700008 1.68289 0.974694 0.732619 0.695608 0.41419 0.762049 -0.266741 0.323786 0.160753 -0.0516631 0.0493455 0.667871 1.78668 0.978243 0.976814 -1.24757 0.285485 -1.25212 -0.939796 -0.790581 0.454398 1.72879 -0.121208 0.825161 0.401778 
-1.51791 -1.54581 -1.73017 -1.47594 -1.22914 -1.25897 -0.774591 -0.767362 -0.640431 -0.649449 -0.351956 -0.355465 -0.602282 -0.4198 -0.360271 -0.435096 -0.430116 0.13573 0.311806 0.706293 1.3785 1.35801 1.52945 1.61725 1.79227 1.73303 1.50479 1.01369 0.928236 0.9591 0.136913 -0.0544035 -0.371652 -0.834961 -0.770408 0.0679356 0.682009 0.176647 0.37771 0.166813 
0.200483 0.132458 0.326619 0.405572 0.431147 1.16998 1.18695 1.33135 1.6016 1.71793 1.45446 0.990558 0.805271 0.0842009 -0.672614 -0.787553 -1.36406 -1.40829 -1.60353 -1.98275 -1.9164 -1.68533 -0.858354 -0.254454 -0.483073 -0.799199 -1.20289 0.339687 0.768608 1.38179 0.625772 0.0847752 0.364367 -0.178439 -0.318716 -0.148544 0.200922 -0.400489 0.182545 0.277642 
0.870365 0.870365 0.91521 1.01679 0.662956 0.537118 0.616997 0.619433 0.354391 -0.0575019 -0.0780321 0.361659 0.707916 0.419776 0.00636631 -0.320606 -0.241836 0.307189 0.506131 -0.403289 -1.10212 -0.478314 -0.379738 -0.515715 0.183816 0.343133 -0.316556 -1.10166 -1.55336 -2.1212 -2.45341 -1.82496 0.00769973 0.203838 1.29991 2.56044 1.42955 0.364671 -1.10871 -1.10871 
-0.0896101 -0.0896101 -0.489241 -0.668185 0.0377193 0.107814 -0.0790406 -0.150535 -0.278322 -0.140811 -0.379329 -0.00388106 0.928956 0.838034 -0.244149 -0.184385 0.968713 1.31438 0.270166 0.240414 0.572998 -0.163615 0.0666215 0.269156 -0.822588 -1.27515 0.269493 2.44757 1.21503 -0.329827 -2.08599 -3.68306 -0.261155 0.0629743 -0.48585 1.20565 1.40833 0.887011 -0.603349 -0.603349 
-1.38836 -1.38836 -0.460722 -0.0210551 -0.276761 0.0791607 -0.0656892 -0.722493 -0.876733 -0.266932 0.391344 -0.498931 -0.98792 -1.30874 -0.998739 0.750112 1.12282 0.218787 0.424817 0.282515 -0.389944 0.34722 1.73326 1.04705 0.126957 0.223255 -0.758415 -1.10221 0.326405 1.64682 2.7063 2.56344 0.227793 -1.17803 -0.81267 -0.617001 -0.807763 -0.587828 0.648627 0.648627 
0.522564 0.522564 0.00339118 -0.554786 -0.528427 -0.668197 -0.392315 0.582772 0.477593 0.189971 0.33243 -0.631073 -2.42643 -2.53632 -1.15075 0.189315 -0.306279 -0.953878 -0.258294 0.787582 0.543709 -1.65903 -0.703721 0.400219 -0.270092 0.802949 1.82837 1.51702 -0.743245 -0.809207 1.74971 0.58386 0.794118 1.84883 1.40555 -0.17671 -0.221984 -0.0335392 -0.0291227 -0.0291227 
-0.519743 -0.519743 -0.198795 -0.177626 -0.663501 -1.07707 -0.933024 -0.505349 -0.597379 -0.757658 -0.103653 0.612732 0.459053 -0.615327 -0.682884 0.563907 0.769984 0.0995728 0.0076186 -0.863875 -1.2047 -0.804276 -0.995224 -0.256197 0.8132 1.0306 1.15052 2.47398 2.40231 1.95267 1.06864 0.134029 0.657782 0.318926 -0.75224 -2.61571 -0.377804 0.686609 0.00982088 0.00982088 
0.447138 0.447138 -0.0717724 -0.30421 0.201175 0.669579 0.261714 -0.761214 -0.469348 0.283514 0.4346 0.580231 0.216086 -0.442237 -0.196526 0.757893 0.217483 -0.354437 -0.849032 -0.493875 1.06399 -0.353747 -1.42969 -0.874712 -0.369657 -0.10277 0.235436 0.358342 0.0290098 1.78977 3.39013 1.98022 -0.105841 -1.09601 -1.91603 -2.40788 -0.828212 -0.307354 0.185551 0.185551 
-0.0206428 -0.0206428 -0.252631 -0.0796839 -0.966271 -1.55505 -0.735289 0.0349385 -0.219716 -0.487061 -0.258566 -0.0615529 0.587061 1.43094 0.787181 0.336439 0.953325 1.47228 1.92687 0.681137 0.0182323 0.456036 0.269802 0.104562 0.518219 0.624239 -0.445543 -1.67508 -1.3136 0.359159 2.24763 1.52746 -0.0195553 -0.93562 -2.09915 -2.30014 -0.498364 0.264854 -0.328105 -0.328105 
-0.923171 -0.923171 0.346164 0.43625 0.961023 0.958763 -0.171472 -0.154732 -0.696216 -0.914631 -0.275151 0.51946 0.772089 0.362611 -0.0848865 -0.557772 -0.72189 0.414049 0.259343 0.468284 1.2468 0.0751839 0.424281 0.309545 -0.985851 -0.175137 0.647626 0.557084 -0.499513 -3.49572 -2.57087 0.475226 2.63659 0.562638 0.171333 0.0947672 -0.101062 1.04269 -0.245269 -0.245269 
1.73722 1.73722 0.901593 0.0109138 -0.347216 0.307852 0.709478 0.418301 0.532334 -0.155732 -0.0275796 1.05044 1.05508 0.704189 0.981342 0.178155 -0.670372 -0.102413 0.595884 -0.915207 -2.20837 -1.3415 -0.361456 -0.254789 -1.1393 -0.118193 0.174517 -0.567893 -0.998235 -1.66441 -0.975355 -0.0115153 0.279286 -0.601961 1.86236 2.28816 -0.0264795 -0.734313 -1.15102 -1.15102 
-0.370957 -0.370957 0.0668844 0.888354 -0.0382603 -0.988855 -0.657569 0.242565 1.09945 1.49822 0.531292 -0.464745 -0.67834 0.595467 0.676838 -0.616667 -0.649359 -0.908131 -0.107116 0.713004 -0.236216 -0.143117 -0.308991 0.0350667 0.665351 -1.50795 -2.15253 -0.0987819 1.13757 0.530049 2.26402 2.01357 -0.253289 -0.495759 -2.67555 -1.39105 0.176995 0.458839 0.760326 0.760326 
0.990944 0.990944 -0.264485 -1.16683 0.507301 0.60848 0.436607 0.46877 0.708285 0.818067 -0.0667495 0.199326 -0.0211051 -0.180597 1.30363 0.127945 -1.26541 -0.501958 -0.54671 -0.108929 -0.959048 -0.683018 0.301761 -0.61157 -0.311227 0.63395 1.79167 0.168537 -1.10571 -2.71632 -0.970876 -0.189671 -1.57823 0.340481 1.40136 2.68123 -0.839242 -1.21236 0.410381 0.410381 
-0.573064 -0.573064 -0.0285427 0.803651 0.255389 0.713939 0.785468 0.0955519 0.0641934 0.393399 0.404033 -0.646551 -0.287566 0.303718 -0.192915 -0.298202 0.93837 1.26861 0.937863 1.89546 1.0945 0.12796 0.336968 0.343876 0.0600784 -0.718261 -1.55181 -1.27622 -0.26875 -1.69074 -2.11958 -1.14498 -1.66996 -0.93304 1.57931 2.63995 0.0464342 -0.750726 -0.182373 -0.182373 
0.137793 0.137793 0.334709 0.108843 0.99293 0.981405 0.184992 0.524332 0.486734 -0.22833 -1.00571 -0.900969 -1.24551 -2.01122 -1.19915 -0.957581 -0.862841 -0.352038 -0.80085 -0.450365 0.367271 1.38633 1.88585 0.47159 -0.761033 -0.995588 1.49464 2.61015 1.36498 -0.222567 -1.7689 -0.381423 -0.383846 -0.946373 0.00885128 0.664995 -0.368748 -0.0558224 0.877338 0.877338 
0.164102 0.164102 0.256963 -0.107493 -0.315389 0.0810939 0.198356 -0.116956 -0.495717 -0.272195 0.506286 0.841587 0.176235 -0.51822 -0.553718 -0.103789 0.69701 0.806866 -0.526381 -1.34709 0.0545225 0.783478 0.0889174 0.638283 0.908228 -0.334311 -1.19766 -1.00752 -0.808917 -0.699685 0.393922 2.37295 1.97774 1.30439 2.27741 0.241619 -1.88417 -2.19726 -1.2238 -1.2238 
-0.212426 -0.212426 -0.32878 0.39007 0.552001 -0.028495 -0.12056 -0.0821527 0.0537482 -0.0182521 0.136461 0.898108 0.594862 -0.71536 -0.61738 0.836062 1.02196 -0.406789 -0.650896 0.244335 -0.215286 -0.281835 0.328825 -0.530763 -0.956722 0.757527 2.46804 0.66224 -1.75851 -2.09899 -2.13294 1.23398 2.4832 -0.0986771 0.790426 1.27907 -0.159764 -1.26062 -0.921648 -0.921648 
0.570452 0.570452 0.895463 0.0207046 -0.0412015 0.0407458 -0.707884 -0.714826 0.221478 0.822109 -0.286782 -1.13487 -0.713916 -0.123281 1.40667 1.45302 -0.508051 -0.631262 -0.0681741 -0.717574 -0.0674522 1.45423 0.40205 -1.3027 -0.724254 -0.769771 -1.09509 0.686641 1.91686 1.64399 0.562304 -1.94746 -2.88106 -0.884418 0.299442 -0.111656 -0.0937178 0.961313 0.798733 0.798733 
-0.338423 -0.338423 -0.733017 -0.347362 -0.0515758 0.12482 0.912949 0.643564 -0.249086 -0.0740228 -0.551826 -1.92173 -1.31828 0.930421 1.95544 0.62558 -0.779564 0.0625197 1.25969 0.595561 -1.70099 -0.853252 1.48435 0.335145 0.313302 1.51207 0.533401 -1.78936 -1.61589 1.79095 1.0134 -0.646942 0.922845 0.460836 -1.40332 -1.12196 0.12981 0.164938 0.0317199 0.0317199 
0.264846 0.264846 0.283328 -0.42105 -0.800588 -0.25065 0.483778 0.277677 -0.235622 0.415686 1.18104 0.475908 -1.08748 -1.01229 1.01415 1.25304 -0.420725 -0.680914 -0.856465 -1.07374 0.0366817 0.16753 0.463138 1.56345 1.10806 0.279142 1.24476 1.07749 -0.470472 -1.17968 -1.60307 -0.374041 0.14607 -1.24634 -2.57737 0.311542 2.86767 0.323057 -0.606204 -0.606204 
-0.3727 -0.3727 -0.544182 0.211497 0.728547 0.0547923 -1.04545 -0.529216 0.780883 0.677021 0.229033 -0.151081 -0.744202 -0.294278 0.895531 0.315566 -0.810499 -0.776698 -0.0927422 1.42147 0.11351 -1.8296 -0.374216 0.792173 0.579633 0.456539 0.350317 -0.142163 1.06617 2.48981 0.150636 -2.56904 -2.25938 -1.32535 -0.957706 0.812672 1.5598 0.758038 0.373773 0.373773 
-0.14655 -0.14655 -0.017231 -0.506698 -1.07627 0.199629 1.21581 0.412429 -0.363402 -0.00213353 0.345084 0.659223 1.14291 0.176553 -0.791485 0.151148 0.876225 0.754873 -0.56465 -1.40024 -0.1414 0.215024 -0.235893 0.212667 0.415497 -0.693724 -1.69236 -0.622161 1.54799 2.68977 0.900496 -1.66834 -1.81482 -1.52807 -0.993384 1.22388 1.94486 0.154224 -0.416461 -0.416461 
0.775215 0.775215 0.831721 0.364699 0.306775 -0.73132 -0.719402 -0.350111 -0.497612 0.243142 0.878557 0.635907 -0.119351 -0.558502 -0.598274 -0.420526 0.588601 0.594505 0.0130501 0.598407 -0.267538 -0.536887 0.126033 -0.905467 -0.324983 1.00362 0.438313 -0.740505 -2.56307 -1.32022 2.46979 3.24539 0.0338602 -1.56729 -0.314438 -0.191826 0.573608 -0.111422 -0.828831 -0.828831 
-0.52217 -0.52217 -1.22694 -0.849107 0.374003 0.975178 0.226438 -0.00112618 -0.315174 -0.304002 1.09345 0.995724 -0.134933 0.0806967 -0.277194 -1.16791 -0.0829622 1.141 -0.5041 -2.07989 -0.198268 1.60046 0.998926 -0.476444 0.247128 1.17863 -0.216793 -0.788925 -0.728603 0.157148 1.44694 1.13181 -0.328161 1.39169 2.42592 -1.35555 -2.25256 -0.750777 -0.190687 -0.190687 
0.243191 0.243191 0.793844 -0.120788 -1.30865 -0.465446 0.775148 1.12747 0.791392 -0.431155 -1.36613 -0.861156 0.660383 0.858106 -0.862833 -0.939292 -0.245683 0.313174 1.03638 -0.136846 -0.624187 -0.0990891 0.0691349 0.602822 -1.08463 -1.93921 0.894298 2.15513 0.371216 0.704785 0.944141 -1.73773 -1.73238 -1.67402 -0.650442 1.86183 1.18972 0.340716 0.151788 0.151788 
-0.786701 -0.786701 -1.36123 0.504035 1.14298 -0.0323752 -0.0763185 0.185614 0.235034 -0.480832 -0.38132 0.0416975 -0.229263 0.856102 0.209085 -1.62309 -0.388426 0.470238 0.262879 -0.249902 -0.352889 0.815398 0.0581269 -0.377657 0.805663 1.35156 -0.283695 -1.83214 -1.82417 0.0984818 1.62137 -0.374072 0.350185 1.90976 1.503 -1.41397 -2.46643 0.808276 1.04584 1.04584 
0.393114 0.393114 1.05114 0.187063 -0.108382 0.381694 -0.526411 -0.607765 0.198066 0.23127 -0.859746 -0.584301 0.713944 0.0373966 -0.51339 0.857075 1.20145 -0.037846 0.458218 0.086406 -1.43503 -0.636432 0.133283 -0.256385 -0.87729 -1.31198 -0.478626 0.977082 -0.365216 -1.50092 0.394092 0.31807 0.130141 2.53179 2.78776 -1.24951 -2.71849 -0.218366 0.411957 0.411957 
0.0981823 0.0981823 -0.0702171 0.44212 0.601927 -0.651011 -0.389416 0.176338 -0.609799 -1.16136 -0.550137 -0.227421 -0.876411 -0.0140679 0.736937 0.202109 0.402845 -0.00241414 -0.121944 0.822288 1.32076 1.08358 -0.730643 -2.02208 -1.14252 1.63314 2.63971 -0.145309 -2.16064 -2.38518 -0.167072 0.98403 -0.469846 0.244152 1.15276 -0.330162 -0.586057 0.880418 0.647108 0.647108 
