46
0.471932 0.637213 0.698305 0.623121 0.620728 0.667111 0.758721 0.776929 0.858425 0.877803 0.898483 0.90868 0.947023 0.989257 0.932158 0.874492 0.846568 0.848657 0.763711 0.777615 0.824634 0.814486 0.792302 0.747415 0.615946 0.453344 0.352244 0.224819 0.0977594 -0.0832801 -0.33231 -0.695367 -0.83287 -0.99682 -1.07376 -1.19977 -1.38616 -1.46161 -1.5802 -1.55441 -1.60384 -1.55082 -1.61747 -1.63847 -1.55806 -1.53466 
1.11486 1.21983 1.20673 1.28798 1.32055 1.24785 0.953735 0.777076 0.684993 0.672116 0.735125 0.841599 0.734006 0.776983 0.774027 0.81389 0.792669 0.703778 0.756084 0.467166 0.171827 0.0428078 -0.0342958 -0.307448 -0.45072 -0.440673 -0.621934 -0.794615 -0.8253 -0.48166 -0.123522 0.438325 0.485312 0.319142 0.24826 -0.15579 -0.880627 -1.03678 -1.38643 -1.4058 -1.67355 -1.59934 -1.59801 -1.98469 -1.87433 -1.9112 
-1.1715 -1.58238 -1.22442 -0.681155 -0.457656 -0.398212 -0.330563 -0.196377 0.00417069 0.165681 0.0535194 0.0638784 0.127444 -0.254952 0.126915 0.211912 0.270365 0.333174 0.502665 0.904001 1.16132 1.33513 1.1209 1.17307 1.37577 1.18256 1.00313 1.12156 0.844371 0.353697 0.367935 1.0241 0.713512 0.985853 0.804669 0.663824 0.501428 0.13651 -1.22506 -1.11039 -1.2932 -0.957199 -1.27968 -2.01955 -2.01299 -2.43779 
-1.02288 -0.667196 -1.32824 -1.63264 -1.32857 -1.08058 -1.209 -0.606474 -0.199799 0.19047 0.151137 0.0512112 0.25864 0.404841 0.364374 0.081433 0.218217 0.0789229 0.296575 0.384895 0.326707 0.411098 0.566989 1.03857 1.36953 1.62828 1.62062 1.71586 1.64663 1.3438 1.35983 0.662303 0.478011 0.510109 0.318072 0.553695 0.674138 -0.543765 -0.951197 -0.316008 -0.525004 -0.490676 -1.61668 -1.67667 -1.41914 -2.09045 
-1.20217 -1.16257 -0.904984 -0.778989 -0.843088 -0.779443 -0.441545 -0.693684 -0.578269 -0.727751 -0.574184 -0.528721 -0.69741 -0.604919 -0.736386 -0.529878 -0.408278 -0.382553 -0.635246 -0.717907 -0.802014 -0.855018 -0.737047 -0.861655 -0.870685 -0.639029 -0.31707 -0.392669 -0.43472 -0.479823 -0.253526 0.578332 1.00483 1.02582 1.45995 1.70707 1.78075 1.52728 1.80804 1.39302 1.48411 1.43984 0.985984 1.34439 1.39074 1.64109 
0.0896853 -0.420411 -0.550115 -0.589311 -0.812356 -0.927179 -0.905551 -0.789808 -1.08801 -1.17501 -1.35645 -1.01893 -0.910747 -0.884704 -0.89454 -0.836915 -0.990398 -0.866605 -0.819132 -0.921645 -0.734319 -0.709871 -0.599391 -0.471784 -0.418987 -0.462824 -0.488413 -0.0776225 0.226703 0.586312 0.759335 0.514605 0.636554 0.917988 1.14024 1.35897 1.37727 1.54955 1.67049 1.39377 1.67618 1.38679 1.08848 1.8487 1.16723 1.33219 
-0.253901 0.79021 0.804607 0.607643 1.33298 1.33015 0.785816 0.656828 0.831355 1.14201 1.01671 0.550641 0.465569 0.61001 0.790846 0.519447 0.70054 0.535952 0.57385 0.899449 1.01451 1.06044 0.846108 0.409752 0.319557 0.00392913 0.256611 0.361617 0.506368 0.42831 -0.639581 -1.45144 -1.71574 -1.40832 -2.06398 -1.64893 -0.879163 -0.523414 -0.641811 -1.23547 -1.03476 -1.67981 -1.46385 -0.537731 -1.35114 -1.62279 
0.165383 0.152635 0.138003 -0.0164946 0.0675381 -0.00719865 -0.309471 -0.506901 -0.46213 -0.885972 -1.0284 -0.96471 -0.959004 -1.09564 -0.698532 -0.685314 -0.611679 -0.777642 -0.699458 -0.889069 -1.15564 -1.0099 -1.32841 -1.16754 -1.36473 -1.03646 -0.888118 -0.450233 -0.158585 -0.187572 -0.0178327 0.635106 0.659645 0.919463 0.668781 0.833523 1.33074 1.97479 1.85563 1.04668 0.906371 1.44451 1.48458 1.77735 1.75014 1.55176 
-0.299006 -0.500737 -0.318056 0.0993072 -0.935554 -0.693941 -0.76758 -0.719234 -1.10164 -0.847144 -0.368768 -0.858375 -0.563293 -0.485474 -0.730743 0.125896 0.371391 0.425008 0.769268 1.35508 0.559878 0.140095 1.08618 0.748381 1.41357 2.07481 1.89967 2.1069 1.94186 1.25792 1.1008 -0.288458 0.340808 -0.544791 -1.19028 -1.84979 -1.60451 -0.645348 -0.265404 -0.0769842 -0.8309 0.038859 -0.414875 0.900521 -0.359635 -1.49569 
-0.844044 -1.09767 -1.22552 -0.818144 0.112092 -0.928514 -0.872934 -0.829259 -0.56453 -1.02309 -1.0456 -0.324129 -0.777957 -0.624815 -0.889138 -1.1582 -1.044 -0.740583 -0.906106 -1.03781 -0.0984826 -0.551018 -0.366842 -0.015971 0.235068 -0.316143 0.295031 -0.799125 -0.641351 -0.264156 0.634017 1.53913 1.81758 1.16077 1.44105 1.07803 0.289954 1.67129 1.56028 1.55398 1.14771 0.39072 1.29168 2.24769 0.863141 0.475925 
-0.856237 -0.912024 -0.619287 -0.987034 -1.08449 -0.361479 -0.565774 -0.846948 -0.924628 -0.837662 -0.879954 -0.85383 -0.736481 -0.696523 -0.875458 -1.18032 -1.1162 -1.23783 -1.14518 -1.01228 -0.678349 -0.237186 -0.156719 0.0628385 0.104422 -0.0437929 -0.452609 -0.470527 -0.312733 0.648759 0.572014 0.422176 0.757407 0.829945 1.88605 0.969027 1.64907 1.9154 1.23705 1.91009 1.19184 0.654025 0.983932 1.50572 1.1843 1.59747 
-0.200547 -0.170925 -1.90624 -1.35196 -2.04349 -2.35329 -1.43842 -0.9604 -1.41754 -0.0247819 -0.358693 -0.103644 -0.585094 -0.995645 -0.428914 -0.331188 -0.817217 -0.362175 -0.184473 -0.284124 -0.694042 -0.371688 -0.207354 -0.0505078 -0.221463 0.584124 0.485699 0.596833 0.903148 1.57526 0.723543 0.232102 0.469119 1.59827 0.462978 1.41644 2.01724 0.283811 0.973425 0.400269 1.51589 -0.10143 0.524787 0.856317 1.51174 0.834262 
1.80443 1.30799 1.48427 0.942315 1.08076 1.05596 0.981261 0.829878 1.62847 0.780024 0.711048 0.219169 0.539678 0.595895 0.725657 0.75541 1.00467 0.337121 0.451419 0.151968 -0.3765 -0.419316 -1.35737 -1.70536 -1.42914 -1.6592 -1.68846 -0.95738 -0.297513 -0.965755 -0.469561 -1.2047 -2.02548 -0.396223 -0.914259 -0.336045 -0.913321 -1.25723 -0.0713032 -0.322797 0.884325 0.102034 0.200516 -0.28735 0.951732 -0.471729 
1.68055 1.68055 0.379222 0.0356626 0.693547 1.20226 1.04979 0.995053 1.00139 0.67227 0.622581 0.71817 0.891549 0.37504 -0.165588 -0.00769954 0.315673 0.00708859 0.0710289 0.785186 0.655022 0.280513 0.0925203 -0.498897 -1.13594 -0.971593 -0.781226 -0.921708 -1.21185 -1.87192 -2.85695 -2.2534 -1.17589 -0.848154 -0.642807 -1.23511 -0.961532 -0.594595 -0.0467218 0.327556 0.474898 0.3817 -0.0188255 0.776986 1.01729 1.01729 
0.616815 0.616815 0.550706 0.677992 0.248937 -0.661507 -0.951246 -0.38819 0.0682606 0.500492 0.833114 0.357659 0.180696 0.472313 0.463636 0.412731 0.0539007 0.258815 -0.298644 -1.2675 -0.821879 -0.213674 -0.615361 -0.799768 -0.0105116 -0.116386 -0.625636 -0.205989 1.23296 2.31658 2.92471 2.05755 0.0286223 -0.29987 -0.962826 -2.78535 -2.09448 -1.04887 -0.667665 -0.439408 -0.178613 0.57131 -0.713155 -0.409293 0.565601 0.565601 
-0.0113336 -0.0113336 1.85466 1.59171 0.645513 0.340725 0.486895 0.746798 0.800235 0.188683 -0.106917 0.236745 -0.531348 0.0911397 1.0052 0.372714 0.329321 0.546472 1.20851 1.38027 0.935305 0.0131321 -0.224744 0.590614 0.110727 -0.636576 -0.0271116 -0.21831 -1.40951 -0.839572 1.40324 0.768005 0.0173866 0.270446 -0.537605 -0.500861 -0.939069 -3.28423 -2.34634 -0.0410841 0.391771 0.11861 -1.98541 -1.34192 -0.725768 -0.725768 
-0.449517 -0.449517 -1.63555 0.0985638 1.09111 0.314014 0.951034 1.9125 1.53111 0.729725 -0.151058 0.292324 0.734565 0.289145 -0.481938 -0.163454 0.0946515 0.239957 0.648933 0.153302 0.146244 0.530901 1.22661 1.54117 1.15875 0.550326 0.256521 0.145891 -0.56934 -0.416156 -1.12536 -1.4853 -0.174301 -0.188215 0.177477 0.738941 -1.87276 -2.82124 0.508395 0.864946 -0.214682 -1.86237 -2.03184 0.454111 -0.644305 -0.644305 
0.497421 0.497421 0.754829 -0.203582 -0.389341 0.808338 -0.132484 -0.795331 -0.489485 -0.375819 0.204989 -0.755115 -0.615007 -0.504109 -0.164416 0.589549 0.0509412 -1.06419 -1.38711 -0.884842 -0.796485 -0.194429 -0.407761 -0.78614 0.275286 1.26141 0.345996 -0.738503 -0.647648 0.151848 2.76459 3.36106 0.94521 0.967941 1.64168 0.567781 -0.923636 -0.306689 -0.787981 -1.35306 -0.248512 -1.87206 -0.672341 0.8179 0.495954 0.495954 
-2.025 -2.025 -0.614782 -0.894311 -1.12079 -0.388063 0.302416 -0.655396 -1.26253 -0.912879 0.358434 1.2258 0.292994 -0.060437 0.0341433 -0.39604 -0.197885 0.403922 -0.2738 0.14502 0.525232 0.295101 0.604035 0.431288 -0.0821404 -0.316884 1.0446 2.03261 1.87933 1.48612 -0.323715 -0.476668 1.09905 1.39942 1.21165 0.600884 0.461751 0.769136 -0.575496 -0.091927 -0.129875 -1.86897 1.27432 0.126873 -1.65577 -1.65577 
1.7162 1.7162 -0.159741 0.914883 1.20833 -0.710853 -0.901547 0.185053 0.849586 0.396387 -0.777657 -0.716855 0.205958 0.607889 -0.0206729 -0.0202852 0.141166 -0.0752789 0.665659 0.782289 0.35957 -0.138324 -0.867333 -0.679688 -0.497203 0.0210716 0.65688 0.493735 0.217026 -1.61594 -2.7251 -1.51044 0.18139 -0.410175 -0.247477 1.90713 1.81749 0.474986 -0.960084 -0.477738 -0.555426 -0.532377 1.84252 0.286584 -1.52389 -1.52389 
-0.201751 -0.201751 -0.531427 -0.301959 -0.116454 -1.0149 -1.30026 -0.493121 -1.0197 -1.45507 -0.321198 0.0233199 -0.442596 0.467719 0.816251 0.0639236 -0.352805 -0.342227 -0.397226 -1.19904 -0.419093 -0.539887 -0.504702 -0.22255 0.166774 0.970408 1.22534 1.55864 0.472811 0.189281 1.77527 1.43757 0.523269 -0.116827 -0.337949 1.40147 2.51623 1.08269 -2.29663 -2.34581 0.787171 1.2067 0.636037 0.479548 -0.662747 -0.662747 
0.0649207 0.0649207 0.777508 -0.623902 -0.826193 0.280188 0.0577348 -0.29766 -0.0603789 0.930394 0.0739212 -0.137053 0.516062 -0.10589 0.790545 1.35542 0.43113 0.54481 1.15738 -0.154163 -1.31162 0.692625 0.786994 0.463689 1.61359 0.646354 0.12378 0.135407 -0.890337 -0.881226 -1.69306 -0.787916 -0.208196 -1.67546 -1.41523 -0.38994 1.47318 1.62818 0.741043 -0.564048 0.220185 0.565699 1.07863 0.15043 -2.67123 -2.67123 
-0.504255 -0.504255 0.316737 1.63093 -0.167531 -1.25389 0.0928349 0.352608 -0.271186 -0.627956 0.837693 0.301979 -0.403912 -0.168537 -0.692929 -0.222787 0.48825 0.140822 -0.399616 0.972663 0.574176 -0.36376 0.634109 0.717156 -0.403273 0.0440331 -0.630332 -1.19348 0.634013 1.55362 2.20932 1.43959 -0.500393 -0.498115 -0.133212 -1.46016 0.706418 1.54736 -0.176155 -0.542878 -1.47526 0.148373 2.276 -0.562713 -2.23106 -2.23106 
0.275794 0.275794 -0.381526 -1.20368 1.09461 0.869486 -1.24639 -0.979603 -0.203907 -0.129345 -0.257542 0.0788339 0.107981 -0.51631 -1.24287 -0.730734 -0.344652 -0.284547 0.251777 0.76018 1.4097 0.875636 0.408698 0.326767 -0.448154 -1.39718 -1.12263 0.071255 2.13494 1.64075 -0.7009 0.167162 0.635722 2.15466 0.069581 -0.722807 1.77059 -1.09163 -0.234652 -0.318737 -2.87009 -0.66155 1.5711 0.198709 -0.0301397 -0.0301397 
-2.14936 -2.14936 -1.49646 -0.197569 -1.27284 0.726181 1.70655 -0.000784108 1.13752 1.29087 -0.124911 -0.308511 -1.13679 0.167578 0.800083 -0.509983 -0.0653349 0.76062 0.0703541 -0.660888 -0.135741 0.578866 0.372906 -0.044332 0.762969 0.853226 -0.0109596 0.492705 1.19079 -0.250278 -1.69822 -0.343382 1.6733 -0.0344163 -0.253049 1.90736 -1.43623 -1.32571 0.118147 0.64827 -0.651094 -1.26011 1.16506 1.2014 -0.0542192 -0.0542192 
-0.397635 -0.397635 -0.469454 -0.529171 0.286962 -0.0493988 -0.249162 1.12899 0.0289439 -1.34018 -0.777477 -0.162824 0.702139 0.401117 0.359353 0.547939 -0.55249 -0.765479 -0.184574 -1.19894 -0.793935 -1.44032 -1.92191 -0.00564155 0.180457 -0.301609 1.21518 2.30269 0.0944029 -0.163893 -0.269471 -2.3478 1.3835 1.86125 0.202586 0.109099 -1.34612 1.43642 1.58226 1.61571 0.778053 -0.971512 -0.506874 1.29313 -0.183353 -0.183353 
-1.61841 -1.61841 -2.06343 0.474383 1.57835 0.528678 -0.201173 0.0045381 -0.350875 -0.423446 0.126686 0.415631 -0.377231 -1.3021 -0.428538 0.690617 0.0863868 -0.24966 1.07511 0.823688 -0.586481 -0.661387 -0.942352 -1.52401 -0.545059 0.526698 0.131849 -0.490566 -1.1636 -2.06369 -0.426898 2.24474 1.88747 0.75774 -0.433995 -0.34562 0.896898 1.2522 1.26171 0.742895 0.137365 -0.572297 0.579253 1.40933 0.378501 0.378501 
-0.0732985 -0.0732985 0.0382522 -0.279827 -1.18927 -1.06718 0.224167 0.878112 0.763461 0.654939 -0.140539 -0.587128 0.0851182 0.2326 -0.0675793 -0.374446 -0.150251 -0.324325 -1.353 -0.473916 0.908193 0.165625 -0.529003 0.514715 0.583539 -0.554445 -0.0938886 1.61347 2.19537 1.46725 -0.242369 -2.55344 -2.08136 -0.884247 -2.19359 -1.00712 1.50646 1.23507 0.518757 0.413232 0.87041 -0.483824 -0.874743 1.10531 0.839015 0.839015 
1.40067 1.40067 1.20084 -0.936301 -0.968094 -0.137944 0.291197 0.220724 -0.441545 -0.706798 0.0191237 -0.339951 -0.128055 1.15031 0.196583 -0.531039 0.114648 0.650749 0.616249 -0.225029 -1.05637 -0.898989 0.421461 0.237543 -0.950014 -0.122152 0.300464 -1.06797 -0.489534 2.12017 1.20429 -1.07059 -0.395525 -0.439171 -0.603562 -0.322497 -2.13265 -1.08687 2.44726 2.06345 0.10396 -1.82396 -1.12735 0.939877 0.450852 0.450852 
-0.803277 -0.803277 0.431735 1.98329 0.194841 -0.0583596 1.17982 0.454524 -0.800952 -1.15662 -0.270111 0.672128 0.0391359 -0.824976 -0.280934 0.452039 0.328703 0.436151 -0.0203138 -0.316608 0.31032 0.810818 0.760902 -0.00692685 -0.664267 -0.601154 -0.246633 -0.546766 -0.358881 -0.354591 -0.72003 0.718732 0.965166 0.291932 0.701708 -1.41875 -2.49411 1.73722 2.66665 -0.473565 -1.90095 -1.25276 1.69116 1.02958 -0.740876 -0.740876 
0.200601 0.200601 -0.542066 -0.885475 0.785268 0.200174 -1.24154 -0.275502 0.326214 0.539281 -0.292778 -0.634274 0.195639 0.350297 0.848606 0.168016 -1.28034 -1.1132 0.140116 0.45881 0.536133 0.302357 -0.457376 0.530426 1.58777 0.0559293 -1.54858 -0.768832 0.691065 2.64526 2.48794 -1.40869 -1.85328 0.540824 -0.308946 -1.98671 -0.676485 0.106255 -0.809694 0.419168 -0.401033 -0.327286 2.08558 0.906442 -0.248338 -0.248338 
1.11443 1.11443 0.892279 -0.40847 0.396012 1.12476 -0.218784 -1.25005 -0.210956 1.28192 1.69337 -0.0583321 -1.02855 -0.212043 -0.273041 -0.190726 0.629437 -0.0666567 -0.212084 0.628699 0.112951 0.0563043 0.101909 -0.551655 -0.600926 0.889143 1.86091 0.657069 -0.440642 -1.75717 -1.56623 1.1244 1.48468 0.0831665 -0.640952 -0.602301 0.127393 -0.830666 -0.690645 0.347829 -1.41861 1.10965 1.57985 -2.33499 -1.42306 -1.42306 
-1.11424 -1.11424 -0.39071 1.0699 -0.94578 -1.27174 0.752006 1.32782 0.291093 -0.946795 -0.600725 0.811059 1.04074 -0.0037821 -0.274136 0.257768 0.111778 0.501939 0.726193 -0.0572803 -0.471031 -0.677252 -0.215688 0.398009 0.620616 0.925832 0.467043 -0.147342 -1.27161 -1.83209 0.219835 2.10571 0.889598 -0.139945 1.70901 1.53912 -0.815436 -1.72129 -0.492651 0.421255 0.112017 1.76331 0.7002 -2.11775 -1.07016 -1.07016 
-0.188986 -0.188986 -0.0327862 0.317899 -0.449877 -0.770393 0.390604 0.226403 -0.619379 0.510897 1.04177 -0.0472103 0.33793 0.892328 -0.239439 -0.760356 -0.241043 0.00518791 -0.547813 0.0205412 0.484116 -0.0228486 0.251438 0.492502 0.847478 0.755999 0.435834 -0.476827 -0.8967 0.922013 0.885141 -0.816814 -1.02266 -0.550809 1.06893 1.97828 -0.181563 -3.24071 -2.29837 2.13458 2.45364 -0.0674522 -0.459553 -0.848662 -0.742139 -0.742139 
0.637961 0.637961 -0.381009 -1.04622 0.777203 0.762543 -0.30032 0.0339548 1.01276 0.217486 -0.656309 0.441318 0.142495 0.319413 1.18236 -0.141496 -0.469563 0.647893 -0.38839 -1.67538 0.735539 1.64575 -0.0466246 0.720859 0.252653 -0.963413 -0.251676 -0.617532 -0.619362 -0.463829 0.187682 1.19949 -0.525502 -0.757804 1.05454 2.22001 1.58722 -0.412507 -1.47414 -0.258882 0.941279 0.744017 -0.182108 -2.6067 -1.9318 -1.9318 
0.576856 0.576856 1.40584 -0.246495 -1.76075 0.223216 1.07235 -0.170644 -0.559555 0.758453 0.645576 -0.724219 -0.23782 -0.123331 0.0247583 0.80406 0.288341 -0.501083 0.583699 0.673241 -0.784029 0.0967845 0.740814 -0.595396 -0.365623 -0.0842489 -0.721636 0.856521 1.79183 1.05268 -0.0129515 -1.6503 -1.16332 0.290594 -0.547871 0.588613 1.95611 -0.497744 -1.25953 -0.760492 0.495016 2.42525 -0.389571 -2.78404 -0.993403 -0.993403 
-0.40052 -0.40052 -0.927588 0.967206 1.34995 -1.4799 -1.16454 0.689197 0.565964 -0.0135071 0.154337 0.255208 -0.360659 -0.845129 -0.116587 0.596709 0.306921 0.403238 0.690634 0.763203 0.0948944 -0.620849 -0.330993 -0.528436 -1.08431 -0.41152 0.962266 2.10925 1.02705 -1.79713 -0.923813 0.877763 1.29503 -0.342066 -1.82382 1.11137 -0.21557 -1.26465 0.516367 -1.66866 -0.198894 2.86805 0.572375 -1.00565 -0.125834 -0.125834 
0.385078 0.385078 1.25509 0.0975437 0.566495 1.94338 -0.539165 -0.43338 0.812916 -0.897823 -1.12351 -0.730001 0.266649 1.24509 -0.506074 -0.631901 0.798819 0.0386467 -1.00437 -0.190282 0.778157 0.288456 -0.469661 0.209028 0.548951 -0.570621 -0.293718 0.752704 -0.549893 -1.98732 -0.114601 2.20603 0.154709 -1.34252 1.24838 -0.844741 -2.21777 0.988893 1.26994 -0.567482 -1.33048 1.16423 1.59649 -0.868918 -0.893258 -0.893258 
-0.0317152 -0.0317152 -0.0716061 0.521553 0.336752 -0.341874 0.803434 0.202038 -1.63316 -0.522435 0.802743 1.00466 0.392977 -0.212723 0.114339 -0.592857 -0.861113 0.262031 -0.273292 -0.390797 -0.144983 -0.737232 0.974634 1.42065 -0.181448 0.707461 1.75596 -0.732425 -1.63144 -0.22681 -1.44261 1.12046 2.82794 -0.772598 -1.15419 -1.01828 0.902924 1.97244 0.136027 -0.520957 -1.71203 -0.84208 1.52906 0.232375 -0.970039 -0.970039 
