23
0.294411 0.510161 0.620581 0.654714 0.841393 1.00646 1.03373 1.12621 1.03567 0.868522 0.753909 0.652367 0.449351 0.160941 -0.107825 -0.398753 -0.806523 -1.09077 -1.23192 -1.41927 -1.59143 -1.62631 -1.73562 
0.201613 0.1408 0.113897 0.596612 0.409512 -0.0142085 0.0362408 -0.152806 0.0787061 0.506577 0.362402 0.713347 0.976472 0.923158 1.08614 1.16757 0.955248 -0.115148 -0.628144 -1.08648 -1.51493 -2.47342 -2.28317 
1.0959 0.619533 0.397241 0.166585 0.0733804 -0.0538583 -0.322114 -0.598268 -1.04183 -1.37275 -1.4597 -1.33766 -1.32823 -1.11079 -0.722733 -0.399633 0.349613 0.623249 0.961913 1.28107 0.969483 1.50036 1.70926 
2.93105 1.20422 0.596289 -0.0994798 -0.895576 -0.486551 -0.294139 -0.446503 -1.05177 -1.11747 -0.441821 0.688072 0.243266 0.85762 0.124173 0.280146 0.155664 1.05059 0.00433921 0.25593 -0.610552 -1.00132 -1.94617 
-2.21777 -1.96847 -1.71559 -1.08661 -0.735823 -0.586665 -0.653802 -0.220661 -0.183543 0.152625 0.22202 0.319813 0.243693 0.754325 0.961825 0.942178 1.0372 1.14466 0.560821 0.928656 0.626087 0.856557 0.618483 
-1.33008 -1.4654 -1.30915 -1.33907 -1.10784 -0.943809 -0.693797 -0.728265 -0.609384 -0.266203 -0.22775 -0.183865 0.222881 0.345356 0.734971 1.1314 0.782963 0.891047 0.999811 1.18272 1.19182 1.35522 1.36642 
0.131711 0.328851 0.695458 1.17108 1.43815 1.23425 1.04456 1.25766 1.41985 1.08813 0.0821289 0.0137785 -0.310316 -1.02065 -0.644845 -1.01544 -1.46672 -1.10439 -0.393044 -0.632728 -0.6115 -1.38592 -1.32006 
-2.04508 -0.876954 0.446778 1.83711 0.822852 0.916508 1.84749 0.783405 0.651452 0.445722 -0.627409 -0.854481 -0.0553643 -0.361127 -0.333 -1.4389 -1.51643 -0.335706 1.01292 0.0360923 0.370697 -0.480425 -0.246147 
0.319563 -0.40923 -1.30926 -1.93948 -1.48996 -1.45398 -1.61473 -1.06475 -0.359652 0.201482 0.757117 1.19247 0.343377 0.437318 0.513269 0.627726 0.0929402 0.257253 1.16357 0.828614 0.71725 0.989689 1.19939 
0.59364 1.45264 1.85374 1.82271 0.966449 0.970898 1.22837 0.55506 0.597965 -0.455638 -0.562312 -0.731725 -0.798142 -0.3453 -1.32994 -1.0908 -0.32374 -1.09963 -0.298135 -0.323727 -0.767178 -1.06535 -0.849864 
-0.27457 -1.59621 -0.634369 -0.809253 0.302986 0.166356 -0.994376 -1.14833 -1.53483 -0.188798 1.15038 0.838223 1.35815 -1.13946 -0.809148 0.759562 2.00055 -0.291557 0.63721 0.467023 0.997919 1.11883 -0.376285 
-0.42068 0.020238 -0.282716 -0.382459 -1.10785 -0.863928 -0.437255 -0.176466 0.53206 1.16852 1.74348 1.7689 1.56782 0.654084 1.26798 0.261586 -0.377037 0.43825 -0.797896 -1.56431 -1.2748 -0.384765 -1.35275 
0.635342 1.03254 1.29899 1.90104 1.52279 0.618501 -0.765673 -0.809569 -1.61699 -1.31258 -1.3888 -0.371564 -0.559663 -0.299891 -0.186641 0.387133 -0.357259 -0.0231705 0.680898 -0.455615 0.184893 1.25669 -1.37139 
1.51605 1.51605 0.964715 1.19622 1.59368 1.10976 0.889442 0.5318 -0.256363 -0.329435 -0.130277 -0.398642 -0.965913 -1.16551 -1.17316 -1.59512 -1.57483 -0.765476 -0.471329 -0.565459 -0.102614 0.0882056 0.0882056 
0.262509 0.262509 1.09595 0.850307 -0.539616 -0.175359 0.184487 0.462129 1.40811 0.83203 0.714072 1.33862 0.718735 0.565178 0.771787 0.196303 -1.56989 -2.03095 -1.09242 -0.962774 -1.72971 -0.781005 -0.781005 
-1.26405 -1.26405 -0.858263 -0.645079 -0.47429 -0.76338 -1.00931 -1.29883 -1.38927 -0.800328 -0.0522895 0.10688 0.264435 0.889718 1.06421 1.6607 1.57901 0.900951 0.976124 -0.0977355 0.251905 1.11147 1.11147 
-1.84266 -1.84266 -0.825167 -1.01086 0.0793984 1.0549 0.500896 -0.286283 -0.200759 1.06329 2.24315 1.13745 0.628692 0.34385 -0.108499 0.492451 1.22168 0.312042 -0.322824 -0.145423 -0.779333 -0.85667 -0.85667 
0.681169 0.681169 1.78392 2.06827 0.674675 -0.539125 0.285667 0.588464 0.30682 0.400563 -0.291766 -0.714397 0.484641 1.30838 -0.23175 -0.558438 -0.18927 -2.16091 -1.40469 -0.587787 -0.986745 -0.799428 -0.799428 
-1.03195 -1.03195 -0.553751 -0.213566 0.666441 0.751676 -0.148968 -0.743941 0.969545 0.604619 -0.753358 0.917681 1.27426 1.19653 2.43954 -0.909197 -2.2175 -0.143052 0.196453 -0.255745 -0.344287 -0.334742 -0.334742 
1.06548 1.06548 1.48473 1.33488 0.311854 -0.375795 0.252001 0.781756 -0.0384846 -1.79721 -1.40069 -0.374078 -1.34058 -0.286884 0.22459 -1.0206 0.0828366 1.83319 0.926841 -0.112136 -0.917183 -0.849995 -0.849995 
1.75229 1.75229 1.92049 0.150709 -0.830834 0.641649 -0.23472 -1.03932 -0.389581 -1.10202 -1.11818 0.299053 0.239487 -0.344127 -0.949804 -1.02979 0.701115 1.78067 0.147473 -0.620105 -0.524952 -0.600896 -0.600896 
-1.92493 -1.92493 -1.81186 -0.26375 0.500479 -0.199585 0.390033 1.38327 1.39607 1.22461 1.08033 -0.531074 -0.922721 0.138426 0.161961 -0.538633 -0.481442 1.17169 0.598962 -0.568452 0.128312 0.496618 0.496618 
1.95201 1.95201 0.694109 -1.08295 -1.03281 0.541261 -0.416635 -0.719892 -1.25736 -1.46877 -0.219123 -0.162226 0.717222 -0.580529 -0.882554 1.59317 0.158597 0.207267 1.26768 -0.491831 -0.877073 0.0542163 0.0542163 
-0.282778 -0.282778 0.531927 0.638777 0.665955 -0.948864 -0.961172 -0.411127 0.654533 1.88054 0.70248 0.120446 -1.43219 -1.56691 1.32198 1.96897 -0.773922 -0.995736 0.511768 0.229102 0.435908 -1.00346 -1.00346 
0.222653 0.222653 -0.399502 -0.885617 -0.490147 0.835572 0.854977 1.17931 1.61161 1.45791 0.754768 -0.13824 -1.21896 -0.281142 -0.387765 -1.82907 0.267186 -0.420402 -2.24051 -0.484892 1.42123 -0.0258089 -0.0258089 
0.762834 0.762834 0.963191 0.332651 -1.14062 -2.12446 -1.28296 -0.718869 -0.37821 0.336942 1.03412 0.924695 0.18386 0.478592 0.785701 -0.0531109 -0.287535 1.12912 -0.309189 -0.371355 1.78847 -1.40836 -1.40836 
-0.689934 -0.689934 -0.301793 1.28899 0.0895015 -0.94629 -0.734577 -1.68664 -1.20952 0.44585 0.118417 -1.1666 -1.0513 -0.113017 -0.485852 -0.439006 1.62546 2.08461 0.569805 0.85265 1.33041 0.554385 0.554385 
0.818353 0.818353 0.580932 -1.568 -0.978518 0.712674 0.628958 1.19547 0.37033 -0.657989 0.502447 0.0173192 -0.734742 0.0640882 -0.343714 -2.25048 -2.13988 0.474306 1.04523 -0.603148 0.188496 0.929757 0.929757 
0.208823 0.208823 0.517536 0.177236 -0.550111 -1.15356 -1.15418 -0.929022 0.343081 1.55729 0.934936 0.0798519 0.754835 0.77936 0.737662 0.36669 -1.47899 -1.25184 -1.825 -1.42755 1.37226 0.865941 0.865941 
0.809091 0.809091 0.640448 0.706534 1.76112 0.267813 -1.33305 -0.752233 1.11069 2.10457 -0.0476471 -1.58124 -0.835733 -0.784507 0.0199684 1.09307 -0.278838 -1.5177 -0.53046 -0.529592 -0.760944 -0.185228 -0.185228 
0.992955 0.992955 1.23317 -0.875681 -2.14128 -0.267246 1.01394 0.079249 -0.0973546 -0.444292 -0.880513 0.71727 1.77017 -0.543811 -1.51566 0.0972655 -1.29235 -0.965374 1.39032 0.414445 -0.117409 0.219621 0.219621 
0.260775 0.260775 0.484587 0.74894 0.581205 -0.590307 -1.03782 0.682044 0.833395 -1.18736 0.152128 1.28015 0.129621 0.712814 -1.43922 -3.11776 0.450217 1.53433 -0.127981 -0.409598 -0.105813 -0.0475599 -0.0475599 
0.442568 0.442568 0.325117 -0.805293 -1.2268 0.0670591 1.02122 -0.113703 -1.90734 -0.953683 1.22937 0.16108 0.18231 1.3407 -0.461089 0.00286835 2.35067 0.775473 -1.41071 -1.33132 -0.464339 0.16663 0.16663 
0.286302 0.286302 -1.08751 -1.98002 0.536825 0.618468 -1.14915 0.0355159 0.107058 -0.409852 1.24333 1.20963 -0.343548 -0.767473 -0.376523 1.43727 2.33738 -0.274043 -1.7079 -0.36625 0.170639 0.0967757 0.0967757 
-0.103333 -0.103333 1.24744 1.81559 -0.146004 -0.298357 1.1791 0.675804 -0.340419 -0.477477 -1.73388 -1.94971 0.38217 0.744427 -0.792744 -0.763377 1.29032 0.740695 -1.72032 -0.612645 0.727315 0.119369 0.119369 
-0.771806 -0.771806 -2.04332 -1.1074 1.29038 0.569122 -0.774133 -0.473314 -0.407592 0.871114 1.06309 0.798206 -0.171063 -1.01642 1.68355 0.873196 -0.863393 0.921803 -0.371975 -1.40636 0.518943 0.794588 0.794588 
0.514779 0.514779 0.575589 0.127398 -0.852423 -0.874895 0.357154 0.970637 1.35533 0.0784089 -0.950565 -1.16374 -0.90917 1.61855 2.06343 -1.14168 -1.63613 0.782822 0.748191 0.00794864 -0.650342 -0.768037 -0.768037 
-0.360782 -0.360782 -0.704274 0.014786 1.29504 1.02931 0.321725 0.613479 0.275694 -0.526614 -1.04901 -1.31581 -0.0221392 0.666164 -1.01494 0.541629 1.07421 -1.69312 0.033267 2.66625 0.403227 -0.943653 -0.943653 
0.35561 0.35561 -0.076062 -1.22184 -1.46371 0.121001 1.18072 0.83784 0.94126 1.18533 0.620824 -0.363649 -0.0869601 0.630469 -0.145563 -0.5163 1.02781 0.20362 -0.808794 1.65452 -0.491494 -1.97012 -1.97012 
