33
0.240834 0.548899 0.829499 0.942113 1.09596 1.18254 1.22403 1.2555 1.30459 1.2629 1.17369 1.10977 1.03067 0.823509 0.521409 0.276662 0.105328 0.0105913 -0.271093 -0.426781 -0.655359 -0.858038 -0.985475 -0.998215 -1.16709 -1.06018 -1.16328 -1.09046 -1.08856 -1.14503 -1.15282 -1.38079 -1.49531 
1.59319 1.68785 1.92067 1.28726 0.44254 -0.202577 -0.298195 -0.719509 -1.03507 -1.21696 -0.771515 -0.381618 0.596556 0.988581 0.958788 1.55759 1.14421 0.420064 -0.337854 -0.469562 -0.917874 0.0200984 0.364986 0.548931 -0.106872 -0.204741 -0.326532 -0.241858 -0.717407 -1.03217 -1.23116 -1.14569 -2.17416 
1.66148 1.01162 0.399802 0.223753 -0.0720087 -0.254 -0.226041 -0.320698 -0.626328 -1.19504 -1.67127 -1.69191 -1.82698 -1.90033 -1.55448 -1.0354 -0.721761 -0.443967 0.23217 -0.00652018 0.395255 0.508596 0.729156 0.41758 0.764063 0.867713 1.07323 0.751623 0.868171 0.551983 0.410142 1.11271 1.5677 
1.44994 1.11489 0.328073 -0.276393 -0.811583 -1.29962 -1.64065 -2.0727 -2.14113 -2.03353 -1.45828 -1.06975 -0.463679 -0.0120294 0.719783 0.699532 0.712756 0.606929 0.209768 0.525049 0.396236 0.504817 0.536127 0.683065 0.843719 0.215594 0.503241 0.987218 0.941601 0.729688 0.365162 0.0923953 0.11377 
-1.4551 -2.10557 -1.91508 -1.55097 -1.28078 -1.39263 -1.11715 -0.829007 -0.730946 -0.698123 -0.688303 -0.208474 -0.21798 -0.449372 0.220159 0.68916 0.749488 0.694321 0.703438 0.871544 0.960919 0.836809 1.0047 1.09771 1.14781 0.827335 0.862044 0.643641 0.788902 0.541359 0.723364 0.64341 0.63336 
-2.24937 -2.16627 -1.98532 -2.05248 -1.42028 -0.851785 -0.48741 -0.354174 -0.193265 -0.321389 -0.22399 -0.065546 -0.172993 0.102587 -0.0298888 -0.180543 0.379327 0.378681 0.17915 0.761104 0.902447 0.58428 0.571809 0.545518 1.17315 0.844804 1.03706 1.01355 0.857801 0.487479 0.988273 0.96968 0.978001 
0.559208 1.27462 2.05971 2.15502 1.6257 1.57611 1.1201 1.04364 1.05721 0.956444 0.570404 0.151166 -0.10214 -0.543391 -0.52404 -0.192468 -0.0539698 -0.564199 -0.599171 -0.78892 -0.981074 -0.759595 -0.779477 -0.608462 -0.787663 -0.514072 -0.547541 -0.967808 -0.845766 -1.2143 -0.995185 -0.862176 -0.917917 
-2.28451 -1.8459 -2.25799 -1.91223 -1.14573 -0.999312 -0.588553 -0.244947 0.0159501 0.277703 0.409977 -0.388607 -0.445154 -0.287222 -0.503987 -0.258646 0.112445 0.388983 0.965913 0.57515 0.652078 0.697348 0.756674 0.47935 0.480239 0.959686 0.772774 1.07747 1.15968 1.4477 0.745023 0.867481 0.321171 
-0.800203 -0.493628 0.2177 0.959343 -0.828565 -1.78704 -1.48006 -1.9446 -2.09109 -1.37877 -0.610407 -0.384283 0.561298 0.795967 0.634626 -0.324979 0.0198581 0.652116 0.764582 -0.0668966 -1.05589 -0.0238328 0.071286 0.621189 0.6863 0.202877 0.686777 1.21674 1.39401 1.33842 0.387613 1.75575 0.303804 
1.00919 0.997052 0.215131 0.738174 1.43664 1.49362 0.651784 0.805707 1.4575 0.993605 0.938014 1.06716 1.15767 0.222753 -0.437302 -0.21762 -0.646944 -0.0625418 -0.357086 -0.105604 -0.359392 -0.622262 -0.139867 -0.498021 -0.784213 -1.28551 -0.455167 -1.44451 -2.07518 -2.01574 -1.49481 -0.700122 0.517891 
-2.48021 -1.73502 -1.20387 -1.56102 -0.899198 -0.94116 0.0890997 -0.13512 -0.0245981 0.771496 0.818017 1.47037 1.24283 1.90642 0.529406 -0.607727 -0.710715 1.35846 1.24527 0.521774 0.0196835 -0.724427 0.656284 -0.217202 0.370023 -0.134169 0.930999 -0.468361 -0.657149 -0.563777 0.0275213 0.239734 0.86634 
-2.26036 -2.3406 -0.945185 -0.782003 -0.546442 0.410692 -0.394002 -0.542921 -1.07777 0.245181 0.571033 0.947221 1.13706 1.00669 0.757611 2.41186 0.842515 0.691076 1.39068 -0.172317 0.862972 0.434928 0.131075 -0.613776 0.1 0.144858 -0.0932716 0.723572 -1.13747 -0.225835 -0.0378434 -1.06034 -0.578907 
0.874354 1.98655 2.09546 0.644424 0.71561 0.234175 0.0834433 -0.459139 -0.536596 -0.153127 -0.72524 -1.87717 -2.0656 -1.65397 -1.15742 -0.746047 -0.905456 -1.36603 -0.17694 0.110944 0.72849 0.22218 -0.450043 -0.262016 -0.0987644 0.543902 0.0328111 0.597813 0.567097 0.149494 0.496633 0.855946 1.69424 
2.36951 2.36951 1.70054 1.2667 1.17758 0.793034 0.604401 0.63043 0.380018 -0.0933721 -0.169438 -0.134835 -0.625099 -1.38836 -1.51701 -1.06944 -0.556001 -0.933695 -1.14231 -0.960547 -1.12138 -0.77521 -0.125104 -0.266919 0.14259 0.367699 0.251044 0.610447 0.167908 0.134738 -0.452252 -0.817582 -0.817582 
0.686228 0.686228 -0.228562 -1.58246 -1.59716 -0.655943 -0.374743 -0.651092 -0.350265 0.605907 1.32433 1.99369 1.99636 0.729892 0.989705 0.507739 -1.1545 -1.5874 -0.843019 -0.454012 0.890001 1.88663 0.939219 -0.318109 -0.672197 -0.00123261 0.228125 -0.216357 -0.718237 -0.370755 0.132128 -0.910073 -0.910073 
-1.93141 -1.93141 -1.20439 -0.71944 -0.728557 -0.231844 -0.0978401 -0.609696 -1.33709 -1.59885 -0.757891 -0.234423 -0.315292 0.422627 1.33165 1.28222 0.911984 1.4682 0.675715 0.254738 0.79489 0.516835 -0.135153 0.0580632 0.695182 0.478883 -0.173626 -0.310139 -0.301824 -0.698292 0.864872 1.78065 1.78065 
-1.43443 -1.43443 -1.81753 -1.45973 -1.29417 -1.01808 -0.938484 -0.550855 0.216506 1.13178 1.53126 1.57509 1.66484 1.84363 1.17261 0.150815 0.0291291 -0.55442 0.0443774 0.425955 0.132037 0.359725 0.414266 0.598187 -0.503916 -0.323337 1.25802 0.784134 -0.205391 -0.658864 -0.745394 -0.196661 -0.196661 
-1.70562 -1.70562 1.22788 1.45833 0.0821464 0.0974669 1.25398 0.740991 0.00277867 -0.252353 1.04009 0.98421 -1.07216 0.891156 2.91622 1.15482 -0.360728 -0.508795 0.136763 0.368816 -0.47608 -0.249057 0.378698 0.0381352 -1.15739 -1.20191 -0.90677 -0.587127 -0.671382 -0.565141 -0.0805856 -0.635881 -0.635881 
0.171741 0.171741 -0.234477 0.985462 2.70392 1.97987 0.803172 0.253116 -0.453456 -0.625149 0.149569 -0.40422 -0.0875494 -0.155214 -1.30751 0.564202 0.969739 -1.08325 0.491769 1.4133 -1.02012 -1.43595 -0.646879 1.0836 0.267014 -0.909999 -0.0859027 -1.0267 -1.96428 -0.189365 0.761514 -0.569856 -0.569856 
2.81638 2.81638 1.69845 -0.671213 -0.932434 -0.800268 -0.848729 -0.00214604 -0.0459568 -0.766386 -1.34054 -1.10124 -1.14093 -0.649376 0.743891 0.958694 -0.55893 -0.871668 -0.293896 -0.577268 0.164106 0.474681 0.383704 0.0964796 0.281406 0.544137 -0.706771 -0.426411 -0.333138 -0.15814 0.74605 0.250538 0.250538 
-0.253275 -0.253275 -0.445054 1.98927 1.57754 0.842778 1.25005 0.940521 0.771458 0.505794 -1.68427 -2.07427 -0.0986431 -0.429563 -0.249025 0.965159 1.0296 1.45475 0.0764698 -0.956256 -0.0556534 -0.0920106 -0.75831 -0.879009 0.684062 0.296167 -0.0647624 0.491081 0.456637 -1.16449 -1.50646 -1.18349 -1.18349 
0.897573 0.897573 1.33734 -1.1889 -2.90738 -0.789862 -0.290591 -0.74896 0.440618 1.36535 0.873905 1.05304 1.06167 -0.057207 -1.26438 -0.752737 0.856324 0.621442 -0.858108 -1.97147 -0.0877981 1.00803 0.520663 0.490331 -0.554158 -0.130845 0.893491 0.583547 -0.00833543 -1.1486 0.290509 -0.216041 -0.216041 
-0.88883 -0.88883 -0.266753 1.45401 0.912271 -0.878131 -0.765451 0.970703 0.252568 -0.569675 0.119659 0.289487 -0.947358 -1.8198 -0.477718 -0.209521 0.21442 0.371084 -0.0158935 0.0314798 -0.56639 0.289331 0.178574 -0.714811 -0.881194 0.416636 -0.150656 -1.8489 -0.629823 0.70876 1.5634 2.37368 2.37368 
1.04829 1.04829 -0.051211 0.0791184 0.393494 0.760986 0.579197 -0.338173 0.679515 0.615679 0.472309 0.198949 0.210158 -0.936353 -2.73244 -1.4617 1.73636 1.72618 -1.0593 -1.4472 -1.46776 0.410194 0.281152 -0.510291 -0.141948 0.334764 -0.558099 -1.80883 -0.319938 0.458141 0.576675 0.611892 0.611892 
1.32205 1.32205 1.58979 0.314063 1.18734 0.043153 -1.17341 -0.876595 0.742323 1.68901 0.647663 0.498061 -0.0591018 -0.541876 1.42103 -0.0311306 -2.01722 0.478414 -1.07417 -0.704947 0.543397 -0.929537 -1.278 -0.158697 0.709911 -0.337098 0.512016 -1.27304 -1.16878 1.08497 -1.04239 -0.719637 -0.719637 
1.31318 1.31318 -1.59548 -1.63829 -0.538022 -0.789847 -0.859235 -0.776085 0.274764 -0.286553 -2.02887 -1.59348 0.180793 0.958075 0.957795 0.213437 -0.776025 0.754205 1.60353 0.954961 0.0537387 -1.40984 -0.621935 0.32613 0.842039 0.0768197 -0.0113116 0.533801 -0.581223 -0.152448 0.729168 1.28652 1.28652 
-0.804652 -0.804652 -1.59006 -0.540316 -0.451078 -0.631242 0.112055 0.000210943 -0.903918 -0.588289 0.331362 -0.418484 -1.86291 -1.20826 0.983784 2.14621 0.652177 -0.655015 0.357812 0.444317 0.741952 2.21005 1.32662 0.891049 1.55531 0.602766 0.845887 0.255919 -0.45478 -0.716288 -1.31762 -0.254954 -0.254954 
-0.600783 -0.600783 -1.67282 -0.960119 0.857189 1.09149 0.127403 0.142943 1.11887 1.44954 1.22243 0.655684 -0.877133 -0.673526 -0.0523428 -1.57425 -1.5354 0.370197 1.02099 1.49579 1.97691 0.162533 -1.62218 -1.15238 0.374469 0.836451 -0.0467771 -0.625782 0.00130659 0.796894 -0.303479 -0.70167 -0.70167 
0.518759 0.518759 1.07502 0.230647 0.244137 0.408302 -0.748564 -1.73661 -1.44975 0.349205 1.24989 0.192524 0.438508 1.57395 0.670831 -0.796525 -0.101823 -0.586163 -1.70704 -0.178456 -0.014519 -1.38195 -0.841382 0.637271 0.167543 -1.31171 -1.22019 -0.462202 -0.76038 1.02309 2.52828 0.735274 0.735274 
-0.529791 -0.529791 -0.120499 0.507124 0.413661 0.31533 0.442921 1.22967 1.83326 1.41243 0.415559 0.0612455 0.215642 -0.654622 -2.02802 -1.39962 -0.898293 -0.0741121 1.02992 0.0087213 -0.167317 0.231295 0.181229 -1.14189 -1.14571 1.92398 1.17531 -1.76559 -1.74224 -0.709281 0.437172 0.536156 0.536156 
1.7842 1.7842 1.93123 -0.818308 -0.955556 0.660278 0.323221 -0.885595 -0.721083 0.574453 0.701573 -1.43494 -0.146708 2.45721 0.0808722 -2.178 -1.14871 0.230053 0.472565 -0.478328 -0.481537 0.457998 0.0958847 -1.06735 -0.878473 0.0725499 0.304882 0.0628348 -0.0733142 0.289581 -0.132472 -0.441613 -0.441613 
-0.203868 -0.203868 0.602004 2.00553 0.721361 -1.19113 -1.07619 -0.765636 -0.515695 0.462821 0.210415 -0.0921638 0.228962 -0.741415 0.539707 1.56879 -1.02381 -0.251267 1.71366 -0.934255 -1.81769 0.311027 1.72885 0.668176 -1.25247 -0.168658 -0.0126197 -1.17635 0.617604 1.86509 -0.186874 -0.815009 -0.815009 
-0.805678 -0.805678 -2.89557 -2.14 0.0664472 0.254088 0.884158 0.888259 -0.493744 -0.961472 -0.115058 0.356309 0.578784 1.84256 1.59848 -0.968738 -1.43399 0.414009 0.439908 0.584194 1.10802 0.373936 -0.153283 0.0900461 0.575071 -0.691242 -0.675695 0.509785 0.416863 1.13204 0.540694 -0.256744 -0.256744 
-0.108882 -0.108882 1.7928 1.62098 -0.854698 -0.214895 0.117292 -0.332941 -0.298672 -1.87748 -1.97461 1.27963 1.32578 -0.0765421 1.13049 1.03979 0.4234 -0.703644 -1.84253 -0.0622787 0.716083 -0.507979 -0.573866 1.16771 0.958981 -0.544045 0.193202 0.448252 -1.2524 -1.49263 0.0260948 0.293241 0.293241 
0.326938 0.326938 -1.2948 -2.6803 0.300788 1.72449 0.0708827 0.514031 1.40193 0.322777 -0.155869 0.165165 -0.668103 -1.4486 -0.401874 1.40603 0.92679 -1.05597 -1.61991 0.539131 1.95733 0.435232 -0.287713 -0.645363 -0.354142 0.973954 0.503235 -0.534307 -1.06734 0.236471 0.643287 -0.280557 -0.280557 
0.286372 0.286372 1.57994 0.705052 -1.93444 -1.44248 1.20858 0.584018 -1.33924 -0.281183 0.464598 -0.983391 -1.76691 0.171778 1.02924 0.33904 0.255196 -0.354406 -0.436564 -0.595101 0.0125679 0.378752 -0.936125 -0.977942 0.669287 0.367907 -1.88437 -0.541479 1.74143 1.46747 1.07032 0.427853 0.427853 
-0.643138 -0.643138 -0.562605 0.311066 0.457616 0.151023 -0.642927 0.0982608 0.625682 -0.0917661 -0.221236 -0.125718 -0.66526 -1.78204 -0.288352 2.79766 2.00614 -1.69123 -1.92464 -0.216129 1.184 1.11697 -0.53252 -0.225172 0.558453 -0.220879 -1.28831 0.183438 1.43709 0.590312 0.131279 0.0580336 0.0580336 
0.27087 0.27087 -0.654103 -0.215059 -0.119681 -1.63492 -0.590123 1.46575 1.93695 0.00810936 -0.78676 -0.435699 -0.677266 1.14992 0.447061 -2.41617 0.446191 0.760504 -0.781257 1.24957 -0.0860963 -1.24386 0.635643 1.51808 -0.0526075 -0.0667416 -0.601864 -1.14192 1.78643 0.168381 -1.23169 0.310757 0.310757 
-1.82454 -1.82454 -1.85209 0.727249 0.59277 -0.159784 0.0557371 0.776494 0.361846 -1.43527 -0.793987 1.46857 1.68854 0.546804 -0.432215 -1.06865 0.394812 1.57788 0.176049 -0.950248 -1.47462 -0.387843 1.1638 0.988798 -0.113522 -0.50216 0.340903 -0.319796 -0.394647 0.889984 0.972707 0.405479 0.405479 
