23
0.75137 0.810388 0.812293 0.825472 0.829146 0.928724 0.97202 0.881825 0.666682 0.536221 0.543102 0.486152 0.329656 0.139381 0.0062105 -0.189484 -0.383054 -0.733963 -1.10214 -1.46336 -1.68212 -1.91952 -2.045 
-0.301546 -0.331378 -0.41658 -0.639805 -0.542929 -0.455538 -0.0689085 0.653892 1.50866 1.48744 0.821892 0.856774 0.799065 0.350377 0.627309 0.340561 0.385116 0.710687 -0.0651188 -0.0362621 -1.14045 -1.62636 -2.91689 
-0.348663 -0.400256 -0.21126 -0.205334 -0.345806 -0.665898 -1.09511 -1.4562 -1.28207 -1.062 -1.0233 -0.770821 -0.408493 -0.261228 0.0673422 0.398795 0.448749 1.00316 1.22354 1.59052 1.6582 1.61704 1.5291 
-1.10861 -1.47619 -1.42861 -1.43754 -1.32338 -1.13282 -0.863498 -0.478697 -0.526645 -0.010059 0.178193 0.256915 0.658907 1.05932 1.06512 0.942346 1.34579 1.28809 1.55901 0.525476 0.478314 0.1061 0.32246 
-1.05716 -0.8488 -0.660138 -0.660174 -0.7781 -0.966101 -1.19373 -1.21167 -1.21113 -0.78741 -0.879791 -0.420272 -0.0248243 0.755951 0.964682 1.08507 0.96979 0.97543 1.47667 1.25666 1.01482 1.23931 0.960912 
-1.69588 -1.63849 -1.45883 -1.32494 -1.29742 -0.922044 -0.485385 -0.359573 -0.346885 -0.199504 0.535717 0.507553 0.126307 0.0445866 0.422981 0.650274 0.769081 0.723099 1.00957 1.27372 1.46372 1.03308 1.16926 
1.08666 1.38642 1.53789 1.52519 1.57297 1.42006 0.765003 0.369077 0.246123 -0.54703 -0.936528 -1.08543 -0.378867 -0.14988 -0.675425 -0.904343 -0.284387 -0.331177 -1.25159 -0.683466 -0.31569 -1.27366 -1.09193 
0.843994 1.84259 1.47281 1.45603 1.58312 1.3684 0.777712 -0.336133 -0.482926 -1.07879 -0.71107 -0.48176 -0.258464 0.153721 -0.533997 -0.558272 -0.448739 0.105213 -0.889214 -0.914756 -0.376739 -0.768638 -1.76411 
-0.867323 -1.07482 -1.39075 -1.46012 -1.42733 -1.42786 -1.05926 0.0485181 0.978102 1.43992 0.607989 1.10284 0.98967 1.20306 0.797987 1.24967 0.994444 -0.116539 0.155866 -0.123759 -0.592785 0.295146 -0.322665 
1.03933 1.3233 1.45146 1.29888 1.19095 1.20132 1.11143 0.812234 0.141316 -0.243235 -1.01592 -0.972103 -0.813675 -0.901643 -1.16319 -1.34189 -1.20229 -1.09561 -0.908585 -0.381814 -0.245617 0.359974 0.355365 
-0.869331 -1.20816 -1.60396 -1.62069 -1.59772 -1.42898 -1.07685 -0.324701 0.652027 0.982604 0.81962 1.15678 0.722178 0.217939 0.997846 0.669443 0.781902 0.913823 1.20635 -0.27339 0.503714 0.119622 0.259931 
-0.103245 0.0629449 -0.212839 -0.299376 0.222188 0.966532 1.35206 1.43687 1.63911 1.31922 1.47089 0.600979 0.365017 -0.376121 -1.15826 -1.23681 -1.49311 -1.58177 -0.402405 -0.206452 -0.821268 -0.964372 -0.579771 
1.65766 1.50582 1.44063 1.44488 1.50007 0.920901 0.369372 -0.00840225 -0.168162 -0.346284 -0.709494 -1.12557 -1.43747 -1.09667 -1.03988 -0.993323 -1.33473 -0.212625 -0.178054 0.448911 0.0871921 -0.338812 -0.385962 
1.21258 1.21258 1.03575 1.04258 1.37588 1.52873 0.796636 -0.200358 -0.355696 0.500818 0.784409 0.154138 -0.360197 -0.270212 -0.291122 -0.524128 -1.1229 -1.79648 -1.83628 -1.25989 -0.782174 -0.422334 -0.422334 
0.163712 0.163712 -0.0670216 0.150213 0.520804 0.866501 1.6246 2.18312 1.29545 -0.518411 -0.451479 0.273722 -0.303215 0.096039 0.289245 0.0120014 0.742548 -0.236209 -0.590213 -0.982005 -1.59616 -1.81847 -1.81847 
-0.0743836 -0.0743836 0.0580456 -0.700499 -1.4511 -2.11587 -2.21027 -0.821182 0.516864 0.205042 0.279651 1.02476 0.78252 0.704797 1.12886 0.487394 1.00072 1.3931 0.961557 0.609995 -0.329671 -0.687972 -0.687972 
-0.917244 -0.917244 -0.15278 -0.0108687 0.414344 0.745087 1.15913 0.482849 0.763752 1.26722 0.333898 0.789494 1.47518 0.630696 -0.484493 0.363079 0.50181 0.219334 -1.86071 -2.53871 -1.12908 -0.567373 -0.567373 
0.475951 0.475951 -0.0112734 -0.728053 -1.1675 -1.42397 -1.02639 -0.492963 0.539619 0.322388 0.406073 1.54658 2.29765 1.86112 0.317188 -0.440325 -0.708598 0.73279 0.205234 -1.53204 -0.492833 -0.578304 -0.578304 
-0.00310304 -0.00310304 0.198914 -0.202913 0.43492 1.51552 0.856376 -0.263405 -0.206437 1.7019 1.23825 -1.71053 -1.85199 0.154358 0.970518 0.284902 -0.436866 0.00596189 0.825086 0.570293 -1.26479 -1.40693 -1.40693 
1.02042 1.02042 0.548585 0.391996 0.180262 -0.881071 -1.24804 -0.444527 -1.04437 -1.44688 -0.474003 1.18114 1.75178 -0.108801 -0.800278 0.929525 1.20456 -1.12153 -0.19296 1.75231 -0.552214 -0.833166 -0.833166 
1.17824 1.17824 -0.167907 0.490825 0.228396 -0.723211 -1.91524 -1.32673 -0.640012 0.0421111 1.1361 0.944626 1.18707 -0.0207163 -0.599358 0.457609 1.2242 -0.23939 -1.00766 1.024 0.538294 -1.49474 -1.49474 
-0.77739 -0.77739 -0.597111 -0.142007 -0.0521737 0.386097 1.83255 2.56468 1.72164 -0.577301 -0.534196 0.403861 0.0365292 -0.344433 -0.033436 0.162126 -1.8773 -1.18869 -0.103692 -1.07133 0.452442 0.258263 0.258263 
0.767796 0.767796 0.00550507 -0.40675 -0.122214 -0.0906965 -0.631257 -1.64582 -1.79485 -1.97256 -1.22456 0.401297 0.171181 -0.56216 -0.720582 -0.020118 0.478171 0.56099 1.29454 1.20578 1.34341 1.09755 1.09755 
-1.12614 -1.12614 -0.672131 -0.0818252 0.179621 0.64359 1.46596 2.34639 1.75214 0.145619 0.154901 -0.227973 -1.414 0.297959 0.545815 -0.395013 0.253856 0.507684 -1.7641 -1.08106 0.463365 -0.434253 -0.434253 
-0.0639448 -0.0639448 -0.387516 0.633343 1.69713 1.52296 0.678548 0.443886 -0.0742568 -0.139005 -0.843204 -1.3395 -1.17463 -1.8739 -1.02559 -0.352345 -0.365291 1.47282 1.83722 -0.459906 -0.894006 0.385563 0.385563 
-0.0313655 -0.0313655 0.241093 0.451236 -0.567154 -1.62623 -1.27468 -0.590823 -0.242318 -0.597453 -1.01282 -0.923247 0.397936 1.04149 0.52787 -0.167207 1.71023 2.36653 1.50223 0.81048 -1.02754 -0.478445 -0.478445 
-0.0547471 -0.0547471 -0.0459804 0.609313 0.796892 -0.571674 -2.04871 -1.30784 1.0731 1.63693 -0.272929 -1.29791 -0.372702 0.261131 -0.153769 -0.896071 -1.46201 -0.743977 0.861676 1.52646 1.24829 0.634634 0.634634 
-0.0416392 -0.0416392 0.192264 0.839727 0.978047 1.39528 1.62444 -0.147604 -2.70202 -1.67417 1.05971 0.366439 0.0154817 0.844718 0.116313 0.694883 -0.0604576 -1.22823 -0.596222 -0.876338 -0.693852 -0.0325698 -0.0325698 
0.197089 0.197089 -0.56721 -1.45694 -1.36245 -0.701278 1.36816 2.81148 1.09766 -0.175357 0.889596 0.570338 -0.258739 0.412622 -0.155398 -0.065457 0.976228 0.0241963 -0.725386 -1.23737 -1.24416 -0.297363 -0.297363 
0.589252 0.589252 0.712883 0.417333 0.58184 0.572106 -0.305194 -0.42118 0.606595 -0.451218 -0.492924 0.917534 -0.215078 -1.78398 -0.30988 0.782515 -0.201965 -2.13493 -2.4795 0.560653 1.64066 0.412611 0.412611 
-0.309003 -0.309003 -0.906567 -0.866737 -0.482986 0.21483 0.873346 1.40273 0.776926 -0.0141489 1.11777 1.67416 0.359413 -1.55389 -1.82148 -0.75799 1.07519 0.859027 -1.79096 -0.484778 0.892296 0.0259298 0.0259298 
0.197715 0.197715 -0.0494098 0.218618 1.13032 0.33267 -1.02057 -0.58016 1.28214 0.961961 -2.02518 -1.82703 1.22039 1.80932 0.153759 -0.792072 -0.0980752 0.849578 0.420539 -1.21181 -1.14253 -0.0139442 -0.0139442 
-0.181021 -0.181021 -0.283012 -0.113598 -0.702881 -0.803992 0.410632 0.258956 -0.526557 0.497796 1.83799 1.57601 -0.713873 -1.53592 0.802588 1.4321 -1.2096 -0.783938 1.9981 -0.107692 -1.55769 -0.0566913 -0.0566913 
-0.664353 -0.664353 -0.211691 0.533011 -0.57357 -1.21236 -0.154041 1.13698 1.20131 1.48117 0.880865 0.295712 -0.402674 -0.966905 0.589374 1.51378 -0.218277 -1.27299 1.12885 1.32302 -1.47013 -1.13637 -1.13637 
0.070247 0.070247 0.422232 0.35228 0.339261 1.38849 1.61577 -0.154957 -2.49925 -1.81389 0.689665 0.372225 -0.647929 -0.123297 0.322598 -1.49526 -1.11393 1.30256 0.0215876 0.36094 0.959147 -0.219366 -0.219366 
-0.78937 -0.78937 -1.22493 -0.118923 0.349937 -0.521804 -1.62702 -1.21336 -0.329194 0.618546 2.52407 1.49067 -1.00191 -0.92616 0.588701 1.28254 0.629975 0.87854 0.697262 0.0676487 -0.0983401 -0.24375 -0.24375 
0.321038 0.321038 0.779748 0.630109 0.531936 0.967814 1.29144 0.190622 -1.74193 -1.27294 -0.322073 -1.25092 0.376924 1.49116 -0.570255 -0.258638 0.669697 -1.59987 -1.26633 1.69914 0.470848 -0.72928 -0.72928 
-0.310193 -0.310193 0.473194 1.53783 0.620787 -0.843533 -0.889955 -0.63958 -0.509191 -0.651967 -0.983126 -0.316218 -0.471985 0.0524799 1.10572 0.444806 1.3387 1.62827 -1.54503 -2.15778 0.586905 0.920025 0.920025 
0.218629 0.218629 0.385323 -0.63863 -1.64543 -0.558737 0.82383 0.821417 -0.00275502 -0.608693 -0.255929 1.12158 1.56102 0.105573 -0.956288 0.940403 2.01237 -0.162493 -1.23182 -2.00422 -1.01992 0.438072 0.438072 
