26
0.429614 0.682222 0.851824 1.02096 1.0545 1.09473 1.07545 1.04572 0.923454 0.822117 0.739541 0.702794 0.448506 0.401236 0.174475 -0.113141 -0.325858 -0.536225 -0.767883 -0.962506 -1.10707 -1.23744 -1.38713 -1.55605 -1.71736 -1.7565 
0.387936 0.265695 -0.445542 -1.24687 -1.41543 -1.34713 -0.706326 -0.815168 -0.160059 -0.0539217 0.603475 1.23218 1.25408 1.16674 0.947272 1.21073 1.42257 1.06661 0.65473 0.696256 0.334553 -0.102842 -0.681884 -1.29462 -1.68421 -1.28882 
0.7561 0.302165 0.180087 0.0843738 -0.121064 -0.381347 -0.965081 -1.19298 -1.51807 -1.29743 -1.30084 -1.26524 -1.18644 -0.828803 -0.53258 -0.28456 -0.0200509 0.224007 0.676879 0.638853 0.968106 1.06014 1.36362 1.4194 1.56626 1.65451 
0.507822 -0.165714 -0.591988 -1.34248 -1.42484 -0.928653 -0.635012 -0.573398 0.25279 1.32262 1.95156 0.718714 1.13002 0.856909 0.821368 1.45453 0.260091 0.49596 -0.171584 0.294955 -0.0273177 0.464206 0.0061455 -1.70116 -1.61074 -1.3648 
-1.35363 -1.23676 -1.52402 -1.12721 -0.886779 -0.824565 -0.689053 -0.80673 -0.902355 -0.625331 -0.674643 -0.58388 -0.283084 -0.0328003 0.203073 0.818544 0.998711 1.27809 1.3457 1.48651 1.65032 1.14345 1.00688 0.590689 0.308839 0.720034 
-1.73661 -1.73996 -1.54411 -1.43907 -1.29149 -1.05712 -0.930597 -0.675084 -0.540464 -0.295099 -0.0283319 0.0845051 0.205167 0.439789 0.607252 0.663447 0.788644 0.886793 0.901764 0.865467 0.818399 1.01746 0.806477 1.23124 0.666904 1.29464 
0.813994 1.28327 1.26283 1.49895 1.51705 1.48669 1.29856 0.992549 1.02233 0.639774 -0.0308852 -0.116873 -0.527862 -0.563693 -0.581633 -0.843363 -0.743733 -0.857557 -0.841582 -0.807271 -1.04577 -1.09931 -0.706294 -1.00354 -1.02075 -1.02588 
-1.07246 -0.163597 -0.0590227 -1.12031 -1.72305 -1.82598 -1.29709 -0.301009 -1.18441 -0.516317 0.304235 -1.15632 0.816081 0.0883201 -0.11678 0.561028 1.33236 1.43274 1.32478 0.715362 1.32057 0.829202 0.138355 1.19982 -0.144106 0.617607 
-0.854346 -0.890544 -1.0233 -1.3531 -1.76391 -1.27678 -0.83208 0.522222 1.68953 0.803698 1.90977 1.44438 1.20675 1.15029 0.875746 0.520063 -0.202776 -0.477722 0.173803 -0.643099 -0.769395 -0.433499 -0.403841 0.368922 0.0404545 0.218763 
1.20567 1.40493 1.40995 1.53964 1.77383 1.46272 1.23199 0.670858 0.389665 0.1271 -0.474664 -0.771059 -1.05997 -1.04903 -0.908458 -0.771992 -0.851425 -1.06175 -0.914643 -0.867636 -0.614049 -0.741471 -0.409208 -0.584557 0.400922 -0.537356 
-1.63785 -1.1953 -1.23355 -1.01082 -0.968662 -0.482994 -0.117196 1.2416 1.73889 1.40038 1.69626 1.78946 1.01465 0.0954281 0.0900621 0.145468 0.0610807 -0.176328 -0.257043 0.00894777 -0.891124 -0.602617 0.526787 -1.38327 0.188166 -0.0404181 
-0.71446 -0.381613 -0.431975 0.149075 0.717942 0.784662 0.856295 0.991708 1.49781 1.69536 1.3301 1.04088 0.946741 0.398832 0.189231 0.120002 0.0311597 -0.0402237 -0.519706 -0.741242 -1.45046 -1.736 -1.21399 -1.81553 -0.695783 -1.00881 
1.29701 1.38625 1.7595 1.85431 1.27276 0.758964 0.155303 -0.455384 -0.668888 -0.357269 0.298922 -0.765888 -1.5667 -1.71597 -0.728946 -0.58312 -0.268382 -0.976983 -0.904684 0.435792 0.186248 -0.431328 -1.24174 0.0113464 1.0339 0.214982 
2.20447 2.20447 1.89261 1.38428 0.902685 0.705345 0.443977 0.0592025 -0.20833 -0.0600376 0.181273 -0.460252 -0.499563 -0.396724 -1.29467 -1.2422 -0.953593 -1.02436 -0.965537 -0.640133 -0.400096 -0.419271 -0.563254 -0.606665 -0.12182 -0.12182 
-0.902354 -0.902354 -1.82778 -1.08825 0.0968389 1.1998 0.958401 0.977894 1.27086 1.27397 1.98611 1.12007 0.144286 -0.184629 0.29342 0.881187 0.0370629 -0.812912 -0.271229 -0.202852 -0.855503 -1.15168 -1.39062 -1.13245 0.24136 0.24136 
-1.38592 -1.38592 -0.617485 -0.796304 -1.14933 -1.96083 -1.89136 -1.33653 -0.37435 0.315687 -0.08124 0.0951246 0.785929 1.25233 1.01719 0.949155 0.940656 1.34472 0.739609 0.474431 0.753437 0.698136 0.620352 0.284412 0.354052 0.354052 
-0.991667 -0.991667 -1.07261 -0.710886 0.60035 0.995822 0.538745 1.09887 2.15929 1.95183 -0.470084 -0.698991 0.310446 -0.159538 0.793663 -0.425247 -0.843115 -0.288935 -0.0463199 0.316831 0.343108 0.20029 -2.1124 -1.53552 0.518866 0.518866 
-0.758419 -0.758419 -0.0691256 1.23018 0.406328 0.147987 -0.294947 -0.864059 0.107786 0.22182 -0.236799 0.625246 1.01802 0.858171 1.75734 1.62018 0.792645 0.515499 0.174318 0.411196 -1.18355 -1.92315 -1.69989 -2.05761 -0.0203837 -0.0203837 
-0.158583 -0.158583 0.489931 0.201156 0.974945 0.848943 0.975397 1.02387 0.963153 1.75378 0.960878 0.0867444 0.815369 1.09537 0.0278671 -0.225005 0.026002 -0.633469 -1.43784 -1.80902 -0.400925 -1.38158 -0.0312187 -2.1453 -0.93094 -0.93094 
1.68751 1.68751 1.02271 1.1326 0.372718 -0.215332 -1.00132 -0.379953 -0.598228 -2.59551 -1.74985 -1.00941 -0.86639 0.254365 -0.389773 -0.0545303 0.367216 0.128681 0.551078 -0.174542 -0.425048 1.37569 0.680785 -0.488971 0.343991 0.343991 
1.04528 1.04528 -1.16647 -1.96051 -0.884625 0.385758 1.61953 0.0340704 -0.334144 1.57875 -0.810914 0.482174 1.30482 -1.13968 0.438237 1.53441 0.886167 -0.100954 -0.897777 -0.0971554 0.0353648 -1.41962 0.323628 -0.409531 -0.746039 -0.746039 
-0.282753 -0.282753 -0.637897 -0.974239 0.0139209 1.04875 2.09769 2.97175 0.262083 0.188004 0.696575 -0.928758 -0.434118 -0.478776 -0.840718 -1.38297 -1.28531 0.377119 -0.278432 -1.21928 0.175141 0.363782 0.892218 0.45903 -0.260024 -0.260024 
0.673985 0.673985 0.517808 1.0322 0.0427875 -1.00077 -1.56197 -1.67524 -1.00508 -1.72463 -1.80057 -1.09834 -0.4085 0.555531 0.837291 0.343458 -0.434957 0.073544 0.65116 0.890155 0.498631 0.675227 0.567651 2.03386 0.321391 0.321391 
0.257068 0.257068 0.0030403 0.095957 0.399808 0.773797 1.78277 1.93472 -0.0266567 -0.259402 0.239474 -0.997799 -2.16773 -1.27858 -0.152316 -0.243632 -0.582003 -0.57776 0.00396002 -0.942873 -0.916855 1.42837 -1.11225 -0.601445 1.34164 1.34164 
0.436891 0.436891 0.847647 1.87242 1.02124 0.198365 0.312046 1.03105 1.13388 -0.308141 -1.1137 -0.665019 -1.09313 -1.28421 -0.492037 -0.292191 -0.295756 -0.942231 -1.19072 -1.57092 -1.67683 0.360744 -0.162219 0.826991 1.30447 1.30447 
0.490546 0.490546 0.496102 -0.455808 -1.06257 -1.08462 -1.18122 -0.792241 0.127277 0.994343 -0.377925 -1.83053 -0.917751 0.864684 1.15888 0.48863 -0.363214 -0.604919 1.43796 1.11709 -0.83504 -1.39421 0.470795 2.29823 0.232479 0.232479 
-0.281685 -0.281685 -1.30763 -1.65021 -1.02255 -0.578064 -0.956359 -0.9688 0.107074 1.13406 -0.460009 -1.02638 0.475949 -1.25701 -1.35866 1.03612 0.787396 0.323627 1.1232 1.48895 0.793492 0.0184354 -0.0304795 1.23867 1.32628 1.32628 
-0.948259 -0.948259 -0.267847 1.67395 2.00833 0.695875 -0.300981 0.190665 0.1756 0.56126 -0.238409 -1.7914 -1.29722 0.0404002 0.883801 -0.332676 -1.65548 -0.380459 0.464479 -0.634378 -0.969791 -0.589154 -0.0791216 1.40471 1.16718 1.16718 
0.866798 0.866798 0.609476 -1.00431 -1.91475 -1.30678 0.65938 1.94401 2.13857 0.182801 -0.55638 1.00888 1.42624 0.0937933 -0.675253 -0.349114 0.330233 -0.528296 -1.49134 -0.219089 0.0829264 -0.430499 -0.834341 -0.622196 -0.138775 -0.138775 
-0.189997 -0.189997 0.061712 1.03048 1.05396 -0.176542 -0.0619662 0.994005 0.459872 -1.96336 -1.97828 0.409469 0.241712 0.20258 -0.31857 -1.27265 -0.0388184 0.420787 0.287857 0.137316 -0.214769 -1.84237 -1.34156 1.69733 1.2959 1.2959 
0.460939 0.460939 1.59596 0.274137 -1.08656 -0.753807 -1.02528 0.210611 0.807381 -0.442216 0.211217 0.954964 0.0622735 0.504641 0.52446 -0.983924 -1.10621 -0.681347 -0.232316 -1.32738 -2.18039 -0.592259 -0.258659 1.32595 1.63844 1.63844 
0.75418 0.75418 0.411894 0.560382 0.753318 -0.0139692 0.192834 -0.029017 0.850657 -0.0172017 -1.99044 -0.186976 1.18102 -0.947931 -1.57955 -0.0167152 -0.498656 -1.7496 -1.40788 1.21455 0.492133 0.423708 -0.91974 -1.08094 1.42488 1.42488 
-0.546437 -0.546437 -0.440697 -0.53218 -1.20372 -1.22883 -0.0651783 0.481051 -2.03851 -1.01483 1.6193 0.943246 1.30917 0.551797 -0.203994 0.821562 0.269493 0.27012 -0.198535 -0.845978 1.58479 1.15721 -1.70089 -0.230836 0.89466 0.89466 
-1.24331 -1.24331 -1.74294 0.325713 1.6247 1.72404 -0.072917 -1.08092 1.12032 -0.151622 -0.541615 1.47964 -0.872138 -0.396903 1.83097 0.43022 -0.880633 -0.974125 0.150763 0.735527 -0.683749 0.329754 0.783941 -0.524686 -0.0633654 -0.0633654 
-0.24727 -0.24727 -0.510809 0.541732 1.61611 1.66373 1.53776 -1.40728 -2.15019 0.371447 -0.844032 -0.854947 0.383584 -0.287587 -0.677478 -0.317359 1.41012 0.819941 -1.21985 0.386398 1.27141 0.592866 0.105633 -0.871832 -0.532409 -0.532409 
-0.0557493 -0.0557493 0.445743 -0.366597 -1.88548 -1.46801 -0.561043 0.639442 0.0483596 -0.67903 0.707094 1.45367 1.70891 1.31106 -0.110244 -1.14383 -0.166634 1.15539 0.892644 -0.0521929 -0.113027 0.163801 1.42107 -0.143574 -1.57301 -1.57301 
-0.289983 -0.289983 -0.223028 0.178979 0.38152 0.889628 0.729628 -1.4108 -1.68801 0.0848421 -0.639019 -1.84156 -0.309262 1.34538 0.638851 -0.416563 -0.347704 0.315313 -0.370032 -0.770469 1.60179 -0.247736 -1.56962 1.66134 1.29325 1.29325 
0.302199 0.302199 1.30165 0.0709022 -1.73109 -0.790079 0.713702 0.703121 -1.4045 -2.29045 -0.446465 -0.0783461 -0.702295 0.487834 0.869098 0.0930243 -0.732382 -0.971254 -0.711557 -0.572505 1.78552 1.37878 0.356319 1.33204 0.367271 0.367271 
0.0608898 0.0608898 -0.492998 -0.849289 -0.308229 -0.0113784 0.227783 0.81903 1.09722 -0.236304 -1.58605 -0.256451 1.62592 1.26599 -0.161157 -0.828005 -0.578646 1.10571 1.05964 -1.26493 -1.4036 0.817483 2.20618 -0.081012 -1.14434 -1.14434 
