29
0.0742574 0.201198 0.41384 0.587677 0.646042 0.726966 0.810759 0.841282 0.820397 0.812392 0.937439 0.967384 0.940352 0.785543 0.67659 0.564288 0.389193 0.26187 0.0814946 -0.0865339 -0.136135 -0.29104 -0.668473 -0.928587 -1.61417 -1.8 -1.72489 -2.01122 -2.27792 
1.54785 1.76847 1.28763 0.639831 0.918729 0.505277 0.620097 0.436909 0.457 0.572291 0.0389745 -0.257921 -0.29228 0.0128034 -0.0151053 0.0960554 -0.0379939 0.23189 0.277677 0.312893 0.649591 0.221243 -1.01249 -1.2878 -0.631727 -1.04873 -1.16383 -2.26767 -2.57966 
0.442975 0.033808 -0.163208 -0.377379 -0.549857 -0.551913 -0.618593 -0.917474 -0.827173 -1.06268 -1.02438 -0.966135 -1.07701 -1.11211 -1.0346 -0.840483 -0.372367 -0.404943 -0.107613 0.237766 0.0670988 0.370382 1.34629 1.44573 1.34044 1.76121 1.42338 1.42955 2.1093 
-1.03098 -0.952314 -0.779751 -0.56136 -0.229553 -0.489764 -0.603301 -0.635205 -0.445088 -0.442498 -0.482394 -1.2841 -1.4428 -1.29153 -0.700479 -0.357947 -0.234198 -0.511169 0.352845 0.736831 0.616071 1.31688 1.49899 1.41929 2.11361 1.14262 1.7419 0.596796 0.938604 
-1.27689 -1.0797 -1.18594 -1.41588 -1.20581 -1.20473 -0.881965 -0.922087 -0.783905 -0.735933 -0.658923 -0.301023 -0.290411 -0.272313 0.075171 0.315624 0.213166 0.10499 0.239692 0.279431 0.723283 0.93302 1.02497 1.46146 1.57682 1.33946 2.14742 1.07009 0.710906 
-0.841871 -0.820008 -0.708114 -0.576848 -0.735151 -0.881459 -0.895253 -1.17117 -1.36061 -1.26417 -0.750846 -0.854125 -0.636978 -0.428155 -0.407482 -0.582933 -0.162344 0.464718 0.499139 0.793336 1.31411 1.50554 1.84225 1.28479 1.00753 1.28217 0.821568 0.681537 1.58082 
0.137139 0.20386 0.351614 0.464999 0.655003 0.777066 0.982975 0.895154 1.078 1.06726 0.962962 1.25496 1.17355 0.798959 0.666225 0.626101 -0.390045 -0.446169 -1.18487 -1.62939 -1.54449 -1.54028 -1.84366 -1.8114 -0.675826 -0.403258 -0.520363 -0.500613 0.394531 
2.3518 2.05099 1.80496 1.3048 0.857584 0.345255 -0.033128 -0.143851 0.430569 -0.129313 -0.454742 -0.928058 -1.27163 -0.547572 -0.0289757 -0.657729 0.26384 0.230246 0.473924 -0.0177785 0.0122236 0.251533 -0.389822 -0.0628992 -0.897005 -1.90654 -0.184542 -1.19735 -1.52678 
-0.0387948 -0.241034 -0.497936 -0.0276638 0.288743 0.380227 1.76513 1.02888 0.800864 0.731769 0.851641 0.478825 0.194344 0.0660771 -1.12091 -1.30676 -0.490833 -1.05831 -0.41313 1.23405 1.23486 1.84333 1.06793 -0.415547 -1.96587 -1.11944 -0.781444 -1.11131 -1.37768 
-2.11141 -1.38073 -0.828304 -0.908926 -0.709022 -0.446741 -0.918913 -0.900922 -0.362601 -0.108585 0.154296 0.333096 0.640438 0.932113 1.02895 1.49547 1.44296 1.28565 0.741552 0.321958 -0.92851 -1.92414 -0.0749096 -0.477012 0.901608 0.199822 0.412169 0.705176 1.48546 
1.8038 0.639599 -0.0130189 -0.177188 -0.138885 -1.3456 0.0394625 -0.420803 -1.09882 -0.65964 -0.677517 0.0383596 0.232846 -0.0959896 -0.538698 -1.24235 -2.09859 -0.852277 -0.212476 -0.192973 0.262538 0.920606 2.32155 2.23447 0.281276 0.709057 0.883795 -0.648261 0.0457289 
0.218329 0.887672 1.09348 1.11392 0.634045 1.27708 1.05528 0.742354 0.965864 0.425684 0.800081 0.853872 0.637581 0.800813 0.86473 0.707623 -0.170337 -1.21263 -1.58352 -1.93925 -1.54747 -0.926049 -1.1225 -0.346414 -0.734076 -0.665328 -0.691316 -1.29604 -0.843471 
2.43232 0.997965 0.290027 -0.279965 -0.175971 -0.80235 -0.465132 -1.05126 -0.787256 -0.810215 -1.11538 -1.31282 -1.46736 -1.06315 -0.209603 -0.935627 -0.372156 0.116965 0.0265123 -0.348092 -0.0634911 -0.211067 0.117155 0.86878 1.2596 1.6936 0.769575 1.71751 1.18089 
1.4499 1.4499 1.58471 1.1412 0.874088 0.947186 0.802295 0.501366 0.390601 0.81013 0.919232 0.482031 -0.0491051 -0.284615 -0.162416 -0.352559 -0.395741 -0.410924 -0.527945 -0.151991 -0.114263 -1.05672 -1.35918 -2.24505 -2.0315 0.155336 -0.133564 -1.1162 -1.1162 
0.127403 0.127403 -1.27176 -0.0476876 0.329883 0.0655231 0.43652 0.283895 0.764797 -0.126841 -0.790947 0.012963 0.982859 0.993251 0.680807 0.509796 0.765527 1.05528 0.677184 1.14589 0.399009 -2.13125 -1.88466 1.16016 0.931851 -0.310646 -1.41725 -1.73448 -1.73448 
-1.51795 -1.51795 -1.10369 -1.05157 -0.600942 -0.37618 -1.00676 -0.67327 -0.538626 -0.649101 -0.0250622 -0.34197 -0.540272 -0.140054 0.346899 1.1767 0.695117 0.332295 1.13523 0.141007 0.0515752 2.48739 2.05434 -0.24259 0.440065 -0.0539572 -0.934749 1.22703 1.22703 
0.26152 0.26152 0.506866 0.786491 -0.0539104 -0.835913 -0.435016 0.098185 0.158755 -0.245137 -1.65745 -1.86606 -0.19268 1.12386 1.4597 0.639137 -0.448678 0.851189 2.0118 0.282582 0.838911 1.37073 0.000193005 0.899622 -0.665446 -0.832336 -1.13807 -1.59018 -1.59018 
-0.0107147 -0.0107147 -0.869524 -0.233531 0.230965 0.457563 0.374723 0.00358843 0.180712 0.0577165 0.680873 0.54737 -0.135851 0.541479 0.988556 0.0838819 -0.617089 -0.140243 0.157163 0.778752 1.12056 0.413017 0.868931 0.915984 -0.438875 0.953712 -0.735193 -3.08191 -3.08191 
-0.0700037 -0.0700037 0.166703 -0.417899 -1.01846 -0.705803 -0.98623 -1.36626 -0.560616 0.959897 0.527778 -0.113036 0.562234 0.137139 -0.694282 0.17098 1.90731 1.07179 0.3516 1.40389 1.18154 0.783289 -0.837025 -2.16542 -0.365066 -0.761758 -1.65895 1.28333 1.28333 
0.308404 0.308404 0.383773 0.45201 0.466026 0.491716 0.152728 0.115482 0.239975 -0.223804 0.265156 0.302132 -0.774495 -0.857397 -0.317187 -1.744 -1.76984 -1.32174 -1.94905 -0.618822 0.105934 -0.521196 -0.475891 1.84819 2.23632 0.213093 -0.195239 1.43966 1.43966 
-0.322318 -0.322318 -0.594636 -0.869471 -0.8861 -0.792069 -0.243446 1.05815 0.444567 -0.78469 -0.666435 -0.691225 0.944477 2.12226 0.274225 0.824714 1.63774 0.711696 0.0858881 -0.206008 0.792606 -0.124516 -0.0048302 -0.268141 -2.09383 1.39798 1.3935 -1.40889 -1.40889 
-0.312052 -0.312052 0.293476 0.809682 0.468622 1.43069 0.6854 -0.766861 -0.166156 0.147077 -0.126392 -0.49047 -0.270279 -1.08289 -1.13474 0.668677 0.325064 0.171321 2.1654 1.5852 0.649953 -0.0489421 -1.93253 -2.63026 -0.532421 1.16781 0.10867 -0.435491 -0.435491 
1.169 1.169 0.226146 -0.18354 0.214967 -0.566091 -0.849994 0.324357 0.598655 0.27855 0.191137 0.242809 0.373987 0.129344 0.332542 0.158984 -0.566007 -1.13731 -1.44213 -2.26304 -2.93247 0.669852 1.35962 0.8127 0.464422 -0.890968 0.265136 0.92517 0.92517 
-1.40382 -1.40382 -0.537366 0.0612687 -0.842022 0.324848 0.971592 -0.815918 -0.0366131 0.535351 0.77509 0.959088 0.0539185 -0.498166 -0.822919 -1.18121 0.508294 1.80451 0.741563 0.581889 1.13516 1.95431 1.30869 -1.59743 -1.15134 0.692364 -1.0057 -0.555803 -0.555803 
1.46968 1.46968 0.478464 -0.568928 0.382108 0.776318 -0.683942 -0.00371737 -0.350852 -0.120368 0.786938 -0.115355 0.0518196 0.479846 -0.00948024 -1.44822 -2.80036 -2.02581 -0.977069 0.187936 1.68056 0.782019 1.01828 0.726205 -0.354281 0.198186 -0.830557 -0.0995513 -0.0995513 
-2.51405 -2.51405 -1.46135 -0.472504 -0.541177 -0.257135 -0.208115 -0.29728 0.3886 -0.304588 -0.517082 -0.333644 0.399097 1.62685 0.250342 -0.102939 1.37698 0.580567 -0.471357 -0.0145824 0.261913 0.31504 1.41017 1.48641 1.09957 -0.501764 0.124159 0.595968 0.595968 
0.410781 0.410781 -0.123459 -0.607599 0.0146923 0.161909 -0.288626 -0.247519 0.620309 0.88515 -0.146825 -0.918024 -0.675076 0.111899 0.166544 -0.0326646 0.178084 0.0891396 0.560285 0.746688 -0.841409 -1.25118 -1.18301 -0.561451 3.13977 2.53454 -1.28324 -0.935247 -0.935247 
-0.843703 -0.843703 0.00870502 1.24597 0.209469 0.204891 0.2827 0.359235 -0.155391 -0.952739 0.227988 1.36586 0.813275 -0.0797065 -0.20603 0.189629 0.510488 0.0691136 0.193736 -0.0630794 -2.15146 -1.45964 2.42266 2.09196 -0.893589 -1.50521 -0.860879 -0.0902723 -0.0902723 
0.117756 0.117756 0.162853 0.194319 0.343668 -0.591708 -0.497641 0.164374 -0.219714 0.203672 0.0250831 -0.686341 -0.0659408 0.526887 0.898532 0.0606276 -0.971139 0.140132 -0.406109 -1.17812 1.78928 1.49201 -2.60239 -1.63716 -0.0774324 -1.43 0.867588 1.62958 1.62958 
0.308662 0.308662 0.535685 -0.345816 -1.20773 -0.199945 0.867847 0.591542 -0.169269 -1.36507 -1.20653 1.29869 2.53694 1.45101 -0.284068 -1.43992 0.28163 2.10709 -0.352173 -0.842777 0.99292 -0.571472 -0.273018 -0.430952 -1.29668 -0.274247 -0.505814 -0.257593 -0.257593 
-0.462645 -0.462645 0.0858299 1.22704 0.873978 0.401959 -0.11352 0.110671 0.324664 0.709319 0.700257 -0.426351 0.272904 1.24766 -0.116643 -1.10671 0.0847015 0.945692 1.07052 1.10881 -0.0374226 0.0609829 0.711739 -0.849856 0.31052 0.0224426 -3.2023 -1.7458 -1.7458 
0.0230864 0.0230864 -0.376766 -0.949436 -0.335733 -0.116768 -0.590549 0.152294 1.45221 0.605617 -0.872671 -0.115248 0.0322978 -0.998238 -0.115668 1.6406 0.477316 -1.20288 0.0883297 0.42884 -0.563287 -1.51946 -2.15565 0.183992 0.82125 -1.0238 1.25997 1.87362 1.87362 
-0.0519836 -0.0519836 0.00557842 -0.0461756 -0.082067 -0.379847 -0.432937 -0.0419633 -0.401769 -0.0943195 0.328096 -0.992568 -1.09369 0.270205 -0.863465 -1.34096 0.240637 -0.266731 0.477395 1.61794 -0.0332082 -0.606364 1.88316 2.17234 -1.49486 -2.16672 0.919123 1.26358 1.26358 
-0.0576338 -0.0576338 -0.231018 -0.0697128 0.162993 0.51959 1.2814 0.548206 -1.04842 -0.586732 0.173126 1.13043 1.8891 -0.308677 -0.704419 0.974359 0.0428626 -0.86485 -0.464786 0.560006 0.165573 -0.388913 0.0235539 -1.20372 1.16526 2.3142 -1.6566 -1.65377 -1.65377 
0.419913 0.419913 0.774141 0.124578 0.430536 0.153146 -1.50361 -0.579962 0.631549 0.0316769 -0.433105 -0.0943482 -0.40214 -0.58882 1.20634 1.00613 -0.336904 1.26726 0.974616 -1.03553 -1.11698 -1.76775 -1.76695 0.965167 2.61069 0.444317 -1.09582 -0.369023 -0.369023 
-0.687901 -0.687901 -0.995473 0.0115532 -0.267254 -0.779572 0.688449 1.10752 -0.0144435 -0.285997 -0.00688608 0.15722 -0.0652372 -0.011168 0.0421986 -0.654638 -0.953247 -0.637798 -0.82519 -1.09893 2.22181 3.24223 0.12719 -0.652121 -1.25908 -0.129667 1.38341 0.515466 0.515466 
0.53997 0.53997 0.963852 -0.289273 0.113083 1.21063 -0.881308 -0.787444 0.883256 0.5012 0.226488 -0.584201 -1.10541 -0.694424 -0.557207 0.869055 2.04058 0.0916208 -0.939267 0.205147 0.898234 0.0493195 -2.58847 -1.81545 1.54781 0.0295708 -0.957356 0.24501 0.24501 
-0.704685 -0.704685 -1.54915 0.016802 1.1791 -0.765017 -0.534417 0.363045 0.000440012 1.01184 0.0985313 -0.498203 0.574373 0.0450664 -1.46002 -2.15567 -0.37119 1.56453 1.87933 2.23722 0.573472 -0.439481 0.0494897 -1.01214 -0.331228 -0.289509 -0.145562 0.683866 0.683866 
0.76295 0.76295 1.72322 0.634246 -0.0501917 0.0641005 -0.298323 0.320136 -0.266433 -1.13885 -0.287554 0.63037 1.64451 -0.403794 -1.93914 0.834743 0.404419 -2.05426 -0.837289 0.452745 0.0607603 0.85574 0.878182 -0.560961 -2.19006 -1.20657 0.806676 0.198839 0.198839 
