38
-0.665854 -0.47873 -0.441767 -0.270224 -0.0699758 0.0214642 0.109621 0.146073 0.226435 0.390541 0.447457 0.493165 0.597178 0.654719 0.66427 0.74879 0.797092 0.800807 0.848555 0.908235 0.918728 0.796414 0.856624 0.879243 0.854334 0.775844 0.623881 0.616966 0.46118 0.248191 -0.251396 -1.07913 -1.29283 -1.55983 -1.72288 -1.9217 -2.21661 -2.91488 
2.06306 1.80415 1.89805 1.39128 1.3053 1.05808 0.92174 1.00051 0.948264 0.546139 0.445678 0.780319 0.713748 0.419601 0.297106 0.118039 0.0125857 0.0686315 -0.206117 -0.436427 -0.460247 -0.152472 -0.463326 -0.448465 -0.77518 -0.819012 -0.541815 -1.00351 -0.831347 -0.827585 -1.20804 -1.46864 -0.970376 -0.844458 -0.366455 -1.07857 -0.77371 -2.11652 
0.719458 0.179336 0.177835 0.017659 -0.425015 -0.338596 -0.407189 -0.56381 -0.55606 -0.686539 -0.812765 -1.08551 -0.918101 -0.85175 -0.598886 -0.647936 -0.670059 -0.832233 -0.660595 -0.611405 -0.646694 -0.807287 -0.8154 -0.762307 -0.773961 -0.529251 -0.405676 -0.10357 0.120743 0.426349 1.08629 1.55628 1.71231 1.82592 1.53237 1.64202 2.09294 2.42109 
-1.52617 -1.00459 -1.04303 -0.922967 -0.616601 -0.71999 -0.614826 -0.244316 -0.354741 -0.482303 -0.593868 -0.838668 -1.22963 -1.01642 -1.30311 -1.13893 -0.929674 -0.490479 -0.0511286 -0.205727 -0.0352316 0.173898 0.173526 -0.0374019 0.124226 0.172976 0.437659 0.609055 0.583071 0.594965 1.02091 1.95045 1.99147 2.03497 1.229 1.77544 1.49219 1.03598 
-0.998806 -1.08573 -1.04484 -0.942526 -0.837534 -0.828857 -0.750935 -0.955351 -0.795549 -0.674039 -0.707158 -0.551372 -0.311133 -0.589645 -0.470085 -0.54104 -0.682986 -0.693683 -0.684839 -0.474952 -0.437335 -0.217208 -0.133939 -0.0479296 0.160805 0.239841 0.11749 0.0552654 0.357504 0.687836 1.19168 1.8111 2.01445 1.95439 1.86631 1.95764 1.5611 1.48207 
-1.94554 -1.35403 -1.72114 -1.26679 -1.033 -1.08203 -1.18349 -0.853202 -0.897648 -0.208987 0.536555 0.0874649 -0.162255 0.106958 -0.300499 -0.0604087 0.23631 -0.109832 -0.0478999 0.576933 0.824053 0.729591 0.879784 0.930021 0.929172 1.20833 1.49891 1.24496 1.42698 1.26171 1.42477 1.28122 -0.809779 -1.02939 -0.406316 -0.94062 -0.809161 1.03829 
0.95999 0.779696 1.19795 0.940146 0.92344 0.997563 0.745418 0.5701 0.786287 0.357118 0.0874601 0.415574 0.394392 0.145482 0.0931993 -0.102864 0.3172 0.779698 0.426574 0.427513 0.392332 0.237701 0.111312 -0.302746 -0.664535 -1.56442 -1.68214 -1.69317 -1.822 -2.34644 -2.39778 -1.3482 -0.549135 -0.548955 0.566716 0.500601 0.850367 1.01856 
1.77469 1.3056 1.41965 1.13148 0.434652 0.547543 0.987628 0.752827 0.601117 0.365317 0.109499 -0.301117 0.298386 0.3115 0.518353 1.02106 0.319676 -0.0778412 0.801975 0.39869 0.55974 0.111312 -0.0419157 0.0760881 0.0673313 0.244316 -0.441032 -0.39612 -0.389386 -0.773834 -1.42638 -0.685178 -1.10014 -0.392059 -1.20552 -1.49661 -2.7617 -2.66959 
-0.220586 0.776054 0.364731 0.988167 1.0923 0.689365 0.320165 0.529737 0.418586 0.0746598 0.545624 0.396176 -0.218379 -0.467826 -0.662688 -1.06517 -0.403283 0.119431 0.0247572 -0.117757 -0.928846 -0.588756 -0.195693 -0.799188 -1.11236 -0.934466 0.524092 0.617752 1.69594 2.1386 2.18358 -0.200153 -0.00958675 0.0182735 -0.393215 -3.42283 -1.17131 -0.60589 
-1.32166 -1.87528 -1.79358 -1.62215 -0.884396 -0.574754 -0.0377414 0.072615 0.291682 0.52897 0.480583 0.48454 0.370454 0.305916 0.190307 0.317669 0.269735 -0.422298 -0.247551 -0.672138 -0.398901 -0.115802 0.0912829 1.16285 0.859484 1.02593 0.456165 -0.160159 -0.871393 -1.15444 -0.815821 -0.563448 0.940425 0.316115 -0.221685 0.094208 2.61043 2.88384 
1.23147 1.24059 1.23268 1.29572 1.0479 0.644029 0.427898 0.302075 0.448971 0.0816 0.00887709 -0.165662 -0.100187 -0.229933 -0.354498 -0.527457 -0.635605 -0.199763 -0.895804 -0.560438 -0.606578 -0.602321 -0.655893 -0.755689 -0.490247 0.165171 0.559886 0.883526 1.28917 1.45659 1.85459 0.557008 -0.521658 -0.854274 -2.33868 -2.5757 -1.72023 0.0628634 
-0.0641783 -0.228675 0.101011 -0.090823 -0.0979963 0.601941 0.649569 0.29369 0.558317 0.249417 0.509537 0.931094 1.11147 1.25256 1.42486 1.23157 1.19173 0.963885 1.1631 1.17138 1.26565 0.688839 0.128128 0.363487 -0.443999 -0.596325 -1.05577 -1.10852 -1.26029 -2.1918 -2.077 -1.48653 -1.42452 -0.906164 -0.682775 -0.870901 -0.954031 -0.310964 
1.57298 1.32599 1.05824 0.631717 0.318207 -0.150937 -0.34984 -0.53204 -0.746795 -0.629453 -0.931102 -1.05081 -1.06404 -0.815823 -0.955948 -0.969958 -0.822526 -0.804018 -1.14338 -1.14842 -1.28739 -1.07232 -0.753158 -0.737935 -0.378161 -0.341435 -0.0824558 0.236781 0.465758 0.814997 0.951686 0.822665 0.792354 1.21456 1.06547 1.59761 1.7305 2.16843 
0.836714 0.836714 0.799384 1.19058 0.998671 0.730125 0.598385 0.579712 0.885543 0.829369 0.545715 0.658551 0.686899 0.460586 0.525222 0.618064 0.424473 0.423145 0.557224 0.467968 0.0319533 0.151063 0.49829 0.294365 0.0521302 -0.252265 -0.0807869 -0.089944 -0.583653 -1.40733 -2.88011 -2.19519 -0.851819 -0.730444 -0.567112 -0.883034 -2.07958 -2.07958 
0.121633 0.121633 -0.556223 -1.04815 -0.338336 -0.476063 0.415449 0.645427 -0.669699 -0.801569 1.21332 1.306 -0.413591 -0.56653 -0.251812 -0.205207 0.437772 -0.0252117 -0.808328 -0.122097 1.34944 0.564469 -0.236581 -0.279959 -0.440471 1.21109 0.0683247 -0.218913 1.05401 -0.457285 -1.18025 1.22285 2.27989 2.22447 -0.0673638 -0.54086 -2.26564 -2.26564 
-1.52352 -1.52352 -0.623294 -1.66859 -1.08432 -0.197986 -0.773836 -0.59295 -0.531011 -0.848449 -1.18554 -0.489802 0.313652 0.516115 0.242686 -0.408856 -0.676887 -0.217799 0.283 -0.207283 -0.704337 -0.639948 -0.133648 -0.142039 0.311974 0.63238 0.768371 1.00706 1.01535 2.04751 2.43699 1.24305 0.398647 -0.666567 -0.675931 1.08798 1.60568 1.60568 
0.773429 0.773429 -0.0970479 0.650491 0.166051 -0.27015 0.757253 0.289858 -0.789951 -0.792422 -1.04659 -1.65232 -0.659361 -0.433302 -0.539602 0.535602 1.13183 1.63067 0.343337 -0.239535 0.54902 0.178583 -0.732093 -0.38088 0.182095 0.405518 0.671412 0.0412504 -0.304545 0.675236 2.66466 1.83014 -0.0907506 -1.927 -0.836675 0.296591 -1.87712 -1.87712 
-0.503264 -0.503264 0.066173 0.259067 -0.0226984 -0.104153 -0.745357 -0.498977 0.481741 -0.0987632 0.0043751 0.826917 -0.479896 -0.843023 -0.218479 -1.00536 -0.82404 -0.370308 0.293432 0.380013 0.410826 0.548195 0.144631 0.522157 0.501175 -0.495067 -0.920124 0.357474 1.53869 2.14532 3.0152 2.111 0.0664419 -0.810472 -0.354966 -1.28312 -1.79574 -1.79574 
0.0921402 0.0921402 -0.0796687 0.673006 0.0424917 -0.377438 0.0976813 0.169095 0.617988 1.60751 0.182387 -1.06426 -0.164526 -0.362104 -0.398582 0.483453 -0.250848 -0.544938 0.671285 0.903248 0.00227385 -0.119135 0.0621123 -0.12708 0.159667 0.524703 -0.14306 -0.279046 -0.167961 -0.191707 -0.16451 -2.98789 -3.08316 0.316426 -0.0777506 -0.693537 2.2898 2.2898 
0.340757 0.340757 0.217724 -0.472729 0.0541676 -0.319569 -0.715535 0.0278998 -0.375065 -1.1463 0.0558171 0.45025 -0.465722 -0.515092 -0.431202 0.318605 1.36401 0.136645 -0.596037 -0.091332 -0.338286 -0.48307 -0.894885 -1.26856 -2.03977 -1.65233 -0.241351 -0.258985 -1.07399 -0.950984 1.54765 2.89758 1.23175 1.73433 1.6291 0.413293 0.785231 0.785231 
-0.159608 -0.159608 0.158295 -1.26659 -0.561844 1.43594 0.824976 -0.214925 -0.216681 -0.399619 -0.706805 0.796162 1.54074 0.850776 1.71108 0.115137 -1.46673 1.31174 1.30161 0.0385959 -0.04073 -0.592976 0.402356 0.656219 0.75986 -0.429044 -0.661121 0.555003 -0.199467 -1.35795 0.620037 1.03751 0.979319 0.279084 -1.47666 -2.27026 -1.59691 -1.59691 
0.451902 0.451902 0.149209 0.567277 -0.265178 -0.649081 -0.152298 0.0569971 -0.391927 0.0802077 0.237942 -0.642487 -0.723592 -0.383193 -0.507314 0.187565 0.937961 0.324341 -0.215205 -0.796265 -0.40484 0.571807 -0.193503 -0.766306 -0.132549 1.30444 1.23612 0.927617 1.21068 0.372677 -1.91971 -1.80163 0.154329 -0.333977 -2.81379 -0.653919 2.2619 2.2619 
-0.751275 -0.751275 -0.0360808 0.611056 0.747388 0.549376 0.3528 0.0391752 0.164382 -0.0994375 -0.329597 -0.394403 -0.461967 -0.463469 -0.274178 -0.207422 -1.01568 -0.796026 -0.532215 -0.435064 0.263004 0.197751 0.975498 0.47199 -0.420825 -0.683608 -1.45574 -1.59529 -1.26653 -0.230954 0.297185 1.44661 0.581838 -1.43209 -0.504662 2.50785 2.46594 2.46594 
0.0418132 0.0418132 0.0975914 -0.150614 -0.633679 -0.600901 -0.313228 0.06236 -0.187546 -0.414764 -0.21526 -0.0722802 -0.0259366 -0.222552 -0.267261 -0.250276 0.37959 -0.228644 -0.332597 0.339791 -0.00277391 -0.0104637 -0.118117 0.211934 0.993278 1.12703 0.783769 0.795076 0.633444 0.625541 -0.890145 -2.41791 -1.41955 -1.83934 -1.74043 0.680409 2.77042 2.77042 
0.324156 0.324156 0.272543 -0.363459 1.32024 1.4237 -0.569716 -0.160013 -0.0713171 -0.0798262 1.2993 1.14875 0.619216 0.603951 -0.0273521 -0.427882 -0.493135 -0.0417692 0.404037 0.205883 -0.898787 -2.13541 -0.602002 -1.06792 -1.79989 -1.14277 -0.954766 -0.373873 -2.03299 -1.5297 1.34385 1.24418 1.10802 1.41271 0.0788516 -0.499867 1.06945 1.06945 
-1.24761 -1.24761 -1.66046 -1.76568 -1.8637 -1.60015 -0.940293 -0.976746 -0.287918 -0.487741 -1.03286 -0.369614 0.476466 0.184666 -0.418355 0.242909 0.317687 -0.801748 -0.855899 -0.39506 0.111109 1.16461 0.705033 0.798435 0.847883 0.616097 1.26576 1.19676 1.26576 1.05353 -0.0462748 -0.430307 0.837293 0.564142 0.816956 1.4654 1.24876 1.24876 
0.200809 0.200809 0.729342 0.520496 -0.370862 -0.289571 0.0480265 0.639215 0.588549 -0.207888 0.0204565 0.441994 -0.0162198 0.0328083 0.464009 0.115125 -0.0121051 0.4306 0.311803 -0.458433 -0.176916 0.881299 0.444856 -0.35155 -0.487291 0.0716642 0.470551 -0.428163 -1.52863 -2.85143 -0.813223 2.9916 2.23023 0.635905 0.0450849 -1.79221 -1.36537 -1.36537 
-0.329563 -0.329563 -0.661113 0.274148 0.512871 0.63533 0.883156 -0.604069 -0.847947 1.39641 1.54775 -0.969204 -1.13475 0.236331 0.37082 0.59206 0.248609 -0.712546 0.0619981 1.58158 0.590026 -0.941646 -0.441829 -0.0101211 1.13223 0.470213 -0.836494 0.791626 -0.0333612 -1.37855 1.25967 2.45935 0.802367 -1.4547 -1.73648 -1.35429 -1.03517 -1.03517 
0.730584 0.730584 -0.363165 -0.693766 1.3274 0.113501 -0.624644 0.042708 -0.478713 -0.896239 0.163899 1.35731 0.841171 -0.285628 -1.17922 -1.17357 -0.0114602 0.793007 -0.200368 -1.24447 -0.664092 0.385769 0.309616 0.254904 0.598943 0.266179 0.18067 0.0470544 0.877305 1.27617 -1.05312 -2.3442 -2.2095 -1.33576 1.6245 2.176 0.330329 0.330329 
-0.474578 -0.474578 0.0704908 0.35197 -0.511156 0.591206 0.568461 -0.968014 -0.629014 -0.026998 -0.466863 0.442479 1.04898 0.247453 0.866607 1.37886 0.9586 -0.414801 -1.20353 0.310105 0.465002 -0.773994 -0.247802 0.826712 0.733533 0.516916 -0.105475 -0.551488 0.622401 2.32513 1.00223 -1.84898 -2.57938 -0.383761 1.78146 -0.598509 -1.42483 -1.42483 
0.57032 0.57032 0.743303 -0.0200352 -0.266065 -0.5884 -0.294406 1.16009 0.418564 -0.368428 0.88979 -0.37462 -1.4379 0.294096 -0.085915 -0.48339 0.62916 1.06178 0.732532 0.164938 0.210484 -0.179054 0.0363125 0.379402 -0.852559 -1.21492 0.8242 2.26467 1.66296 1.38376 0.0288889 -2.58471 -2.56024 -0.318246 -0.364197 -1.23239 -0.400045 -0.400045 
-0.2475 -0.2475 0.26787 -0.0462139 -0.849117 -0.0920699 0.244361 0.226404 0.855049 -0.428123 -1.95926 -0.367396 0.350917 -0.290122 0.449108 -0.0287034 -0.834016 0.501542 0.861738 -0.587943 -0.829902 -0.0888868 -0.135299 -0.063062 0.316428 -0.337142 -0.6802 -0.14691 -0.070057 -0.127496 -2.04446 -2.12831 2.13266 1.928 -0.821399 1.49124 1.91288 1.91288 
-0.132016 -0.132016 -0.727863 -0.166987 0.106333 -0.690078 0.274018 0.267978 -1.03915 0.346001 1.35195 -0.475918 -0.858911 0.00394937 0.693622 1.52339 -0.182868 -1.71732 -0.22258 0.196593 -0.363903 -0.506174 -0.703703 -1.01385 -0.357026 1.52616 1.17659 -0.744387 -0.623022 2.23657 3.29539 -0.298457 -1.0297 0.317065 -1.16587 -0.754079 0.295135 0.295135 
0.256863 0.256863 -0.739151 -0.468742 1.92375 1.00405 -1.11933 -0.693487 -0.0944589 -0.307959 0.870512 1.60571 0.0728208 0.153717 -0.479578 -2.18669 0.87109 1.96975 -0.855303 -0.903669 -0.406833 0.344368 0.907849 0.284544 -0.723969 -0.95864 0.722506 0.357347 -1.30253 0.607489 1.7091 0.285787 -0.495503 -1.68212 -1.74738 -0.0494131 0.505321 0.505321 
-0.296967 -0.296967 -0.030958 -0.368036 -0.878316 -0.0325454 0.344896 -0.256841 -0.0896004 0.296406 -0.564207 -0.716176 0.0606154 0.0332446 0.258794 0.815234 -0.017341 -0.838107 -0.81739 -0.225031 0.766111 0.0301011 -0.955786 -0.0655847 1.21321 0.766493 -0.344136 -0.120559 -0.457467 -2.09618 -1.48784 1.21531 0.829473 -1.99293 -0.307942 3.1252 1.75091 1.75091 
0.444605 0.444605 0.989377 0.50208 -0.209381 -0.48963 -0.586955 -0.316071 -0.274145 -0.573299 -0.405766 -0.268889 -0.215599 0.000625686 0.0580868 -0.781669 -0.652956 0.249532 0.146406 0.511972 0.375257 0.442331 0.0734008 -1.33291 -1.13026 -1.02867 -0.924925 0.0018175 0.991061 1.15891 1.25474 0.0821671 -2.58079 -1.07209 3.15925 2.34325 -0.192734 -0.192734 
-0.121912 -0.121912 -0.331608 -0.786848 -0.54946 0.101697 0.391319 -0.0628543 -0.572133 -0.19245 0.12031 -0.00908684 -0.295993 -0.372918 -0.192458 0.377454 -0.15076 -0.770725 0.311205 0.109614 -0.464948 -0.266483 0.0188564 0.769924 0.604076 -0.34604 -0.449483 -0.296037 -0.312267 -1.45624 -2.74029 -0.616306 0.319771 -0.440128 1.95976 3.64194 1.5967 1.5967 
-0.101699 -0.101699 -0.596277 0.753163 1.3282 -1.53126 -1.29312 0.326011 0.000793845 1.00428 0.893824 -0.590424 -0.485218 -0.564358 -0.863954 -0.423772 0.238693 0.636112 0.131021 -1.07469 -1.88224 0.169229 0.768554 -0.993082 -0.119765 0.595635 0.536359 -0.900033 -0.960378 2.56439 2.09551 -0.244951 0.0694938 -0.861881 -1.54885 0.708766 1.1588 1.1588 
-0.709892 -0.709892 -0.85144 -0.427885 0.0682213 1.0878 0.6842 0.723178 0.503395 -1.15665 0.00444501 1.87605 0.59121 -1.35829 -0.0761175 0.835737 -1.55987 -1.73332 0.392652 1.14646 1.94377 0.644544 -0.647088 0.0377058 -0.399775 0.407703 0.626709 -0.154474 -0.347163 -1.91957 -2.15071 1.03421 1.18338 -0.181833 1.05801 0.426446 -0.445918 -0.445918 
