25
-0.0525346 0.136237 0.418266 0.844164 1.04009 1.09923 1.26997 1.33275 1.31257 1.14549 0.998205 0.793597 0.541652 0.218866 -0.197604 -0.563496 -0.91247 -0.954627 -1.16915 -1.27739 -1.30463 -1.33489 -1.198 -1.11771 -1.06859 
1.35825 1.47494 1.37401 1.08533 0.937487 0.818415 0.392354 0.241943 0.178602 0.0623305 0.142454 0.0836854 0.407376 0.0643903 0.252285 0.137451 -0.223672 0.102368 -0.451608 -0.649915 -0.576393 -1.18784 -1.62133 -1.99476 -2.40815 
1.58461 1.04793 0.339297 -0.353966 -0.613401 -0.756683 -1.1904 -1.44253 -1.49372 -1.4901 -1.48018 -1.19869 -0.853767 0.204345 0.465137 0.31896 0.365348 0.352588 0.511437 0.508352 0.632794 0.95402 1.4009 1.30781 0.87991 
1.83579 1.72947 0.784851 0.47224 -0.273077 0.100684 0.678175 0.262049 0.401523 0.160777 -0.17737 1.11924 0.883472 -0.386137 0.295929 0.199525 -0.568964 -1.89018 -0.816368 -2.28463 -0.467103 -1.42347 -0.618777 0.781183 -0.798831 
-0.81292 -1.20342 -1.07521 -1.389 -1.29944 -1.13027 -1.21329 -1.17912 -0.897318 -0.782758 -0.424191 -0.19579 0.188544 1.17032 1.07992 0.973964 1.03321 1.09252 0.945178 0.433887 0.988729 1.07765 1.05474 0.824509 0.739579 
-1.98874 -1.87069 -1.61426 -1.71282 -1.16976 -0.732042 0.46053 0.891402 1.06573 0.803811 1.50052 0.753965 0.225526 -0.0451338 -0.169581 -0.0759976 1.18895 0.285794 0.21859 -0.33669 0.882514 0.659606 0.707752 0.16173 -0.0907015 
-1.08297 -1.06494 -0.50346 0.429073 0.961113 0.497415 0.10651 0.309881 0.0758831 -0.991568 -1.56117 -1.78997 -1.74245 -1.25472 -0.103503 -0.194486 0.0413242 0.64059 1.21167 1.01635 1.41544 0.881417 1.34818 0.317023 1.03736 
-0.566843 -0.021774 0.745034 1.63169 1.51458 1.99128 1.40712 0.862192 0.711063 0.591198 0.36385 -0.288844 -0.780047 -1.2104 -0.424543 0.108228 -0.505457 -0.65908 -1.00644 0.170397 0.239113 -0.965379 -1.04601 -1.77269 -1.08824 
2.16894 1.76737 1.35893 1.39505 1.04393 0.236481 0.499633 0.469606 0.315891 -0.219779 -0.511263 0.411157 0.226778 -0.548313 -0.747161 -0.537418 -1.38614 -1.74636 -0.559422 -0.569063 -0.826367 -1.33853 0.165677 -0.924498 -0.14514 
-2.14967 -1.7761 -1.53755 -1.41974 -1.07195 -0.370362 -0.337891 -0.354791 -0.575186 -0.373792 0.437 0.735897 0.220665 0.495207 0.668102 -0.390493 0.198449 0.639963 1.51069 0.818207 1.00498 1.24785 1.27059 0.665555 0.444387 
-0.836244 -0.0960235 -0.635523 -0.775569 -0.653232 -0.344157 0.732734 0.617255 -0.915058 -1.53972 0.490027 1.25841 1.69838 0.569727 -0.273205 -0.0187667 -0.697094 1.44173 1.12782 -1.12239 1.19122 1.735 -1.01279 -0.785169 -1.15735 
-0.205333 -0.646683 -0.243803 0.865604 1.41727 1.51741 1.89493 1.55012 0.717904 0.00234639 -0.0852938 -0.595337 0.370198 0.0775809 -0.34218 -0.441785 -1.74957 -2.15692 -1.04388 -0.75618 -1.00102 -0.238852 0.689735 0.428372 -0.0246546 
1.13352 1.00869 0.0615138 0.0922904 -0.412348 -0.931483 -1.5163 -1.15015 -1.41263 -1.49878 -1.69209 -0.599173 0.201896 -0.251042 0.0345204 0.258531 -0.567438 -0.329799 0.70512 1.29549 0.590632 1.44738 1.26583 0.840941 1.42488 
1.27055 1.27055 1.83098 1.62748 0.760688 0.701147 0.709753 0.258547 -0.284714 -0.585122 -0.673814 -0.921165 -1.20047 -1.58931 -1.69118 -1.53166 -0.766545 -0.448776 -0.604967 -0.162341 0.0219579 0.409856 0.671146 0.463706 0.463706 
0.985534 0.985534 -0.203307 -0.340899 0.156531 -0.659415 -0.751321 0.312436 0.412556 0.833297 1.00194 1.71625 0.882723 0.484473 1.15358 -0.456542 0.836422 0.270836 -1.26693 0.573351 -0.638291 -2.1252 -1.42715 -1.36821 -1.36821 
-1.59883 -1.59883 -1.81522 -1.19442 -0.434331 -0.675197 -0.825626 -0.296963 0.0564935 0.140955 0.52497 0.987948 2.06126 1.94499 0.280635 -0.0156764 0.168708 0.324133 0.337504 0.289952 0.738159 1.18378 0.611175 -0.597789 -0.597789 
-0.904509 -0.904509 -1.12188 -0.911869 -0.188616 1.20527 0.372937 -0.0886136 0.0961891 -0.407095 1.21287 1.32075 -1.38336 -0.41621 0.820033 -0.708462 -1.99909 -0.0577945 -0.212739 0.570934 1.11033 0.0430786 2.52602 0.0131739 0.0131739 
-0.839532 -0.839532 -0.671119 -0.755959 0.30429 -0.0745778 -0.370948 0.429965 0.606463 0.774979 1.0249 1.08147 2.73539 1.69319 -0.694768 -0.366253 -0.00343816 -0.456961 -1.70964 -0.168094 1.14959 -0.118797 -0.819442 -0.955589 -0.955589 
0.291028 0.291028 0.0218792 0.378014 1.04435 1.85139 1.84288 0.577689 -0.283107 0.365961 -0.236209 -1.75847 -1.16717 -0.665201 -0.212623 1.51372 0.275256 -1.37996 -0.947719 0.650661 1.06364 -0.39142 -0.792893 -1.16636 -1.16636 
0.50641 0.50641 1.58676 1.55198 -0.0974588 -1.18778 -0.399738 -0.214376 -1.71566 -2.11213 -1.12139 -0.392357 0.454129 1.75798 1.07431 -0.00710279 0.808323 1.2044 0.26571 0.062523 -0.337598 -0.257652 -0.844942 -0.545376 -0.545376 
1.46996 1.46996 1.84136 0.880304 0.434579 -0.0732294 -1.18401 -0.713189 -0.251036 -0.333906 -0.913231 -1.20011 -0.958369 0.430134 1.4773 -0.0443689 -0.790659 -0.50109 0.945467 1.39785 -1.19128 -1.35366 -0.834157 -0.00231067 -0.00231067 
-0.809186 -0.809186 -0.182272 -0.100171 -1.30844 -0.42859 0.684942 0.0878441 -0.636411 -0.833742 1.25474 1.40815 -1.02326 -1.04399 0.366632 -0.564216 -1.38059 1.53517 2.03731 -0.0313306 -0.751108 1.77198 0.944056 -0.0941705 -0.0941705 
0.635159 0.635159 0.247687 0.413194 1.29759 0.819895 -0.268596 -0.651682 -0.320972 1.24125 1.38897 -0.619928 -0.656826 0.38567 -1.634 -1.0037 1.26893 1.69583 -0.0221501 -1.05833 0.358706 0.110206 -1.17434 -1.54386 -1.54386 
0.15299 0.15299 -0.410764 0.0131003 0.300733 0.912063 0.640163 -1.03086 -1.35696 0.924308 1.81646 0.798311 -0.416615 -1.23823 -0.35245 -0.247032 0.959796 1.19318 -1.61771 0.0650457 1.85441 -1.38708 -1.58956 -0.0681425 -0.0681425 
-0.0587192 -0.0587192 1.49559 1.64472 0.633135 0.458594 0.0126263 -1.19989 -1.57148 -0.825199 -0.619213 0.436374 0.654298 -0.734171 -0.540717 -1.43077 -1.73922 0.687145 1.38378 0.0227977 0.498352 1.67446 0.648592 -0.736187 -0.736187 
-1.25298 -1.25298 -1.06559 -0.532643 -1.1949 -1.29146 -0.225311 0.162875 -0.381837 -0.298527 1.12142 2.31894 0.457275 -0.163545 0.651699 -0.686909 -0.670497 1.57055 1.99535 -0.099854 0.220944 0.851159 -0.692309 0.229565 0.229565 
0.986959 0.986959 0.658176 -1.64779 -1.41521 -0.000819498 -0.633634 -1.52529 -1.28164 -0.547194 -0.461469 -0.769439 -0.998039 -0.711375 0.174608 1.57542 1.8311 0.342538 0.54427 1.0944 1.00598 1.13037 0.168482 -0.253686 -0.253686 
-0.945724 -0.945724 -1.08193 0.587358 -0.0841641 -0.667565 1.19321 1.3833 0.746758 0.81459 1.10521 0.113129 -0.988229 0.49927 -0.700393 -0.0828173 0.951195 -1.85102 0.530611 0.853449 -2.44022 -0.549767 0.980509 0.28949 0.28949 
-0.249296 -0.249296 0.396992 1.41356 0.516519 -0.431372 0.369745 0.894313 0.431878 0.463691 0.857745 1.57534 0.972314 -1.87774 -2.06517 -0.140536 0.329743 0.151709 -0.0595998 0.393086 0.9065 -0.156212 -1.87871 -1.28261 -1.28261 
-0.1198 -0.1198 0.0187604 0.639362 1.42045 0.394117 -0.830056 -0.158976 -0.186511 0.760377 1.16361 -1.68932 -1.12239 1.47737 -0.169205 -1.83638 0.452912 1.20221 0.438437 0.896547 -0.324651 0.957655 0.00388566 -1.6343 -1.6343 
0.138188 0.138188 0.0717288 0.770343 0.540018 -0.522682 0.401492 0.771911 0.276527 0.334044 0.24635 1.34616 0.485446 -2.68073 -1.60699 0.547811 -0.0647931 -1.33028 0.232544 2.24602 0.0448788 -1.53617 -0.649234 -0.100388 -0.100388 
-0.0920174 -0.0920174 0.166318 0.844908 1.17198 0.682456 -0.820703 -1.43894 -0.0503647 0.137239 -1.43781 -0.572083 0.896261 0.795631 1.68377 0.45712 -1.99581 -0.783909 1.5762 1.56223 -0.65269 -1.24348 -0.458914 -0.167691 -0.167691 
0.879712 0.879712 0.852129 -1.31269 -2.14977 -0.216763 0.794899 -1.02062 -1.48203 0.494236 1.38679 1.2724 1.72825 0.51478 -1.37682 -0.18798 0.98372 -0.407356 -0.882593 -0.455489 -0.230955 -0.379387 -0.20522 0.260522 0.260522 
0.3225 0.3225 -0.380238 -0.977729 -0.646308 -1.13261 -0.417018 0.733138 0.328269 -0.433277 -0.582453 0.0179246 1.24299 1.83194 -0.296033 -1.60744 -0.283031 1.32042 1.43947 -1.5115 -1.96101 0.312066 1.03906 0.659191 0.659191 
0.337111 0.337111 0.384329 -0.671109 -0.212313 1.12299 0.273573 -0.783363 -0.553452 1.06419 1.26591 -1.33355 -1.4337 0.775913 0.252488 -1.02829 1.18395 1.94225 -0.924353 -1.62709 1.01367 0.951477 -1.09668 -0.620533 -0.620533 
-0.120712 -0.120712 -0.0114621 0.82809 0.403515 -0.898774 -0.836319 0.100482 1.38456 1.26377 -1.09349 -1.21535 0.798841 -0.509969 -0.782055 2.05125 1.91699 -0.717174 -1.68294 0.386455 0.906397 -0.876896 -0.956777 -0.108858 -0.108858 
-0.324203 -0.324203 -0.0890474 0.383295 0.487299 0.176875 -1.08936 -1.11943 1.07328 1.74915 -0.0813397 -1.25033 -1.14129 0.0241606 0.53847 0.716586 0.78758 -1.44142 -0.637317 1.91487 -0.817066 -1.92213 0.720299 0.832633 0.832633 
1.08488 1.08488 1.18589 -0.552043 -0.771272 -0.388168 -1.09121 -1.04083 0.2859 0.677105 0.886606 0.894692 -0.760719 -0.777293 -0.439706 -0.779655 1.46662 2.14739 -0.417861 -0.567605 1.15082 0.133877 -1.60067 -0.905824 -0.905824 
0.018127 0.018127 0.413757 -0.216976 -0.684288 0.598786 0.958637 -0.23718 -0.463504 0.994952 1.82208 -0.614007 -1.96384 0.0233465 -0.5095 -1.10251 1.55484 1.858 -1.361 -1.43821 0.584997 -0.798933 -0.582421 0.563366 0.563366 
