46
-0.603999 -0.330611 -0.173173 -0.00113005 0.156827 0.242701 0.38148 0.454672 0.517288 0.62258 0.744892 0.709352 0.746373 0.742595 0.770867 0.758247 0.740795 0.671376 0.695293 0.722972 0.740863 0.695113 0.69134 0.709802 0.698324 0.739657 0.754348 0.805093 0.741889 0.748993 0.714491 0.559494 0.450699 0.191997 -0.465314 -0.758959 -0.800064 -1.15851 -1.03938 -1.27041 -1.52617 -1.67145 -1.92619 -2.21687 -2.40254 -2.57566 
2.06079 1.99738 1.90877 1.66033 1.49405 1.35555 1.10866 0.939231 0.537306 -0.0431172 -0.562014 -0.133408 -0.239071 -0.114876 -0.228686 -0.12871 0.117262 0.269642 0.220898 0.0393216 0.165327 0.482939 0.284875 0.215666 0.174717 0.190028 -0.00236427 -0.141377 0.163322 0.16991 0.0827897 0.290151 0.467387 0.450156 -0.640414 -1.81701 -2.15009 -1.00242 -1.42997 -1.70872 -1.32356 -1.135 -0.554778 -0.670781 -1.12576 -1.69433 
1.53727 1.10195 0.58209 0.284631 -0.088873 -0.328877 -0.551782 -0.519267 -0.578955 -0.590802 -0.380664 -0.489889 -0.629527 -0.69266 -0.770175 -0.779563 -0.776486 -0.7094 -0.596989 -0.577388 -0.637734 -0.868851 -0.637523 -0.634443 -0.579314 -0.701938 -0.734421 -0.807557 -0.898503 -1.10245 -1.07438 -0.951951 -0.960083 -0.837992 0.511336 1.1764 1.40749 1.18343 1.18813 1.36779 1.48602 1.44501 1.65051 1.75679 1.89724 1.91235 
-0.344512 -0.710832 -0.701487 -0.652414 -0.527695 -0.640262 -0.862094 -1.17888 -1.3792 -1.20255 -1.31424 -1.35562 -1.09337 -1.08542 -1.03338 -1.33322 -1.06586 -0.789274 -0.75341 -0.663801 -0.509287 0.0758474 0.0114368 0.0221802 0.21902 0.135805 0.0257799 0.129696 -0.0313806 0.209095 0.376433 0.460288 0.696356 0.960365 0.0502957 1.06022 1.17038 1.83264 1.66095 1.71569 1.42751 1.36003 1.55462 1.57198 1.49644 1.00513 
-0.6855 -0.660132 -0.564504 -0.618138 -0.696928 -0.757054 -0.653928 -0.55694 -0.515567 -0.594922 -0.601256 -0.636163 -0.634109 -0.597147 -0.640527 -0.524426 -0.585026 -0.680087 -0.712155 -0.735496 -0.750945 -0.843917 -0.769408 -0.739275 -0.853816 -0.730746 -0.636107 -0.634104 -0.498276 -0.481052 -0.322061 -0.0564096 0.216133 0.496076 1.25705 1.58498 1.87142 1.70316 1.57685 1.87744 1.93809 1.70079 1.54868 1.64433 1.41444 1.13668 
-2.1318 -2.0273 -2.06082 -1.89274 -1.24374 -0.401398 -0.621623 -0.277607 0.0936212 0.491205 0.525405 0.661462 0.605278 0.671218 0.817942 0.660301 0.694819 0.211991 0.418282 0.34793 0.775299 0.81792 0.19067 0.0436618 0.27688 0.186826 0.215434 0.526735 0.52211 0.553858 0.526893 0.0486597 1.21774 2.00811 2.02318 0.578487 -0.682689 -0.503653 0.340718 -0.392341 -1.55083 -0.691219 -2.09318 -1.21542 0.156634 0.577099 
-0.974864 -0.601926 -0.542502 0.465327 0.653173 0.558927 1.05378 0.986183 0.321905 0.00974252 0.178527 0.0881216 0.0531039 0.13614 0.0722732 -0.130253 -0.0109092 0.732121 0.707955 0.778239 0.484445 0.110309 0.127008 0.16956 0.093977 -0.0413726 -0.0212218 -0.441235 -0.499877 -0.816009 -1.23127 -1.29564 -2.64377 -3.37147 -2.34319 -0.644325 -0.6857 0.712318 0.420805 0.691699 0.608282 0.888604 1.08635 1.38015 1.5365 1.19001 
-0.672521 -0.966768 0.0553569 0.439472 0.590308 0.591002 0.49136 0.31603 0.402285 0.46557 0.0127138 0.440422 0.219153 -0.412273 -0.236862 0.0756955 0.219808 -0.0709807 0.16403 0.733401 0.670353 1.22697 1.18445 1.32269 1.32116 1.08479 0.916445 1.07607 0.620798 0.452462 0.478743 0.579789 0.797916 -0.548053 -1.16905 -1.05139 -0.107755 0.113397 -0.512979 -0.936272 0.165738 -0.786815 -2.10544 -2.65032 -1.97949 -3.02142 
1.38016 1.3757 0.743095 0.666492 0.402722 0.341115 0.324226 0.495454 0.382812 0.298169 0.461079 0.42595 0.310863 0.724264 0.786613 0.390193 0.523063 0.804594 0.493822 0.262471 0.28143 0.356003 0.978188 1.01807 0.93495 1.12963 1.1513 0.694564 0.740439 0.367076 0.168881 -0.42003 -0.918875 -0.33546 -0.601091 -1.61886 -1.19476 -1.34075 -1.71982 -1.35026 -1.35986 -1.09078 -1.44266 -2.13834 -2.16935 -1.71248 
-1.19993 -0.467308 -0.167523 -0.17259 -0.0486379 -0.637308 -0.520107 -0.880293 -0.273989 0.200956 -0.180832 -0.32856 -0.10195 -0.203546 -0.316021 -0.384661 -0.97803 -1.22572 -1.14728 -1.22682 -0.814238 -0.264264 -0.929306 -0.888425 -1.18657 -1.049 -0.982818 -0.179112 -0.0989693 0.514363 0.918447 0.726565 0.374436 -0.202869 0.288777 1.76513 2.37283 -0.12124 -0.341001 -0.232457 1.40948 1.69888 1.44465 2.01179 2.28867 1.73641 
-0.760843 0.31851 -0.0331597 0.0581021 -0.281768 0.00986184 0.334134 0.456493 0.191846 -0.0816653 0.342635 0.30518 0.273332 0.189703 0.499344 0.333753 1.44512 1.77564 1.41762 1.66498 1.14774 -0.371577 -0.319433 -0.581333 -0.565266 -0.830362 -0.653099 -1.66211 -1.28667 -1.26848 -0.950063 0.352999 1.87301 2.33106 1.58998 -1.12058 -0.531764 -0.71671 -0.587328 0.0414872 -0.412267 0.224823 -0.906358 -1.97592 0.614041 -1.89463 
0.302847 0.626166 1.01743 0.767373 1.07625 0.800678 1.09672 1.20742 1.35111 1.5081 1.2041 1.32772 1.11146 1.16481 1.02864 0.959066 0.752235 0.435138 0.29014 0.30662 0.250727 0.30276 -0.170799 -0.097344 -0.0931334 -0.0677152 -0.124299 0.00954591 -0.0592769 -0.0930511 -0.158391 -0.734506 -1.18992 -1.93962 -1.40131 -0.683404 -1.18505 -1.14913 -1.09089 -1.85114 -1.888 -1.54157 -1.49344 -1.04409 -0.775427 -0.0655494 
0.785562 0.00926451 0.0945613 0.522555 0.19963 0.139995 -0.424883 -0.601829 -0.900216 -1.30547 -1.32247 -1.29074 -1.26619 -1.26663 -1.11203 -1.09404 -0.822082 -0.633599 -0.969068 -0.806257 -0.957413 -0.796215 -0.249848 -0.268564 -0.078146 -0.335424 -0.159492 -0.473269 -0.709197 -0.655491 -0.497639 0.348518 0.573474 1.098 0.56504 0.364391 0.446624 1.33127 2.42892 2.11807 2.12097 1.46382 1.01465 1.30064 0.866229 1.20401 
1.69185 1.69185 1.36031 1.36201 1.08012 1.01738 0.975892 0.726729 0.831743 1.02703 0.566312 0.287291 0.391196 0.362574 0.333652 0.18407 -0.0017445 0.133591 0.451237 0.431523 0.191308 0.120437 0.3305 0.305292 0.380115 0.465726 0.496517 0.241686 0.0989198 0.192815 -0.337482 -0.580523 -0.919787 -2.71421 -2.82852 -0.812658 -1.02464 -0.500463 -0.0836274 -1.31002 -1.02951 -1.0262 -1.50187 -1.27587 -0.891281 -0.891281 
0.0375701 0.0375701 -0.263922 -0.390499 -0.211356 -0.342716 -0.393115 -0.64575 -1.3155 -1.50612 0.138176 0.811574 0.315513 0.302235 0.262769 0.849063 0.934457 0.454195 -0.0900122 0.194755 1.00822 0.480126 -0.150229 0.105801 0.243533 -0.00325599 -0.254739 0.555311 0.792581 0.154079 0.481254 0.912044 0.546053 -1.51994 -3.40921 -2.17483 1.61275 1.45882 -0.865662 0.45871 1.22023 1.53811 1.0418 -0.645144 -1.38265 -1.38265 
-1.89541 -1.89541 -1.62413 -1.33615 -1.22309 -0.926747 -0.3905 -0.0693306 -0.156622 0.374328 0.182712 -0.505559 -0.414862 -0.292618 -0.186862 -0.0282781 0.122205 0.337345 0.243906 -0.0960355 -0.589385 -0.015443 0.445395 0.0986795 -0.148672 -0.321069 -0.22369 -0.338733 -0.596141 -0.361944 0.28029 0.209051 0.208384 2.87952 3.94797 1.74754 -0.00202585 -0.447491 0.346905 0.570309 0.136081 0.307811 0.597663 0.469641 0.290231 0.290231 
-1.09672 -1.09672 0.00311641 0.308593 -0.119381 -1.03695 -1.57767 -1.5207 -0.214217 0.0204371 -0.556856 0.433234 0.563857 0.00727853 -0.807658 -0.237548 1.28865 0.675717 0.180659 0.494809 1.80682 1.22717 -0.293653 0.398063 0.149288 -0.663202 -0.167731 -0.302902 0.0586672 0.928215 0.513529 0.695506 1.1725 -1.86214 0.112825 2.8141 1.89359 1.14732 -0.461195 -0.769639 -1.09325 0.185002 0.409628 -0.3056 -1.65242 -1.65242 
0.141463 0.141463 -0.108611 -0.660728 -0.68128 -0.105429 0.391908 0.196429 -0.361773 -0.512787 -0.372092 -0.345542 -0.118042 -0.261859 -0.0113482 -0.0658586 -0.734284 -0.643968 -0.41694 -0.364331 -0.584745 -0.299989 0.0896953 -0.508735 -0.214547 0.447607 0.0643731 0.194754 0.242934 0.316257 1.10265 1.46209 1.50733 3.05343 3.20534 1.70323 0.132565 -1.17398 0.310135 0.90193 -0.800744 -1.4742 -0.420246 -0.666488 -1.84851 -1.84851 
-0.0825088 -0.0825088 -0.013383 0.728524 1.46145 0.516599 -0.0250945 0.617825 0.676055 0.309699 0.0254147 -0.072835 -0.149052 0.071513 -0.171525 -0.293494 -0.646979 -0.460258 -0.0118895 0.228426 0.35123 -0.795161 -1.00129 -0.0659457 -0.00403517 -0.22645 0.20983 0.173705 -0.130175 -0.154458 -0.708817 0.591302 1.9703 0.715868 -1.71369 -3.10098 -1.33596 0.952804 -0.0386594 -2.21581 -0.484543 -0.749197 -0.729476 2.28593 1.78884 1.78884 
0.421615 0.421615 1.22414 1.38647 -0.00659335 0.381477 0.415161 -1.05002 -1.35916 -0.306141 -0.0258324 -0.283446 -0.0642093 -0.100676 -0.461637 -0.230052 0.965166 0.783764 -0.0666108 -0.407431 -0.969194 -0.57672 -0.0500115 -0.166659 -0.391533 -0.270522 -0.630347 -0.729944 -0.598634 -1.04941 -0.731177 -1.91036 -2.74883 0.255034 3.3223 1.97022 1.58994 1.27376 -0.150969 0.112072 0.123989 0.479391 0.49643 0.444098 -0.36526 -0.36526 
1.0498 1.0498 1.94762 0.794466 0.287005 -0.0445038 -0.277472 -0.0314371 0.28437 -0.429145 0.0531713 0.359677 -1.04209 -0.517083 0.732284 0.690859 -0.107672 0.0126323 1.15106 0.756576 0.739702 0.766869 0.213129 0.267392 -0.228397 -0.449195 0.074912 -0.304835 -0.738896 -0.101556 0.254972 0.508882 -1.40625 -2.51684 -0.579712 1.49109 1.62805 -0.449862 -1.30279 0.98474 0.284263 -2.91946 -2.37991 0.253152 -0.404687 -0.404687 
-1.04168 -1.04168 -1.19561 -0.408591 -0.376593 0.150206 0.647034 0.442714 -0.103269 0.48471 0.590364 -0.00283192 0.954249 1.33287 -0.395144 -0.244665 1.20196 0.255308 -0.83909 -0.135503 0.517284 1.80446 1.73043 0.225439 0.555747 0.779352 -0.610641 -0.558997 -0.381097 -0.901898 -1.36184 -2.00337 0.498159 0.995797 -2.42085 -0.94908 0.911153 -0.802671 0.297404 1.08578 0.871389 0.141035 -1.91761 -1.23293 1.2264 1.2264 
0.979083 0.979083 0.16956 -0.0233934 -0.663821 -0.671231 -0.4205 0.116228 1.03268 -0.0516266 -0.734929 -0.0672921 -0.0166682 -0.38877 -0.352605 -0.880324 -1.07681 -0.339582 -0.155061 0.211613 0.902426 -0.280126 -0.83879 -0.436167 -0.33007 0.0697344 0.800739 0.816054 0.607144 0.962627 0.0790097 -0.750836 -1.17379 -0.247855 2.00577 2.13312 -2.2239 -3.13193 -0.275901 1.76708 1.96553 -0.11527 0.189533 0.772352 -0.456057 -0.456057 
0.674537 0.674537 -0.240588 -0.22966 -0.0440884 0.57101 0.414239 -0.131191 -0.497828 0.140243 0.358868 -0.0635953 -0.106361 0.209911 0.134002 0.876528 1.336 -0.0248866 -0.101904 -0.249357 -1.88557 -1.35824 -0.193677 -0.22709 -0.23005 -0.080758 -0.76974 -0.586196 0.365154 0.312341 1.50233 2.61519 1.83258 -0.261542 -3.19616 -1.96447 0.374634 -0.0508712 0.702797 0.162723 0.170387 -0.457015 -2.03764 1.40871 0.0758783 0.0758783 
1.42651 1.42651 0.284562 0.12049 0.0696585 0.0440966 0.813408 0.509969 0.602183 -0.289452 -0.355939 -0.181179 -0.321129 -0.16162 -0.406431 -0.54717 -1.04014 -0.916995 -0.252632 -0.0751689 -0.00435924 -0.836197 -0.793533 0.158009 0.062338 -0.0587423 0.157204 0.132828 -0.201007 -0.19407 -1.27421 -2.05109 -2.39682 -0.417696 2.50526 0.434046 -0.92423 0.190849 -1.39481 -1.58421 0.61988 0.789135 0.994117 1.43335 1.95223 1.95223 
-1.19928 -1.19928 0.859264 0.161472 -0.672052 -1.08563 -1.28616 -0.830633 -1.22088 -0.7399 0.00704909 0.078079 0.023083 0.245381 0.276901 0.477497 0.768917 -0.269375 -0.313257 0.00179755 -0.000959566 1.19135 0.883811 0.275372 -0.132413 -0.157173 -0.25375 -0.95776 -0.329604 0.3435 1.69807 1.81277 1.263 -0.032541 -1.27212 -0.220539 1.6346 3.3703 1.32678 -0.544532 -1.13645 -1.90919 -0.297062 -0.271831 -0.183307 -0.183307 
-0.318882 -0.318882 -0.316425 -0.244594 -0.337833 0.0100303 -0.259714 -0.0477376 0.595365 -0.223228 -0.909534 -0.0925455 0.26977 0.0775745 -0.0974488 -0.324464 0.0877979 0.816281 0.591932 -0.215267 -0.289289 0.362243 0.428315 0.232628 0.39298 0.329267 -0.163337 -0.414465 0.090125 -0.470614 -0.958145 -0.681728 -2.9265 -2.60101 2.91229 2.77096 0.61257 1.52244 -1.01056 -1.2078 0.571522 -0.522645 -0.200435 1.04433 0.717328 0.717328 
-0.144362 -0.144362 -0.228508 0.0910098 0.0878303 -0.0647656 -0.145387 -0.557123 -0.515894 1.02245 1.59683 0.173956 -0.282535 0.021001 0.419586 0.502592 -0.206437 -0.624985 -0.116406 0.786152 0.245774 -0.714054 -0.19278 0.317831 -0.0164347 -0.275178 0.42739 0.752305 -0.210667 -0.1509 0.559947 0.0991419 -1.56068 -2.57333 -0.379296 3.39458 2.47165 -1.59154 -0.608789 1.44273 0.773629 -0.0625502 -1.39532 -1.55567 -0.434215 -0.434215 
0.162222 0.162222 0.430312 0.283013 0.290795 0.684753 0.707865 0.127399 0.322688 0.225571 -0.909429 -0.646618 0.107908 0.121927 0.155757 0.197394 0.250043 0.022972 -0.493766 -0.866052 -0.0152976 0.872977 0.0159162 -0.643354 -0.481077 -0.160159 -0.106767 -0.437045 -0.11193 0.725565 0.441229 -0.157261 2.39568 3.39094 -1.14411 -3.76746 -2.13373 0.234505 0.85717 -0.286584 -0.334688 0.339374 0.0603282 -0.376519 -0.25734 -0.25734 
0.792379 0.792379 1.0067 -0.0652266 -0.92333 -1.00243 -0.318685 0.97733 1.102 -0.21968 0.310342 0.807024 -0.278136 -0.941553 -0.151055 1.49152 0.661476 -0.756663 -0.106208 1.16165 0.53455 -1.45299 -0.56099 0.331491 -0.723878 -0.201706 0.273509 0.179563 0.884485 0.339855 -0.142553 0.483061 -1.77375 -0.722763 3.30162 1.27012 -1.14871 -1.63143 -1.32424 -0.422736 0.690506 1.07515 -0.323494 -1.42604 -0.924228 -0.924228 
-0.1256 -0.1256 -0.649276 -0.431577 0.638287 1.1295 0.397901 -0.603266 -0.561091 0.101805 0.270223 0.352557 0.190964 0.21279 0.297497 -0.574103 -0.436738 0.41259 0.376825 -0.0475689 0.17262 0.751292 -0.0864 -0.176978 1.01867 0.376145 -0.128235 0.280956 0.226837 0.927018 1.1984 0.495428 1.62096 1.72214 -1.16906 -2.8029 -2.6174 0.280016 2.08057 -0.942064 -2.14214 0.472491 0.877696 -1.2431 -1.00954 -1.00954 
-0.00201594 -0.00201594 0.507761 0.963873 -0.195131 -1.07095 0.0200408 0.432259 -0.261232 -0.49658 -0.31236 -0.169393 0.0496706 -0.064955 -0.300317 -0.376206 -0.1641 0.386868 0.423694 0.199992 -0.752838 -0.978854 0.451543 0.635718 -0.159799 0.0974369 0.22544 -0.283137 -0.275 -0.447109 0.462912 1.79136 0.0360779 -2.58085 -2.67214 0.210028 2.73591 0.841887 -2.22672 -0.355888 0.958221 -0.217812 2.03598 1.68087 -0.39107 -0.39107 
0.627285 0.627285 0.748958 -0.896738 -0.727534 0.34188 -1.04722 -1.30418 0.58333 1.02515 0.042766 -0.00301044 0.16275 -0.272136 -0.0712188 1.09521 0.785658 -0.74761 -0.867102 -0.650774 -0.101135 0.714725 0.333115 -0.230231 -0.0520955 -0.153248 -0.318603 0.0495253 -0.213702 -0.0735921 -0.619564 -1.48657 1.64882 4.57635 1.31137 -1.27273 -0.496281 -1.27914 -0.844982 0.231849 0.301077 0.304917 -0.000698377 -0.620122 -0.580897 -0.580897 
0.618265 0.618265 -0.12763 -1.03661 -0.50514 -0.32759 0.0459822 0.400946 -0.219719 -0.112016 0.547764 -0.670918 -0.529584 1.18525 0.818863 -0.505778 -0.401167 0.851714 0.518735 -0.228547 0.0441886 -0.303073 -0.285546 -0.248062 -0.425979 0.23372 0.130906 -0.488865 0.169018 0.680394 0.432379 -1.037 -1.9196 0.57216 2.62998 1.46558 -1.21793 -1.85823 0.965474 1.06408 -2.48782 -1.68574 2.08967 1.31516 -0.38798 -0.38798 
-0.197555 -0.197555 0.316152 0.437513 0.26766 0.571067 0.0938479 -0.58682 -0.0696674 0.355671 -0.41531 0.140437 0.774762 -0.97786 -1.12677 0.945388 0.229265 -1.42932 -0.352171 0.788258 1.16918 0.694768 -1.12774 -0.863821 0.264473 -0.858408 -0.970651 0.0527496 -0.320899 -0.737232 -0.816037 1.11698 1.86055 -2.00238 -1.36655 2.0778 -0.00151487 -0.497688 1.13556 0.277575 -0.713735 -1.91752 -0.9939 1.95509 1.50819 1.50819 
-0.415449 -0.415449 -0.529507 -0.429553 -0.319875 0.206903 0.528552 0.922067 -0.0361495 -0.981787 0.053812 0.487648 -0.126958 -0.135505 -0.227493 -0.365016 0.382713 0.607932 0.388892 0.688169 -0.227602 -0.966188 -0.0291659 0.363784 0.362118 0.731511 0.504233 -0.0513645 0.149714 -0.249116 -0.949782 -0.677476 0.360392 1.94256 1.4705 -2.43716 -3.04918 1.21457 2.95895 1.38802 -1.04961 -0.986748 0.587759 -0.318546 -0.663059 -0.663059 
-0.568022 -0.568022 -0.560635 0.183474 0.591913 0.360478 -0.424078 -0.565955 0.234131 0.629789 -0.0871682 -0.263877 0.235533 0.213127 0.501289 0.863224 -0.558754 -0.921438 -0.101117 -1.15519 -0.699008 1.19441 0.815328 0.0260433 0.149558 -0.314216 -0.29106 0.81786 0.658074 0.819403 1.60744 0.273895 -1.89413 -3.34897 -1.1006 2.46461 1.34429 0.272483 0.19503 -0.309294 -0.36833 -1.44207 1.31193 1.47944 -0.850408 -0.850408 
-0.908491 -0.908491 -1.03797 -0.176935 -0.0676328 0.579566 0.360285 -0.174032 -0.638195 -0.763431 0.078093 0.0201209 0.00808592 -0.0746632 -0.311598 -0.50743 -0.299189 0.6141 0.656962 0.188571 -0.607898 -0.630109 0.777208 0.668045 -0.178394 0.0675128 0.143825 -0.290024 -0.265314 -0.854248 -1.47278 -0.893233 1.28161 3.86103 0.664787 -2.71366 -0.199263 -0.378699 -1.4081 1.5825 1.86552 0.287973 0.50102 0.748724 0.402112 0.402112 
1.39282 1.39282 0.898891 -1.14823 -0.947056 -0.498993 0.116191 -0.0181041 -8.14019e-005 0.804875 0.514693 -0.0529566 0.054117 0.115356 0.0999948 0.283963 -0.592972 -0.830313 0.127641 0.156751 0.777704 0.56197 -0.712669 -0.783631 -0.370479 -0.150193 -0.630994 -0.117998 0.856779 1.37096 0.975704 -0.372267 -1.37049 -1.85876 -0.197378 1.99319 2.47744 -0.282195 -2.83538 -1.80788 -1.03027 0.529848 1.09468 0.0162138 -0.00164577 -0.00164577 
