56
-0.418526 -0.180933 -0.031613 0.0678029 0.115686 0.202134 0.200436 0.212911 0.197588 0.238141 0.228596 0.261872 0.284498 0.321981 0.316226 0.288131 0.344695 0.444057 0.445832 0.447058 0.427436 0.473197 0.4645 0.502148 0.465826 0.521859 0.465828 0.383586 0.413934 0.471907 0.611808 0.743009 0.633089 0.722681 0.940303 0.9993 0.914065 1.04949 1.18569 1.32279 1.25196 0.952306 0.627752 -0.0882743 -0.530174 -0.826218 -0.990799 -1.31112 -1.6504 -1.79944 -1.91208 -1.97487 -2.23712 -2.33535 -2.44874 -2.42645 
1.84279 1.57347 1.33764 1.18733 1.19593 0.937436 1.14929 0.879606 0.744222 0.887103 0.547724 0.47877 -0.0768573 0.0527812 -0.231289 0.132647 -0.129092 -0.223686 -0.219667 -0.219061 -0.128074 -0.296346 0.102059 0.192 0.38742 0.115154 0.18744 0.65012 0.557846 0.671333 0.35545 0.0267277 0.646925 0.433402 -0.458085 -0.619026 -0.696203 -0.89262 -0.992859 -0.909209 -0.982303 -1.58617 -1.56853 -0.630531 0.592212 0.567552 1.23282 0.827745 0.934688 0.254725 -0.820422 -0.913709 -1.41584 -2.34873 -2.43723 -2.88682 
1.19941 0.822498 0.812633 0.574298 0.162934 0.171843 -0.403402 -0.32661 -0.295453 -0.587068 -0.359902 -0.502277 -0.272481 -0.287407 -0.445031 -0.347165 -0.552568 -0.664645 -0.764183 -0.437509 -0.772014 -0.571615 -0.675276 -0.890713 -0.819579 -0.72563 -0.622301 -0.839226 -0.768765 -1.1966 -1.01273 -0.886296 -1.32788 -1.0647 -0.970028 -1.03455 -0.746058 -0.545188 -0.256944 -0.413265 -0.383497 -0.221388 0.223451 0.170343 0.70766 1.43894 1.39161 2.19777 2.12385 2.34245 2.38838 1.78153 1.94028 1.01795 0.846061 0.676023 
0.412531 0.223243 -0.101798 -0.34676 -0.437291 -0.533723 -0.406682 -0.462773 -0.946751 -0.734599 -0.798378 -0.741275 -0.791903 -0.945093 -0.950793 -0.963253 -0.932886 -1.18697 -1.04255 -0.962823 -1.04496 -0.911697 -0.915455 -0.900635 -0.821619 -0.440877 -0.494144 -0.482973 -0.776857 -0.591766 -0.85694 -0.742889 0.00685664 0.101263 -0.0775195 -0.00647154 0.0117849 0.00342366 -0.111964 -0.11293 0.0610314 0.516477 0.391647 0.757728 1.08212 1.45087 1.66244 1.64582 1.87453 2.30066 2.34358 1.64398 1.92881 1.63256 1.21884 1.3058 
-0.980203 -1.27347 -1.43931 -1.37525 -1.26974 -1.09971 -1.04915 -0.977972 -0.831752 -0.932091 -1.04542 -1.07079 -1.11053 -0.91545 -0.992966 -0.945908 -0.913225 -0.701081 -0.711399 -0.707682 -0.614359 -0.541831 -0.448936 -0.40917 -0.411221 -0.591625 -0.333232 -0.107524 0.210066 0.259821 0.371641 0.201716 -0.254869 -0.273451 0.0871564 0.169032 0.177052 0.17693 0.319053 0.413633 0.971851 1.1601 1.08206 1.2795 1.63332 1.3406 1.31278 1.52793 1.77386 1.54776 1.80849 1.53267 1.31413 1.3761 1.13223 1.14984 
-2.26864 -1.5701 -1.19574 -1.23667 -1.39982 -1.27263 -1.228 -1.25275 -1.14819 -0.836744 -0.621376 -0.140927 -0.0871161 0.106425 0.0721689 0.202157 0.15742 -0.0343974 -0.178434 0.077246 0.15543 -0.174166 0.0603859 -0.176402 -0.477901 -0.314512 -0.749495 -0.770102 -0.469087 -0.369063 -0.38804 -0.432652 -0.11632 -0.30777 -0.215578 0.188796 0.110142 -0.345524 -0.413589 -0.561049 -0.335965 0.108687 0.616214 0.91221 0.698989 1.10761 0.902494 1.55921 2.05966 1.9507 1.90066 2.15706 2.10996 1.42971 1.38036 1.06504 
-2.18548 -2.09441 -1.93749 -1.10046 -0.255358 -0.0739834 0.347937 0.354305 0.171422 0.476142 0.616812 0.553492 1.22905 1.2299 0.827664 1.20802 1.15631 1.02341 1.21028 1.34147 1.03352 0.636203 -0.0594812 -0.0383701 0.441459 0.653484 1.09388 0.671886 0.0566492 0.0393238 -0.000572616 0.434261 -0.702244 -0.209902 0.0686273 -0.0465692 -0.19437 0.0177858 -0.367988 0.138579 -0.573934 -2.59608 -2.98136 -2.41872 -0.656221 -0.144186 0.203272 -0.295509 0.291846 0.573627 0.248161 0.77102 0.200721 0.0794617 0.268295 -0.735585 
1.09844 0.880065 0.769541 0.993591 0.779492 0.483348 0.404236 0.720294 0.938112 1.25037 1.65738 1.42576 1.40857 1.23645 1.58478 1.44323 1.36703 1.20475 1.16016 1.2867 0.532988 0.484421 0.645143 0.229282 -0.113685 -0.337773 -0.684732 -0.739672 -0.0513687 -0.162708 -0.920021 -1.30966 -0.407506 -0.494139 -0.644571 -1.10986 -1.10961 -1.26357 -1.05468 -1.61966 -1.75427 -1.73655 -1.49522 -0.150722 -0.687313 -0.00950274 -0.027927 -0.10284 -0.945127 -0.939951 -0.969722 -0.570052 -0.543847 0.24815 -0.918181 -1.35783 
-0.0257992 -0.105189 0.34446 0.0416227 0.179968 0.487244 0.244278 0.338241 -0.531258 -1.20004 -1.41464 -1.37678 -1.71243 -1.63226 -1.63845 -1.91345 -1.79381 -1.55474 -1.27722 -1.15979 -0.995291 -0.406263 -0.103423 -0.0274295 -0.0993927 -0.0908487 0.208428 0.660679 0.218476 0.0620651 0.425444 0.569024 0.57781 1.04094 1.00895 0.824638 0.956517 1.40466 1.61714 1.68576 1.58057 1.76408 1.86598 1.5527 0.507599 -0.0381741 -0.183363 -0.780316 -0.499205 -0.437735 -0.747255 0.33003 0.453086 0.907471 0.046429 -0.159752 
-0.848156 -0.392769 -0.678999 -0.180077 -0.323735 -0.0755817 0.307179 -0.227094 0.238213 1.66621 1.69672 1.23997 1.29757 1.02089 1.20894 1.5408 1.03985 0.601602 0.405185 0.413062 0.683333 0.75854 0.654986 0.444899 0.332183 0.140444 0.248203 -0.495961 -0.666915 -0.441713 -0.741436 -0.872403 -1.19696 -1.98047 -1.92428 -1.52189 -1.34634 -1.25733 -1.37601 -0.588289 -0.778145 -1.12622 -1.92123 -1.76483 -0.301586 0.272054 0.471798 1.10855 -0.116652 -0.270581 1.01303 1.7617 0.727336 1.05281 0.555058 0.514543 
-0.503935 -1.1503 -1.27018 -1.26527 -1.10864 -1.36008 -0.844619 -0.707151 -0.458471 -1.33111 -0.662118 -0.877593 -1.01998 -0.81673 -0.926156 -0.657054 -0.908083 -0.759023 -0.991714 -0.887311 -0.953725 -1.2308 -0.991502 -0.841241 -0.598155 -0.110638 -0.220334 0.395182 0.46961 0.33255 -0.0247483 0.0285483 -0.0662363 0.00789687 0.0909606 0.212083 1.0488 0.759315 0.842221 1.45086 1.34493 1.8309 2.32041 2.69387 0.696873 0.150606 0.639358 1.10331 1.04609 0.662733 1.16164 1.40163 0.362058 0.830475 0.788885 0.871115 
1.14504 1.8734 1.39476 1.64401 1.1557 1.36924 0.457115 0.0723718 -0.0591246 0.043642 0.119087 0.138086 0.362955 -0.0117831 0.132471 0.0482233 0.299806 0.39914 0.70174 0.902835 0.469623 0.513652 0.512062 0.450389 0.761903 0.756111 1.06312 0.737868 0.409405 0.61726 0.385045 0.259429 0.154888 0.373242 0.397479 0.209364 0.41364 0.567367 0.617013 0.0247696 -0.487208 -0.309352 -1.38523 -1.25002 -0.959419 -1.93595 -1.13683 -1.6183 -2.18237 -1.56028 -1.47686 -0.85999 -1.56688 -2.34379 -1.6975 -1.11236 
0.0888098 -0.183876 -0.0892826 -0.276062 0.19004 -0.160214 0.156471 0.843994 0.623556 0.50624 0.286746 0.0140113 0.648366 0.429289 0.417557 0.097335 0.405894 0.171647 0.0807415 0.0234748 -0.0196242 -0.0398178 -0.230637 -0.33699 -0.852385 -0.714843 -0.866478 -1.55743 -1.67905 -1.62269 -1.28701 -1.18293 -0.939397 -1.3719 -1.43541 -1.62874 -1.99675 -1.46977 -0.874569 -1.0045 -0.700104 0.0366747 0.579303 1.00465 1.3172 1.20446 1.27067 1.5738 1.61946 1.5477 1.73361 0.796138 1.44831 0.839939 1.34002 1.22432 
1.42794 1.42794 0.997119 0.680851 0.640418 0.485828 0.25519 0.212709 0.300252 0.318268 0.295579 0.395886 0.409003 0.320512 0.116047 0.310353 0.70775 0.536921 0.230945 0.164234 0.303088 0.337148 0.311854 0.225723 0.283047 0.221596 -0.209532 0.059787 0.496961 0.838538 1.06685 0.287942 0.158209 1.17945 1.08406 0.139779 0.378081 1.06849 1.07369 0.428198 -0.933534 -1.72461 -3.02283 -3.3887 -2.07924 -1.21459 -1.29028 -1.83497 -1.30094 -0.594293 -0.325394 -0.791841 -0.902334 -0.438247 -0.062454 -0.062454 
-0.528966 -0.528966 -0.338458 0.0528191 -0.12036 0.205003 0.18709 -0.368752 0.291663 -0.0348818 -0.373978 -0.72014 -0.402242 0.0324544 0.407508 0.443255 -0.290739 0.134674 0.287065 0.42628 0.155948 0.64805 1.06138 0.736455 0.156652 -0.0404569 1.13601 0.872592 0.313619 -0.0443239 -0.752193 0.746242 0.930648 -1.48919 -1.40502 -0.101507 -0.158293 -0.19521 0.253107 0.29656 -0.803994 -0.65875 1.80941 3.73849 2.1975 1.30512 0.696168 -0.197575 -0.637604 -2.52984 -1.59071 -0.673449 -2.01746 -1.35535 -0.581684 -0.581684 
-0.862857 -0.862857 -0.535116 -1.48467 -0.899931 -1.28751 -1.12697 0.307186 -0.564108 -0.10054 0.252417 0.258637 0.560059 -0.356201 -0.0894452 -0.202443 -0.698964 -0.44859 0.589067 0.0333628 -0.265281 0.280672 -0.702791 -0.289394 0.442312 0.518451 -0.216774 -0.294507 -0.793306 -0.525097 0.785753 -0.693446 -0.370045 0.898203 0.123194 0.581579 1.20923 1.20865 0.363885 -0.247416 0.505677 1.48733 0.97834 1.19705 3.05216 1.66945 1.84653 1.78365 0.394069 0.677505 -1.27472 -1.0079 -1.75399 -2.53597 -0.75679 -0.75679 
-1.44543 -1.44543 -1.5964 -0.960484 -0.557717 0.0322644 0.141657 -1.51522 -0.78784 0.351602 -0.0688372 -0.033176 -0.603424 -0.481594 -0.0999806 -0.00217835 -0.657377 -0.348114 0.557071 -0.0572773 0.0879014 0.300452 -0.0207386 0.203715 1.19598 0.837271 -0.164886 -0.817362 -0.345747 -0.267893 -0.460534 2.2916 2.23833 -0.279536 -0.342876 0.191429 -0.0239031 -0.386301 -0.36625 0.418371 1.65601 0.845785 0.603457 1.82161 1.82884 1.52289 0.477922 0.524389 1.72498 1.22118 -1.83144 -1.17546 -0.0817112 -1.97596 -0.936813 -0.936813 
-1.84422 -1.84422 -0.595828 0.352211 0.72248 0.530451 0.185087 0.51933 -0.0799216 -0.986711 -0.724785 -0.467723 0.302487 0.170533 -0.346633 0.0383744 0.615146 0.464915 -0.263281 0.0988129 0.339225 0.33773 0.223268 -0.10845 -0.877673 0.0322552 1.45111 1.65793 1.0432 0.324286 -0.443226 -2.42909 -1.90034 0.954734 1.30571 0.0738536 -0.212626 0.255898 0.586766 2.0405 2.36776 0.144819 0.176927 1.68575 -0.026751 -1.36012 0.414274 1.37071 -0.170953 -0.119263 -0.292927 -1.96739 -0.787218 -0.875715 -1.03074 -1.03074 
2.17655 2.17655 0.47883 -0.755207 -0.369212 0.107811 -0.241033 -0.103441 0.668414 0.922815 1.31082 0.93991 0.281212 0.0790254 -0.0668819 -0.0909439 -0.829761 -1.05774 -0.0303524 0.47983 -0.863872 -0.504874 -0.291803 -1.52249 -0.603747 -0.910207 -1.33263 0.357105 0.634055 -0.100598 -0.43266 0.33716 4.23849e-005 -0.51455 0.853372 0.461136 -1.51339 -1.48908 -0.781481 -0.108455 1.25094 1.89939 1.5581 -0.0966302 0.161946 0.180549 0.750138 2.37001 0.612117 -0.651706 0.187115 0.193847 -1.95656 -1.96171 -1.12389 -1.12389 
0.220725 0.220725 1.08718 1.88652 1.12497 0.633425 0.430152 -0.272344 0.0741988 0.450015 0.0225274 0.643814 0.718354 -0.533539 -0.0927417 0.314412 -0.281738 -0.00462938 0.302115 -0.27263 -0.886505 -1.33687 -0.850853 0.514538 0.73629 0.690491 -0.0459428 -1.27209 -0.802056 -0.133782 0.391413 -0.882329 -0.81553 0.828071 0.122398 -0.372796 0.00743271 -0.268979 0.0729866 -0.30653 -3.2437 -2.86361 0.138691 2.6334 2.57462 0.931008 -0.243083 0.0355637 0.942208 -0.11806 0.16196 -0.12242 -0.870581 0.0111721 -1.01402 -1.01402 
-0.35761 -0.35761 0.36691 0.197294 -0.654587 -0.433531 0.569026 1.05529 1.04906 1.35889 0.468234 -0.22645 -0.129028 0.469564 0.519624 -0.175603 -0.209533 -0.15778 0.315197 -0.846067 -1.13284 0.364667 -0.236824 -1.06168 -0.747625 -0.754162 -0.477162 1.21821 1.12585 -1.24153 -1.69728 1.02031 1.51652 -0.207225 -0.827324 -0.580564 -0.070712 0.270948 -0.402156 -0.964655 -0.0104229 0.605222 2.77799 1.50404 0.412263 1.26083 0.0281469 -1.32103 -1.18988 0.140722 0.786754 0.878422 1.52091 -0.43202 -2.449 -2.449 
0.634156 0.634156 0.26359 -0.252678 0.759137 0.12677 -0.226991 -1.26603 -2.53096 -1.44488 -0.272991 -0.473743 -0.403575 0.142797 -0.446212 -0.237523 0.614996 0.876834 0.675106 0.487663 1.26977 1.49919 0.648375 0.0268006 -0.0850576 0.530608 1.26645 0.0367808 -0.972626 0.363353 0.860859 0.2728 0.802744 0.735113 -0.338599 -0.0668296 0.982031 1.1157 0.486284 -0.0405265 0.150009 0.49344 -0.330435 -2.23263 -2.61819 -1.12577 -1.21065 -0.503677 0.588253 -0.39125 1.29338 2.01077 0.977746 -0.654284 -1.74977 -1.74977 
0.174771 0.174771 0.231344 0.416619 0.0907419 0.774832 -0.241945 -0.134675 2.41532 1.8503 -0.598961 -0.563757 -0.329747 -0.160221 0.630576 -0.264787 -1.26555 -0.869816 -0.290062 0.316407 0.403901 -0.0818901 -0.452632 -0.464539 -0.440696 -0.154186 -0.872071 -1.23426 0.0254444 -0.141893 -0.60474 -0.637019 -1.485 -0.990214 0.550871 0.705996 0.298755 -0.0836114 0.824374 0.731885 -0.744102 -1.53051 -0.874935 2.0597 2.60191 0.959973 1.04199 -0.809753 -1.83725 1.42299 2.59593 -0.416317 -0.966266 -0.26893 -0.744535 -0.744535 
-1.32288 -1.32288 -0.26247 0.187748 -0.229633 0.354626 0.987849 0.553472 -1.09122 -0.406849 0.66317 -0.657949 0.0238341 0.0775028 0.184722 -0.0458387 -0.241294 -0.211436 -0.284149 -0.0134107 -0.634547 -0.136776 0.559028 0.565194 1.11432 0.539912 0.748325 1.04812 -0.177244 -0.880194 -0.57025 -0.142818 -0.108891 0.180687 0.257196 1.48432 0.815753 -0.411626 1.05073 0.743252 0.543532 1.51304 1.32983 -2.71875 -4.21628 -0.168914 1.47595 0.586995 -0.79262 0.112861 1.12782 -1.37716 -1.00523 0.619706 -0.00909332 -0.00909332 
0.607853 0.607853 -0.281796 -0.299772 -0.366088 -1.15305 -2.26402 -0.814464 0.0907992 0.475071 0.319523 0.59699 -0.134147 -0.283841 0.255575 0.454874 0.79577 0.890505 1.07946 -0.286874 -0.57853 0.222953 0.0266757 0.608082 0.711846 0.703488 0.110272 -1.06975 -0.0798108 0.0989127 -0.520313 -0.283233 0.355489 0.594619 -0.160159 0.174158 0.808929 0.521792 -0.863408 -1.90629 -0.476287 -1.52341 -1.60258 0.934851 -1.12956 -0.185295 0.733997 -1.79733 0.25187 1.45423 1.44453 -0.0230163 -2.61114 -0.0984068 2.4308 2.4308 
-0.480929 -0.480929 -0.300725 0.478587 0.135667 -0.177762 1.99917 0.872454 -0.815849 -0.81387 -1.13989 0.651221 0.763778 -0.591511 -0.803682 -0.131811 0.0485379 -0.789417 -0.418165 -0.317882 -0.240114 -0.549985 -0.730722 -1.41158 -0.899965 -0.136907 -1.87482 -1.81187 -0.244248 0.715026 0.815144 0.621842 -0.503755 -1.14783 -0.646125 -1.28487 0.226141 2.24666 0.868643 0.258627 2.07671 2.57646 1.92318 1.44054 0.311783 -0.204954 0.667428 0.624312 -0.162108 0.132104 -1.68389 -0.705825 -0.0154652 -0.334507 0.698977 0.698977 
-0.463532 -0.463532 -0.852795 -0.372306 -0.173311 -0.407416 -0.269432 0.122185 0.196645 0.0609718 0.162255 0.206325 -0.0260485 -0.293847 0.0542192 0.794992 0.345584 -0.520131 -0.391981 0.155518 0.279546 0.0775114 -0.0704192 0.0312674 0.0616436 -0.539544 -0.132432 0.936276 1.02521 0.768149 -0.610952 -1.05164 1.16399 1.20626 -1.2129 -0.802195 1.20978 0.922885 -0.721348 -2.40378 -2.58296 -2.50478 -1.98144 1.22809 2.74262 1.03778 -0.696848 0.0536009 1.59376 1.26743 -0.176421 -0.643376 0.501928 1.10045 0.52925 0.52925 
0.142468 0.142468 0.460693 0.164907 0.1113 0.237576 -0.479106 0.0725777 0.259065 -0.553836 -0.569791 -0.0354584 0.599612 0.646096 0.321631 -0.580354 -0.263439 0.457455 0.224691 -0.119108 0.167893 0.723918 0.0594276 -0.748289 -0.644332 0.78404 0.730109 -0.681321 -0.758198 -0.879294 0.630494 1.35618 -1.83054 -1.91206 1.11613 1.00149 -0.0886805 0.32212 0.387484 -0.872209 -0.789423 2.11301 3.56379 0.303158 -1.99152 -1.2335 -1.23461 -1.09722 -1.9093 -0.787634 1.49733 -0.359541 -0.567057 1.15524 0.616746 0.616746 
0.294862 0.294862 -0.682992 -0.418333 0.160388 -0.27645 1.59958 0.53699 -0.462523 0.798213 0.327236 0.274164 -0.675807 -0.711506 0.115694 -0.670329 -0.296129 1.28377 0.45367 -0.922455 0.212034 -0.493194 -0.629701 1.13658 0.789274 -0.721373 -0.879831 -0.636359 -0.280107 1.58347 -0.216011 -1.23289 1.59644 0.465293 -0.368706 1.07576 0.603114 -0.913185 -1.54211 0.103371 1.7438 0.444103 -0.341576 2.09297 0.443836 -1.2842 0.0749498 -1.53839 -1.18175 -1.76116 -1.77827 -0.536208 -1.61626 0.984276 1.78955 1.78955 
-0.147406 -0.147406 0.359294 0.800517 0.763916 0.530154 -1.26016 -0.76774 1.46039 0.545794 -0.333704 -0.453073 -0.384413 0.374035 0.354889 -0.471248 -0.302755 0.940568 0.204629 -0.400949 0.257929 -0.113676 -0.104192 0.942376 0.477709 -1.11146 -1.34553 -0.171222 0.410709 -0.118574 2.01231 2.12336 -2.07581 -2.08383 0.348156 0.227048 -0.48745 -0.299895 0.614056 1.58424 0.313455 -0.865793 0.750433 0.949277 -0.265138 -1.10353 -0.822718 0.966549 0.528098 -2.86088 -1.93677 1.36708 -0.664952 -0.708461 0.800884 0.800884 
0.85737 0.85737 1.53483 0.907334 0.0926553 -0.418727 -0.0426595 -0.224084 -1.11091 -0.495524 0.33615 0.699363 0.421377 -0.498566 -0.129151 0.652564 0.270088 -0.662426 -0.296324 0.395831 0.136015 -0.117574 -0.353547 -0.821431 0.0658339 1.62941 1.12698 -0.326202 -0.98772 -1.09689 -2.00224 -1.07595 2.38333 2.25629 -0.664179 -1.1197 0.0953742 0.536523 1.24054 1.23796 -1.38934 -1.60025 1.06642 -0.180258 -2.21126 0.280439 1.9167 -0.452909 -1.09943 -0.121874 -1.35536 -0.387927 0.745385 -0.208732 -0.145493 -0.145493 
-1.2235 -1.2235 -2.18858 -0.559016 0.779109 0.204432 -0.0610178 0.815419 0.906768 0.606582 0.11756 -0.70101 -0.56906 -0.168034 -0.028733 -0.492414 -0.651885 0.729363 1.30664 -0.547659 -0.665892 0.551574 -0.691632 -0.139764 0.583025 -0.465831 1.09528 1.64223 -0.253753 -0.730028 0.446536 0.442583 -0.561884 0.771532 0.86722 -1.74672 -1.42096 0.676574 1.1839 1.69364 1.67441 0.344398 -1.45678 -0.987661 0.320957 0.564182 1.81645 -0.00374784 -2.25893 -0.22818 0.765451 -1.57226 -1.58155 0.755372 0.759404 0.759404 
0.62597 0.62597 1.17379 0.058064 -0.826622 -0.444015 -0.588586 -0.211781 0.527219 -0.00324768 0.164981 0.509035 -0.774711 -0.523704 0.613291 -0.0973608 -0.186485 0.432296 -0.151505 -0.782433 -0.697189 0.0565981 1.30099 1.11988 0.15275 -0.503923 -1.31285 -0.486023 0.812283 0.850084 -0.480837 -0.79499 1.20435 0.674954 -0.790826 -0.0466246 0.103313 0.0770903 0.00642977 -2.24086 -1.72028 2.35022 3.79943 1.70158 -1.13453 -1.89889 -0.581511 0.84448 -0.0731183 -0.502564 0.0291759 -0.675467 0.123719 -0.0661362 -0.670428 -0.670428 
0.550239 0.550239 0.43674 -0.618113 -0.356694 0.884209 1.06167 0.386639 0.268578 -0.323236 -0.995407 -0.334235 0.531164 0.499472 -0.366291 -0.422493 0.0773508 0.41655 -0.395144 -0.903531 0.87559 0.664993 -0.889018 -0.27638 0.2712 0.246406 1.38524 1.13808 -1.58052 -1.82368 1.57894 2.21595 -0.755981 -1.50296 -0.184396 0.571713 0.635216 -0.156362 -0.761383 0.327554 1.11591 1.9313 0.666875 -1.51761 -0.0973261 -0.191608 -1.66223 -0.749619 1.04356 1.38809 0.559058 0.556685 -0.811461 -2.59105 -1.28424 -1.28424 
-0.210109 -0.210109 -0.628524 0.491842 0.397748 -0.708998 -1.03859 -1.77706 -0.0547256 1.92022 0.877288 -0.0156133 0.589901 0.0556647 -0.218015 0.950287 0.993363 0.138937 -0.225188 0.572174 0.910025 -0.413398 -1.1031 -0.504199 0.498536 1.18557 -0.310007 -1.72447 0.354894 1.57619 0.0168308 0.0431204 0.464906 -0.834794 -0.559723 1.16054 1.04861 -0.311564 -0.846854 -0.182317 0.522979 -0.29916 -2.11915 -1.76392 0.987283 1.23098 0.594406 1.54816 0.181338 0.661698 2.03696 -0.165589 -2.0697 -2.12032 -0.797626 -0.797626 
0.0610569 0.0610569 0.177813 -0.0631987 0.251143 -0.184246 -0.547745 1.69996 1.2763 -1.87413 -1.49588 0.195058 0.279705 0.63058 -0.0404898 -1.16949 -0.35587 0.640136 0.772937 0.462726 -0.225592 -0.514363 -0.215731 0.0329277 0.220983 -0.246437 -0.655234 0.591 0.713792 -0.371723 -0.286612 -0.529312 -0.19717 1.30836 1.09432 -0.133472 -0.472187 0.356639 0.539314 -0.963013 -1.4003 -0.0570425 2.28787 2.21644 -0.667617 -0.957624 -1.08984 -1.78903 1.43243 2.8191 -1.13368 -2.21941 0.118285 0.165136 -0.27431 -0.27431 
0.625453 0.625453 0.905424 -0.0135509 0.069803 0.723127 0.0896824 -1.32685 -0.631152 1.05701 -0.190119 -0.431546 0.423374 0.0660784 -0.110672 -0.298892 -0.136949 -0.0606206 0.089172 -0.251869 -0.110687 0.708262 0.402553 0.311342 -0.0496926 -0.261569 0.282062 -0.609541 -1.23311 -0.278365 0.424571 0.252928 0.167202 0.193682 0.7767 0.313371 -1.21297 0.112149 0.684197 -0.349373 0.444728 0.454996 -2.66554 -3.48285 1.55166 3.50577 0.436096 -1.44469 -0.328814 1.16027 -0.960551 -1.36042 1.20779 0.585483 -0.424994 -0.424994 
-0.659407 -0.659407 -0.671453 -0.119731 -0.635038 -1.33506 0.163645 1.51473 0.800881 0.0900227 0.0184514 -0.367254 -0.653498 0.197908 0.431772 0.298742 0.228673 0.126859 -0.852217 -1.17428 0.278392 0.342306 0.194831 0.395891 0.00068519 -0.466366 -1.25151 -0.190623 0.719883 -0.358431 -0.319326 0.523634 0.525008 -0.408786 -0.345 0.586146 0.169705 -1.18389 -1.69032 0.196166 0.193326 -0.817985 1.58405 0.253725 -0.813865 1.18554 -1.14348 -0.386324 2.11564 0.735965 -1.05316 -2.78098 -0.113767 3.3154 1.6316 1.6316 
0.0903122 0.0903122 0.695007 0.289097 -0.558798 1.39645 0.765385 -2.23379 -1.35799 -0.300948 1.0873 1.42761 -1.01379 -1.26576 0.307183 0.611753 -0.559774 -0.411646 0.316366 0.088642 -0.229611 -0.430195 -0.718058 -0.180835 0.93955 -0.805942 -1.34918 1.21571 1.91119 0.772504 -0.121819 -1.07289 -1.42266 -0.159984 -0.155854 0.627307 2.69072 0.449026 -1.5921 0.887869 1.74897 -0.168649 -0.930908 -1.29985 -1.32631 0.226443 0.593942 -0.693181 -0.431436 -1.23032 -0.699693 1.24507 0.238605 0.504847 0.752402 0.752402 
