18
0.933139 0.986121 1.03297 1.07491 1.0198 0.881898 0.705603 0.479037 0.292673 0.167664 0.0666917 -0.168616 -0.588174 -0.869395 -1.2752 -1.46489 -1.57202 -1.70222 
-0.0384428 0.249005 0.429702 0.237146 0.490947 0.357014 0.637908 0.625335 0.640053 0.86715 0.655997 0.695699 0.504885 0.385433 -0.610754 -1.72391 -2.2755 -2.12767 
0.437526 -0.711039 -0.810582 -0.754956 -1.30949 -1.22019 -1.23669 -0.644807 -0.394562 -0.347252 0.171537 0.462102 0.897737 1.85062 2.00955 0.707693 0.100305 0.792493 
-0.324527 0.821667 0.920696 0.986553 1.40021 1.56882 0.490037 0.3299 -0.0762522 0.0862433 0.139163 0.424446 -1.11183 -1.53545 -0.519032 -1.42569 -1.84711 -0.327831 
1.40087 1.18602 0.838623 0.104465 -0.201733 -0.598639 0.489092 0.0586539 -0.165316 -0.502985 -0.919266 -1.32571 -2.10869 -0.947119 -0.187302 0.491164 0.515242 1.87262 
0.333733 -0.208586 -0.0676342 0.21378 -0.300146 0.442186 -0.546942 -0.651894 -1.29597 -1.4872 -0.701067 -0.694388 -0.942128 -0.101977 0.78364 1.39155 1.66603 2.16701 
-0.589945 -0.323579 0.0945299 0.0824306 0.647521 -0.0935117 1.77251 1.10929 1.13678 0.996748 0.979326 0.559956 -0.997325 -0.215334 -1.16444 -0.877612 -1.28785 -1.8295 
-1.72834 -1.6089 -1.25311 -1.23432 -1.29471 -0.257646 -0.110601 -0.0324456 0.744704 0.41368 0.834245 0.830872 0.912591 1.52714 0.664121 0.454146 0.600903 0.537675 
-0.26488 -0.731468 -1.47939 -0.101252 0.455352 -0.228795 -1.19192 -1.45743 -1.00814 -0.491642 -0.326546 -0.0604421 1.83764 1.39054 0.764284 1.42297 0.631751 0.839361 
0.525305 0.691094 0.546611 -0.0649518 -0.469284 -1.23391 -1.18067 -1.4297 -1.1654 -0.816901 -0.808132 -0.352647 -0.34082 1.00145 1.45894 1.08652 1.64641 0.906079 
1.81962 0.341029 0.540372 0.566504 1.20612 1.43135 0.505511 -0.62526 -0.503945 0.292441 -0.260451 -1.82556 -0.163243 0.301056 -0.0501616 -0.746707 -0.971822 -1.85686 
0.866823 1.22397 1.19937 1.46138 1.12052 1.01489 0.603425 0.389229 0.0133255 -0.254209 -0.424841 -0.949268 -0.495213 -1.08479 -0.914193 -1.0644 -1.05567 -1.65035 
-0.642942 -1.348 -0.955501 -1.20438 -0.466816 0.68929 -0.674679 0.0413249 0.652925 0.538896 -0.440635 -0.952779 1.34693 -0.381407 -0.403799 0.486249 1.56063 2.15468 
1.53844 1.53844 1.49557 1.09948 0.400745 -0.070069 -0.414511 -0.453625 -0.0590761 0.27267 -0.155842 -1.39355 -1.57193 -1.5185 -1.16288 -0.00252013 0.228579 0.228579 
1.0256 1.0256 0.342701 0.446707 0.530109 0.568653 0.741312 0.362625 0.703601 0.382257 0.115652 0.144588 -0.0818396 -1.22764 -2.64137 -2.00885 -0.214855 -0.214855 
-1.35866 -1.35866 -0.0479827 -0.543208 -0.506558 0.0790553 0.626085 0.916417 0.323687 0.61598 0.880746 0.790237 1.51113 1.20995 -1.24418 -2.07827 0.0921172 0.0921172 
1.28097 1.28097 0.185696 0.50467 0.608846 -0.904223 -1.23752 -0.555588 -0.228495 0.236924 0.361409 -1.24976 -1.96846 0.619528 0.129803 -1.32791 1.13157 1.13157 
-0.58176 -0.58176 -1.08807 -1.0479 -0.71909 0.639934 0.607242 -0.671613 -0.581167 -0.768663 -0.835716 -1.19323 0.335521 1.83968 1.36867 0.65136 1.31327 1.31327 
-0.788831 -0.788831 0.245623 -0.576779 0.00204585 -0.594718 -1.65875 -1.22543 -1.33378 0.462302 0.710836 -0.587517 0.459167 1.88245 1.5908 0.823326 0.68904 0.68904 
1.01034 1.01034 0.667976 0.848686 -0.0475207 1.55195 1.64762 -0.612823 0.030427 -0.0247886 -0.368229 -2.26145 -0.784406 -0.0366625 -0.645459 0.0170585 -1.00153 -1.00153 
0.383168 0.383168 0.185918 -0.629626 1.36583 1.77232 -0.106796 1.12798 0.326137 -0.37264 0.269437 -0.394578 0.816332 -1.03502 -2.65079 -0.671992 -0.384421 -0.384421 
-1.1114 -1.1114 0.526561 1.68486 -0.146265 -1.49565 -1.12394 0.130157 0.824517 0.572184 0.349851 1.8886 1.25533 -0.986071 -0.00421985 -0.150695 -0.551214 -0.551214 
-0.0587946 -0.0587946 -1.09562 -1.4422 -1.64635 -1.03605 -0.348357 -0.066837 0.730131 0.389306 0.532006 0.536084 1.71887 2.31328 0.026256 0.162835 -0.327886 -0.327886 
-0.771683 -0.771683 0.56404 0.954866 1.1316 -0.258035 -1.46174 -0.53219 1.17852 0.580034 -1.51623 0.450179 2.25166 0.464269 -0.566195 -0.454255 -0.621578 -0.621578 
1.75775 1.75775 1.485 0.578307 -0.475683 -0.678109 -0.989362 -0.887406 -1.04032 -0.451824 -1.18831 0.602613 0.415825 -0.39682 0.862818 0.398771 -0.875502 -0.875502 
-0.594125 -0.594125 -0.209635 0.081204 1.26539 -0.505882 -0.876823 0.788287 0.0886937 -1.25239 -1.58794 1.17597 0.150897 -1.80629 0.400621 1.32504 1.07556 1.07556 
0.104592 0.104592 -0.344653 -1.08854 -1.1733 -0.771453 -0.281819 0.556345 0.976975 0.0434585 -1.73662 -1.45291 0.0114946 0.617145 1.87264 1.73141 0.415324 0.415324 
-0.520404 -0.520404 -0.431207 0.225992 0.169851 0.246399 -0.111429 0.0329238 0.0821027 -0.438974 -0.138565 -0.104108 -1.11159 -2.12985 -0.60472 2.1463 1.60384 1.60384 
0.665134 0.665134 0.320615 -0.565704 0.186215 0.541277 0.335855 -0.457054 -0.45569 0.140853 -0.125454 0.191862 0.0453077 -2.1635 -2.53424 0.682955 1.26321 1.26321 
-0.725406 -0.725406 -0.524979 0.228694 -0.922468 -1.19735 0.181873 0.596826 0.460782 0.333474 -0.971349 -1.50116 1.13737 1.28125 -1.26086 0.592268 1.50822 1.50822 
-0.638846 -0.638846 -0.603474 0.131882 1.29319 0.974877 -1.3479 -1.23947 -0.278476 -0.417161 -0.566869 0.838309 2.4776 0.716721 -1.23939 -0.241802 0.389826 0.389826 
0.717335 0.717335 -0.00189416 -0.400363 -0.203031 -1.63978 -0.738932 0.0968568 1.28866 1.60077 -1.10546 -0.407439 1.97276 0.802326 -1.11359 -0.975977 -0.304782 -0.304782 
-0.0374114 -0.0374114 0.119023 -0.360417 0.867753 1.72638 -1.615 -1.14098 0.768004 -0.0861392 -1.67724 -0.101306 2.18489 0.379245 0.305468 -0.0492736 -0.622792 -0.622792 
-0.0861562 -0.0861562 -0.68681 0.928131 1.82817 -1.02548 -0.41544 0.377977 -1.0461 0.0173596 0.0429613 0.461911 -0.41257 -2.49444 0.326491 1.72832 0.270917 0.270917 
0.926426 0.926426 1.63851 -0.494155 -2.03579 -0.681563 0.91896 1.11731 0.191214 -0.372334 0.728754 0.476126 -1.84776 -0.85485 0.43303 -0.416798 -0.326751 -0.326751 
-0.829319 -0.829319 -1.14104 -0.392122 0.468517 1.27066 0.974954 1.07324 0.513485 -0.0749784 0.235236 1.17071 1.70167 -1.41915 -1.83094 -0.215303 -0.338145 -0.338145 
0.706624 0.706624 0.92683 0.273814 -0.729363 -1.50715 -0.200439 1.44164 0.580697 -1.56429 -0.119136 2.07699 -0.0380314 -1.63365 -0.5635 -0.0771755 -0.140246 -0.140246 
0.106754 0.106754 -0.808282 -1.59671 -0.885961 -0.136392 0.170789 0.330581 0.821599 0.232659 1.44614 2.0009 -0.626614 0.833114 1.18492 -1.3723 -0.903982 -0.903982 
0.117638 0.117638 0.296329 0.787662 -0.479295 -1.43476 0.676542 0.474619 -1.37238 -1.14871 1.37338 0.949747 -1.95088 0.0348382 1.80529 0.296088 -0.271871 -0.271871 
