41
0.152222 0.135412 0.0260595 -0.114417 0.460393 1.19134 1.18005 1.1302 1.2584 1.24169 1.29722 1.31263 1.264 1.22915 1.16905 1.06844 0.982584 0.874248 0.657182 0.579796 0.390394 0.262698 0.116146 -0.0880172 -0.199818 -0.427217 -0.696246 -0.977529 -1.16066 -1.24193 -1.27508 -1.38504 -1.40028 -1.31991 -0.84917 -0.948997 -0.778165 -1.0673 -1.21291 -1.20026 -1.63636 
-3.20354 -2.86911 -2.82262 -2.54716 -1.05496 -0.435532 -0.0762074 0.175698 0.181228 0.304806 0.418532 0.41656 0.503573 0.4583 0.541935 0.45042 0.376215 0.336599 0.273941 0.387879 0.318348 0.454803 0.34275 0.355696 0.322452 0.216479 0.308815 0.276441 0.185967 0.364273 0.366005 0.416162 0.629382 0.479311 0.539454 0.674051 0.714716 0.601577 0.376358 0.247421 -0.00701793 
0.460413 0.156387 0.142374 0.105489 1.15588 0.315487 -0.717125 -1.29761 -1.55975 -1.28911 -1.74425 -1.69077 -1.46638 -1.41397 -1.69344 -1.28327 -1.17213 -0.919583 -0.703326 -0.419425 0.109111 0.209512 0.464694 0.467347 0.924889 1.05295 0.736007 1.30359 0.868401 0.778352 0.872625 1.41018 1.19449 1.26308 0.414236 0.604971 0.968804 1.07894 0.14613 -0.068191 0.233987 
-1.13701 -1.39586 -1.58989 -2.05878 0.570903 0.267431 -0.327568 -0.510872 1.19108 1.32114 1.5802 1.35198 0.654234 0.849071 0.937726 0.396739 0.377767 0.513514 0.401003 0.345988 -0.0694784 0.510516 1.17793 0.927164 1.11576 1.42851 1.20276 -0.00559608 -0.490086 -0.871746 -1.0077 -0.208245 -0.550703 -0.529576 0.230158 -0.386027 -0.507354 -0.983596 -1.45493 -1.411 -1.85555 
-0.514312 -0.305883 0.051448 -0.455543 1.52289 1.58451 1.58725 2.12107 1.72444 1.31119 1.35643 1.06184 1.11788 0.461706 0.0621795 -0.0887995 -0.217529 -0.254994 -0.733073 -1.08792 -0.842921 -1.328 -1.31503 -1.43029 -1.54051 -0.812042 -0.516343 -0.0987509 0.279493 -0.342577 0.526199 0.285161 0.405097 0.254987 -1.00709 -1.07539 -1.66808 -0.917244 0.201775 -0.0255272 0.662301 
-0.773109 -1.33055 -0.355941 0.528323 0.409229 -1.16426 -1.67121 -1.72574 -1.34914 -1.33792 -1.19841 -0.254688 0.0268099 -0.636115 -0.482544 0.291558 0.377289 -0.435467 -0.379867 -0.547646 -0.835477 -0.599179 -0.643826 -0.39979 0.119792 -0.678272 0.872972 1.15927 1.891 2.12894 1.09063 1.50137 0.886355 1.81769 0.718166 0.757937 0.165723 0.0293207 0.705551 -0.0390229 1.36024 
-1.39406 -1.86693 -1.0451 -0.106828 -0.274274 -0.511483 -0.792684 -0.535555 -0.505567 -0.400649 -0.694866 -0.234353 0.371752 1.13739 0.80867 1.04014 1.57543 1.51704 1.37689 1.4063 1.23113 1.56542 1.85896 1.35021 0.639068 0.420053 0.249698 -0.559711 -0.115976 0.0373136 -0.544847 -0.685656 -0.857966 -0.869072 -1.22719 -1.21153 -1.5262 -1.20951 -0.0187696 0.230845 0.372463 
0.0606382 -0.717002 0.542044 1.3042 0.342578 -0.361119 -0.131297 -0.440253 -1.13032 -1.69002 -1.53 -2.01534 -1.70084 -1.53029 -0.673651 -0.302379 -0.556312 -0.296759 0.310813 0.205188 0.351113 0.740998 1.37057 1.28582 0.794374 0.837826 0.279974 -0.210053 -0.849554 -0.687373 -0.590178 -0.943157 0.148375 -0.705356 1.33138 1.01977 1.72994 0.705651 1.06232 1.89094 0.746746 
0.0257801 -0.465891 0.138896 1.62579 1.22259 0.802876 0.351172 -0.398981 -0.619944 -0.523204 -0.824829 -0.855829 -1.1689 -1.33963 -1.62472 -2.01153 -0.989527 -1.18216 -0.809814 -0.565487 -0.877619 -0.547137 -0.60515 -0.939361 -0.456146 0.138258 -0.35838 -0.291103 0.48152 1.36576 0.755413 0.0694614 1.07132 0.607149 1.73514 1.801 1.1269 1.09732 1.66139 0.835299 0.542317 
0.680176 0.181607 1.24701 1.67621 0.889456 1.06225 1.58788 1.66629 1.41732 0.0995074 0.749025 0.596477 0.522689 0.165552 -0.207318 -0.670752 -0.957776 -1.53726 -1.78752 -1.50855 -1.12484 -1.2742 -1.38152 -1.51732 -1.23201 -0.989788 -0.47414 0.0884633 0.450188 0.632547 1.09024 1.01513 0.35563 -0.445575 -0.684986 -0.706778 -0.91126 -0.0705974 0.528932 0.193249 0.586379 
1.03779 0.868608 1.87536 2.17929 -0.0734764 -0.528813 -0.302056 0.210005 -0.622344 -0.780534 -0.385554 -0.402574 -0.23674 -0.169544 0.10741 0.494926 -0.318801 -0.625304 -0.964866 -0.737641 -0.369788 -0.757055 -1.29918 -1.44522 -1.57697 -1.48105 -1.66036 -1.24751 -0.00599765 0.386204 0.105651 0.154958 -0.137614 -0.230397 1.46996 1.27901 1.35116 1.61023 1.61719 0.816714 0.794917 
-1.419 -1.35239 -0.675414 -1.17768 -0.597978 1.04631 0.950305 0.704724 0.872428 0.820985 0.0926856 0.581415 0.656577 1.68646 2.13275 2.05553 1.44698 1.15733 0.595257 0.763763 0.691867 0.457029 -0.523582 -0.902022 -1.02264 -1.57116 -1.86528 -1.25986 -0.620843 0.149688 -0.433866 -0.622542 -0.319883 -0.077798 0.359699 -0.328511 -0.526598 -0.129479 -0.244641 -0.87281 -0.677813 
1.32802 1.67106 1.64819 1.24622 1.28145 1.18945 1.25549 0.180229 0.142972 0.928817 0.260666 -0.16428 0.0802371 0.583889 0.422503 0.219054 0.7328 0.594199 0.88194 0.857933 0.942863 0.277803 -0.339902 -0.297792 -0.678442 -1.02379 -1.22526 -0.351715 -0.699048 -0.663695 -0.709116 -0.154247 0.11869 -0.319235 -1.56389 -2.38767 -1.70299 -1.15731 -1.39609 -1.40617 -0.60382 
-0.103271 -0.103271 -0.452624 1.48011 3.94186 2.28614 0.0804056 0.474479 0.568086 0.362774 0.453555 0.159298 0.0173054 -0.015078 -0.200858 -0.273636 -0.295462 -0.666113 -0.578682 -0.500534 -0.642657 -0.521606 -0.737622 -0.639452 -0.705094 -1.14926 -1.30148 -1.05882 -0.493783 -0.0700924 -0.151152 -0.100549 0.437136 1.81 1.30094 0.453723 -0.0810788 -0.975017 -0.122449 -0.943087 -0.943087 
0.469751 0.469751 0.34772 3.33938 4.05118 1.70688 0.94634 0.214215 -0.0513389 0.172556 -0.0872491 -0.142528 -0.232134 -0.239124 -0.334813 -0.66144 -0.554043 -0.530146 -0.212391 -0.226616 -0.180018 -0.268011 -0.523595 -0.360512 -0.606597 -0.346726 -0.194425 -0.572724 -0.136753 0.0540541 -0.21113 0.226511 -0.187831 -0.5046 0.0844774 0.0441696 -0.468482 -1.01869 -1.05138 -1.11184 -1.11184 
-0.481451 -0.481451 -0.0547587 1.64536 0.361957 -2.96512 -2.54998 -1.31935 0.040106 -0.268148 -0.615005 0.47036 0.468651 -0.336133 0.235301 0.859193 0.607437 0.775338 0.825416 1.3242 1.03111 0.594493 0.438365 0.761584 0.96189 -0.275155 0.426882 0.238003 -0.812407 0.0332839 1.03572 0.540641 -0.208423 -1.21973 -1.02462 0.91232 0.783591 -1.28748 -1.80573 0.166866 0.166866 
-0.46514 -0.46514 -0.701015 2.47018 2.65595 -0.965563 -0.830606 1.74901 2.10094 0.480479 0.0781079 -0.996439 -0.521319 0.361854 -0.464521 -0.585393 0.174622 0.069572 -0.144666 -0.484904 0.228251 1.44439 0.511396 -0.0263388 0.606519 0.141178 -1.56711 -1.8577 -0.929265 -0.537831 0.788629 0.556706 -0.317398 0.920431 0.20469 -0.784796 -0.627631 -1.02071 -0.436527 -0.406444 -0.406444 
0.661891 0.661891 -0.275435 1.8485 2.59348 0.00496795 0.623629 0.100387 -1.14043 -0.561513 -0.406052 -0.39189 -0.865632 -1.46251 -0.800612 -0.445821 -0.297098 -0.754806 -1.17063 -0.223275 -0.393896 -0.697902 -0.213377 -0.374767 0.730658 1.26248 0.855183 0.963331 -0.398809 0.243875 0.743094 -0.238018 -0.118887 -1.92957 -1.82238 -0.945356 0.127846 2.37048 1.08895 0.524016 0.524016 
0.363269 0.363269 2.06649 0.774397 -2.12918 -2.58739 -0.792902 0.250923 0.328601 0.048497 1.15015 1.3179 -0.580186 -0.731319 0.966377 0.886231 -0.988475 -1.02407 -0.2621 -0.667827 -0.190452 0.0968446 0.105987 0.772563 -0.458569 0.760232 2.04129 1.07312 1.01599 -1.07512 -0.870978 -0.370906 0.244127 -0.328268 -1.38156 -0.782224 -0.990355 0.508179 -0.210312 0.643875 0.643875 
0.349131 0.349131 2.43093 0.97149 -0.762651 -0.930469 -0.201191 0.257895 0.0333426 -0.444945 0.0796506 1.40786 1.858 0.47889 -0.309154 0.965491 0.537884 -0.458574 -0.329061 -0.380717 0.0690649 0.760537 -0.483168 -1.96534 -1.5379 -0.740102 -1.61109 -0.705144 0.715089 -0.798376 -1.23225 -0.627611 -0.436266 -0.710381 -0.670888 -0.606792 -0.162701 2.05817 1.95922 0.411492 0.411492 
0.488579 0.488579 2.38348 -0.349315 -2.15322 -0.687008 -0.201232 -1.33327 -1.64184 -0.595696 -0.504194 -0.314094 0.493074 1.16023 1.40724 0.0405513 -0.0969334 0.963251 0.513858 -0.054255 0.555529 1.15072 0.566614 -0.81293 -0.655153 -0.736878 -1.39339 -1.49387 -0.691247 0.215344 -0.418621 0.805028 0.188794 1.35198 2.01913 0.386628 -0.490413 -0.925433 1.35479 -0.492202 -0.492202 
0.118364 0.118364 2.62801 1.34945 -1.06891 -1.13043 -1.54956 -1.25689 -0.18268 -0.284992 -0.447019 -0.461544 -0.638778 -0.603271 -0.87736 0.780569 1.02687 0.202838 0.757086 -0.111119 -0.00183896 0.32049 -0.522616 0.163886 1.34175 0.0988935 -0.569721 1.04023 2.07647 0.322296 -1.66935 0.375586 0.656896 0.816886 1.48918 -0.796615 -0.917666 0.652848 -0.357466 -1.44457 -1.44457 
0.752138 0.752138 2.01262 -0.503738 -0.8521 0.930922 0.802693 -0.249689 -2.14661 -0.925917 0.657224 -0.325467 -0.603424 -1.00976 -1.15417 -1.03754 -1.19521 -1.14526 0.0210372 0.882354 0.300419 -0.36668 -0.348269 0.185162 0.698752 1.01168 1.44696 1.23784 0.721234 0.851611 0.501812 -1.01601 -2.00249 -1.43176 -0.372837 -0.325383 0.846357 1.9387 0.3405 0.0600838 0.0600838 
0.927049 0.927049 1.44647 -2.13213 -2.96571 -0.243472 0.818623 -0.344157 -1.08002 0.267453 0.422442 0.170865 0.263324 0.385321 0.736998 -0.460449 -1.2224 -0.701824 -0.115851 0.660813 -0.0138307 -1.01288 -0.748045 -0.297498 -0.0318562 -0.084074 0.263883 1.82379 1.80112 0.130061 -0.246398 -0.259594 -0.415593 1.77242 1.66464 -0.122943 0.371131 0.299553 -0.863714 -0.895281 -0.895281 
0.8595 0.8595 0.167169 0.0487888 2.66116 1.83881 -0.461166 -0.140226 0.0960397 -0.994399 -0.337008 0.640807 1.2994 1.75105 0.403702 -0.880028 -1.13856 -1.082 -0.524416 0.0721238 -0.418747 -1.52465 -1.69942 -0.652802 -0.859787 -1.07095 0.333398 1.46903 1.66997 0.182102 -0.985256 0.0932668 0.617504 0.781603 -0.350569 -1.12408 0.196773 0.297692 -0.950086 -0.572621 -0.572621 
0.580548 0.580548 -0.461121 -0.379897 0.0535005 0.0965981 -1.27822 -1.42266 1.17958 0.297449 -1.3955 -0.119393 1.17899 0.611449 -0.377233 0.56675 0.657421 0.341417 0.501645 0.21807 -0.678263 -1.6607 -0.671921 -0.340467 -0.88222 -0.63169 1.0726 0.868652 -0.30333 0.118809 0.845206 1.29034 -0.0978025 -2.21973 -2.75924 -0.0616041 1.85319 0.56199 -0.215069 1.24066 1.24066 
-0.236725 -0.236725 1.39818 3.77609 0.740615 -3.20761 -1.4737 0.471322 -0.0356987 -0.0380897 -0.113328 -0.310231 -0.088712 -0.125752 -0.159922 -0.0212324 -0.273204 -0.180784 0.198857 0.00467659 0.0409673 -0.0215389 -0.0408929 0.0863084 -0.372454 -0.445688 0.135293 0.742022 0.89516 0.348625 0.0330291 0.556426 1.67493 0.789485 -1.08848 -1.11026 -1.14978 0.0237973 0.0858026 -0.635385 -0.635385 
-0.0397777 -0.0397777 2.90365 3.72404 -1.52589 -2.97449 -1.38831 -0.901306 0.0392992 0.0449552 -0.229717 -0.0622626 -0.014752 -0.0207367 -0.335221 -0.135409 0.209464 0.416429 0.378923 0.112138 0.0395584 -0.257751 -0.0107232 -0.00137768 0.0938506 0.485813 -0.142067 0.137029 0.696958 0.00710857 0.249963 0.10321 -0.639037 0.348205 0.620208 -0.463757 -0.965434 -0.493213 -0.0113682 0.0207962 0.0207962 
0.22139 0.22139 1.33977 0.214827 -3.09219 -1.97485 1.02333 1.64453 0.632206 -0.490248 0.426511 0.653558 -0.589831 -0.212803 0.727017 0.185501 -0.114462 0.0840928 0.301759 0.0760098 -0.539322 -0.44922 0.0506175 0.285089 -0.741293 -0.411241 0.27827 -0.874536 -0.193969 1.15645 0.274453 -0.877731 -1.21732 -0.596216 1.34322 1.13019 -1.50638 -1.76262 0.897406 1.23832 1.23832 
-0.148551 -0.148551 1.86706 2.13505 -2.18238 -2.21468 1.72675 1.86465 -0.804907 -1.28434 -0.937356 -0.379624 0.8647 0.0374708 -0.600699 0.407609 0.417665 -0.201569 -0.351054 0.238396 1.22763 0.181337 -0.933423 0.06183 0.107844 -1.38019 -1.26911 0.406786 0.840274 1.09326 0.697057 -0.701619 0.232554 0.333209 -1.08247 -0.527651 -0.148579 0.122836 0.3918 0.020491 0.020491 
-0.717884 -0.717884 0.987713 2.33867 -1.4456 -1.54704 0.11145 -1.38178 -0.496707 0.624559 0.171039 -0.334235 -0.824923 0.0870378 0.851264 0.439166 -0.213302 -0.666656 0.461665 0.658572 -0.346319 0.179789 0.294315 0.792921 1.3496 0.134823 -0.205405 -0.972179 -0.542926 0.951817 -0.352153 -0.657379 -1.32356 -1.33315 0.825188 1.60093 2.69757 0.80663 -1.44796 -0.418841 -0.418841 
1.06192 1.06192 0.218671 -2.78784 -2.24363 0.822448 1.80271 0.68228 -0.18175 0.486524 0.778802 -1.1789 -1.38701 0.959686 1.00601 -1.32543 -1.29635 0.42441 0.182853 -0.00288196 0.449403 0.143822 0.39135 -0.418085 -0.0576889 1.58183 0.15456 -0.718774 -1.45164 -1.28113 0.409947 0.678104 -0.0218145 -1.1106 -0.345904 0.205667 0.792509 0.459435 0.0389175 0.507823 0.507823 
1.44133 1.44133 0.42303 -2.23948 -1.33827 0.380539 0.817952 0.152431 -0.501607 0.0210994 1.28156 1.22961 -0.659388 -1.52331 0.328308 0.579797 -1.00483 -0.616109 0.043112 0.266575 0.785081 -0.396523 -1.91315 -0.747136 0.843679 -0.0622762 0.0131803 1.61184 -0.0762629 -1.36994 0.107937 0.544173 -0.0689624 -0.174915 0.061066 0.343368 1.84823 1.46933 -1.16016 -1.09111 -1.09111 
1.35906 1.35906 -0.553836 -3.14292 -0.203707 1.39902 -0.419696 -0.975724 0.548955 0.828999 0.229786 0.730737 1.06467 0.672565 -0.751081 -1.02022 0.678541 0.460211 -0.679561 0.0618405 0.876126 0.0404303 -1.34184 -0.82254 0.0859055 -0.484078 -0.497205 0.524155 1.22908 0.223503 0.445437 0.457849 0.415525 1.31386 -0.643054 -1.72395 -0.885743 1.32427 0.335923 -1.26018 -1.26018 
1.63254 1.63254 0.814379 -2.33913 -1.56033 -0.280993 -0.0543402 0.901277 0.648518 -0.14257 -0.0863936 -0.0961245 -0.0641083 -0.126088 0.912126 1.24513 -0.343115 -0.146056 -0.174321 -0.459063 0.302778 -0.306669 -0.0736287 1.21962 -0.0150047 -1.1966 0.628959 1.71993 -0.43283 -2.37043 0.0606855 1.51519 0.30898 0.559177 -1.00592 -1.5136 0.954119 0.385066 -1.31558 -0.669067 -0.669067 
0.931855 0.931855 -0.914022 -2.09419 1.05963 1.22111 -0.858811 -2.15624 -0.48882 2.06399 0.44769 -0.917522 -0.494734 -0.396776 -0.0131541 -0.0228692 -0.0717872 0.899407 1.49459 0.21217 -0.909003 -0.468618 0.412035 0.775274 0.613522 0.556078 0.173128 -0.525129 -0.276088 -0.153728 -1.36277 -1.82981 -0.297745 1.20266 0.818812 0.901572 1.66805 -0.363844 -1.37083 -0.198471 -0.198471 
0.385256 0.385256 -1.92635 -2.80033 1.26972 2.49424 -0.0153026 -1.1767 0.444807 1.02026 -0.0126557 -0.0530476 0.188264 0.355707 -0.496593 -1.21595 -0.106182 0.764519 0.929937 0.115636 -1.0314 -0.424533 0.511842 0.51236 0.187598 0.24077 1.28213 1.04272 -1.04434 -1.27287 -0.201964 -0.0595567 1.36232 1.39347 -1.17458 -0.785815 0.322649 -0.747918 -0.722073 0.0293445 0.0293445 
-0.433017 -0.433017 -0.516397 1.81121 1.31539 -2.14454 -1.33929 0.447072 -0.547008 -0.250396 1.20634 1.20719 0.836594 -0.576254 -1.79854 -1.03166 -0.0876413 0.487179 0.8675 0.12904 -1.07005 -0.847406 0.668687 0.645994 -0.239899 0.895012 1.8436 0.996007 -0.851812 -1.81555 -0.00795612 1.18349 0.539431 -0.627232 -1.28762 0.440124 1.05601 -0.753157 -0.558377 0.320474 0.320474 
-0.660454 -0.660454 -0.610965 0.287782 0.264552 -0.837181 -0.951446 1.47175 1.02228 -1.59475 -0.279751 1.54285 0.419523 -0.973967 -0.0530072 0.604634 -0.163067 -0.120686 -0.100927 -0.744681 -1.17049 -0.0219089 0.778636 -0.153906 -0.203213 1.16528 0.888374 -0.864114 -0.482646 0.674022 0.688032 -0.600341 -2.16443 -1.64737 1.28915 2.78455 0.354178 -1.28595 0.387736 0.861191 0.861191 
