58
1.41527 1.37762 1.39697 1.33666 1.36481 1.31556 1.21398 1.25942 1.28454 1.23998 1.15529 1.18797 1.24508 1.12237 1.05763 0.996446 0.918054 0.820593 0.636817 0.595131 0.459594 0.363374 0.24094 0.130022 0.224413 0.167884 0.140395 0.0875084 0.084548 -0.0452403 -0.069079 -0.0894561 -0.11834 -0.239083 -0.308272 -0.317842 -0.432656 -0.481939 -0.609206 -0.563354 -0.652764 -0.799883 -0.86789 -0.950565 -0.927051 -1.05583 -1.32383 -1.24917 -1.29521 -1.21158 -1.59884 -1.18452 -1.46064 -2.04234 -1.31448 -0.947592 -1.25963 -1.42258 
0.075969 0.841288 1.22255 1.00226 1.0683 1.02675 1.1026 1.51328 1.52605 0.932871 1.02933 0.573203 -0.102802 0.197205 0.117936 -0.106569 -0.462613 -0.251083 0.268931 -0.0183588 0.110315 0.620405 0.800954 0.813108 0.00762771 0.728551 0.582097 0.598435 0.628343 0.549781 0.128521 -0.138156 -0.510899 -0.469475 -0.501181 -0.00548843 -0.206139 0.25406 0.125909 -0.0351597 -0.337609 0.173876 0.154532 0.0700719 0.318683 0.272599 -0.528284 0.137539 -1.01853 -2.09915 -1.69751 -1.50106 -2.40222 -4.21905 -1.35947 -1.37333 -0.100746 -0.129049 
-0.790768 -1.30615 -2.07428 -1.82202 -1.8818 -1.52252 -1.15213 -1.6559 -1.7589 -1.14154 -0.725856 -0.50702 -0.484353 -0.784915 -0.868299 -0.920686 -0.622202 -0.240153 -0.367298 -1.04537 -0.499851 0.166197 0.136993 -0.397894 -0.788948 -0.497413 -0.0676328 0.204879 0.180155 0.618673 0.458416 0.178143 0.145876 0.571351 0.738218 0.408699 0.626895 0.279723 0.722329 0.325855 1.12885 1.31621 0.70495 1.3242 1.7566 2.01931 1.36293 1.79192 1.61087 0.530369 0.688061 0.956415 0.391167 0.157656 0.947086 0.543143 0.649957 0.281809 
-3.18647 -2.58723 -1.64201 -1.10192 -0.768006 -0.516725 -0.124087 -0.275084 -0.494966 -0.510363 -0.84376 -0.87921 -0.556325 0.0595982 -0.0206297 -0.0937118 0.736757 0.525937 0.707276 0.697555 0.574866 0.649462 0.79003 0.924901 0.99787 1.01735 0.986832 0.947548 0.640926 0.92067 1.12298 0.997319 0.951702 0.788566 1.05935 0.705701 0.729587 0.506661 0.642849 0.225297 0.511676 0.699995 0.277071 0.521503 0.551869 0.614262 0.000617654 -0.375919 -0.098982 0.127147 -1.04 0.525824 -0.545325 -1.25999 -0.787096 -0.51705 -1.59897 -2.91373 
1.56439 1.83372 1.49889 1.64215 1.38861 1.1653 0.73059 0.647957 0.36452 0.30682 0.347194 -0.162131 -0.366053 -0.581434 -0.426287 -0.596019 -1.16028 -1.0392 -1.1947 -0.983339 -0.286035 -0.66483 -1.286 -0.974271 -1.377 -0.984644 -0.811761 -1.27156 -1.10483 -1.51767 -1.32715 -0.998004 -0.893157 -0.516303 -0.474758 -0.553679 -0.898783 -0.784041 -0.548194 -0.17517 -0.331743 -0.166359 0.76938 0.853481 0.386217 0.686299 1.35418 0.655256 0.882448 0.886032 1.85861 0.532066 1.04902 2.30977 0.76374 -0.763191 -0.0677699 0.809712 
0.392294 -0.747405 -0.840476 -1.04823 -1.04231 -1.4262 -1.72015 -1.33503 -0.897255 -1.05187 -0.859798 -0.790932 -1.12482 -1.37351 -1.28525 -0.791247 -0.71216 -0.816998 -0.776575 -0.536041 -0.464988 -0.320176 -0.421543 -0.950455 -0.731798 -0.700164 -0.598467 -0.103057 -0.0503516 0.0289691 -0.27121 -0.20275 -0.0898128 -0.296384 -0.55192 -0.0558939 0.0452432 0.432976 0.412554 0.730925 0.52796 0.767901 1.05194 1.33106 1.38331 1.12456 1.02584 1.17189 1.37228 1.44546 1.66526 1.27724 1.36503 2.29737 1.59479 1.18851 1.33289 1.01898 
1.23749 1.57673 1.44428 1.12937 0.748275 0.728738 0.779955 1.06258 1.3337 1.53627 1.18492 1.13551 1.33352 1.15951 0.860948 0.552139 0.561945 0.952341 0.702948 0.801176 1.08958 0.929518 0.907704 0.461505 0.0505533 0.0149364 0.080428 0.24818 0.129745 0.0624597 0.000916606 -0.0957762 -0.0756413 -0.247301 -0.447637 -0.520918 -0.409868 -0.492607 -0.562892 -0.988505 -0.0836028 -0.375833 -1.03177 -1.27063 -1.49571 -1.20891 -0.892103 -0.862009 -1.77186 -1.41436 -2.06032 -1.05088 -1.49427 -0.914024 -1.34682 -1.08164 -1.23241 -1.36958 
0.432499 0.271945 0.297506 0.597354 1.70004 1.89442 2.08536 1.18441 0.809123 0.58572 0.513233 0.494081 -0.0896305 -0.058599 0.113759 0.520472 1.28666 1.64734 1.14 -0.14807 0.819176 1.03956 0.745808 0.640079 0.70653 0.527858 0.418975 -0.133076 -0.887509 -0.899759 -0.613916 -0.561799 -0.573681 -0.0545434 -0.174996 -0.3582 -0.883059 -1.04726 -0.831663 -1.01817 -1.74556 -1.50534 -1.70467 -1.65036 -0.755683 -1.06892 -0.586773 0.0221266 0.207631 -1.11263 -1.22176 -1.04021 -1.37619 -1.30057 -0.389235 -0.260263 2.00935 1.34108 
-1.65307 -1.81276 -1.84665 -1.41026 -1.85266 -1.4222 -0.898254 -1.09932 -1.19565 -0.827907 -0.529895 -0.91903 -1.10309 -0.532545 -0.192513 -0.410793 -0.498822 -0.636909 -0.583954 -0.133196 -1.48863 -1.62674 -0.344759 -0.0675729 -0.514426 -0.00524331 0.895615 0.0845713 0.529212 0.193404 0.827985 0.76818 0.414382 0.624851 1.19681 1.06718 0.910331 1.19891 0.748682 0.0962656 0.154952 0.468784 0.189637 0.68953 1.22082 0.575408 0.86414 0.289335 0.631173 1.2517 1.67861 1.22386 1.2199 -1.18438 1.00092 1.54563 0.924325 1.30615 
-2.37616 -2.52865 -1.98725 -1.58505 -0.865807 -0.84484 -1.48956 -0.694811 -0.442792 -1.07889 -0.729007 0.0338708 0.978192 1.21572 1.25616 1.63494 1.85278 0.169818 -0.487359 0.433237 -1.18791 0.104213 -0.545798 -0.245187 -0.504502 0.24677 0.25398 0.873312 0.108232 0.568476 0.335097 0.0501906 0.494224 0.581828 0.165208 -0.333721 0.0306175 -0.0666745 0.154545 0.478112 -0.328756 -1.13511 -0.592218 -0.663992 0.693853 1.96782 0.783437 0.00894967 1.0592 0.304709 1.23449 -0.402634 1.62335 0.753097 0.336612 -0.446668 -0.960223 1.73855 
-1.82202 -2.02922 -1.72121 -1.27962 -1.18682 -1.2869 -1.2208 -1.61271 -1.68661 -1.61711 -1.05218 -0.701829 -0.460644 -0.858136 -1.03569 -0.494775 -0.868135 -0.71046 -0.591934 -0.788318 -0.21184 -0.336334 -0.367392 -0.401538 0.193158 -0.0851182 -0.0543382 0.426221 0.819736 0.679685 0.344968 0.544302 0.681523 0.451891 0.292863 0.37578 0.6627 0.513226 0.0847057 0.405358 0.700342 0.438649 0.200342 -0.125198 0.697179 1.25858 1.90765 1.25022 1.07504 1.67627 1.22835 0.925154 0.92467 0.807883 1.39708 1.1696 1.13639 1.33737 
2.52438 2.49215 2.06459 1.3481 1.0286 0.753939 0.615497 1.12134 1.23103 1.33097 1.14277 1.33932 1.24879 1.21324 1.43695 1.02998 0.586768 0.118434 0.471719 0.211437 0.21045 -0.0307746 0.208107 -0.183482 -0.104996 -0.514156 -0.293981 -0.293757 -0.562871 -0.565814 -0.642116 -0.558756 -0.524777 -0.817762 -0.417379 -0.186649 -0.418328 -0.823406 -0.964044 -0.795248 -1.19436 -1.07777 -0.860644 -0.618824 -0.811476 -0.870796 -0.211466 -0.163764 -1.1536 -0.243728 -0.790161 -1.06882 -1.88405 -1.534 -1.16891 -0.771004 -0.290368 -0.316527 
1.86411 1.24831 0.663311 0.0790092 0.0867112 0.197557 0.210119 -0.528057 -0.951529 -0.67906 -1.0771 -2.02703 -1.81538 -1.35063 -1.74362 -1.24405 -1.00244 -0.770991 -0.948791 -1.07456 -0.101996 -0.505109 0.216218 0.643715 -0.0403042 -0.152999 0.136068 -0.539745 -0.328 -0.907268 -0.281892 -0.235496 -0.569794 0.239081 -0.45579 -0.932685 -0.942747 -0.0524591 -0.289517 0.339603 0.249238 0.919423 0.102195 0.292486 0.0125447 0.473525 1.78112 0.232305 0.510397 0.0230659 1.34839 0.841901 0.204831 1.51038 0.961493 0.569259 2.90458 2.68809 
0.372486 0.372486 0.27271 0.311441 0.360157 -0.211009 0.205892 0.763707 0.367468 -0.115966 0.224063 0.848376 0.164214 -0.372239 -0.101331 -0.161471 -0.321176 -0.78515 -0.539587 -0.327204 -0.567304 -0.509613 -0.574325 0.380287 0.619746 0.0831438 0.0991812 0.207176 -0.1314 -0.223321 0.258383 0.23617 -0.205709 -0.383159 0.106298 -0.0945746 -0.269418 -0.324244 0.0946094 0.261279 -0.588312 -0.494079 -0.210356 0.192584 -0.010381 -1.29384 -0.398171 0.579046 0.61855 -0.883742 0.572162 1.06153 -3.32365 1.09651 5.27288 0.694575 -1.63819 -1.63819 
1.3574 1.3574 0.168323 -0.211973 0.00368016 0.0155168 0.561093 0.484984 -0.726096 -0.625126 -0.459787 -1.39171 -0.479488 0.240433 -0.392355 -0.726264 -0.200217 0.856685 0.254893 -0.217232 0.744753 0.807337 0.20661 -0.982966 -0.127884 0.667186 -0.182847 0.029921 -0.0845701 -0.628873 -0.855821 -0.797288 -0.425586 -0.0141482 0.533896 0.330076 0.287256 0.374721 -0.374796 -0.585074 0.226315 0.567861 -0.151104 0.172165 0.218463 -1.04768 -0.188813 -0.617318 -2.72428 -0.845015 0.69568 -0.876058 -3.30494 1.23214 3.40729 1.49269 1.47527 1.47527 
-2.19247 -2.19247 -0.906829 0.279513 0.458761 1.1792 -0.266236 -1.05906 0.818605 1.68729 1.01984 0.361621 -0.508264 -0.685877 -0.270235 0.369315 1.09691 0.384065 -1.39142 -0.264846 1.98628 1.02374 -0.987584 -1.59361 -0.209519 1.16521 1.13335 0.372147 0.650174 0.423183 -0.780645 -0.566287 0.615696 0.949204 -0.315255 -0.229291 -0.258855 0.116987 0.0344141 0.637992 1.61579 -0.752793 -0.0294597 1.71845 1.12131 -0.702168 -0.42367 0.372415 -2.15569 -1.58837 0.670692 -0.540084 -1.3806 0.888203 0.602765 -0.540475 -0.480529 -0.480529 
2.07315 2.07315 1.99339 1.16906 0.779604 0.858796 0.316341 -0.509621 -0.32677 -0.479839 -0.506881 0.378092 1.25644 0.712861 -0.216237 1.0118 0.826069 -0.0492575 0.221918 -0.188054 -0.074356 0.280636 0.361915 0.27076 0.115165 -0.0243879 -0.103634 -0.475946 -0.0457483 0.640526 0.0938537 -0.240464 -0.291 0.135659 -0.121245 -0.454181 -0.277902 -0.126468 -0.388913 -0.186386 0.630609 -0.325861 -0.250194 0.361051 0.115578 -0.752846 -1.34473 -0.143811 0.668862 -1.27843 0.528097 0.65755 -2.41761 -0.335524 0.992329 -1.10429 -3.24134 -3.24134 
-0.0621299 -0.0621299 -0.233548 -0.123018 -0.621463 -0.867807 -0.676524 -0.470829 -0.436927 0.00337258 -0.610722 -0.942901 -0.543212 -0.0549714 0.00710027 -0.971112 -0.575677 -0.0198733 0.102883 1.26249 0.460023 -1.33276 -0.393829 -0.0968102 0.0128261 0.795511 -0.3632 -0.371561 -0.307719 -0.275368 0.733547 0.617046 0.681919 0.595846 -0.0238904 -0.549633 -0.286301 0.503641 0.85484 0.321249 0.0389111 1.52417 1.41365 -0.494072 -0.200393 1.34311 -0.0152795 -0.614497 0.340727 1.35425 -0.45437 -1.0739 2.44416 -0.360975 -4.15151 -1.10371 2.16567 2.16567 
-2.72096 -2.72096 -0.700845 -0.486256 -0.868066 -1.51807 0.148865 1.73497 0.565026 0.0324334 0.516869 -0.623234 -1.31157 -0.396505 1.21337 1.19348 -0.104578 -0.188388 0.56025 0.626646 0.419158 0.0454126 -1.41498 -0.72128 0.49378 0.240252 1.24555 1.13935 0.237424 -0.5275 -0.551043 0.344442 -0.251724 -1.05044 0.472534 1.24567 1.01093 0.747435 0.597085 0.201398 0.031389 1.08703 1.17196 0.669526 -0.496378 -0.823612 0.0538302 0.702194 0.544255 0.586305 -0.413413 -0.69954 2.16251 0.449271 -2.45236 -0.616453 -0.416233 -0.416233 
0.758384 0.758384 -0.886642 -1.51192 -0.769142 0.31802 1.07787 1.63088 1.42957 -0.13581 -0.769447 0.612051 0.298707 -0.95004 -1.28904 -0.513561 1.24476 0.592938 -0.141786 1.21063 0.561097 -0.21902 -0.938576 -1.91716 -0.884651 0.31348 0.824898 0.362372 -0.228685 -0.0856169 -0.159569 0.0458294 -0.142692 -0.697119 -0.449722 0.333331 0.309545 -0.146461 -1.0087 1.44364 1.77906 -2.14605 -2.01183 -0.928313 0.393559 1.75625 1.11072 -1.97401 -1.15067 -0.487049 1.1524 1.66183 0.582521 0.609144 -0.183149 0.526057 -0.485762 -0.485762 
-0.246068 -0.246068 0.304166 1.59145 1.46541 0.375773 -0.933275 -1.60999 -0.800246 -0.438361 -0.194256 -0.805229 -0.745255 0.158338 0.607322 1.31701 1.26201 -0.260009 -2.23047 -0.468159 1.33463 -0.172419 -0.562167 -0.131679 -0.218855 -0.428399 -0.87463 -1.64614 -1.00101 0.242239 0.319166 -0.0366509 0.521493 0.391739 -0.447642 -0.930955 -0.90825 -0.0233125 -0.0499597 -1.17695 -0.666964 -0.0358746 -0.258054 1.04942 0.610144 0.117131 1.2192 0.864671 -1.44091 -1.79302 0.00182022 -0.269305 -0.395902 1.09479 1.15856 2.78186 1.82906 1.82906 
-0.377261 -0.377261 0.41365 -0.128381 -0.136245 1.14595 0.308005 -0.515003 0.239722 0.762947 -0.241312 -0.880943 0.392401 1.08779 0.0411402 -0.526831 -0.420427 -0.233363 0.547945 -1.32078 -2.10212 1.39734 1.94838 -0.345528 -0.0377039 1.7505 -0.00123554 -0.606567 0.0239992 0.276021 0.642234 -0.669194 -0.310582 0.917752 0.466503 -0.500515 0.0543778 -0.33489 -1.58345 -0.908195 0.373869 -0.0743835 0.17249 1.24782 -0.271829 -0.593666 -0.49998 -0.429517 1.15651 1.26939 -0.157349 -0.72905 -3.31578 -0.410959 3.5019 -0.222032 -0.438149 -0.438149 
0.253514 0.253514 0.823899 1.00677 0.614751 -0.787793 0.00787926 0.929987 -0.541331 -0.440704 0.997837 1.60909 1.06888 0.139435 0.284683 0.467105 -1.65295 -2.55272 0.124476 -0.866761 -0.484724 0.513883 -0.505676 -0.103929 0.359479 0.633542 0.497869 -0.296264 -0.459851 0.0868887 -0.679339 0.0172342 0.400281 -0.484715 -1.08784 -0.284791 0.128206 -0.0189607 0.413803 -0.643364 -1.80525 -0.417308 0.338055 1.17605 2.55985 -0.0542748 -2.16067 0.13717 0.157732 0.0338551 -0.873744 0.253459 1.04203 -1.46952 -1.38009 -1.47991 2.10063 2.10063 
-0.0277589 -0.0277589 1.37089 0.906969 -0.260755 -0.31833 -0.947472 -1.24927 -0.254563 1.12263 1.72809 1.03015 -0.582042 -1.48475 0.538255 0.116129 -0.710048 0.350357 -0.41292 0.574327 0.729307 -0.580414 -0.385642 0.963353 0.437059 -0.778625 0.857265 1.63925 0.301341 -1.26858 -0.536932 0.480466 -0.444295 -1.08294 -0.409154 0.552214 0.0512277 -1.49111 -0.477615 1.08211 -0.173308 -1.32297 -1.46061 0.825999 2.73806 2.36444 -0.263101 -2.04001 0.6734 0.0854344 -1.86432 -0.899751 -0.497886 0.773343 0.534706 -0.807068 0.116609 0.116609 
-0.742957 -0.742957 -2.1444 -1.92307 -1.01815 -0.64732 0.951248 1.45946 0.628107 0.0179837 0.215885 0.415909 -0.0594733 0.584149 -0.176565 -1.54252 -1.66821 -0.0368702 0.389249 -0.336348 -0.297315 0.193968 -0.113998 -0.442511 -0.478498 -0.188299 0.650171 -0.351956 -0.358442 0.0364608 0.213222 0.439091 -0.331713 0.41873 1.49137 0.196824 -1.10539 -0.918932 0.256437 -0.272961 -0.379878 0.882269 1.13875 0.299468 -0.317305 1.42766 1.64686 -1.73084 0.0349898 0.943126 -1.49113 -2.04166 -0.753971 1.66345 1.76147 1.99814 1.12959 1.12959 
-1.48979 -1.48979 -1.45253 -0.751395 0.0709249 0.076674 -0.92767 -1.44347 -0.247938 -0.217851 -1.66388 -0.942661 0.73083 0.0155828 0.0567639 0.807465 0.490297 -0.00584838 -0.428413 0.932401 0.604316 0.307119 1.28968 -0.372761 -1.01178 0.139328 -0.526809 -0.618277 -0.50407 -0.0147666 0.725359 -0.409882 0.492087 0.0655498 -1.45544 -0.645353 0.971948 0.703425 0.394478 0.568006 0.616584 -0.243253 -0.810941 -0.175361 0.144849 2.02281 -0.354659 -1.5725 -0.316828 0.921988 0.899326 -1.42208 0.721464 0.825779 -1.18261 2.22926 2.43715 2.43715 
0.00662539 0.00662539 0.0289414 0.114499 -0.236911 -0.0247702 0.625725 0.157211 -0.442735 -0.0185135 0.619747 0.0296303 -0.639179 -0.0888875 0.185554 -0.0625565 -0.295237 -0.0617298 0.327973 0.0481438 -0.0409862 0.0600686 0.576855 0.752112 -0.107094 -0.235825 0.135578 -0.0687421 -0.183929 0.288698 0.328863 -0.203286 -0.292731 0.243886 0.23039 -0.152365 -0.0682166 0.273859 0.40148 -0.329371 -0.371108 0.281884 0.459755 0.179335 -0.792334 -0.159322 1.14323 0.649927 -0.778714 0.0373861 1.18494 -2.18057 0.084268 5.01725 -0.167475 -3.9179 -1.27998 -1.27998 
-0.805487 -0.805487 -1.06678 -0.101622 0.167802 0.394484 0.334059 -0.872895 -0.751228 0.194474 -0.515202 -0.00203583 1.13291 0.0713664 -0.652692 0.143513 1.0991 0.324195 -0.726361 0.34807 0.715454 -0.358244 -1.21857 -0.218322 1.14528 -0.026264 -0.426348 0.0790235 -0.441141 -0.518407 -0.104214 0.307103 0.549575 0.670735 0.248007 -0.157961 0.0421739 -0.443379 -0.647951 0.424508 0.803652 -0.247815 -0.260373 0.26542 -0.826624 -0.268329 0.30719 -1.73056 -0.144945 2.36127 -0.00982884 -2.73722 1.45999 4.6233 0.190516 -1.31594 -0.000467433 -0.000467433 
0.757646 0.757646 1.50455 0.807983 0.514658 -0.508219 -1.46095 0.631227 1.67729 0.0749229 -0.886395 -1.01384 -0.711261 0.0980875 0.612561 0.808959 -0.0424859 -1.61838 -0.460317 2.07477 0.759499 -1.92407 -1.69961 0.438086 1.68514 0.793676 -0.551071 -0.35597 -0.0196406 -0.952594 -0.674728 0.827343 0.902359 -0.637885 -0.793735 -0.0162636 0.166239 0.132866 0.276245 0.943839 -0.927389 -1.0876 1.50408 0.672736 -1.57576 -1.02447 0.62477 -1.14222 -1.28625 1.72767 0.608211 -1.34324 0.847456 1.19693 -0.951246 -0.733797 -0.0140305 -0.0140305 
0.120463 0.120463 -0.580223 -0.843463 -0.0754635 -0.205517 -0.9749 -0.358388 0.213572 0.0351628 0.9175 1.68709 0.472812 -1.06352 0.442359 1.07422 -0.713647 -0.325273 0.0702803 -0.0635756 0.586645 0.559089 0.179863 -0.0214806 -0.0626192 0.0022781 -0.195567 0.23746 1.13726 0.306919 -0.560586 -0.138869 0.507963 0.33255 -0.313108 0.0550983 0.466814 0.0938982 0.137327 1.05485 0.0697034 -0.560427 0.772134 0.499165 -0.758557 -1.053 0.705939 1.89981 -0.776175 0.0686068 1.83385 -2.3156 -0.655857 3.08672 -0.465194 -3.41037 -1.62824 -1.62824 
-0.176262 -0.176262 -0.111677 -0.302766 -0.511295 -0.108272 0.155864 0.0639031 0.200988 -0.177651 -0.629027 -0.0366514 0.442738 0.245461 -0.61142 -0.416628 0.479731 0.320399 0.673212 0.132586 -1.59256 -0.575023 0.646094 0.161519 0.445304 -0.295819 -0.758044 -0.0436794 -0.0198913 0.532336 0.445359 -0.106266 -0.0884865 -0.488519 -0.745427 -0.229431 0.539352 0.590695 -0.182674 -0.552863 0.626797 0.727192 -1.2554 -1.01922 0.997405 0.0320676 -1.21997 0.131924 1.07429 -0.540691 -1.49492 1.61757 0.340479 -3.93009 -0.510094 3.61517 1.83427 1.83427 
1.32473 1.32473 1.47417 -0.198447 -0.800521 0.626155 2.18331 0.207799 -1.26759 -0.115535 -0.538584 -1.35526 0.0758858 1.67628 1.02521 -0.999773 -1.04429 0.380963 0.485561 -0.180252 -0.486751 -1.35923 -0.615898 1.24719 0.587577 0.441506 0.544103 -0.784024 -1.24274 -0.631061 0.525189 0.126435 -1.05335 0.422348 1.51693 0.29292 -0.428955 -0.370188 -0.462241 -0.475931 0.534724 0.712256 -0.372737 -1.24377 -1.12177 0.301145 0.980518 0.259514 -0.162701 -0.748886 -0.977418 1.71178 0.717992 -3.29563 -0.824133 1.33589 0.0574258 0.0574258 
-0.951414 -0.951414 -1.33366 0.126061 1.17291 1.18335 0.856815 0.269233 -1.02579 -1.29008 0.511416 0.707218 -0.900713 -0.916397 0.32106 1.6032 0.730659 -0.793396 0.431842 0.483919 -0.819751 -0.862555 -0.983882 0.0871956 1.41787 1.09932 0.084119 -0.58985 -0.219636 0.096482 0.134586 0.0645479 -0.399952 -0.133465 0.684169 0.518388 -0.239078 -0.751644 1.0263 1.75846 -2.14023 -2.26323 0.798662 1.5247 1.69537 0.49265 -2.22617 -1.32821 0.963243 1.46215 1.36789 -0.294152 -0.589302 -0.413842 0.00343684 -0.130765 -0.564319 -0.564319 
0.364238 0.364238 1.32976 0.82252 -0.960282 -1.84759 -1.53788 0.0513138 0.830316 0.406057 -0.323633 -0.46174 0.674257 0.966032 0.820597 0.44258 -1.23131 -2.66798 -0.204587 2.62552 0.173354 -1.47115 -0.0179074 0.209036 -0.271018 -0.540327 -0.961827 -0.143258 1.36791 0.941733 -0.257645 0.10329 0.272848 -0.775362 -1.04055 -0.393942 0.632311 0.595294 -0.913745 -0.511247 0.807394 0.258238 0.765555 0.602725 -0.747722 0.408355 0.512225 -2.04367 -2.04186 1.03365 1.0944 -0.346775 0.974672 1.11745 1.21691 0.454441 -0.763111 -0.763111 
0.449776 0.449776 0.138459 -0.32032 0.727428 0.25067 -0.958458 -0.0437049 0.729508 -0.280769 -0.948659 0.359489 1.12626 -0.206234 -0.931846 -0.269588 0.164069 0.551701 -0.629046 -1.52656 1.55667 2.32193 -1.00551 -1.1452 1.19938 0.0164596 -1.35828 0.0100076 0.502431 0.350599 -0.547373 -0.551738 0.906981 0.441835 -0.819072 -0.241191 0.0906411 -0.945177 -0.333765 1.11971 0.474416 -0.120149 0.754923 -0.259682 -1.06215 -0.135526 0.0897936 0.946922 0.971283 -0.759103 -1.15229 -1.81854 0.178211 3.91127 0.104025 -2.26746 -0.128614 -0.128614 
0.271379 0.271379 0.385433 -0.214803 -1.2036 -0.462856 0.98699 -0.426894 -0.939237 0.875593 1.19406 -0.0400516 -1.00096 -0.573451 0.120002 -1.29283 -1.96778 1.02419 0.967146 -0.464308 0.776724 -0.097428 -0.469679 0.455222 0.375588 0.00195126 -0.664264 -0.681674 0.154606 -0.221251 -0.127803 0.58898 -0.397418 -1.01248 0.040329 0.674066 0.0814336 0.0937612 -0.47379 -1.46835 0.0566276 1.25238 0.909392 1.30134 -0.851695 -3.02847 0.0350404 1.36159 -0.148796 -0.727674 0.0526029 1.11047 -1.15895 -1.59499 -0.0908394 2.08651 2.14876 2.14876 
0.793543 0.793543 0.521576 -0.982915 -0.7447 -0.428966 -0.572134 0.379814 1.36409 1.1359 -0.080608 -1.38066 -1.5007 0.630361 0.912092 -0.758185 0.110921 0.147795 0.104907 0.643218 -0.703336 -0.680009 0.878613 0.455902 -1.04759 0.219946 1.39104 -0.352291 -1.73105 -0.517813 0.998952 0.0279159 -0.942911 -0.00579076 0.932189 0.243499 -1.22425 -0.336415 1.48211 0.152003 -1.43632 -0.781048 1.2334 2.435 0.875492 -1.78577 -2.60842 0.522615 1.21961 -1.51408 -0.603937 0.774657 0.954428 0.578946 -0.952877 -0.271493 0.515097 0.515097 
-1.00041 -1.00041 -0.84523 0.771798 0.87662 1.36295 1.45927 -0.244391 -1.02848 -0.306848 0.261161 -0.21089 0.100124 -0.0999264 -1.50888 -1.06365 1.0378 1.42469 -0.2278 -0.499194 0.353982 0.110696 -0.464077 -0.273389 0.1604 0.773498 -0.132574 -0.724988 0.254494 0.382972 0.26446 -0.399895 -0.0321074 1.26036 -0.173414 -1.83847 -0.800107 0.936973 0.43507 -0.463964 0.79212 1.0469 -0.426443 -1.0387 0.773165 1.35928 -2.23231 -1.14794 1.85693 -1.08782 -2.11051 0.499006 2.57988 1.74579 0.216824 -0.460851 -0.626784 -0.626784 
-0.0762745 -0.0762745 0.446058 1.03092 0.512867 -0.847961 -1.23651 0.402359 0.809036 -1.15888 -0.643996 1.67998 0.609844 -0.606193 0.485909 0.218945 -0.70993 -0.788448 0.594949 0.665335 -0.56985 0.406557 -0.610524 -1.81857 0.277468 0.257264 -0.668428 -0.0870873 0.345575 0.811872 -0.39838 -0.27781 0.250159 -1.5549 -0.633635 1.70433 0.900784 -0.534231 -0.204912 0.0614371 -0.708399 -1.1675 -0.0534495 0.608017 1.53357 -0.476151 -2.78246 -0.0758446 1.75432 0.801983 -1.85031 -0.236531 1.57058 -1.52252 0.941534 2.59262 0.050848 0.050848 
