32
0.869465 1.01551 0.901116 0.823512 0.796386 0.736742 0.705059 0.698235 0.664167 0.660713 0.59286 0.517706 0.528145 0.387124 0.391098 0.496824 0.563149 0.624416 0.568232 0.463242 0.338947 0.130171 -0.195194 -0.497003 -0.837217 -1.21258 -1.46013 -1.64074 -1.79658 -1.92557 -1.89304 -2.01476 
0.305304 0.0227502 0.166759 0.494941 0.523421 0.578029 0.86764 0.759108 0.709871 0.832109 0.941466 0.689564 0.446379 0.628758 0.561356 0.322338 -0.137266 -0.00638331 0.0630075 0.250904 0.506566 -0.391592 0.400602 0.104566 0.0352443 -0.079621 0.483235 -0.389669 -1.80571 -2.62302 -2.42249 -2.83816 
-2.31804 -2.01336 -1.82226 -1.41734 -1.24136 -0.763615 -0.659003 -0.365476 -0.0390097 -0.306451 -0.00862595 0.1372 -0.0102668 0.337178 0.623589 0.590689 0.642377 0.636002 0.418787 0.082072 0.454154 0.972432 1.93374 1.64885 1.22328 1.15478 0.551422 0.625497 0.0584008 -0.260314 -0.37941 -0.485912 
-0.137783 -0.320302 -0.79043 -1.00322 -1.09666 -1.01509 -1.14247 -1.35236 -1.38893 -0.918702 -1.00034 -0.362962 -0.174663 -0.125436 0.026596 -0.296159 0.566366 1.01439 1.14494 1.64277 2.02459 1.72646 1.09811 1.1571 1.2221 1.29718 0.338511 0.040847 -0.33156 -0.737464 -0.166184 -0.939255 
0.913648 0.750271 0.865963 1.13351 1.07943 0.901547 0.671725 0.567001 0.393402 0.454878 0.731585 0.308331 0.20649 0.625005 0.0423915 -0.238025 -0.682127 -1.34448 -1.4312 -2.01017 -1.70016 -1.16021 -1.35174 -1.67317 -1.19214 -0.740258 -0.0810021 0.605067 0.604042 0.775287 1.6393 0.335812 
1.34471 1.07908 0.841073 0.631251 0.178169 -0.336396 0.00955606 0.0753243 -0.249081 -0.829346 -1.11899 -1.21105 -1.24629 -0.905293 -0.978002 -0.546318 -0.974305 -1.34231 -1.35279 -0.826857 -0.755319 -0.732459 0.255657 -0.157046 0.300474 0.416565 1.20811 0.808819 1.10551 2.09332 1.78773 1.4265 
-0.910303 -0.0550922 0.877797 0.400014 0.518355 0.963032 1.06094 1.13271 1.15298 1.10098 1.30269 1.45124 0.825947 0.0531323 0.400075 -0.746059 0.101496 0.50467 0.432943 0.585014 0.603617 0.0475382 -0.952964 -0.694046 -0.645608 -0.26444 -1.28307 -1.42526 -1.98804 -1.7766 -1.71545 -1.05824 
-2.12618 -2.11985 -2.33366 -0.83035 0.113985 0.354471 -0.457888 -0.711112 0.0371364 0.718526 1.1747 0.446364 0.636895 0.626465 1.77764 1.61408 1.12324 0.957116 -0.084387 0.0164546 -0.376084 0.63435 0.0511447 0.0423361 1.01791 -0.515467 -0.255609 -0.112553 0.0408007 -1.00513 -0.971699 0.516365 
-1.22864 -1.28618 -1.28768 -1.36345 -1.64403 -1.4502 -1.30871 -0.992802 -0.949723 -0.479466 -0.674854 -0.379367 0.28251 -0.380325 -0.577778 0.195855 0.13115 0.876959 0.934909 1.15081 1.2497 1.23277 1.39176 1.61 1.04474 0.864714 0.574219 0.503904 1.01847 0.549741 0.0329066 0.358076 
0.35702 -0.16195 -0.253659 -0.834557 -0.702545 -0.976371 -0.926039 -0.897272 -1.09179 -1.11109 -0.825332 -0.22505 -0.419886 -0.51862 -0.998707 -0.852827 -0.290524 -0.650111 -0.348068 -0.350348 -0.30393 -0.267717 -0.259918 0.938949 0.392402 1.29696 1.69591 1.94762 1.62377 1.97326 1.26964 1.77078 
1.75836 1.38423 0.928232 0.985304 0.0878445 -0.210267 0.170423 -0.491438 -0.762281 -1.01715 -0.892945 -0.812316 -1.00596 -0.850978 -0.654891 -0.411538 -1.39481 -1.44526 -1.34195 -1.09796 -1.07218 -0.466313 0.0697745 0.791046 0.884998 1.38994 0.712814 0.664175 1.57956 1.66739 0.218095 0.636039 
0.408994 0.461183 1.38018 0.879721 0.548337 -0.322322 0.239112 0.382484 -0.0425176 -0.516105 -0.471249 -0.771536 -0.703396 -1.32863 -0.821409 -0.941656 -0.772341 -0.399651 0.186158 0.91979 1.8333 2.4416 2.35533 0.145719 -0.339401 0.164823 -1.40953 -1.1586 -0.990954 -0.472629 -1.08653 0.20173 
0.239673 0.783352 0.514477 1.13594 1.25487 1.51657 0.711756 0.32858 0.288728 0.74809 0.307694 -0.623423 -0.0672983 0.0131537 -0.289619 -0.739777 -0.979959 -1.37586 -1.46827 -1.09914 -1.75225 -1.60829 -1.42395 -1.0098 -0.433158 -0.801625 0.256853 0.690383 1.06995 1.37993 0.883984 1.54844 
0.913856 0.913856 -0.0391162 0.332749 0.409275 0.389859 0.614918 0.604757 0.619118 0.47516 0.16965 0.503248 0.222593 0.195045 1.24642 1.51209 1.32266 0.800656 0.0922405 -0.197975 -0.640199 -1.49694 -1.89335 -1.95662 -2.27003 -1.8752 -1.04537 -0.654605 -0.434655 0.367991 0.398964 0.398964 
0.0738553 0.0738553 1.03041 0.849467 0.420986 0.829979 0.574463 0.0437468 0.405186 0.653582 0.0675918 -0.484573 0.195612 0.47093 -0.189076 -0.803358 -0.224006 0.604526 0.693822 0.985567 -0.71545 0.124887 1.06795 -0.281388 0.00236939 0.99251 -0.194759 -3.29418 -3.20711 -0.675172 -0.0461136 -0.0461136 
0.689541 0.689541 0.871906 0.844408 0.976897 0.84705 0.511907 0.915522 -0.105032 -0.157139 0.594708 -0.2154 0.1514 0.940741 0.248789 -0.178234 -0.129978 -0.619185 -1.22016 -0.148075 1.40739 2.47936 1.01817 -1.50493 -1.11126 -1.43472 -1.17533 -1.10935 -1.82395 -1.00891 -0.622838 -0.622838 
-1.00622 -1.00622 -1.0565 -0.430751 0.05824 0.00185657 -0.482321 -0.331449 0.798363 0.723493 1.00116 1.44957 0.472541 0.412294 -0.205645 0.97463 2.25506 1.03909 1.12182 1.53925 0.216988 -1.46112 -0.867848 0.283947 0.310659 -1.38987 -2.00907 -1.03516 -1.21497 0.352684 -0.257253 -0.257253 
-0.0685778 -0.0685778 0.631935 0.355954 -0.368143 -0.65383 -0.534899 -0.443502 -0.173328 0.55869 -0.229288 -0.844655 0.523725 -0.257819 -1.394 -1.16884 -1.78972 -1.20875 -1.07321 -0.428291 1.39064 0.575335 -0.824935 0.268382 1.52549 1.81521 2.1959 1.12255 0.28565 1.69185 -0.705472 -0.705472 
-0.80877 -0.80877 -0.716981 -1.07071 -1.57191 -0.257779 0.696664 -0.405836 -1.46833 -1.41116 -0.608233 -0.189842 0.522389 0.460772 0.609916 0.0256089 -1.2896 -0.602945 0.867275 1.00216 0.174782 1.68223 0.96588 0.0932382 0.962917 1.51227 0.664648 -0.149201 2.13208 1.14154 -1.07715 -1.07715 
2.23662 2.23662 0.548668 -0.482785 0.685314 0.659437 0.187238 0.08892 -0.0678157 0.161954 0.415911 -0.631322 -1.79804 -0.566904 -1.03963 -0.405713 1.55615 0.392079 0.0741113 0.188495 -0.708226 -1.99871 -0.966686 0.361573 0.516376 -0.834834 -1.49756 -0.920329 -0.472521 0.317553 0.882023 0.882023 
-0.374191 -0.374191 1.15212 2.33296 1.04539 -0.745729 -1.24911 0.342077 1.29501 0.997209 -0.440145 -0.710994 0.0209825 1.00045 0.84432 -0.829872 -0.832486 -1.39394 -1.12175 -0.460063 0.467356 0.272953 -0.766265 0.823059 -0.731384 -1.46112 0.248161 0.13957 -1.07272 -1.19499 1.38867 1.38867 
-0.300086 -0.300086 -0.338615 -0.9283 -0.358624 0.533231 0.791182 0.583226 0.909381 0.405491 0.0361919 1.84763 -0.177347 -1.99315 1.04217 1.32268 1.26388 1.52306 0.403343 0.489835 -0.00214368 0.124877 0.621791 -0.908597 -1.75016 -1.16956 -0.937733 0.763407 -0.0784669 -2.25787 -0.58032 -0.58032 
-1.33 -1.33 -1.45217 -1.01082 -0.405046 -0.56618 0.0307619 -0.452273 -0.547086 0.40038 1.62265 0.674562 -0.704423 -1.26715 -0.784588 1.27179 0.274628 -0.238802 0.466076 -0.0382091 0.0377283 -0.0384572 2.25517 1.16159 0.580978 2.44622 1.15831 -0.267608 -0.0746948 -0.823879 -0.524728 -0.524728 
-0.941135 -0.941135 -0.361762 -0.954923 -1.43216 0.285205 -0.203542 -1.07896 -0.53211 -0.00131575 0.449467 0.0223971 0.122302 0.645961 0.764696 -0.819925 -1.21469 0.24527 0.640898 0.536721 1.02295 1.70862 1.86368 1.26961 0.978946 -0.0571022 -0.800913 1.33884 1.5222 -1.65506 -1.21151 -1.21151 
0.963703 0.963703 0.417236 -0.819156 -1.18521 -0.302384 0.700301 -0.275096 -0.885152 -0.420553 -0.249192 -0.226167 -0.547481 -0.113311 0.386027 0.0519006 0.539321 0.951154 1.30806 1.63209 1.50817 0.519566 -2.26681 -2.66119 0.0222721 -1.05478 -1.30523 0.417277 0.681674 -0.0911234 0.670194 0.670194 
0.335946 0.335946 0.456418 1.05705 0.49985 -0.930841 -1.92963 -0.744858 0.560068 -0.0602968 -2.21387 -0.670461 0.89626 -0.434002 -1.25581 -1.15887 -1.07484 -0.845976 0.338918 -0.52949 -0.878245 0.418795 0.837258 1.44487 0.232758 0.979019 2.22115 1.16966 0.978303 -0.377695 0.171314 0.171314 
-1.18011 -1.18011 -0.688123 0.673928 0.156253 0.352767 0.365011 0.0862522 -0.0907644 -0.513962 0.117856 0.150741 -0.327064 1.43525 1.82318 0.181554 -0.860554 -1.54717 -1.24052 -0.88834 -1.63787 -1.57726 -0.52747 -0.417664 0.188424 1.70095 1.69557 0.888693 1.43362 1.18359 0.121674 0.121674 
0.632368 0.632368 0.507247 -0.450489 -0.0425542 0.077049 -0.572749 -0.146132 0.392615 -0.262521 -0.816099 0.0594457 0.63164 -0.295085 -0.910233 -0.0532324 0.944455 0.605587 0.234406 -1.00357 -0.624228 1.20412 -0.310012 -0.765915 0.851805 -0.16539 -2.99327 -2.11208 1.78193 2.15671 0.405907 0.405907 
0.208407 0.208407 0.18517 0.143023 0.0565348 -0.338631 0.112163 -0.467034 -0.852135 0.645607 0.00506889 -0.320309 1.03128 0.1366 -0.891273 -0.26577 -0.318317 -0.866945 0.452407 2.27468 2.27458 -0.274605 -3.31257 -1.74514 0.113638 0.000156369 0.329243 -0.493803 0.139179 1.06928 0.380549 0.380549 
-0.0648042 -0.0648042 0.465563 0.922636 0.34448 -0.480354 -0.30469 1.06329 0.871955 0.149697 0.59322 -0.470232 -0.901362 -0.597002 0.454434 2.06344 0.0324487 -0.982697 0.401729 -0.789098 -2.56523 -0.941669 1.45689 0.976685 -1.44087 -1.98833 0.278453 0.650867 1.15412 0.78955 -0.539157 -0.539157 
0.623669 0.623669 0.406713 -0.713211 -0.720841 -0.0581134 0.238321 0.357218 0.860828 0.0289852 -1.03023 0.664941 0.534305 -1.4346 -0.643199 -0.238103 0.0416019 0.63624 0.686517 2.00988 0.861954 -1.66875 -0.168326 1.92071 1.28898 0.600007 -0.471541 -1.42872 0.520525 -0.706171 -1.81163 -1.81163 
0.125389 0.125389 -0.128021 -0.552831 0.642012 1.68482 -0.0464353 -1.49136 -0.660573 0.675801 0.934574 0.869603 0.525727 0.122336 -0.252116 -1.30117 -0.39066 1.6048 1.20952 -0.436466 0.546828 0.62637 -1.07871 0.057509 1.07621 -0.154046 -1.13063 1.11089 0.984309 -2.23944 -1.52982 -1.52982 
-1.18415 -1.18415 -1.96302 0.193625 0.952948 -0.285663 -0.340364 -0.102154 0.14559 0.455709 -0.508572 -1.58134 0.139084 0.663122 0.212158 2.05055 0.692864 -1.02867 -0.0632876 -0.500313 -1.56114 -0.104725 1.87272 1.21032 -0.812983 -1.43031 0.025883 0.864461 1.02518 1.11327 0.51668 0.51668 
0.76976 0.76976 1.47564 -0.206441 -1.98302 -1.51425 0.507629 1.37819 0.248985 -1.17988 -1.16377 0.133013 0.880428 0.349535 -1.23677 -1.145 -0.47983 -0.315553 0.415615 0.807294 0.295543 -0.880074 0.186203 -0.121788 -1.50808 0.442913 0.814223 -0.932238 -0.940414 1.32873 1.40182 1.40182 
-0.0504785 -0.0504785 -0.462563 -0.0375369 0.997794 0.779955 0.0113837 0.0590464 -0.147759 -0.633756 0.984246 -0.172779 -2.70758 0.828673 2.29362 0.131381 0.116477 -0.624916 -0.745592 -0.306916 -0.278594 0.412465 -0.745767 -1.68112 -0.205922 0.544184 1.32725 0.576919 -2.13489 -0.374259 1.14875 1.14875 
-0.143981 -0.143981 0.212958 0.801684 0.314428 0.307283 0.0469449 -0.512512 0.644407 1.7096 0.176568 -1.9272 -1.61554 -0.110011 2.00819 0.811465 -1.26687 0.109657 0.117053 -0.391603 -0.0453776 1.74818 0.925358 -1.39918 0.993774 0.421743 -2.23999 -1.04237 -0.495061 -0.409142 0.196761 0.196761 
0.432003 0.432003 -0.0220905 -0.830977 0.937843 0.929032 -1.05587 -0.26307 0.813456 0.739909 0.00661814 -0.261996 0.465833 0.480249 -1.13374 -1.52685 0.803924 1.40901 0.211585 0.280942 0.885608 0.632087 -0.347616 -0.688842 -1.0272 -1.3741 1.05712 1.76693 -2.30351 -2.10433 0.328023 0.328023 
-0.388383 -0.388383 -1.28621 -1.15521 0.38371 1.37765 0.0282611 -1.14286 -0.0971809 0.470261 0.149603 -0.208163 0.0903984 0.686332 0.128417 0.119763 0.661457 0.56668 0.502923 0.153759 -0.799438 -2.73284 -2.30133 1.67071 1.17498 -0.955549 1.07741 1.45128 -0.360741 0.000109412 0.561293 0.561293 
0.080008 0.080008 0.517507 0.023892 -1.45573 -1.77739 0.127726 1.80576 0.490893 -2.02829 -0.45219 2.25769 0.164493 -1.57532 -0.535742 0.124079 0.22017 1.02204 0.222786 -0.89433 0.68299 1.24183 0.739655 -0.448065 -0.347073 1.44061 0.131116 -0.913042 -1.13484 -0.595559 0.392155 0.392155 
