21
1.01688 1.08407 1.03824 1.03445 0.957139 0.895069 0.804985 0.686557 0.702305 0.594162 0.345429 0.0970512 -0.223837 -0.229736 -0.625329 -1.04876 -1.2205 -1.37291 -1.5065 -1.45726 -1.57151 
-1.22402 -1.35885 -1.13007 -1.04287 -0.746783 -0.29768 0.271302 0.288711 0.81913 1.13605 1.33071 1.03655 1.28762 1.34238 0.836634 0.609721 0.187732 -0.397003 -0.492502 -0.638633 -1.81814 
-1.52625 -1.56816 -1.67933 -0.97546 -0.358846 -0.724876 -1.11154 -0.610263 0.570847 0.631958 0.807862 1.10191 1.38159 1.31503 1.04024 0.805283 0.573513 0.831336 -0.324359 0.103848 -0.284325 
1.89572 1.83607 1.49729 1.20921 1.11545 0.815599 0.307202 -0.00502785 -0.464173 -0.539186 -0.853233 -1.06129 -1.29474 -1.01148 -0.93465 -0.647552 -0.31714 0.0184433 -0.352351 -0.529106 -0.685046 
0.97885 1.3288 1.74174 1.76625 1.17819 1.10804 0.426961 0.189973 0.179008 -0.235785 -0.68617 -0.661791 -0.527778 -0.70901 -0.725546 -0.482908 -0.569177 -1.22833 -0.507271 -0.849598 -1.71446 
-1.39566 -1.74583 -1.67814 -1.17662 -0.943424 -0.403044 -0.0572349 -0.530755 -0.400441 -0.0149737 0.0478916 0.369888 0.459904 0.250279 0.00240648 1.39116 0.969795 1.09627 1.40213 0.988043 1.36837 
-0.586259 -1.30326 -1.45939 -2.26485 -1.38617 -0.521878 0.421264 0.966067 -0.536955 -0.173936 0.0664099 0.523803 0.946353 1.46407 1.40838 0.652479 0.533566 0.0157055 0.920175 -0.131814 0.446237 
0.0128857 0.478002 0.668987 0.528945 -0.519517 -1.06312 0.254511 -0.311465 -1.57055 -1.66157 -1.34499 -0.00317832 -0.0575828 1.61772 0.316969 0.026232 -0.541923 0.0601316 2.70001 0.367422 0.0420811 
0.923498 1.33998 1.62196 1.58577 1.56524 1.09166 0.549046 0.369142 0.120637 -0.404047 -0.99803 -0.75906 -1.26666 -0.682139 -1.11543 -0.994222 -0.717644 -0.908441 -0.719935 -0.168507 -0.432818 
0.570508 0.575302 0.374814 0.31668 0.094968 0.00966066 -0.463013 -0.711547 -0.978257 -0.867678 -0.448217 -0.737752 -1.43075 -1.74285 -1.27909 0.618401 0.901547 0.460699 1.13483 1.88972 1.71201 
0.800479 0.851703 0.697646 0.437136 0.115816 -0.17727 -0.692659 -1.31463 0.263662 1.50037 1.45276 2.10239 0.507549 0.0523552 -0.724119 -0.773268 -1.18202 -1.35915 -0.709049 -1.00034 -0.849382 
2.32634 2.04872 1.927 0.836183 0.0472721 -0.191162 -0.491386 -1.25353 -1.0027 -0.752735 -0.395509 0.207221 -0.341043 -0.235543 -0.486229 -0.196182 0.345626 -0.215741 -0.549735 -0.571417 -1.05545 
0.487773 0.407686 0.469531 0.839404 1.18588 0.664482 -0.271373 -1.73147 -2.27432 -2.14552 -1.19451 -0.368538 -0.212375 0.475529 0.446336 0.841236 0.437061 0.390604 0.276854 0.618943 0.6568 
1.17703 1.17703 0.864998 0.726565 0.470296 0.414159 0.166367 0.631676 0.676895 -0.485943 -1.10251 -1.41976 -0.353654 -0.68211 -2.51787 -1.53365 -0.342051 -0.174313 0.712276 0.797285 0.797285 
0.210098 0.210098 0.528292 0.62476 1.14343 1.53452 0.915839 0.860571 1.28982 0.80863 -0.0671457 0.0136902 0.51375 -0.57088 -0.974565 -0.854523 -1.36734 -0.899429 -0.270841 -1.82439 -1.82439 
-0.418521 -0.418521 0.671094 1.7344 0.171245 -1.29457 -0.0274126 2.26315 1.62006 0.15142 0.491743 0.643371 0.116509 -0.693593 -0.939616 -0.876766 -0.156803 -1.50669 -1.25775 -0.136375 -0.136375 
-0.289532 -0.289532 -0.805912 -0.252057 -0.278642 -1.2159 -1.24389 -1.13256 -0.596347 -0.268365 -0.569112 -0.386929 0.723674 1.42504 1.4337 2.0069 2.1165 0.531482 -0.626619 -0.140956 -0.140956 
1.70528 1.70528 1.15906 -0.520984 -0.679849 -0.835968 -1.11599 0.00871082 -0.289712 -1.02722 -0.290128 0.690706 0.345616 0.09294 0.804349 0.68731 -0.826225 0.528767 1.06052 -1.60123 -1.60123 
-1.08067 -1.08067 0.658465 0.996431 1.07578 1.30573 -0.764633 -1.20467 0.549365 0.411636 0.282029 0.337471 -0.74809 -1.43805 1.8258 1.47154 -1.10599 0.378976 -0.724855 -0.572796 -0.572796 
-0.954684 -0.954684 -1.04709 0.0338595 1.77807 1.8454 1.51167 -1.04357 -1.23346 0.587645 0.686227 0.876556 0.939574 0.440004 -0.890406 -0.956443 -0.70779 0.361225 -0.196721 -0.537694 -0.537694 
0.497202 0.497202 0.0988371 -0.717069 -0.982725 0.574831 0.560102 -1.13611 -0.823452 0.213785 1.157 0.912782 1.13231 0.311863 -0.982348 -0.500092 0.0876177 2.19941 0.267586 -1.68437 -1.68437 
1.45009 1.45009 0.617042 0.0603185 -0.744649 -1.70547 -1.16501 -0.623737 -1.25825 -1.89405 -0.488661 -0.329692 0.306249 0.44301 -0.409655 0.896752 0.322555 0.160472 1.52643 0.693083 0.693083 
-0.364554 -0.364554 -0.433901 -0.457289 -0.487234 -0.763796 -0.943673 -0.7167 -0.320955 0.435211 -0.00571828 -1.23165 -1.25652 0.0182369 2.45322 2.25418 -0.322685 0.108186 1.4259 0.487156 0.487156 
0.0736081 0.0736081 -0.230302 -0.393366 -0.425124 -0.614323 -0.934953 1.10618 2.91821 1.33312 0.760772 -0.74763 -1.82472 -1.02689 -0.631041 -0.272545 -0.397314 0.634958 0.523667 0.0370496 0.0370496 
-0.101244 -0.101244 -1.27006 -2.22901 -1.00388 -0.301482 -1.05422 -0.262179 1.19254 1.34546 1.8525 0.551023 -0.163653 0.264061 0.529312 1.66837 0.444626 -0.814176 -0.0384787 -0.254131 -0.254131 
-0.0537226 -0.0537226 0.397479 0.682893 -0.210836 -1.4967 -2.438 -2.04391 -0.450625 1.04737 1.74646 0.949414 0.810966 0.6251 0.331286 -0.0447311 -0.487306 -0.19608 0.193538 0.345565 0.345565 
-0.255888 -0.255888 -0.389535 -0.335703 -0.256252 -0.248068 0.255348 0.538228 -1.03362 -1.67253 -0.856173 0.768317 0.757494 -2.04403 -0.776744 2.14594 1.35769 1.06322 0.983355 0.127421 0.127421 
0.697883 0.697883 0.815833 1.06094 1.42118 0.0305666 -0.515194 0.766095 0.245325 -1.3503 -0.663123 1.01908 -0.40591 -1.5109 -0.037971 -0.171402 0.253928 1.6495 -0.822097 -1.59066 -1.59066 
0.623619 0.623619 1.31618 -0.411642 -2.05893 -0.215468 2.23117 0.986966 -1.46151 -0.82098 0.234344 -0.330477 -0.956878 -0.77396 -0.205382 0.42379 -0.496361 -0.803153 0.806444 0.644304 0.644304 
-0.519457 -0.519457 0.0243378 0.505235 -0.958797 -0.960169 0.0693774 0.623321 0.836037 0.0142839 -0.128867 1.25685 1.7666 0.684676 0.558838 0.657939 -1.46108 -2.70575 -0.672681 0.464384 0.464384 
-0.0582821 -0.0582821 -1.30486 -1.01745 0.113289 0.0233898 0.973747 0.960096 -0.421646 0.346694 1.62169 0.81872 -0.0965329 0.68738 0.78802 -0.862867 0.229367 1.74695 -1.23344 -1.62799 -1.62799 
0.969441 0.969441 1.17412 0.168907 0.103488 -1.19845 -1.60422 0.711965 0.895054 -0.245743 -0.128752 -0.707709 -1.15915 1.475 1.67831 -1.85942 -0.745527 0.146995 -0.660259 0.00825702 0.00825702 
-0.0758036 -0.0758036 0.659202 1.90803 1.21881 -0.194113 -1.97737 -1.87956 1.09619 1.29235 0.183478 0.159295 -0.30981 -1.25729 -0.962504 0.111201 0.882995 0.334537 -0.624203 -0.24482 -0.24482 
-0.0485136 -0.0485136 -0.55162 -0.469788 0.993743 1.14847 -0.857876 -0.656003 1.0295 1.41832 0.628145 0.181907 -0.173413 -1.10682 -0.303543 0.856893 1.86171 0.3081 -2.1977 -1.00649 -1.00649 
-0.68218 -0.68218 -1.23937 -1.21127 -1.61571 -0.269136 1.23423 0.0582521 -1.11981 0.921818 1.71726 0.947159 0.924932 -0.564932 0.605702 0.884406 -0.585327 1.35646 0.684638 -0.68247 -0.68247 
-0.0690319 -0.0690319 -0.0847896 -0.0582421 -0.22882 -0.329837 0.00942246 0.397252 0.753799 0.190084 -1.14537 -0.865046 0.819814 2.47715 1.48417 -1.89259 -1.46818 1.15581 0.233025 -0.654793 -0.654793 
-0.188496 -0.188496 -0.305463 -0.110247 -0.128994 -0.336203 1.26362 2.79339 0.192283 -1.51804 -1.46303 -1.82509 -0.170817 0.885735 0.570598 0.197153 0.680457 0.690124 -0.399383 -0.319553 -0.319553 
-0.846972 -0.846972 -1.59325 0.269792 1.5627 0.023462 0.0932248 1.81113 1.31375 0.576236 -0.555618 -1.50639 -0.160684 0.601925 1.15552 -0.00326758 -1.86936 -0.313328 0.498482 -0.105189 -0.105189 
0.300506 0.300506 0.5236 -0.527668 -1.75586 -1.79305 -0.479903 1.50126 2.36413 1.66518 -0.128741 -0.78341 -0.305679 -0.42712 -0.575753 -0.692033 -0.170479 0.480007 0.371201 0.0666547 0.0666547 
