19
0.835233 0.922217 0.947735 0.990654 0.868402 0.775255 0.726535 0.646819 0.512042 0.544606 0.325402 0.0518661 -0.233194 -0.559415 -0.932548 -1.42087 -1.63017 -1.61487 -1.7557 
1.77246 0.922319 0.202715 -0.689756 -0.299196 -0.010842 0.517676 0.784667 0.64652 0.143438 0.480332 0.901517 0.291297 0.719441 -0.111045 -1.00455 -1.58937 -1.59073 -2.08688 
-1.06279 -1.36374 -1.38547 -0.362414 0.0942794 0.527776 0.79327 0.820308 0.793908 0.841892 1.66835 1.14607 0.682916 0.782315 -0.147483 -1.09344 -0.162637 -0.898204 -1.6749 
-0.565704 -0.412438 1.44602 1.26027 0.479101 1.61109 0.886183 -0.404122 -1.79722 -2.16638 -0.741635 -0.100225 -0.642478 -0.232133 -0.218308 0.183397 0.9602 0.24094 0.213445 
1.77552 0.98672 -0.14413 -0.49934 -0.278074 0.144581 0.124953 -0.301784 -1.3616 -1.20819 -1.45844 -1.56606 -0.577136 0.495677 0.345741 0.0477334 1.14269 0.540191 1.79094 
0.780505 0.204552 0.481109 0.215065 -0.661238 -1.02648 -0.925761 -0.112418 0.150879 -0.144746 -0.943291 -0.741181 -0.990054 -0.91573 -1.13099 0.547371 2.06249 1.02021 2.12969 
1.57451 1.66317 1.19053 0.054378 0.0278188 -1.03203 -0.419803 0.472326 1.05803 0.473644 -1.50549 -0.877346 -1.67274 -1.17955 0.299356 -0.0562082 -0.738789 -0.133912 0.802104 
-1.81425 -1.08957 -1.13291 -0.812215 -0.562324 -0.316404 0.153581 0.37195 1.41581 1.27024 1.14235 1.40977 1.06093 0.884476 0.5735 -0.295843 -0.678548 -0.623358 -0.957175 
-0.460766 0.789698 1.39361 1.91105 1.65256 0.758212 -0.142026 0.193951 0.302316 0.492901 0.0945622 0.0387984 -0.635257 -1.09495 -0.853762 -1.03213 -0.902218 -0.74865 -1.75791 
-0.0221273 -0.225984 -0.274399 -0.24754 -0.206006 -0.527608 -1.03354 -1.11116 -1.28328 -0.412661 -0.801745 -0.588378 -0.44695 -0.142941 0.623207 1.38638 1.28622 1.81089 2.21761 
1.25028 1.40313 1.10557 0.874761 0.726672 1.29563 1.11683 0.361471 -1.1835 -0.521659 -0.210516 -0.097106 -0.360111 -0.190413 -0.852554 -1.17746 -1.82725 -1.06031 -0.653473 
1.64308 1.72737 1.71418 0.969936 0.79962 0.555379 0.792271 -0.52727 -0.871601 -0.594245 -0.943963 -1.27473 -0.985583 -0.924798 -0.46983 -0.180563 -0.753997 -0.139617 -0.535647 
0.800902 2.06888 0.689124 0.0834109 1.12546 0.962973 -0.212326 -0.141124 -2.04481 -2.20172 -0.785314 -0.43618 -0.394724 -0.0583004 0.51611 0.0929235 0.0400897 -0.226351 0.12097 
1.3118 1.3118 1.16091 0.654897 0.188963 0.440759 0.486751 0.192066 0.576548 0.287442 -0.760745 -0.986259 -1.16667 -1.46826 -2.02334 -1.46234 0.262222 0.49673 0.49673 
-1.32199 -1.32199 -1.3717 -0.0677924 1.31911 1.48115 1.45605 0.673042 -0.231424 0.326521 1.41209 0.299687 0.307861 0.0491529 -1.50316 -1.21462 -0.166768 -0.0626187 -0.0626187 
-0.236555 -0.236555 1.19758 1.71579 1.07719 0.870093 0.429827 0.113655 0.136343 1.06014 0.442438 -0.954434 -0.281042 -0.786503 -1.91881 0.0965495 0.324441 -1.52508 -1.52508 
1.35309 1.35309 1.10775 -0.802475 0.151132 0.191852 -1.56109 -2.04465 -1.37804 0.66116 1.39248 -0.0309853 -0.198201 0.204218 0.197965 0.750113 -0.0611 -0.643149 -0.643149 
-1.6868 -1.6868 -1.28715 -0.0408677 0.676111 0.454073 -0.328833 -1.2876 -0.752864 -0.006664 -0.247271 0.89491 1.98295 0.933231 -0.330289 0.817161 0.536504 0.6801 0.6801 
-0.38968 -0.38968 -0.0886056 -1.2086 -1.30496 -0.3558 0.789181 0.947128 -0.130225 -1.1618 -0.67825 -0.144249 -0.268391 -0.235735 1.32257 3.00362 0.360544 -0.0335361 -0.0335361 
-0.242042 -0.242042 -1.19948 -0.850769 -0.791128 -0.291789 1.23407 1.21334 0.0591467 -1.94579 -0.99795 -0.0726221 -0.178114 1.5997 0.936229 -0.7534 -0.00262476 1.26263 1.26263 
0.852105 0.852105 0.269141 0.692285 0.584381 0.901982 0.862225 1.69034 1.16517 -0.5257 0.0702531 -0.248581 -0.889096 -0.834458 -1.83432 -1.93783 -0.6037 -0.533153 -0.533153 
2.01681 2.01681 1.25908 0.367606 -1.09176 -1.75514 -0.483347 0.55925 0.408958 -0.114825 -0.369476 -0.654485 -1.07203 -0.125938 0.164869 0.049843 0.392966 -0.784598 -0.784598 
-0.827547 -0.827547 -0.455439 -0.310367 -0.872379 -1.75535 -1.36184 -0.823471 0.705887 0.355966 -0.704077 0.151554 0.297746 1.30532 2.04588 0.648665 0.263998 1.0815 1.0815 
0.0361131 0.0361131 -0.411126 -0.236883 0.695435 0.659633 -0.884178 -2.47677 -0.824686 1.33905 0.699724 0.0304203 0.096037 -0.369249 -0.945823 -0.931429 0.341376 1.57312 1.57312 
0.45133 0.45133 -0.939831 -1.20365 -0.364115 0.319607 -1.48587 -2.46177 0.219491 0.210445 -0.810625 0.262061 0.9195 1.19792 1.58155 -0.145185 0.400696 0.698564 0.698564 
0.0427263 0.0427263 -1.68129 0.547055 0.954875 -1.08534 -0.870322 -1.54052 -1.75041 1.30446 1.77007 0.504964 0.493269 0.983649 0.284719 -0.292419 -0.148194 0.219995 0.219995 
-0.0755706 -0.0755706 -0.625807 -0.968382 -0.144343 0.412325 -0.181918 0.186155 0.192222 -1.36566 -1.29651 -0.352893 -0.43562 -0.843026 0.0949455 2.57382 2.21881 0.343514 0.343514 
-0.152581 -0.152581 0.921971 2.10589 1.16487 0.00124701 -0.777564 -1.50226 -0.397175 1.24281 -0.133721 -1.0216 -0.318072 -1.60406 -1.15308 0.989707 0.837752 -0.0257777 -0.0257777 
1.17861 1.17861 1.56235 0.0274845 -0.509619 -0.362753 -0.443519 -0.100699 0.817502 0.343291 -1.37517 -0.419114 0.240981 -1.09615 0.770531 1.77776 -1.08419 -1.25295 -1.25295 
0.00601541 0.00601541 -1.37142 -0.506883 0.899917 -1.05174 -1.42979 0.31492 2.13404 2.1807 -0.316173 -0.964093 0.352524 0.468592 0.576559 -0.0038857 -0.821738 -0.236784 -0.236784 
0.106145 0.106145 1.19121 1.46749 0.189105 -1.11676 -1.7582 -0.610994 0.873431 0.198379 0.543139 1.69992 -0.208449 -2.25583 -0.342869 0.512856 -0.361145 -0.116791 -0.116791 
0.181441 0.181441 -0.575461 -0.844054 0.554302 1.39322 0.858504 -0.643371 -1.44726 -0.392388 0.665641 0.254959 -0.0838545 1.05316 2.16716 -0.672175 -2.07457 -0.28835 -0.28835 
-0.733672 -0.733672 -0.507672 0.151502 0.249128 1.19939 0.862333 -0.874628 -2.1606 -0.798264 1.10086 0.41819 0.970693 0.609063 -1.63821 -0.72163 1.19345 0.706869 0.706869 
-0.462949 -0.462949 0.0146339 0.550812 0.431691 0.508606 1.0848 0.536934 -2.30613 -1.04077 0.507787 -0.887758 -0.466237 -0.871816 -1.05031 1.58396 1.78041 0.274639 0.274639 
-0.308544 -0.308544 -1.07049 -1.67018 -1.47523 0.859117 2.31723 1.10176 -0.237038 -0.326234 -0.122153 -0.261378 0.790854 1.39629 0.489342 0.534056 -0.374104 -0.667374 -0.667374 
0.100946 0.100946 0.235862 -0.632867 -1.58894 -0.700314 0.621529 1.67787 0.851761 -1.55638 -0.435217 0.686579 0.827885 1.38065 -0.8558 -1.90226 0.157424 0.515164 0.515164 
-0.408846 -0.408846 -0.299302 0.568005 0.435953 -1.12075 -2.09948 -0.0902719 2.27127 0.8307 -0.950387 -0.507203 -0.37894 -0.782675 -0.481107 0.681569 1.4469 0.646706 0.646706 
-0.938927 -0.938927 -1.12111 0.419336 1.07368 -0.752888 -1.89897 1.19944 1.86712 -0.689601 0.0574091 1.21653 0.668038 0.478956 -0.905741 -0.793696 0.604432 0.227463 0.227463 
-1.05176 -1.05176 0.350538 1.6921 -0.994104 -1.11543 -0.253281 -0.520675 1.82351 2.2486 -0.469957 -0.770329 0.3344 -0.0980766 -0.769865 -0.239268 0.355625 0.264865 0.264865 
