55
1.21593 1.05033 0.832079 0.829449 0.921886 1.20879 0.960954 0.715804 0.501521 0.468602 0.467752 0.427459 0.609079 0.841209 1.00259 1.157 1.15591 1.13091 1.10256 0.793139 0.693413 0.688159 0.677947 0.616069 0.494261 0.516084 0.522453 0.219883 -0.154561 -0.55864 -0.404363 -0.180308 -0.0912175 -0.194325 -0.025933 -0.0632725 -0.239757 -0.249489 -0.131622 -0.259449 -0.556674 -0.5451 -0.413705 -0.263639 -0.379882 -0.784948 -0.918235 -1.01929 -1.42832 -1.75455 -1.95756 -2.00841 -2.19218 -2.28478 -2.76102 
-0.518022 -0.484748 0.0577417 -0.0636383 -0.53419 -1.68998 -0.871648 -0.545027 -0.484741 0.19329 0.524814 0.869869 0.578118 -0.423149 -1.14307 -1.53801 -1.49944 -1.69996 -1.36775 -0.997315 -1.15292 -0.817389 -0.544652 -0.0203451 0.196192 0.515971 1.16407 1.80385 2.65515 2.33835 1.61292 1.18008 1.15961 1.36369 0.932472 1.05405 0.647694 0.719823 0.0575568 -0.353632 -0.136211 0.112493 0.153114 0.111218 0.26242 0.770525 0.719677 -0.00314453 -0.681829 -0.29302 0.0081551 -0.736546 -1.12027 -1.29101 -0.75126 
-2.87669 -2.18108 -2.40406 -1.77021 -0.532946 0.00884651 -0.355416 0.500287 0.675059 0.307246 0.177771 -1.14717 -1.69089 -0.600612 0.0889383 -0.106977 -0.364624 -0.681054 -0.718132 0.36595 1.10105 0.94952 0.768024 0.415965 0.442885 0.147419 -1.51665 -0.74563 -1.31417 -0.216384 -0.266728 0.639201 -0.394175 0.169111 1.09353 0.22363 0.515479 0.934674 0.532006 0.0728629 0.314475 0.685567 0.398846 0.670717 0.872262 1.55734 1.74817 1.55409 0.498847 0.650958 0.0105049 1.27172 -0.593949 -0.798219 0.912819 
-0.56513 -0.54081 -0.719303 -1.31846 -1.88261 -1.68196 -1.61975 -1.75707 -0.749739 -1.65003 -1.87927 -0.420141 -0.944006 -0.846378 -0.655142 -0.847673 -0.407875 0.298121 -0.191961 -0.817107 -0.317225 0.0218476 0.183933 0.460766 0.972465 1.48814 1.85648 0.868666 0.590398 1.11059 0.473558 0.0424138 -0.601713 0.176284 0.38386 -0.763672 0.564987 -0.244077 -0.0108479 1.07979 1.26802 0.636583 0.883732 0.845602 1.26373 1.21721 1.22976 2.25764 1.38341 0.272779 -0.177481 0.207125 -0.266836 -0.717756 0.55612 
1.05634 0.843838 0.620006 0.532581 0.41949 0.714962 0.712233 0.318803 0.37379 1.69241 1.80793 1.07397 1.48115 0.758458 0.639637 1.10429 0.789615 0.876725 0.381015 0.795173 0.867497 0.12095 0.453972 -0.155047 -0.0937917 -0.517642 -0.307292 -0.166905 -0.279973 0.696804 0.724164 0.258268 0.460192 0.270762 -0.176046 -0.462154 -1.02239 -0.852994 -1.25412 -2.05342 -2.44881 -1.82921 -1.2636 -1.98826 -1.32013 -1.16045 -1.12782 -1.47204 -0.881708 -1.16467 -0.162029 -0.588514 0.532784 0.227234 1.14397 
1.48994 1.19846 1.00856 0.766096 0.95144 0.377481 0.378104 0.035753 -0.0272379 -0.368927 -0.19778 -0.326946 -0.309285 -0.290951 -0.263509 -0.435792 -1.37618 -1.60689 -1.11304 -1.64231 -1.88651 -1.27845 -0.663724 -0.330375 -0.748349 -0.758168 -1.07229 -0.654548 -0.609174 -0.591768 -0.228062 -0.128895 -1.14366 -0.876682 -1.39774 -1.1396 -1.27375 -0.00819834 -0.0544006 0.68363 1.1933 1.3141 1.11018 1.47457 0.83714 0.288698 0.495318 0.993686 2.07307 2.14089 1.18334 0.405055 1.12909 1.20219 0.0731347 
1.23743 1.30576 1.34344 1.72688 1.45799 1.16086 1.04546 1.79294 1.31002 1.17948 1.01281 1.10069 1.10002 1.16313 0.960338 0.537044 0.626158 0.0738886 0.342 0.611628 -0.10293 0.226391 -0.0345933 -0.00854286 0.136593 0.226122 0.847823 0.633136 0.591521 -0.111885 0.224384 0.167497 -0.361803 -0.800712 -0.95418 -1.12523 -1.08538 -1.35569 -0.819843 -1.15487 -1.41449 -1.27158 -1.06386 -0.527377 -1.25889 -1.07271 -0.698292 -1.57127 -1.1302 -1.10981 -1.14676 -1.15075 -1.0615 -0.908117 -0.840149 
-0.781207 -0.623274 -0.28478 -0.506405 0.369988 2.38496 1.12284 -0.00256113 0.235722 0.482372 0.395697 -0.0554696 -0.633914 -0.999577 -1.19145 -1.34568 -0.945917 -0.24621 -0.562068 -0.528926 0.43026 -0.268077 -1.60482 -0.96793 -0.999338 -0.174791 0.710341 1.06783 0.90493 0.108155 0.217034 -0.2135 0.172627 0.426121 1.04143 0.937307 0.826499 0.166622 0.944536 1.57714 1.2691 1.70231 1.01203 0.619835 0.989483 1.51623 0.303875 0.560202 -0.509191 -2.14243 -1.99433 -0.761533 -0.905191 -1.29339 -1.95351 
-1.77669 -1.55364 -1.41993 -1.05878 -1.62206 -2.09788 -0.692797 -1.69586 -0.953764 -1.2666 -0.717826 -0.310041 0.0920084 0.704166 1.20115 1.72554 1.49852 1.6789 0.685385 -0.0263124 1.01167 0.821702 1.21037 0.86283 1.35073 1.25647 0.677936 1.14907 0.949211 0.926708 0.897786 0.559456 0.411527 0.459496 -0.265353 0.446115 -0.554959 -0.248058 0.194401 0.432103 0.779628 -0.0879735 0.862509 -0.532873 -0.240078 -0.0316464 -0.804163 0.124821 0.0780895 -0.687566 -0.204346 -1.24283 -0.809432 -0.474918 -1.67193 
-0.977281 -0.985515 -1.16563 -1.44178 -1.10866 -0.80836 -0.959188 -0.565297 -0.378336 -0.308637 -0.81598 -0.569065 -0.699756 -1.13208 -1.18324 -1.09912 -1.29705 -1.08736 -0.925073 -0.0890533 -0.07809 -0.00812645 0.140486 -0.324571 -0.14556 -0.36028 -0.609282 -0.903487 -0.346233 0.718964 0.341246 0.359562 -0.0732459 0.793699 1.74374 1.26561 1.72076 1.3388 0.613146 -0.0150424 -0.150657 -0.431031 -0.437509 -0.328541 -0.0102944 -0.215023 0.269075 0.664549 1.05222 1.57129 1.95121 1.31705 1.76185 1.7559 2.65428 
-1.21177 -1.58311 -1.42869 -1.41098 -1.35084 -1.5527 -1.44972 -1.06186 -1.17525 -0.976217 -0.809762 -0.866396 -0.587469 -0.537085 -0.0198931 -0.0464894 -0.0782083 -0.360148 0.335063 0.152551 0.0522393 0.365391 0.320374 0.356844 -0.726984 -0.868411 -1.16459 -1.66277 -0.778728 0.115261 0.614756 -0.407534 -0.322574 -0.312273 -0.247869 0.0694665 0.458592 0.849374 0.741629 0.340161 0.659111 0.91204 0.874266 1.20855 0.619299 1.00871 1.6447 1.762 2.15859 1.77468 1.38179 0.953305 1.23817 1.29503 0.736399 
1.04171 0.967397 0.708896 0.818242 0.464029 0.0867762 0.525967 0.517822 0.547514 0.596472 0.888148 0.652197 0.406715 0.856747 0.40444 0.684327 1.51166 1.46024 1.19613 1.15262 0.817088 1.13557 1.30672 1.52731 1.22634 1.08453 0.830146 -0.216407 -0.671205 -0.64419 0.144173 -0.251814 -0.675924 -0.514366 -0.428435 0.0830119 -0.0243452 0.0629999 -0.186619 -0.707564 -1.45054 -1.3835 -1.80247 -2.04893 -1.4885 -1.53439 -1.06167 -1.30939 -1.39239 -1.6141 -0.602569 -1.23756 -1.27272 -0.531904 -0.654433 
1.60762 1.84247 1.75328 1.53596 1.02501 1.53335 0.848822 1.23441 0.773034 0.671314 0.691644 0.879788 0.794549 0.575365 0.607819 0.0289513 -0.341138 -0.0567386 0.329244 0.414094 0.772289 0.0160776 -0.0169037 0.191534 0.336129 -0.819345 -1.36452 -0.598719 -2.03971 -1.91769 -2.01719 -1.18725 -1.61163 -1.2355 -1.06297 -0.464684 -1.36454 -1.63979 -0.531895 0.125863 -0.0720831 -1.21993 -0.737912 -0.511903 -0.314348 0.02494 -0.515642 0.35736 0.825942 0.00474346 0.731676 0.2477 -0.393931 0.0706961 1.1843 
-0.762972 -0.762972 -0.230649 0.784166 1.72988 0.618434 -1.11943 -1.00983 -0.316616 0.380525 0.356439 0.952447 1.84227 1.77617 1.5223 0.991626 0.405592 0.316567 -0.612427 -0.845592 0.147926 0.440312 0.255359 -0.109154 0.164243 0.582913 -0.476665 -1.72052 -2.05208 -0.32511 1.72658 1.51366 0.445043 0.704067 0.918885 -0.207594 -0.117417 0.844031 0.458295 -0.897531 -0.442204 0.957809 1.41017 0.601304 -1.21194 -1.26761 -0.274608 -1.17528 -1.91077 -1.23783 -0.338358 -0.275528 -0.411903 -1.36721 -1.36721 
0.754002 0.754002 0.552076 -0.770615 -2.1212 -0.438358 1.49717 0.50742 0.966243 1.32039 0.885632 0.0718457 -1.686 -2.24504 -1.45339 -0.463051 -0.209199 0.174189 0.919664 0.28274 0.237171 0.796448 1.04292 0.969541 0.702496 1.26598 1.68378 1.94909 0.700135 -1.35855 -1.51007 -0.589628 0.24199 -0.294312 -0.402042 -0.369576 -0.434139 -0.768271 -1.39932 -0.250747 0.610851 0.380011 0.000583369 0.144965 0.863082 0.599272 -1.0079 -1.82765 -0.376232 0.903136 -0.576846 -1.47109 -0.721692 0.484051 0.484051 
0.361541 0.361541 0.296365 1.83732 1.74018 0.0501238 0.381387 0.950218 -0.340933 -0.661998 -1.67203 -2.10918 0.439547 1.741 0.383702 -0.615855 -0.743032 -0.51027 0.967661 1.78253 0.478608 -0.488659 -0.70027 -0.480333 -0.420611 -2.20508 -1.07964 0.0764595 0.421281 0.968122 0.765661 -0.271713 -0.633297 1.43272 -0.0796873 -0.747223 0.613129 -0.11978 -1.04667 -0.366776 0.509354 -0.0481854 -0.152891 0.362366 0.798415 0.787109 -0.14065 -1.45561 -1.09028 -0.652558 0.517854 -0.775088 -2.32158 1.45284 1.45284 
-0.232026 -0.232026 -1.02037 -1.508 -0.496705 0.295281 -0.132048 1.06299 0.0982562 -1.4653 1.51803 1.1455 -0.576034 0.328165 -0.0387218 0.275568 1.4117 0.235925 -1.44722 -0.195473 1.02372 0.596597 0.517899 0.959962 1.26196 1.08069 -0.820369 -1.63796 0.268813 -0.184821 -1.38772 -1.39669 0.132185 1.20911 -1.2256 0.191938 0.619909 -0.765189 1.63686 1.57997 -0.597493 -0.522997 0.227207 0.4434 0.432787 -0.080043 1.27847 0.157205 -2.54681 -2.01073 -0.1201 -0.150068 -1.20654 1.00349 1.00349 
-0.706284 -0.706284 -0.500795 -0.318855 0.310218 0.491534 -0.640283 -0.545459 2.26732 2.36677 -1.00549 -0.526298 -0.507778 -1.37197 0.578755 0.256981 -0.363296 -0.660723 -0.123405 0.809832 -1.09712 -0.668814 -0.442866 -0.889358 -0.585139 -0.340187 0.586813 0.0554607 1.42959 1.6603 -0.709905 -0.423109 0.0311036 -1.03472 -1.19355 -1.37991 -0.631544 -0.370133 -1.96164 -1.9522 0.378943 1.95778 -0.250723 -0.0822911 1.37061 0.326523 -0.501353 0.414924 0.515571 1.19296 0.957158 1.1521 1.35079 1.01472 1.01472 
-0.599083 -0.599083 -0.530433 -0.00486365 -0.469153 -0.727869 -0.403483 -0.49258 -0.491654 -0.163724 0.133931 -0.0810387 0.125546 0.139245 -0.127729 -1.48324 -1.56508 0.443673 0.0255218 -1.00817 0.584747 1.78774 1.40299 -0.0433908 -0.524025 -0.378568 0.220261 0.723758 0.16306 0.608909 0.723423 -1.20723 -0.972202 -0.28073 -0.293106 0.248787 1.65975 1.78293 1.04409 1.82263 0.958147 -0.0412812 0.299892 -0.307285 -1.58578 -0.403615 1.06252 2.28489 1.68188 -1.17101 -2.35603 -0.000851687 1.19158 -1.40381 -1.40381 
0.43868 0.43868 1.21491 0.459728 -1.21676 -0.838662 1.73456 0.829235 -1.33361 -0.55456 -0.0165396 0.392363 0.33135 -0.166545 -1.3647 -0.645649 -0.963356 -0.522429 1.50216 -0.918461 -0.771419 0.345877 -0.401173 0.599227 0.755594 1.92952 1.18015 -0.453812 -1.65768 -0.726831 0.865746 -1.26642 -2.20746 -1.28167 -0.621839 -0.145643 -0.390167 0.831642 0.672224 -1.28727 -0.109956 1.04125 2.01076 -0.302867 -1.16578 1.55847 -1.05057 -0.886388 1.31425 0.136747 0.076701 0.387583 0.775216 0.722787 0.722787 
0.526861 0.526861 0.15651 0.68136 2.8637 0.77706 -2.28713 -0.823115 0.515646 0.19857 -0.482317 -0.962156 -0.878727 -0.501529 -0.295228 0.282048 1.11527 0.417014 -0.233381 1.01073 0.296998 -1.94324 -0.640398 0.633272 0.816375 1.71068 1.25495 0.232345 -0.893914 -0.628731 -0.271375 -0.000852558 0.666581 0.890199 0.541261 -0.167236 -0.709512 0.157651 1.41878 0.359171 0.164611 -0.208361 -1.01374 0.0204769 0.917125 -0.626499 -0.890357 -0.750865 -2.59459 -1.40664 1.38987 1.1052 -0.476475 -0.98041 -0.98041 
0.534371 0.534371 0.748617 -0.3327 -1.6312 1.42255 0.604579 -0.423986 0.646841 0.346919 1.46491 1.23727 1.55434 1.70163 1.56546 0.442221 -0.0914699 -1.28063 -2.66462 0.48709 1.29651 0.289149 0.0446893 0.198633 0.591582 -1.0629 -0.185745 0.401743 -0.364089 -0.0988991 -0.588879 -0.773509 -0.174198 -1.06924 -0.0398775 -0.468418 -1.09607 1.14345 1.0361 0.888813 -0.825975 0.109464 -0.709342 -1.72969 0.758493 -0.894249 0.223628 1.34962 -1.27947 -0.457293 -0.880564 -0.95786 1.17223 -1.35721 -1.35721 
-0.521252 -0.521252 -0.961751 -0.117897 0.829898 0.0341978 0.18808 0.743474 0.210435 -0.931143 -0.639764 -0.0204699 -1.13729 -1.00651 -0.157365 -0.398695 -0.192234 0.400043 1.42986 1.18105 -0.0785058 0.147817 -0.731866 -0.681884 -0.270279 -0.974019 -1.10471 0.22094 2.45608 0.91879 -0.802497 -0.893076 0.502243 2.77593 0.564356 -0.249351 -0.0912357 -2.03271 -2.43755 -1.46742 -0.895537 -0.683209 -0.0430504 0.490863 -0.0249204 0.247774 1.23463 1.07608 1.27931 1.26656 -0.629601 -0.522911 0.510002 1.25577 1.25577 
-0.511027 -0.511027 0.170783 0.00554524 -0.379254 -0.304181 0.729308 0.350133 0.0192118 0.509631 0.0615761 0.258683 0.446232 0.86379 0.728883 -0.233081 -0.680569 0.593372 0.767619 -0.62653 0.242117 0.339022 -0.145861 -1.96637 -2.27814 -0.897781 -1.523 0.545333 2.98511 2.31119 -1.04708 -1.77355 0.0360602 3.58842e-005 0.538112 1.10718 1.2359 0.365137 -1.02328 -0.275495 0.871332 0.246175 0.388755 -0.577713 -0.481107 1.66612 1.18926 0.769705 -0.10867 -1.49222 -1.57034 -0.382581 0.467983 -1.01023 -1.01023 
-0.498708 -0.498708 -0.171483 -0.342014 -1.20899 0.204622 0.862264 0.132658 0.234399 0.701177 0.193553 -0.763504 0.458714 0.0902138 -0.212934 2.06701 1.47671 -0.467916 -0.453812 -0.581071 0.063878 0.966649 0.792245 -0.0489485 -0.694634 -0.611633 -2.22362 -2.5807 -0.667916 1.54703 0.793365 -1.3669 -0.373523 0.53522 1.15862 0.814236 0.0586119 -0.194856 -1.27865 -2.15767 -1.11005 -0.53277 -1.09134 0.653669 1.01103 0.854751 0.495159 -0.494965 -0.448639 1.50149 0.765156 -1.09975 1.35153 1.19587 1.19587 
0.209742 0.209742 -0.405182 -0.978722 0.0081056 -0.227955 -0.394883 -0.0914133 -0.754101 -0.0990328 0.295154 0.151592 -0.402335 -0.242286 -0.73142 -1.27884 -0.10488 0.923305 0.651937 0.614149 -0.529614 -1.06158 0.250254 0.491741 -1.36305 -2.30107 0.311682 -0.906542 -1.78203 0.0422836 1.00498 0.563162 -0.0539677 0.757785 1.05989 -0.398461 -1.58638 1.14397 2.41277 0.63695 -1.8185 -0.893813 0.9745 0.587656 0.741705 -0.26209 0.463709 1.83608 -0.467874 -0.116543 0.342048 -1.51907 -0.229058 2.1579 2.1579 
0.420378 0.420378 1.17948 1.48871 -0.101783 -2.10915 -1.19579 0.622709 1.0622 0.525648 0.449998 1.13362 0.638348 -0.217155 -0.564664 -0.813133 -0.48277 -0.739312 -0.847131 0.590948 0.984072 0.102551 -0.388824 -0.0459687 0.53987 -0.457225 -1.70083 -1.15626 1.06599 2.84871 1.39763 -0.93643 -0.583406 0.376633 -0.659753 -0.752988 0.808826 0.452833 -1.28054 -0.651404 1.41002 1.4078 -0.244485 -1.93921 -1.3758 0.723333 0.091255 -1.2017 -0.0246021 1.19839 0.742011 -0.0328247 -0.794413 -0.692401 -0.692401 
-0.150528 -0.150528 -1.09701 -1.91896 0.231718 2.58317 0.670735 -0.385951 0.5757 -0.0637182 -0.899456 -1.84622 -1.66393 0.160414 1.26911 0.884269 0.449954 0.801746 0.0716402 -0.494408 0.361559 0.570534 0.117825 -0.249633 0.206085 0.696143 0.482781 -0.709904 -2.37289 -1.58759 0.544182 1.24769 0.205284 -0.466886 -0.0598923 -0.0290031 -0.29133 -0.696693 0.364289 1.43239 0.445316 -0.442725 -0.174227 0.611143 0.319053 -1.34486 -1.74267 0.44597 1.94803 -0.14959 -1.70496 -0.109683 1.39301 0.856759 0.856759 
-0.106868 -0.106868 0.848898 0.829071 -1.17494 -0.909223 0.491833 -0.514455 -1.06641 -0.892045 -0.964047 1.24324 2.3216 -0.10108 -1.52826 -0.76529 -0.000954574 0.994599 1.35564 -0.369774 -1.47513 -0.797632 -0.0612786 0.107013 -1.1362 -0.475198 1.34866 0.864488 0.486603 0.147155 -0.83544 -0.934134 0.990717 0.276928 -1.41853 0.36327 0.322723 -1.09592 -0.21964 0.898668 0.13116 -0.477194 0.188198 0.523596 0.197 -0.648889 -1.45747 -0.655442 0.431641 0.930986 -0.142441 -1.82758 1.31541 2.27461 2.27461 
-0.532103 -0.532103 -0.834118 0.280502 1.07304 0.182016 0.431645 0.0988044 -1.60974 0.835507 1.57317 -1.3408 -0.550053 0.288951 -0.0764119 0.854488 -0.0683888 -1.81452 -0.311024 1.48655 0.446736 -0.357117 0.181216 0.417003 0.0309369 -1.33354 -1.72764 0.630754 0.85617 -1.06982 -0.794414 0.897527 1.57008 -0.884784 -0.673824 1.09919 -0.636637 0.586018 1.40865 -1.42769 -1.34631 0.466945 0.554707 0.0834913 -0.368033 0.479944 0.103105 -2.41304 -1.38656 1.45916 1.10858 -0.716724 0.670624 1.32495 1.32495 
0.102836 0.102836 0.23162 0.53145 0.531008 -0.71542 -0.776642 2.0155 2.01877 -2.35924 -2.09044 0.309682 -0.641216 0.726474 1.11042 -0.709439 -0.692205 0.127187 0.9983 -0.731853 -1.08926 0.420491 -0.198727 -0.143324 0.346108 0.786937 0.237438 0.553934 1.09335 -1.55704 -1.51734 0.481898 -0.475537 -0.909476 -0.286961 0.355193 0.672144 -0.984111 -1.16247 1.61414 2.72503 -0.48832 -1.48666 1.10503 0.246758 -1.36767 0.0199561 0.677202 0.508107 0.269956 -0.0715362 0.236014 -0.139865 -0.280505 -0.280505 
0.0939759 0.0939759 0.437318 0.0891612 -0.423194 0.0920293 0.202838 -0.00847087 0.263962 0.457808 0.103145 0.0436509 0.193035 -0.11633 -1.01081 -0.889862 1.30794 1.08823 -0.899329 0.414457 1.87564 0.583668 -1.14711 -1.20975 -0.169834 0.535353 0.769252 0.0117603 -0.0258989 0.4152 -1.13731 -1.05858 0.654391 0.492766 0.395049 1.32488 1.05135 -0.353066 0.075066 -0.00701732 -1.16852 -0.380894 -0.124645 -1.18273 -0.0138015 1.7792 1.80547 0.453737 -2.20853 -2.58874 0.813562 2.3667 -0.867389 -1.64638 -1.64638 
0.475193 0.475193 -0.00154245 -1.54991 -0.834484 1.84829 1.03809 -1.95172 -0.888399 0.816619 0.582948 0.204788 -0.367659 -1.08552 -0.317281 0.238531 0.0629573 1.54162 -0.264838 -1.45011 0.783328 0.218901 0.145106 0.71542 0.824967 0.253183 -1.51939 -1.8063 -0.187183 1.57817 -0.355464 -1.9549 -0.0244563 0.98615 0.702327 0.131421 0.602116 0.655842 -1.35247 -0.508608 1.45513 1.32395 -0.863351 -2.02013 1.1602 0.0579029 -1.55823 1.47805 0.631061 -0.796079 0.143519 0.426132 0.19678 -0.0479271 -0.0479271 
-0.189373 -0.189373 0.142328 1.75561 0.105168 -3.2106 -0.966613 1.81602 0.690383 -0.586019 -0.688885 -0.205842 0.335799 0.413452 0.539901 0.936111 0.129983 -0.807653 0.419911 0.379881 -1.8222 -0.547742 1.67302 0.965355 0.725599 0.321861 -0.889611 -1.31338 -0.499508 0.438125 0.4415 0.637467 0.607823 -0.0345158 -0.623605 -0.745793 0.250012 1.38975 0.172045 -0.747936 -0.31399 -0.700022 0.189309 1.26498 -0.364198 -1.09763 -0.0339127 -1.03238 -0.369757 2.56284 1.63215 -1.13483 -1.2734 -0.273797 -0.273797 
0.230871 0.230871 -0.536971 -1.61117 1.32514 1.66636 -1.23249 0.108745 0.626155 0.659645 0.710976 0.14224 0.408473 0.0866298 -0.81557 -1.09785 -1.14466 -1.74846 1.33399 2.89153 -0.0618225 -0.810179 0.0144594 0.467083 -0.817078 -0.473244 1.11878 -0.0479069 -0.27677 -0.0808874 -0.400305 0.373199 -0.131265 0.174116 0.50538 -0.671266 1.22332 1.59278 -0.102085 -1.24352 -0.47468 0.161556 -1.22725 1.12104 0.671982 -0.301072 1.67211 -0.988613 -1.20436 0.361997 -0.276717 1.53643 -0.204841 -1.71742 -1.71742 
-0.370104 -0.370104 0.241474 1.24763 0.0593749 -0.516009 0.46319 -0.0346532 -1.26452 -0.667033 0.60915 -0.411431 -0.765485 0.659338 0.389659 -0.076126 0.528026 1.12475 0.515174 -1.14403 -0.799683 -0.524374 -0.652177 0.283677 -0.262579 -0.655604 0.815186 2.52981 0.454908 -2.41249 -1.364 0.894748 2.60824 -0.00583891 -2.24341 -0.525992 -1.34334 -1.75134 0.358841 1.06671 0.517494 0.56698 0.800048 -0.0377153 -0.227032 0.861999 0.549454 -0.0184756 0.0871982 -1.43433 -1.34777 0.775067 1.23824 0.489639 0.489639 
0.462539 0.462539 0.355562 -0.334974 -0.179394 0.738823 0.444737 -0.438598 0.124388 0.0485539 -0.14134 0.270158 0.41288 0.204118 -0.689 -0.891369 0.556182 0.958701 -0.768653 -0.319089 0.646237 -0.230055 -1.47141 -1.35933 0.712947 0.510011 0.955415 2.93973 1.16436 -2.58936 -2.62338 0.722364 1.16937 0.346161 0.737908 0.472883 -0.459284 -1.44149 -0.393626 1.24772 0.358862 -0.291299 -0.512268 -0.542033 1.47381 1.10254 -0.559223 -0.819166 -1.44327 -0.925174 0.73952 1.34076 -0.385218 -0.935883 -0.935883 
0.180298 0.180298 0.063162 -0.75712 0.331008 1.37825 -0.0939005 -0.475742 0.346039 -0.072526 -1.05054 0.137666 0.541939 -0.505817 1.31337 1.11613 -1.78568 -1.37052 -0.122195 0.311126 1.01864 0.455837 -0.742071 -1.06579 -0.430971 -1.09471 -1.397 1.02413 2.79082 0.959267 -2.04602 -0.845991 1.26208 1.00794 0.147183 -0.800051 -0.737603 -0.963019 -1.3927 0.0713407 1.07165 -0.0316177 0.770481 1.39962 0.0936514 -0.398812 -0.971574 -0.692753 1.32687 0.789272 -1.83123 0.358307 1.53236 -0.15139 -0.15139 
-0.438701 -0.438701 -0.789143 0.189554 0.395759 -0.309205 0.0204574 -0.28246 -0.0676276 0.578141 0.090164 -0.489149 -0.303638 -0.264049 -0.696324 0.319855 1.28258 0.399456 -0.251872 -0.78492 -1.08687 0.413541 0.886131 -1.04873 -1.76943 0.960317 0.78911 -1.34226 0.516776 1.63993 0.255293 -0.710005 0.055946 0.617615 -0.769458 -1.67989 0.879479 2.38058 -0.372769 -2.64835 -0.998294 1.6436 0.842231 -0.205214 -0.582181 -0.232832 1.21904 -0.632185 -1.25606 0.431904 -0.919938 -0.411928 2.18372 1.3955 1.3955 
