25
0.740041 0.897484 0.988712 1.04562 1.11901 1.01869 0.88868 0.839956 0.676862 0.609929 0.494808 0.330431 0.31643 0.21928 0.0908604 -0.0784915 -0.0709063 -0.316149 -0.705702 -0.912422 -1.13529 -1.33207 -1.89774 -1.82216 -2.00587 
-1.38791 -1.52411 -1.62741 -1.64398 -1.02186 -0.806393 -0.398008 -0.46723 -0.284835 -0.286627 0.273244 0.667486 -0.0329983 0.410492 0.375638 0.844137 1.19604 1.20257 1.8313 1.13894 1.55792 0.683246 -0.123674 -0.190338 -0.385626 
-0.851107 -1.04725 -0.837851 -0.780245 -1.22695 -1.5978 -1.68607 -1.48556 -0.796193 -0.433655 -0.337606 0.171288 0.595018 0.649484 0.504902 0.61024 0.539905 0.59556 0.585714 1.03629 0.84002 1.55273 0.666261 1.496 1.23688 
1.80204 1.65104 1.4297 1.40204 1.15765 1.12056 0.907263 0.76224 0.504242 0.137565 0.00309244 -0.11379 -0.45838 -0.657314 -0.867724 -0.641915 -0.545694 -0.701197 -0.930849 -1.15338 -1.41478 -1.03504 -0.833637 -0.828178 -0.695543 
1.22988 1.47737 1.72134 1.91297 1.5021 0.764778 0.504724 0.585976 0.4614 0.509257 -0.245124 -0.459414 -0.857683 -1.33669 -0.653689 -0.767265 -1.07371 -0.363039 -0.86195 -0.0310435 -0.502759 -0.451215 -1.48189 -0.67963 -0.904685 
-1.52784 -2.13123 -1.91081 -1.52414 -1.1849 -0.712822 0.0472294 0.361011 -0.238594 0.819264 0.808608 1.03423 0.794014 1.00619 0.403897 0.18571 0.976072 0.819881 0.788386 -0.453165 0.352476 -0.844932 0.771083 0.717519 0.642856 
-0.226186 -0.257666 -0.614307 -1.15239 -1.25325 -1.17341 -1.19047 -0.637838 -0.380325 -0.514874 -0.648968 -0.760015 -1.00164 -0.748032 -0.144528 0.581577 0.411051 0.675077 0.492931 0.917144 1.37506 1.91358 1.14958 2.0471 1.1408 
0.759004 0.802106 1.02441 0.0541677 -0.199423 -0.951062 -0.881832 -1.18653 -1.0049 -1.66307 -1.56625 -1.30278 -0.899017 0.298239 0.228839 0.550876 1.34792 1.44436 1.67716 1.26591 -0.442435 0.305745 -0.370391 0.814464 -0.105519 
1.03411 1.17513 1.22253 1.7555 1.37091 1.37952 1.22384 0.85232 0.238537 -0.184032 -0.618559 -0.622227 -1.02685 -1.26769 -1.0744 -0.909904 -1.14726 -1.29298 -0.969 -0.364142 -0.59851 0.0653511 -0.899683 0.242871 0.414601 
-0.9234 -1.36371 -1.57491 -2.03664 -1.2165 -0.247582 0.0624111 -0.601046 -0.260323 0.0862144 0.40537 0.276877 0.808572 1.28558 0.810953 -0.210791 -0.0660631 0.650614 0.409212 -1.0579 -0.175948 0.417662 0.950346 1.44678 2.12422 
0.200178 0.121394 -0.342032 -0.644583 0.100528 0.755711 0.316631 -0.135781 0.119825 0.403614 0.745251 0.547077 0.938924 1.39852 1.59362 1.09634 0.699756 0.802062 -0.154049 -0.790397 -1.0623 -1.38125 -1.26067 -1.57642 -2.49193 
-0.912427 -1.46327 -1.63684 -0.648324 -0.477313 0.410995 0.383278 -0.548652 -0.46414 -1.04227 -0.447832 -0.239385 -0.758064 -0.82905 -0.454428 0.234879 1.30444 1.68315 1.55336 1.39838 1.505 1.04889 1.10536 0.00754856 -0.713276 
1.64085 1.21263 0.869247 1.6203 1.09855 0.736541 1.23536 0.34661 -0.301088 -0.516602 -1.81095 -0.575172 -0.69135 -0.594909 -0.619048 -0.151252 -0.329153 0.639279 -0.0528888 0.555228 0.536129 -0.641991 -0.94475 -1.39034 -1.87123 
1.81457 1.81457 1.41942 1.34932 0.731354 -0.0681266 0.134672 0.00464432 -0.0669209 0.121632 -0.261367 0.13608 0.400313 -0.0494015 -0.333189 0.20137 -0.0969149 -1.65784 -1.50643 -0.851293 -0.812212 -2.15958 -1.08907 0.412197 0.412197 
-0.523638 -0.523638 -0.323421 0.890632 1.27896 0.921256 0.444803 0.0665884 0.17944 0.81118 1.47398 -0.63534 -0.552919 0.561074 0.602928 1.2502 0.477047 0.940346 -0.229301 -0.58034 -0.885459 -2.93711 -1.58484 -0.561214 -0.561214 
-0.435746 -0.435746 0.130268 -1.33324 -2.28897 -1.48945 -0.214946 1.51967 1.88108 0.557616 0.884082 1.61501 0.601356 -0.66633 -0.552853 -0.387239 -0.498063 -0.363133 0.517785 0.101943 0.686669 -0.852906 -0.59187 0.807507 0.807507 
-0.533239 -0.533239 -0.131949 -0.20694 -0.237614 -0.136452 -0.487616 -0.633042 -1.35417 -0.952296 -0.139612 -0.82321 -1.09016 -0.653615 0.728244 1.72584 0.485278 -0.574918 -0.792991 -0.896282 1.06317 2.56884 1.35113 1.12742 1.12742 
1.06892 1.06892 0.972672 -0.155625 -1.75623 -1.49637 -0.0859548 0.147476 0.089936 -0.99523 -1.44692 -0.833326 -1.28944 0.573611 1.20326 -0.501572 0.918614 0.586983 0.794159 0.841018 -0.50184 -1.46494 -0.171438 1.21667 1.21667 
-0.819317 -0.819317 0.620721 0.793548 0.917764 1.52983 1.2996 -0.678017 0.404238 1.26086 0.0503743 -0.283517 -0.30307 -0.829711 -1.45567 0.569936 0.660109 -0.535277 -2.11392 -0.896316 -0.832112 0.346572 2.01029 -0.448793 -0.448793 
-0.95946 -0.95946 -1.89579 -1.42305 -0.280975 -0.126074 0.747775 1.25525 -0.0148426 -0.738634 -0.695194 -0.893943 -0.219963 1.34206 2.21535 0.784743 -0.0692994 -0.0907749 0.205292 1.3883 1.59956 -0.65886 0.00466256 -0.25834 -0.25834 
0.33294 0.33294 -0.879435 -1.4488 -1.18726 -0.801035 -0.266318 -0.131832 -0.554721 -0.656207 0.446451 0.813691 1.93088 1.36478 0.317661 1.35429 1.08438 0.409309 -0.198096 -2.5205 -1.13335 0.101598 0.624041 0.332299 0.332299 
0.302595 0.302595 0.925535 0.238941 -0.594443 -0.230621 -0.834798 -1.56289 -1.64402 -1.35911 -0.693329 -0.645795 -1.02276 -0.0724574 0.571772 -0.11268 -0.605726 0.286429 1.47937 0.591961 0.685737 -0.475554 0.285261 2.09199 2.09199 
-0.95805 -0.95805 -0.980676 0.109033 1.62065 1.08163 -0.643135 -0.610666 0.456495 0.433707 -0.0682103 0.156359 0.796127 -0.26715 -1.85073 -1.19632 0.640496 0.232511 -2.07488 -0.887945 1.28942 0.920378 0.817704 0.970653 0.970653 
-0.400035 -0.400035 -0.702782 0.932319 2.2281 0.625933 -0.8726 0.0672832 1.06333 1.17973 0.527653 0.595586 1.48552 1.21933 -0.0752852 -0.875802 -0.0645875 -0.821611 -1.82098 -0.895279 -0.465853 0.0651771 0.0694969 -1.3323 -1.3323 
-0.713633 -0.713633 0.879627 1.23627 1.13255 0.926867 -0.957099 -0.840942 -0.474756 0.0530247 0.867142 -0.284948 -0.574164 0.350412 1.13732 1.85659 1.53513 0.293784 -0.258604 -0.0139145 -0.325571 -0.377487 -1.04166 -1.84616 -1.84616 
-0.605268 -0.605268 0.949534 0.714364 -0.753137 0.592419 -0.102054 -1.61366 -0.726048 -1.57861 0.334825 1.88817 0.386023 0.50737 0.99698 0.794255 1.45431 0.776282 0.301229 1.18863 -1.16641 -1.5404 -0.57461 -0.809456 -0.809456 
-0.327452 -0.327452 -0.397596 -0.620579 -1.35051 -0.52913 0.140821 -0.133747 0.185071 -0.126595 0.0824547 0.730168 -0.117624 -0.666052 0.318954 0.304446 -1.7926 -1.34257 0.875143 0.762729 -1.24126 -0.20907 2.64169 1.57038 1.57038 
0.127923 0.127923 1.13464 1.29062 -0.0127067 -0.7298 -0.746806 -0.258144 0.579328 1.03535 -1.23758 -1.71884 0.953987 0.920348 0.533337 -0.142484 -0.295038 -0.623817 -1.29908 -0.582198 -1.99238 -0.618037 1.93204 0.810705 0.810705 
0.284857 0.284857 -0.789775 -1.90717 -0.245458 1.39216 2.07878 1.40832 -0.837176 -0.862836 0.645672 -0.33836 -1.80591 -0.978275 0.0741736 -0.0905269 -0.113058 0.615162 0.21074 -0.00674924 -0.831888 -1.06957 1.08846 0.896782 0.896782 
0.209592 0.209592 0.149449 -0.19699 -0.0557141 -0.31275 -0.510516 -0.807233 -0.368291 0.861843 -0.00871764 -0.874591 0.0237712 1.34613 1.7961 -0.307107 -1.95748 -1.13743 -0.369983 1.37641 2.66682 0.118703 -1.26828 -0.291665 -0.291665 
-0.112081 -0.112081 -0.903751 -1.95928 -0.985289 1.1274 1.10886 0.078863 -0.846331 -1.12288 0.0690493 0.0659391 0.942627 1.70446 -0.798954 -0.244272 0.719234 -0.131875 0.133693 -0.953889 -1.66253 0.187276 1.837 0.929413 0.929413 
0.912517 0.912517 1.02119 0.193779 0.469981 0.247095 -1.38135 -0.556026 1.2262 -0.215524 -0.964143 -0.21526 -0.336465 -0.717786 0.887118 1.33744 -0.687988 -1.73738 -0.220036 0.813021 0.788545 1.79435 -0.493149 -1.53933 -1.53933 
-0.705908 -0.705908 -0.352567 1.2009 0.963333 0.762853 1.02638 -0.57607 -1.49636 -0.514582 -0.12215 0.349136 1.66519 1.81416 -0.422621 -1.71369 -0.660456 0.199172 1.09944 1.03605 -1.53618 -1.19814 0.293295 -0.202643 -0.202643 
-0.901103 -0.901103 -1.34641 -0.193656 0.553713 0.767364 0.570479 -0.178465 -0.363019 0.830111 1.1967 1.20807 0.478101 -1.2146 0.0388878 0.646745 -0.691972 -0.955929 -2.24431 -0.684365 2.09784 1.42155 0.227526 -0.181076 -0.181076 
0.343199 0.343199 -0.272684 -1.57902 -0.636789 -0.431187 -1.41064 -0.941464 -0.0328 0.637191 0.424269 -0.511086 0.298704 1.21472 -0.251666 -1.27182 0.14242 1.65477 0.0584791 -0.927488 -1.17316 -0.574817 2.08753 1.40507 1.40507 
-0.115783 -0.115783 0.576942 1.55226 0.516879 -1.54048 -1.17719 0.597632 0.562505 -0.434953 -0.277709 0.448057 -0.370623 -1.784 -0.69207 1.48226 0.806904 -1.82756 -0.81367 2.03728 1.04815 -0.401267 -0.0694401 -0.00417021 -0.00417021 
-0.115777 -0.115777 1.06751 2.22433 -0.11841 -2.14059 -0.300968 1.50431 0.908368 -0.284346 -0.319418 0.796501 0.554701 -1.0262 -1.41288 0.111056 0.142531 -1.16775 0.0500027 1.08399 0.798375 0.490736 -0.908009 -0.911135 -0.911135 
1.32927 1.32927 1.61618 0.250982 -0.201407 -1.6336 -1.37468 0.435547 0.766693 1.12705 -0.224389 -1.11201 0.558647 1.42438 1.25921 0.367536 -1.20976 -1.39553 -0.200034 -0.00636811 -0.244984 -0.528578 -1.13402 -0.599706 -0.599706 
1.13496 1.13496 0.959168 -1.3 -0.11841 0.459428 -1.6763 -0.493692 -0.00105611 0.765746 2.56416 0.011014 -1.0594 0.429434 0.18719 0.314599 -0.0406908 -0.889185 0.280973 -1.12432 -2.06721 0.415117 0.519127 -0.202803 -0.202803 
