30
1.31368 1.35698 1.35631 1.28633 1.082 0.875772 0.816735 0.649104 0.639847 0.530306 0.444487 0.534215 0.528053 0.414818 0.331413 0.151808 0.0228907 0.0161779 -0.150962 -0.339174 -0.428378 -0.559857 -0.750984 -0.720275 -1.24352 -1.06838 -1.44875 -1.74177 -1.86063 -2.03825 
-0.168679 -0.356845 -0.532432 -0.326478 -0.13908 0.169647 0.419978 0.520331 0.010562 0.54114 -0.49831 0.119972 0.330905 0.770804 0.0102804 -0.252569 -0.0168052 -0.5426 -0.272797 0.322192 0.611115 2.54821 2.75391 0.507267 0.42012 -0.945857 -0.787235 -1.43503 -1.36469 -2.41703 
-2.33653 -1.9741 -1.70523 -1.50722 -1.32179 -0.849598 -1.20415 -0.607778 -0.311758 -0.326675 0.283952 -0.0338795 0.317608 0.257191 0.802708 0.57509 0.831225 0.574195 0.299779 -0.164547 0.767183 0.901587 1.10162 1.12528 1.14924 0.794288 0.647489 0.433212 0.931836 0.549773 
0.717437 1.09641 1.05803 0.450467 0.572063 1.14396 1.37452 0.85958 0.274303 -0.281035 1.02717 -0.773588 -0.514113 0.704426 0.627185 0.961768 0.350034 -0.995531 -1.44595 0.656107 -0.0403593 -0.20508 0.439177 0.160073 -2.03452 -1.89797 -2.10747 -1.03689 -0.520472 -0.619745 
-0.100751 -0.542272 -0.834195 -0.727317 -0.536046 -0.677589 -0.165907 -0.0977264 -0.243885 -0.489589 -0.846217 -0.690751 -0.916558 -1.28484 -1.81254 -1.30475 -0.465437 -0.29795 -0.303849 -0.226306 0.930933 1.02872 1.22427 0.534229 0.881266 1.36368 1.72058 1.70884 1.65981 1.51215 
1.42026 1.06293 0.713406 1.19193 1.28648 1.43597 0.102922 -0.526833 0.258428 -0.320574 -0.80954 0.65885 0.508165 0.252517 0.261281 -0.91605 -0.945159 0.364713 0.951894 1.70002 0.435503 -1.6388 -1.99976 -1.24106 -0.300928 -1.60121 -0.308684 -0.467681 -0.598039 -0.930935 
0.431111 0.48168 1.34822 1.51003 1.44037 1.28341 1.12288 1.28914 0.659137 1.56636 0.795247 0.508202 0.267057 -0.519942 -0.630557 -1.21264 -1.51556 -0.741945 -1.12409 -1.7252 -0.86868 -0.214073 -0.523069 -0.463074 0.31034 -1.29218 -0.0257157 -0.508001 -1.03878 -0.60968 
-1.44664 -1.08099 -1.18768 -1.17273 -1.25036 -0.789755 -0.835911 -0.527982 0.206783 0.276699 0.997035 0.39928 0.289092 0.605053 0.688266 0.259099 0.508059 1.35425 1.02794 1.91886 1.34853 1.34604 0.780078 0.987407 -0.348043 0.0386371 -0.771618 -1.1194 -0.811721 -1.68826 
0.244043 0.289368 -0.226936 -0.765338 -1.15964 -1.85576 -1.21646 0.0236339 0.125531 -0.22131 0.933685 1.08992 0.2337 1.01547 0.708709 0.121843 0.179356 -0.494721 0.346926 0.00353312 -2.01456 -2.22682 -1.17158 0.594579 0.745603 0.131038 0.942981 0.611336 2.10211 0.909763 
-0.533242 -0.71798 -0.855351 -0.853826 -0.930891 -0.944653 -0.489141 -0.673831 -0.7654 -0.683513 -0.867089 -0.959516 -0.690864 -0.585405 -0.842227 -0.293104 -0.552715 -0.461389 -0.233981 0.238819 0.427919 0.497744 0.952875 1.00799 1.48813 1.45121 1.32052 1.2595 1.90883 2.38058 
1.63894 1.55499 1.42602 1.29202 1.17871 1.3875 0.696338 0.56823 0.263433 0.150664 0.0212667 0.125152 0.141685 0.469269 0.556834 0.4218 0.477398 0.100264 -0.438002 -0.776731 -0.448575 -0.867006 -0.951297 -0.559496 -1.5106 -1.41985 -1.42973 -1.65462 -1.07457 -1.34005 
1.50373 1.34148 1.63066 1.69098 1.5605 1.62529 1.20091 1.15679 0.43162 0.155901 -0.00242042 -0.376773 -0.568777 -0.875309 -0.526342 -0.88799 -0.197284 -0.6422 -0.948459 -1.32057 -1.00002 -0.631448 0.311996 0.304445 -0.829925 -1.11838 -0.541181 -0.746136 -0.589482 -1.1116 
-1.43201 -1.12702 -0.986719 -0.908119 -0.0206337 -0.431802 -0.550207 -0.744327 0.0017237 -0.49755 -1.49834 -0.369401 -0.206467 0.659846 1.1389 1.49012 1.72597 2.41625 1.02812 0.96968 0.187984 1.17546 -0.566132 1.04892 -0.871822 -0.0982158 -0.873024 -0.963478 -0.0137858 0.316075 
1.66261 1.66261 0.965262 -0.288454 -1.12727 -0.232836 0.00479301 0.311243 0.668844 0.197529 1.42424 1.91462 0.665165 0.189643 -0.218931 -0.499108 0.565229 0.329926 -0.7874 -0.307614 0.041638 -0.585812 0.412635 -1.63191 -0.74277 0.136766 -2.74528 -1.13542 -0.424973 -0.424973 
-0.206233 -0.206233 0.180165 0.536038 0.636798 0.698498 0.494206 -0.251002 0.170795 -0.348509 -0.262523 0.963362 0.788473 -0.16395 -0.852929 0.123838 -0.133955 -0.100583 0.998242 1.01699 2.3328 2.2512 -1.85056 -2.13767 -1.27426 -1.03331 -0.329193 -0.415746 -0.812374 -0.812374 
1.00266 1.00266 0.603789 0.401364 1.06653 -0.24349 0.0577814 1.63609 0.153081 0.916327 0.181449 -0.447231 0.177263 0.647986 0.24235 -0.459699 -0.531052 -1.81818 -2.32109 0.605052 2.05759 0.282476 0.0138037 -0.413368 -1.33188 -1.74613 -1.40486 0.160952 -0.246103 -0.246103 
0.361068 0.361068 -0.499739 -0.360154 0.668993 0.764072 -0.184258 -0.896122 -0.931369 0.720796 -0.365899 -1.28097 1.35353 1.05973 0.288426 -0.177949 -1.64397 -1.50322 1.50503 1.29034 -0.687553 0.482303 0.382496 -2.09455 -1.73187 0.000228226 0.815222 1.44862 0.427859 0.427859 
-1.33964 -1.33964 -0.454092 0.326168 -0.0749803 0.442417 0.781077 -0.2812 -0.78806 -1.12793 -0.480118 -0.268869 -1.11461 -1.60211 -0.18743 2.02001 1.47049 0.105651 -0.0395914 1.83864 1.87133 0.31839 -0.953787 -0.709155 1.18412 1.20004 0.40207 -0.253414 -0.472883 -0.472883 
-0.443553 -0.443553 0.250581 0.619358 0.346116 -0.839425 -1.48654 0.272593 0.31474 -0.743436 0.956811 1.23773 -0.193984 -0.0615705 -0.826978 -0.858429 1.20706 1.71885 1.25235 -0.285381 -2.62925 -1.8789 0.473754 1.55424 -0.15563 0.137012 1.08479 -0.0968402 -0.241254 -0.241254 
1.37163 1.37163 1.52807 0.211442 -0.236871 -0.364671 0.0899034 -0.57035 0.471716 0.273262 -1.40631 -0.660986 -1.3641 -1.18053 -0.892346 -1.16279 0.743812 0.632382 -1.30097 0.441048 2.20703 0.567896 -0.268344 1.25392 -1.08418 -0.390774 1.18468 -1.3429 -0.0611549 -0.0611549 
0.44032 0.44032 -0.13508 -0.0874172 0.643779 0.695426 0.444923 1.72617 1.33567 1.31199 0.216552 -1.14608 0.353046 0.670356 -0.552168 -0.280228 1.81224 0.868392 0.941769 0.541425 -0.924379 -0.917213 -0.572968 -1.83546 -1.5412 -0.679519 -1.88455 -0.0503599 -0.917881 -0.917881 
-0.47506 -0.47506 -0.981236 -0.87544 -1.01221 -0.115923 1.56306 1.09705 -0.279055 0.634135 1.07038 -0.673641 -0.131213 0.34525 -0.841556 -0.525679 -0.601303 0.078656 0.365407 -2.11441 -2.0007 0.66434 2.37992 1.59582 -0.46861 0.104504 0.349836 0.938482 0.192128 0.192128 
-1.31615 -1.31615 -0.856578 -0.70778 -0.7455 0.568547 0.146812 -1.20302 -0.545288 -0.7723 -1.20239 -0.086592 0.401659 -0.894864 0.199809 0.192925 -0.936616 0.265027 1.20625 1.11173 0.117457 0.773845 0.73754 0.799249 0.572184 -0.934932 -0.994409 0.930153 2.24469 2.24469 
-0.0756845 -0.0756845 -0.20473 -0.164366 0.719434 -0.770386 -1.63899 -0.642856 -0.603307 -0.15109 0.407491 0.783729 1.36047 1.54361 0.350879 0.268463 -0.355722 -1.88683 -1.78781 0.446007 0.240518 -0.822858 1.26609 -0.96873 -1.7449 0.681758 -0.13203 1.38894 1.28429 1.28429 
0.476594 0.476594 0.846934 0.148648 0.156094 -0.332948 -0.51417 -1.01467 -1.40005 -0.456832 -0.620957 -0.677002 -0.56415 0.336004 0.244292 0.812932 0.674377 -0.984533 -0.86339 0.179601 1.41207 2.44853 1.82268 -1.63472 -2.10212 0.745852 0.884785 0.185022 -0.342732 -0.342732 
0.348416 0.348416 0.0786742 0.968946 0.385385 -0.813135 -0.554522 0.475479 0.111888 -1.96948 -0.0294582 1.35712 1.0442 1.42086 0.807127 0.517343 0.921343 -1.01363 -1.90574 -1.18318 0.0630416 -1.08068 -0.332926 -0.546379 -1.54896 -0.183579 -1.21311 0.841637 1.34244 1.34244 
-0.470023 -0.470023 -1.52492 -1.64395 0.163531 1.06926 0.574529 0.675475 0.0210539 0.752339 1.56152 -0.521967 -1.33469 -0.627157 -0.462791 0.776537 0.814295 -1.02139 -0.419701 0.814298 -0.117346 0.428896 -0.76347 -0.85544 1.60492 -1.56821 -0.953705 2.06907 0.714517 0.714517 
0.308291 0.308291 0.56514 0.358983 0.146666 -0.073503 -0.655884 -0.204009 -0.0409637 -0.283333 0.976246 0.787961 -0.784219 -1.15526 0.23712 0.548326 -0.132563 0.846567 0.83601 0.99262 0.920199 -2.9899 -3.13823 0.445355 0.826478 0.711508 0.475132 -0.319321 -0.256852 -0.256852 
-0.210294 -0.210294 -0.357717 0.4172 -0.389442 -0.654459 1.44906 0.1496 -0.443995 0.100854 -0.912863 0.0771467 0.877824 0.127597 -0.726515 -0.483063 -0.909169 -1.22346 1.845 3.26912 -0.154732 -1.40826 -0.426578 -0.899844 -0.890437 0.0270426 1.46909 0.9241 -0.216257 -0.216257 
-0.475097 -0.475097 -0.392464 0.726372 0.700025 -0.470624 -0.948328 -0.40779 0.991696 0.369246 -1.15054 1.05238 1.42017 -0.596039 -0.698201 -1.10947 -0.750055 1.89867 1.68826 -1.2635 -0.443858 0.667953 -1.49098 -1.2172 1.27459 1.54235 0.891929 -0.194823 -0.569789 -0.569789 
0.541269 0.541269 1.06554 0.200986 0.0243649 0.521451 -0.539951 -1.10807 -0.622669 0.153166 0.523467 -0.480069 -0.949563 0.569242 2.38 1.06023 -1.34003 -1.06839 1.11067 1.23023 -1.07522 -1.95198 -0.744164 1.38274 1.22907 -0.579211 -1.03034 -0.641635 -0.201208 -0.201208 
0.396117 0.396117 0.616672 0.038112 -0.891482 -1.11509 0.646041 1.05827 -0.626683 0.36498 1.16586 -0.707283 -0.796103 -0.397601 -0.495604 1.19747 1.52237 0.00806299 -1.2177 -2.3405 -0.972063 1.83679 2.03424 -0.395441 -0.866629 0.722833 -0.158886 -0.812093 -0.105395 -0.105395 
0.149546 0.149546 -0.815541 -1.25882 -0.387413 0.2744 -0.115886 0.314743 0.653241 -1.34171 -0.649925 0.0658173 -0.345947 0.380671 0.0478764 1.23417 1.35073 -1.46394 -0.105372 2.60622 0.127855 -1.77956 0.537728 -0.563126 -1.17068 1.69794 -0.663027 -0.878313 0.974389 0.974389 
-0.394395 -0.394395 -0.351355 0.828513 0.83211 -0.054372 1.05597 0.929547 -0.24881 -0.885374 -2.09446 0.248452 1.76545 -0.692218 -0.733189 2.26028 1.16241 -0.66085 -0.170057 -1.55995 -1.19197 0.442524 -0.703989 -0.749125 1.16902 -0.184852 0.693333 0.998108 -0.658182 -0.658182 
-0.321584 -0.321584 -0.25473 -0.0212971 0.478225 1.62562 0.764768 -1.16578 -0.294244 0.851 -0.828125 -0.761024 0.642127 -0.450599 -0.552076 0.150095 0.380163 0.609153 -1.38755 -1.4969 1.75421 2.76644 0.586894 -1.80175 -0.94411 0.515463 0.525278 -0.101382 -0.473355 -0.473355 
0.137205 0.137205 0.262419 -0.156056 0.824505 0.501356 -1.74031 -0.831933 0.112926 -0.802483 0.327497 1.10029 -0.929692 -0.419385 0.66585 -1.20583 -0.188854 1.5537 0.462979 -1.16575 -0.533863 0.272274 -0.22815 -0.388675 -1.70885 -1.56782 1.31995 2.47619 0.85666 0.85666 
-0.160864 -0.160864 -0.130224 0.638602 -0.522924 -1.85313 0.0338966 0.723253 0.310379 0.704363 0.646689 0.660477 0.513898 -0.829267 -1.03084 -0.599272 -1.69894 -1.14997 1.70789 1.47675 -1.02607 0.715578 -0.173636 -2.34848 1.18994 1.16138 0.473894 1.01219 -0.142342 -0.142342 
0.272589 0.272589 -0.169859 -0.399796 -0.267215 -0.386759 -0.39402 -0.523377 0.391393 0.531583 -0.10157 0.0739281 0.679795 0.550179 0.340126 0.310445 -1.10098 -0.936427 0.775553 1.47971 1.47558 0.298107 -2.5493 -2.4489 1.54631 1.9305 -0.317419 -0.739845 -0.296462 -0.296462 
-0.26116 -0.26116 0.415287 0.176841 -1.41027 -0.770365 0.922911 0.450148 -1.91393 -0.163602 2.47142 0.759586 -0.00777449 -0.23634 -0.742718 0.0305794 -1.21947 -2.20428 -0.18503 1.43972 0.0216771 -0.357069 0.349767 -0.98017 0.219458 0.19898 0.722776 1.88556 0.324318 0.324318 
