45
-0.102118 -0.0905738 -0.00952311 -0.0616437 0.0458753 0.107367 0.143641 0.362658 0.633345 0.811609 0.995721 1.10088 1.10892 1.26617 1.31116 1.35291 1.40186 1.21512 1.05325 0.974779 0.807206 0.604309 0.568036 0.507207 0.529797 0.448986 0.269977 0.274218 0.214841 0.00419192 -0.229079 -0.373288 -0.599624 -0.696745 -0.792967 -1.01726 -1.26447 -1.35363 -1.38307 -1.4606 -1.27376 -1.30329 -1.49682 -2.15022 -2.45536 
1.46097 1.63794 1.59384 1.55979 1.49726 1.51206 1.55369 1.62895 1.46079 1.42402 1.2806 1.05509 1.06025 0.820821 0.549869 0.107388 -0.223357 -0.406631 -0.458619 -0.460803 -0.540229 -0.613549 -0.558478 -0.827201 -0.942449 -0.804295 -0.721488 -0.832728 -0.670525 -0.495021 -0.51469 -0.541174 -0.661177 -0.612758 -0.6165 -0.588614 -0.65065 -0.749012 -0.972644 -0.91347 -1.12191 -1.32034 -0.924833 -0.897394 -0.562809 
-0.207597 -0.151433 0.0894226 0.42804 0.63218 0.515585 0.300613 -0.258779 -0.671337 -1.07732 -1.40952 -1.37013 -1.57748 -1.9091 -1.87345 -1.45268 -1.18787 -1.00222 -1.13238 -0.820777 -0.592802 -0.570878 -0.302785 -0.418161 -0.0670453 -0.028997 -0.106172 0.148409 0.134718 0.22553 0.382088 0.371442 0.547947 0.354453 0.713695 0.797987 1.29783 1.2579 0.975856 1.20141 1.18294 1.26677 1.54285 2.0906 1.73064 
-1.30583 -1.48338 -1.68594 -1.70295 -1.74868 -1.69603 -1.65899 -1.64369 -1.51734 -1.23109 -0.910736 -0.54351 -0.458599 -0.192905 0.195197 0.431125 0.683783 0.636607 0.648436 0.761899 0.685189 0.608528 0.878236 0.902672 0.983517 0.945662 1.0497 1.11718 1.06098 0.951284 0.932635 0.972893 0.888082 0.901168 0.764976 0.660656 0.621019 0.532779 0.35405 0.242675 0.282721 0.146418 -0.344003 -0.752741 -0.963655 
0.549163 0.549888 0.494844 0.276274 0.00966181 0.229916 0.794526 1.10225 1.50175 1.70746 1.99654 1.50813 1.8285 1.65346 1.13318 0.65483 -0.451995 -1.02777 -0.439656 -0.495597 -0.49236 -0.291175 -0.369317 -0.185463 0.0218132 -0.0850567 -0.143648 -0.158244 -0.0410004 -0.219092 -0.0641254 -0.120975 0.209228 0.0861882 -0.274681 -0.133631 -0.224691 -0.799612 -0.785385 -0.782025 -1.82669 -2.04025 -2.72127 -1.50886 -0.625033 
0.995294 0.929279 0.890516 -0.342844 -0.0851768 -0.193054 -0.580828 -0.107736 -0.279553 -0.69621 -1.91713 -2.23364 -1.74045 -1.12604 -1.12863 -0.802254 -0.247075 -0.563761 -0.0699796 -0.188295 -1.1387 -0.868214 -0.551482 0.17613 0.255887 -0.0978209 0.246683 -0.266976 -0.0163502 0.19972 -0.240248 0.0248327 0.207176 0.582192 0.160911 0.389527 -0.0272792 -0.108508 0.107153 1.62784 1.60926 1.10902 0.955902 1.84859 3.30232 
-0.0351201 0.0475237 0.153882 0.193678 0.453871 0.437093 0.642686 1.30478 1.07609 0.140946 -0.30322 -0.949385 -1.63855 -2.20061 -2.05595 -2.01304 -2.03257 -1.99596 -1.16142 -0.478088 -0.501205 -0.539437 -0.0944843 -0.0270679 0.262584 0.583886 0.595713 0.352815 0.641385 1.11088 1.01476 0.880042 1.06215 1.26901 1.20543 1.17884 0.853614 0.570407 -0.346437 -0.140114 -0.394628 -0.614371 0.503468 -0.144779 1.13089 
1.25733 0.955597 0.350097 0.759301 1.18421 0.546965 -0.397914 -0.404573 -0.758705 -1.18372 -1.16377 0.18895 -0.853067 -1.0063 -0.895702 -0.91176 -0.696148 -0.662503 -2.1681 0.13568 0.535838 1.82234 1.5365 1.67043 0.628548 0.615167 1.32921 1.4367 0.852125 1.24374 0.871131 -0.200511 -0.756958 -0.895979 -0.659998 -0.222212 -1.16457 -0.720109 -1.87823 -1.25931 0.381928 0.715544 0.0450102 -0.567328 0.36513 
-2.19939 -2.06661 -1.47979 -0.424904 -0.889517 -0.8946 -0.881973 -1.32172 -1.7077 -1.58504 -1.72986 -1.79705 -0.764719 0.0514521 1.2887 0.250652 0.185293 -0.267397 0.153262 1.06934 1.2322 0.549954 1.33644 0.555375 0.509366 0.882819 0.642551 0.384016 0.519712 0.145831 0.633324 0.277678 0.525708 0.420674 0.70695 0.0543457 0.482917 0.00291615 0.102548 0.320326 0.80811 1.72914 0.25039 0.957095 0.98119 
-2.55517 -2.21658 -2.02555 -1.95822 -1.81243 -1.49695 -1.26947 -1.36654 -0.7999 0.314749 0.798293 1.46522 0.874972 0.401165 -0.405967 0.412223 0.0856264 -0.145075 0.448996 0.349662 1.07257 1.52366 0.796866 0.611313 0.344257 -0.0311824 -0.176525 0.241718 0.615665 0.169103 0.846455 0.807749 0.694675 0.568224 0.499399 0.707382 0.505325 -0.339976 -0.176731 -0.307808 0.272432 0.808447 0.156464 1.0419 -0.35043 
1.64344 0.977534 0.886981 0.472449 0.554639 0.805558 1.04619 1.27719 1.58597 1.64972 1.30807 1.08143 1.6198 1.15985 0.706054 -0.28662 -1.14472 -1.23456 -0.820147 -0.980428 -0.65841 -0.772453 -0.232442 -0.989132 -0.844142 -1.08202 -0.85762 -1.03754 -0.862757 -1.00918 -0.80725 -0.609394 -0.991326 -0.255268 -0.401671 -0.961836 -0.753316 -1.28953 -1.09612 -0.376913 -0.363768 0.907787 1.38642 0.713183 0.936287 
2.17848 2.18536 0.235525 -1.50566 -0.587693 -0.163929 -0.0619625 0.68692 0.377416 -0.481071 0.584772 0.0335297 -0.717621 -0.00198334 0.0992411 0.628546 1.60178 0.889518 0.108899 0.495612 0.833591 0.793123 -0.194039 -0.695988 -1.19243 -2.06756 -1.73768 -0.350557 -1.77652 -0.0856809 -0.808962 -0.514875 -0.448968 -0.317294 0.175607 -0.824793 -1.35445 0.0602787 0.25713 0.0998191 -0.660102 0.141236 0.128491 2.16206 1.79288 
-2.26466 -0.70284 0.648584 1.02964 0.0907905 -0.753748 -0.986174 0.390983 0.264191 0.603612 0.439598 0.637793 -0.264633 -1.93451 -2.24268 -1.03492 0.869244 0.95112 0.760814 1.2336 1.77411 2.15574 1.7793 0.821903 0.190002 -0.0752007 0.697324 0.597528 0.325759 0.715597 -0.531784 -0.105794 0.0496644 -0.145825 -0.696508 -0.893765 -0.684341 -0.266788 -0.443086 -0.897021 -0.838237 0.997536 -0.244611 -0.554303 -1.46301 
0.647514 0.647514 0.451119 0.532769 0.883246 0.663464 1.14941 1.87254 1.74682 1.47974 1.25424 0.711062 0.871746 0.985773 0.629453 0.64166 -0.0631718 -0.71353 -0.379548 -0.397133 -0.780966 -0.37593 0.0623295 0.243914 0.182272 -0.439632 -0.177258 0.191789 -0.471115 -1.00755 -0.802592 -0.781201 -0.635941 -0.234559 -0.62687 -1.09262 -0.675756 -0.00400228 0.0318725 0.699086 0.847146 -0.326254 -2.25076 -2.59505 -2.59505 
0.856712 0.856712 0.0466948 -0.024052 0.163452 0.563253 0.795366 -0.00991453 -0.439943 -0.344958 -1.06945 -0.499147 -0.552556 -1.61239 -2.3918 -2.62131 -1.62636 -0.556365 0.138733 0.0334151 -0.239633 0.276623 -0.47342 -1.12718 0.434597 1.19482 0.237534 0.542289 1.64294 0.944836 0.169516 -0.215609 0.0719003 0.518162 0.439349 0.215587 -0.269006 -0.889284 -0.284593 -0.226263 -1.21506 1.10313 1.97011 1.73628 1.73628 
0.474876 0.474876 1.16859 1.07842 -0.0395997 -1.06895 -2.15647 -2.64175 -2.26497 -2.0676 -0.973782 -0.667139 -1.57834 -0.981511 0.866391 1.42917 0.851717 -0.118314 0.191017 1.0706 0.359147 0.457679 0.120465 0.324372 0.701187 -0.350709 0.181103 0.337022 -0.0652022 0.352934 0.103753 0.152743 -0.29634 0.15247 0.83472 1.18003 0.874956 -1.04538 -0.393356 0.25399 -0.0940991 0.629351 1.76875 0.206594 0.206594 
-1.09769 -1.09769 -0.636051 -0.185092 0.0152279 0.25325 0.145847 0.40266 1.18178 1.73967 1.97251 1.29548 1.00352 1.87537 1.78977 1.4003 0.586209 -0.10631 0.355615 0.101016 -0.445697 0.550452 0.841163 0.298074 0.118953 0.185655 0.488545 0.0277534 -0.481716 -0.373729 0.057471 -0.132783 -0.21092 -0.358669 -0.696278 -0.418628 -0.372387 -0.772357 -0.838884 -0.20978 -0.281463 -1.80686 -2.59026 -1.78652 -1.78652 
-0.03774 -0.03774 -0.334899 -0.621589 -0.026954 1.09941 1.21793 0.994196 0.855974 0.706347 -0.23424 -0.191852 0.232786 -0.906336 -1.31734 -2.11215 -2.24416 0.0525841 0.75699 -0.0355513 0.31287 0.202595 0.179111 0.565872 0.171922 -0.188346 -0.0633086 0.17496 -0.0465878 0.00452894 0.168819 0.406276 0.316585 -0.619864 -0.262005 0.103605 -0.866582 -0.723911 0.0596971 -1.37517 -1.66911 -1.17635 0.755929 2.8764 2.8764 
-0.261415 -0.261415 -1.60997 -1.26753 0.0326699 -0.712966 -0.0418112 0.20767 -0.820198 -2.03216 -1.91646 0.0637361 1.13916 0.566418 0.233675 0.878033 0.135142 0.0642129 0.293377 -1.37499 -0.925838 0.537997 1.06609 0.792326 -0.45685 -0.151005 -0.335786 -0.444238 0.39877 -0.399028 -0.342409 0.376506 0.503508 -0.193819 -0.362946 -0.357777 -0.71572 0.014928 1.86551 1.59492 -0.739726 -0.895159 0.714005 2.57028 2.57028 
0.226014 0.226014 0.161116 0.394119 0.308431 0.225731 1.25396 0.596186 -1.82302 -2.14938 -1.7117 -2.08278 -1.95539 -0.692458 0.22384 -0.0248397 -0.0343815 1.2592 2.23876 0.939732 -0.153174 0.555776 0.715794 0.480572 0.865114 0.444313 -0.410239 0.00892276 1.08793 0.505277 -0.409886 0.0115181 0.528893 0.156763 -0.196825 -0.593124 -0.981809 -1.87788 -1.13643 -0.133244 -0.778574 1.30003 0.651002 0.890061 0.890061 
-0.827736 -0.827736 -0.12761 0.887131 -0.143406 -1.49237 -0.871368 -0.289604 -0.701604 -0.333203 1.41751 0.371679 -1.11138 0.0237147 0.158807 0.262222 0.311169 -1.38387 0.851749 2.72853 1.72671 1.05115 -0.0838983 -0.828448 -0.973513 0.755715 0.874748 -0.404132 -0.12433 0.084419 -1.35659 -1.53763 -0.619192 0.161187 0.729226 -0.431197 -0.424625 -0.637108 -0.465299 2.2915 2.01053 -0.266094 -1.19767 0.380955 0.380955 
0.75325 0.75325 2.01729 0.575978 -0.877045 -0.222839 -0.818684 -1.36509 -0.594141 -0.263563 -0.523808 1.08984 2.30077 2.58167 0.0398842 -1.74574 -0.943327 -0.277089 1.59924 1.24584 -0.945164 -0.0902946 -0.225749 -1.36694 0.215683 -0.050609 -0.916945 -0.40157 -0.559687 -0.0774395 -0.0524434 -0.380702 -0.0371602 0.0152682 -0.735348 -0.540289 -0.303681 -0.754593 0.201928 0.734011 1.69804 -0.997709 -1.29151 0.768608 0.768608 
0.610463 0.610463 0.204313 0.13658 0.508126 0.630453 0.0127293 0.520552 2.33489 2.21047 1.54009 -0.0677235 -1.77577 -2.10051 -0.165981 0.553534 -1.01699 0.361543 0.55824 0.751153 1.57532 -0.595356 -1.54862 -0.860239 -1.14456 -0.962314 0.226082 1.00362 -0.291266 0.163029 0.773719 -0.409801 -0.541183 -0.474929 0.0258264 -0.173664 -1.75077 -1.20379 -0.134371 0.490003 1.48885 -0.356179 0.167009 -0.941521 -0.941521 
-1.07576 -1.07576 -0.693844 -0.431393 0.579634 0.82036 0.7901 0.893624 0.639516 -0.348669 -0.789869 0.547143 0.192689 -1.31472 -2.1241 -2.73837 -1.36668 0.566669 0.459649 0.319267 0.389516 0.720716 -0.255665 -0.855825 -0.0675899 0.0530609 0.141125 0.0657326 0.116624 0.15787 0.680932 -0.206131 0.611566 0.969408 -0.999959 -0.46072 -0.424327 -0.447282 1.46008 1.1862 2.0254 2.73262 -0.222125 -0.61036 -0.61036 
-1.61342 -1.61342 -3.07651 -0.676228 1.13579 0.45281 0.724926 0.380535 -0.964795 0.186338 0.443495 -1.07729 -0.0169375 0.69648 0.540524 1.27038 0.231214 -1.23672 -0.316904 0.619336 0.261795 -0.847316 -1.23356 -0.822841 -1.13519 -0.443578 1.44988 -0.0197189 0.234481 0.822606 -0.346439 0.314092 0.178156 0.535541 -0.411979 -1.26784 0.75357 1.36164 0.0458805 -0.754915 0.047451 0.67282 1.70417 1.40584 1.40584 
2.20085 2.20085 1.29045 -0.475389 -1.42034 -0.875679 0.837289 0.918735 0.118621 0.0899229 -0.0189648 -0.588295 -2.02861 -1.57043 0.648281 2.35403 1.48595 -0.128921 0.17248 0.73595 0.665669 -0.0413199 -1.07374 -1.2707 -0.737003 0.345836 0.473367 -0.331803 0.0457139 -0.706502 -0.678627 0.402988 -0.0761848 -0.620632 -0.621994 -0.0359383 0.438091 0.140692 -0.531241 -0.349989 1.41542 0.412378 -1.24182 -0.984727 -0.984727 
-0.0496973 -0.0496973 0.0510763 0.72603 0.354 0.521193 1.68494 0.930022 -0.29209 -0.415242 -0.756018 -0.279386 0.531746 -0.106344 -0.232012 -0.662147 -1.47989 -0.197778 0.583195 -0.302738 0.218864 1.2335 0.957711 0.340729 -0.650942 -0.251038 0.971999 -0.169985 -1.28753 -0.216415 0.472055 0.398377 0.867364 0.20389 -0.866332 0.13236 1.53628 1.06605 1.06045 1.19891 -1.07279 -3.63076 -2.60746 -0.232226 -0.232226 
-0.772995 -0.772995 -0.839209 0.0943994 0.534799 0.576549 -0.551321 -1.17104 -0.328453 -0.604051 -0.159187 0.4689 -1.05679 -1.73628 -0.959153 0.701519 1.91776 1.63712 0.537115 -0.369001 0.212749 -0.233685 -1.32873 0.834962 2.15834 -0.199313 -0.625598 1.30048 0.361879 -1.39389 -1.10097 -0.106239 0.67188 0.329029 -0.298065 -0.677847 -1.04896 -0.0294647 0.605663 -0.885727 1.22934 2.96621 0.57771 -0.233725 -0.233725 
0.640152 0.640152 0.560526 -1.03932 -1.86866 -1.84172 -1.36128 -0.0682342 0.534573 1.16775 1.26424 -0.506281 -0.250034 2.18638 2.15631 0.0146134 -1.33893 -0.555858 1.07744 0.176037 -0.513669 -0.183196 -0.0901458 0.540374 -0.568557 -0.431687 0.63487 -0.189928 0.0416217 0.176766 -0.149207 -0.32573 0.0273293 1.02635 0.934955 0.0631011 -1.93757 -1.09241 1.17498 0.291829 0.359032 1.67255 -0.345743 -1.35188 -1.35188 
0.59412 0.59412 1.17137 0.836868 0.564297 0.170393 0.194447 1.32925 1.71464 1.01538 -0.565384 -1.23717 0.745477 1.00964 -0.604924 -1.53744 -1.92535 -0.29198 0.268583 -1.02253 0.578498 1.65045 -0.319865 -0.921275 -0.140709 0.476292 -0.198929 -1.23879 -0.510727 0.693383 0.311619 -0.340362 -0.285953 -0.618092 -0.0735571 0.417793 -0.4496 -0.593949 0.723324 0.716724 -2.04116 -2.9522 0.0292284 1.03203 1.03203 
-0.383862 -0.383862 -0.619416 0.113311 1.27432 0.88313 -0.226151 -0.437101 -0.376213 -1.03546 -0.877696 0.244017 -0.72675 -1.41334 -1.13044 -0.901213 1.6389 2.32614 -0.212121 -0.504609 0.0559625 -0.249607 0.158773 -0.145613 -0.759396 -0.33298 0.158797 -0.125968 -0.279738 0.037279 0.190382 -0.0182978 -0.982816 -0.615094 0.454718 -0.636447 -0.81962 0.621354 -0.674802 -1.56015 0.0236532 1.85278 3.19016 1.60254 1.60254 
-1.02982 -1.02982 -0.792449 1.04355 0.28934 -0.146684 0.543088 -0.6346 -1.64761 -0.854941 1.35773 2.02297 0.25338 -0.722702 0.120941 -0.163356 -0.659161 0.0146249 -1.09265 -0.940163 1.23094 1.28566 0.0812335 -1.15069 -0.748933 -0.0111408 -0.298313 0.414105 -0.0637187 -0.608809 0.442509 0.491295 -0.490381 -0.695644 -0.208705 -0.339584 0.163286 1.69414 1.00012 -1.90089 -1.82107 0.912605 2.30704 1.19163 1.19163 
-0.0859405 -0.0859405 0.117805 0.0996255 -0.176435 0.797612 0.294746 -2.71981 -2.43001 0.0681552 0.0290528 -0.242284 1.18655 1.8764 0.554595 -0.254989 1.09362 1.95851 -0.308547 -2.12077 -0.364935 0.730662 -0.0949531 0.101379 -0.0608969 -1.1444 -0.409911 1.28086 0.404837 -1.33893 -0.46095 0.791707 0.0978152 -0.663783 -0.684917 -0.715606 -1.15262 -0.164394 1.49637 0.283726 1.22411 1.22088 -0.387679 0.179849 0.179849 
0.373471 0.373471 1.00958 -0.075322 -1.55706 -0.521759 0.688559 0.0410014 -0.0927508 1.26299 0.376453 -1.65071 -0.283549 0.730825 0.0840943 0.0300927 -1.09731 0.273456 2.51253 0.483072 -1.11692 -1.20044 -1.24369 -0.623095 0.927649 1.09321 -0.792496 -0.691715 0.24084 -0.83789 -1.08224 0.396835 0.999526 0.779867 -0.436769 -0.788738 -0.1945 -0.0909165 1.77044 1.48661 -1.6687 -2.07655 0.340198 0.924175 0.924175 
0.765958 0.765958 -0.16216 -1.91178 -0.562396 -0.0104269 -0.783546 0.0965844 0.661308 -0.00271699 0.823502 1.77084 0.912636 -1.50388 -2.83459 -0.681135 0.897714 1.58925 0.932667 -1.68644 -0.908397 0.415251 -0.870088 0.236247 0.799628 -0.777349 -0.274005 0.182044 0.160713 0.278626 -0.243289 -0.0381659 0.206973 -0.497597 -0.405751 0.229959 -0.186006 0.277573 0.910561 0.915394 -1.16313 -1.97309 1.08939 1.27858 1.27858 
-0.220094 -0.220094 -0.26921 0.294738 0.43256 -0.284811 -0.00526725 1.75835 1.29987 -0.501928 -1.57761 -2.33008 -1.39966 1.24177 1.99902 -0.542685 -0.0647961 1.21671 0.356954 0.811964 -0.901997 -2.1909 -0.117654 0.367431 0.000406966 1.06835 1.50003 -0.300729 -0.535132 0.846704 -0.340962 -0.879078 0.0271991 0.485596 0.292891 -1.21388 -0.672575 1.24656 1.30269 1.25151 -0.539184 -0.884111 -0.350035 -0.729426 -0.729426 
0.283858 0.283858 0.490016 0.984192 0.967127 0.149185 0.0414118 -0.134422 -0.99197 -1.13893 0.687531 0.755672 -1.47865 -1.836 -1.13443 0.578824 2.58 1.41846 -0.210474 -0.0712268 0.299205 -0.522933 -1.25453 0.131597 0.697801 0.147811 -0.00618362 -0.0353832 0.0562373 0.427132 -0.302063 -0.0706245 0.90726 -1.28201 -1.13952 0.436027 -0.00558207 1.46408 1.26698 0.427922 1.19859 -1.78159 -2.64208 -0.3211 -0.3211 
-1.14318 -1.14318 0.617864 3.02075 0.758619 -0.371174 -0.12276 -1.30945 -0.212212 0.963501 -0.99683 -0.407544 1.23164 0.339265 0.351323 -0.296669 -1.90914 -0.471877 1.29202 0.354847 -1.14579 -1.16685 -0.0517766 0.00244397 0.208524 1.82688 0.241243 -0.961446 0.548264 -0.495944 -0.442821 0.315152 0.092739 -0.502704 -1.39284 0.785406 1.85947 -0.588952 -1.62261 -0.0685816 0.977767 1.14577 0.468071 -0.288612 -0.288612 
-0.5212 -0.5212 -1.74135 -1.76523 -0.16873 1.66783 1.34776 -0.388721 -0.464828 0.0127919 -0.360771 -1.28075 -0.57077 1.95752 2.81957 0.686669 -1.6078 -0.799714 0.705464 0.448642 -0.429213 -1.09402 -0.741607 0.340535 1.22484 0.944195 -0.36037 -0.187637 -0.151047 -0.39264 0.87449 0.524132 -0.599435 -0.26928 0.511869 0.840353 0.229908 -0.561924 -0.231187 1.45295 0.634636 -1.72822 -0.857504 0.285502 0.285502 
