18
0.24104 0.48879 0.667947 0.734516 0.775569 0.861106 0.967793 0.884441 0.709409 0.53359 0.406855 0.231034 -0.193888 -0.721491 -1.30455 -1.53814 -1.78882 -1.9552 
1.3858 1.38514 1.37218 1.36268 1.1741 0.845097 0.260771 -0.0415672 -0.229017 -0.195157 -0.680037 -0.940089 -0.700273 -0.595468 -0.996201 -0.861809 -1.25792 -1.28823 
1.27648 0.768887 -0.00835568 -0.673099 -1.14226 -1.47727 -1.17751 -1.17436 -0.866855 -0.668654 -0.521686 -0.18509 0.406534 0.504023 1.23365 1.35576 1.29426 1.05555 
-1.54825 -1.49139 -1.48985 -1.03846 -0.426376 0.26888 0.657582 0.860838 0.917249 0.949106 1.2754 1.28407 1.00478 0.517801 -0.053397 -0.069257 -0.668 -0.950728 
-0.273316 0.246329 1.24127 1.72913 2.01753 1.39012 0.192807 -0.422412 -0.129109 -0.180024 -1.21359 -0.849748 -0.433721 -0.548415 -1.03983 0.171718 -0.464948 -1.4338 
-0.689942 -0.699987 -0.135362 0.283236 -0.0358942 -0.407113 -1.676 -1.05457 -0.0363665 -0.33762 -0.41201 -0.459949 -0.869749 0.285466 2.29084 1.13751 1.3797 1.43781 
1.81378 1.51091 0.435978 -0.850678 -1.07306 -1.45117 -1.45326 -1.13083 -0.0718502 -0.0714965 -0.107367 0.127428 1.27863 0.154727 -0.352849 -0.174756 1.41902 -0.00316934 
1.31975 0.359371 -0.992112 -1.16492 -1.52989 -1.06549 0.590389 0.608937 -0.446151 0.89388 1.08418 1.02251 1.47617 0.0517539 -1.74028 0.0206741 -0.391568 -0.0972027 
-1.01878 -1.74518 -1.81612 -1.41076 -0.928761 0.0932191 0.38629 -0.0713238 0.231775 0.683985 0.451164 0.114471 0.63953 0.914912 -0.0299798 1.73438 0.743207 1.02797 
-2.08462 -1.4176 -0.898907 -0.277998 0.0273246 -0.982288 -1.07458 -0.447938 -0.191316 0.0382803 1.04004 0.783205 0.469104 0.906574 1.30863 0.645764 0.754947 1.40139 
0.481238 0.902904 1.55748 1.68821 0.971323 0.701122 -0.663182 -0.818392 -0.873105 -0.726497 -0.579544 -0.555564 -0.528174 -0.927925 -0.704398 -1.53164 0.122558 1.48359 
1.20427 1.73103 1.0233 -0.212561 -0.536287 -0.933879 -0.282133 0.333508 -1.31143 -0.877669 -0.197617 -0.379144 -1.09263 0.560353 1.79013 -1.5643 0.387703 0.357347 
-0.0976279 -0.109428 -0.614418 -1.10169 -1.14714 -0.215596 0.879159 0.786854 0.809673 -0.0385458 0.685658 1.04891 0.313236 0.0676836 2.40445 -1.09079 -1.25642 -1.32398 
1.48595 1.48595 1.08704 0.782979 0.824742 0.96925 0.597403 -0.022863 -0.226447 -0.12011 -0.120116 -0.776638 -1.55116 -1.89934 -1.252 -0.520202 -0.372227 -0.372227 
0.936248 0.936248 0.909222 0.372252 -0.604589 -1.81451 -1.73299 -0.519594 0.508288 -0.401068 -1.29967 0.915999 2.0315 0.0731043 0.163566 0.177689 -0.325848 -0.325848 
-1.51223 -1.51223 -1.70803 -1.32417 -0.913336 0.044719 0.466063 0.475714 0.718743 0.518715 0.691151 1.24518 0.94726 1.1192 1.14988 0.164169 -0.2854 -0.2854 
0.0347471 0.0347471 0.579119 1.42151 1.75799 1.44978 0.770934 0.312453 0.0759635 0.448334 0.416347 -0.419218 -1.1031 -1.50586 -0.855826 -0.893831 -1.26205 -1.26205 
1.40313 1.40313 1.37566 0.765064 -0.198739 -1.48268 -1.47215 -0.183968 0.3037 -0.842969 -0.484541 0.768186 0.35464 -0.429564 0.716565 0.591039 -1.29325 -1.29325 
0.254544 0.254544 0.653713 -0.169274 -0.904781 -1.78923 -0.864839 1.26499 0.40575 -0.611716 -0.375819 -0.688166 0.432257 2.68136 0.531555 -1.11039 0.0177521 0.0177521 
-1.043 -1.043 -1.89471 -1.15661 -0.370045 -0.179334 0.427152 1.34577 1.06694 0.119076 0.322042 1.34974 0.173458 -1.26262 -0.135424 1.68381 0.298375 0.298375 
-1.40846 -1.40846 -0.86905 -0.193382 0.243038 1.62712 1.32176 -0.534988 0.370098 1.22307 0.26304 0.443412 -0.489934 -2.02802 0.153653 1.09868 0.094206 0.094206 
-1.25685 -1.25685 0.216057 0.935654 1.73813 1.49226 -0.433311 -0.420261 0.763801 0.0663448 -0.960348 0.0259704 0.822536 -1.09048 0.847294 0.787068 -1.1385 -1.1385 
1.02646 1.02646 0.964462 0.677603 -1.51449 -2.04904 0.150752 0.619833 0.0860453 1.08781 0.433852 -1.3352 -0.401774 0.561032 -0.918267 -1.31201 0.448235 0.448235 
0.654573 0.654573 0.426939 -0.646114 -0.959809 -1.46636 -1.37639 -0.351743 -0.115596 0.0421911 -0.0537545 -0.147303 -0.478838 -0.325377 -0.659849 0.459528 2.17166 2.17166 
-0.106711 -0.106711 -1.31242 -1.04974 -0.476329 0.190938 0.884036 -0.686999 -0.811414 0.778983 0.358099 -0.595144 0.659745 1.98902 -1.43627 -0.942235 1.33158 1.33158 
-0.261172 -0.261172 -0.622923 -0.273291 0.806181 1.67368 0.89471 0.0791503 -0.495971 0.0376624 0.959381 -0.151332 -0.614525 1.72308 -0.749383 -2.65328 -0.0453979 -0.0453979 
-0.255073 -0.255073 -0.689566 -0.0598696 0.581119 -0.00990691 -1.10273 -0.862288 0.175986 0.466887 -0.623195 -1.72994 -1.28933 0.742435 2.28565 1.57209 0.526395 0.526395 
0.098159 0.098159 -0.271252 -0.924681 -1.38764 -0.659537 1.0076 1.65865 0.198292 -1.12704 1.02283 2.40844 -0.463122 -1.1683 0.188702 -0.219943 -0.229659 -0.229659 
-0.416113 -0.416113 0.123043 0.975088 1.78157 1.79634 0.464252 0.213799 -0.0807052 -0.179856 0.879258 0.218616 -0.318047 0.143487 -1.4825 -2.15703 -0.772546 -0.772546 
0.822274 0.822274 1.84291 1.59102 0.196963 -1.03318 -1.21525 -0.679301 0.327351 0.575124 -0.888399 -1.67823 -1.15384 0.462311 0.90424 -0.329452 -0.283406 -0.283406 
0.287007 0.287007 -0.176192 -0.886497 -1.3973 -0.658168 1.29305 1.65501 -0.192075 -0.290116 1.53007 0.94445 -0.600771 0.582403 1.08208 -1.2168 -1.12158 -1.12158 
0.199066 0.199066 -0.281893 -0.945004 -0.980925 -0.0108688 1.75069 0.708329 -1.13097 -0.490965 -0.0788892 0.438033 1.93496 0.0238191 -2.25013 -0.334481 0.625079 0.625079 
-0.645644 -0.645644 -0.101929 1.1049 0.701674 0.569017 1.10523 0.45306 -0.921877 -0.566962 0.888331 -0.12769 -1.94262 -0.245774 2.15225 0.30132 -1.03882 -1.03882 
0.275258 0.275258 0.742222 0.671046 1.16064 0.647986 -1.5918 -0.755241 1.11748 -0.171523 -0.636366 -0.617925 -1.80557 0.347259 2.06337 -0.138619 -0.79174 -0.79174 
0.921974 0.921974 1.36877 0.9525 0.353044 -1.34079 -1.18003 0.750734 0.309582 -1.06307 -0.0176184 1.11444 -0.685754 0.0228219 1.17322 -1.22553 -1.18813 -1.18813 
-0.0560236 -0.0560236 -0.23053 -1.52634 -1.67702 0.994711 1.60526 -0.0576744 0.266376 0.193272 -1.49231 -0.526652 1.13523 -0.332512 -1.15774 0.81298 1.0525 1.0525 
-0.428653 -0.428653 -1.38958 -1.46664 -0.95934 -0.597856 0.77334 0.904241 0.127964 -0.169427 -0.394498 -0.60547 -0.384272 -0.386902 0.47808 2.31083 1.30842 1.30842 
-0.800745 -0.800745 -0.653124 0.346711 0.574082 0.641342 -0.616542 -1.07597 0.700698 0.534088 -0.895392 0.0463616 1.3291 -1.30108 -1.77047 1.43232 1.15468 1.15468 
-0.293038 -0.293038 -0.0923459 0.734929 1.03219 -0.0345731 -1.00067 -0.883653 -0.109204 0.749996 -0.193874 -0.988826 0.990539 -0.162799 -2.59746 0.318704 1.41156 1.41156 
