32
0.151724 0.228588 0.441384 0.83387 0.999934 0.937058 1.01887 1.14574 1.01815 0.727069 0.690847 0.684277 0.523006 0.516905 0.438052 0.376331 0.440242 0.383272 0.366854 0.42107 0.442336 0.326223 -0.0967722 -0.472586 -0.738605 -1.18725 -1.31319 -1.57489 -1.66473 -1.87446 -2.01253 -2.17678 
1.79225 1.81834 1.85083 1.76978 1.69375 1.57589 1.28373 0.68792 0.174358 -0.151967 -0.289121 -0.45782 -0.505711 -0.495765 -0.538775 -0.676356 -0.838597 -1.13277 -0.959119 -0.862318 -0.672397 -0.513648 -0.194491 0.306683 0.137238 -0.0100874 -0.354178 -0.723016 -0.57267 -0.838732 -1.0985 -1.20473 
-0.373255 -0.332079 -0.386804 -0.853148 -1.53449 -1.77595 -1.9153 -1.87076 -1.38637 -0.307525 -0.0319374 0.0697982 0.059131 0.0168746 0.0524049 0.0344549 -0.0345128 -0.16532 -0.186761 -0.246738 -0.11653 0.0166509 0.336832 0.935762 1.40435 1.58337 1.48934 1.82586 1.57605 0.837704 0.684939 0.593947 
-1.34093 -1.44644 -1.45343 -1.33365 -0.890529 -0.393694 -0.0743624 0.208755 0.646323 0.846836 0.669294 0.70258 0.839033 0.886935 1.05752 1.10252 0.803509 1.06538 1.12368 0.907768 1.06061 1.04719 0.996899 0.264624 0.0523509 -0.413663 -0.578483 -0.77154 -1.04669 -1.25425 -1.60587 -1.67826 
-1.53579 -0.933535 -1.60717 -1.12694 -1.00643 0.733434 0.335736 1.25392 1.17197 0.122383 0.378073 0.389864 0.927159 0.910795 -0.0764976 -0.653521 0.79842 0.516763 0.0592871 -0.279349 -1.63821 -2.00139 0.459659 0.118725 -1.29827 2.01168 0.721226 0.920124 0.227585 0.67907 -1.06243 0.483643 
-0.0676618 -0.505458 0.0566099 0.0216192 0.0248639 -0.406381 -0.155571 0.245049 -0.479433 -0.470205 -0.891904 -1.1444 -1.39623 -1.18574 -1.01404 -0.859901 -0.53606 -0.249572 -0.662792 -0.498202 -0.76606 -0.524525 -0.446966 0.407725 0.117315 1.0973 1.55183 2.36084 0.679965 1.7267 1.90524 2.06604 
-1.37475 -0.938598 -0.210154 0.268522 -0.234752 -1.43778 -1.05913 -1.03348 -0.572453 0.0266094 -0.180852 0.410682 0.770023 0.280381 1.02265 1.9079 2.32171 1.99621 0.721382 1.13812 0.532649 0.899623 -0.308242 -0.874713 -0.664876 -1.15405 -0.100604 -0.0915534 -1.06798 -0.453134 0.59217 -1.13154 
1.24095 1.45123 1.12075 0.479656 -0.301522 -0.973691 -1.32798 -1.42123 -0.480334 -0.702142 -1.31606 -1.1011 -0.75221 -0.518015 -0.248763 -0.170442 -0.211668 0.0762751 -0.0943459 0.0453174 0.112864 0.282282 -1.01377 -1.09842 -0.237751 -0.55445 0.0702451 0.305689 1.8163 1.56939 2.0924 1.86052 
-1.33573 -1.3247 -1.78751 -2.25078 -1.51724 0.0862301 0.816769 1.86138 1.64045 0.56467 0.174817 -0.127668 -0.403887 -0.413988 0.364126 0.878204 0.764575 1.23427 1.13409 0.78047 0.334326 -0.312393 -0.243927 0.0341072 -0.724925 -1.19328 -0.641087 -0.350956 0.556274 -0.0728084 0.349277 1.12683 
-1.4647 -1.5654 -1.83773 -1.3793 -1.20836 0.16613 0.817192 -0.100622 0.629729 0.350041 1.46173 1.0089 0.770408 0.771409 0.700873 0.0704743 -0.00310204 -0.289558 -0.168987 -0.432887 -0.920703 -1.46347 -1.41473 -0.705516 0.00681223 0.552369 -0.0978311 0.693623 0.809713 1.59187 1.72009 0.931529 
0.983215 0.75376 0.262056 -0.158916 0.138649 0.396461 -0.366775 -0.509843 -0.921334 -0.630803 -0.557738 -0.88514 -0.490881 -0.861455 -1.14043 -0.855777 -1.35723 -1.25222 -1.03428 -0.472782 -1.33406 -0.354083 -0.00495794 0.134217 0.422858 0.876001 0.660369 1.24388 1.38695 1.95303 2.33484 1.64242 
-0.431328 -0.428502 0.58933 1.41876 2.63882 1.50776 0.889246 -0.404004 -1.22292 -0.254741 -0.0702537 0.629391 0.741721 0.51564 -0.223153 -0.481496 -0.640565 -0.833321 -0.484641 0.102736 0.243598 1.40697 1.42739 0.286895 -0.756531 -1.12206 0.0431766 -1.30696 -1.29645 -1.82231 -0.943162 0.280948 
1.17855 1.3999 2.50884 2.3621 1.13221 -0.0605739 -0.0522052 0.583859 -0.0958012 1.38306 -0.18707 0.178859 -0.304557 -0.544757 -0.221612 -0.220292 0.341316 -0.370436 -0.0932552 -0.570338 -0.296933 -1.66474 -0.273096 -0.835264 -0.0736008 -0.000410625 -0.506526 -0.986708 -0.523025 -0.637995 -2.34398 -0.205516 
1.29147 1.29147 2.23315 2.09372 0.73511 0.483723 1.04987 0.425089 -0.82192 -0.549285 0.299566 -0.0735297 -0.0721299 0.173771 0.00782334 0.433772 0.44795 0.208281 0.540011 0.652447 0.144254 -1.18124 -1.95608 -1.48773 -1.70504 -1.28709 -0.729303 -0.621621 -0.466557 -0.610442 -0.474758 -0.474758 
0.617613 0.617613 0.35606 0.091137 0.00126703 -0.526346 -1.6931 -2.23359 -1.57573 -0.656841 -0.272044 -0.0541372 0.381972 0.393888 0.0337439 -0.257322 -0.639605 0.180384 1.13484 1.17455 1.32578 1.64127 2.4772 1.28442 -0.298696 -0.72504 -1.2658 -0.0587802 0.192117 -0.809055 -0.41888 -0.41888 
-0.108802 -0.108802 -0.926677 -1.93647 -1.57407 -0.700654 -0.239758 0.765417 2.4322 2.09571 0.521094 0.0597908 -0.172254 -0.0978062 -0.0586362 -0.227036 -0.408907 -0.332318 -0.218173 0.0262116 0.337488 0.643632 1.39419 1.63335 0.956661 0.0499979 0.303812 0.0527732 -1.6794 -1.52301 -0.479784 -0.479784 
-0.16671 -0.16671 0.301565 1.23716 2.02091 1.76361 1.31938 1.56514 1.39344 0.114865 -0.232737 0.41994 0.45032 0.521269 0.515233 -0.460875 -0.0100893 0.732625 -0.260487 -0.0639798 0.356917 -0.0653099 -1.55953 -1.89623 -1.34278 -1.24414 -0.676772 -0.90611 -0.936259 -1.0952 -0.814229 -0.814229 
-0.101799 -0.101799 -0.203518 0.458474 1.5085 1.07653 0.391576 0.654785 -0.985541 -0.704089 0.180673 0.415418 0.391948 -0.878942 -1.34631 0.68703 0.933247 -0.658436 -0.705934 -1.45732 -1.47778 1.70647 1.72502 -1.5077 1.53566 1.64114 -0.952216 -0.453795 -0.24324 -1.11765 -0.205205 -0.205205 
-0.0543047 -0.0543047 0.624414 -0.317191 -0.984869 -0.567729 0.833945 -0.8094 -1.46889 -0.958703 -1.39969 -1.11347 -0.333367 0.380271 0.285334 0.541687 0.764691 -0.47724 -0.682636 -0.437704 -0.308053 0.273966 1.30712 0.687101 0.898212 2.15343 1.86534 -1.73278 -1.3322 1.80085 0.308082 0.308082 
1.14301 1.14301 1.18744 -0.0994974 -1.85659 -0.935133 0.348622 0.434697 1.03382 0.335361 0.327495 0.919708 -0.20994 0.190157 1.62669 1.2835 0.0184711 -1.74587 -0.970358 -0.270991 -0.322988 -0.952387 -1.92768 -0.446419 -0.36566 0.515772 1.03634 -1.08455 -0.451588 1.66079 -0.782614 -0.782614 
-0.208507 -0.208507 -1.28475 -1.85449 -1.89377 -1.35412 -0.622298 1.01497 0.852459 -1.11302 -0.560891 0.656219 0.680538 0.579864 0.38282 -0.00966304 0.255325 0.0917536 -0.095691 0.205383 0.242997 -1.48076 -1.80193 0.924428 0.631085 0.33279 1.03077 2.15068 1.54092 0.292465 0.311467 0.311467 
-0.593765 -0.593765 -1.05971 0.115562 2.14588 2.14293 1.59392 0.659218 -1.42381 -1.58976 -0.830087 -0.718455 -0.431223 0.604533 1.11948 0.243445 0.199844 0.213056 -0.595752 -0.93562 -1.22355 -0.718012 0.190447 -0.622471 -1.35571 -0.0675864 0.677532 1.02631 0.123298 -0.353297 1.02855 1.02855 
-0.660714 -0.660714 0.0520616 0.617141 1.78493 2.397 -0.525235 -0.424157 0.389328 0.875456 0.654734 -1.06648 -0.48793 -0.273821 -1.07873 -1.08261 -0.644148 -0.396648 -0.367895 -1.14347 -1.49896 -0.814968 0.78106 1.62701 1.41838 -0.318578 -0.00510887 0.97176 0.95991 0.975367 -1.02698 -1.02698 
-1.32007 -1.32007 -1.6532 -0.280345 0.900331 -0.944824 -1.64212 -1.03029 -0.276088 0.566749 -0.508085 0.0506005 -0.0244913 -1.19553 -0.0558145 -0.442791 -0.755262 0.496057 1.29006 -0.587125 0.140774 2.24615 0.78366 0.678453 1.22457 0.347436 0.574208 1.19813 1.16779 1.58307 -0.605964 -0.605964 
0.723288 0.723288 1.37537 1.53491 -0.011668 -1.46208 -1.59003 -1.74812 0.0358661 0.827425 0.615586 0.558663 -0.171618 -0.843049 -0.8685 -0.41117 -0.359429 0.0411214 0.656548 0.492606 0.946993 0.851983 -0.965482 -1.80473 -1.19337 0.548985 -0.227747 -1.13868 -0.488435 0.196816 1.57733 1.57733 
1.60985 1.60985 1.19704 -1.42594 -2.59907 -1.21038 0.840663 0.0690454 1.01423 0.0155813 -1.23256 -0.0138235 -0.693589 0.210961 0.481822 0.749256 -0.0504476 -0.369429 -0.106249 -0.110485 -1.10942 0.144671 1.04819 0.34167 1.05422 -0.367584 -0.988185 0.0994351 0.509017 -1.92425 0.602958 0.602958 
1.17076 1.17076 1.01047 -1.63395 -1.76265 0.45005 0.0207926 -2.06361 -1.03194 1.37745 0.635125 -0.339102 0.372495 0.180112 0.387095 0.594167 -0.171025 0.194032 0.59881 -0.366763 -2.0198 -2.32634 -0.264139 0.376795 0.318847 1.2099 0.853225 0.39025 0.10105 0.0787702 0.24418 0.24418 
-0.188155 -0.188155 -0.436407 -0.275529 -0.521687 -1.5308 -1.54287 0.166921 1.53446 1.27858 0.621714 0.669797 0.476768 -0.269376 -0.553292 -0.574037 0.467099 1.71972 0.988542 0.235857 0.494282 1.1359 -0.277452 -2.54427 -1.82607 -0.849304 0.68127 1.42311 -0.646123 -0.51561 0.422559 0.422559 
-0.67273 -0.67273 -1.52004 -0.529678 1.05052 1.13316 1.24372 2.25558 1.12979 -1.59006 -1.69479 -0.568239 -0.118693 0.108883 -0.0948895 -0.280364 -0.0747949 0.173591 0.314387 0.4798 0.531622 0.900223 0.844013 -0.353584 -1.31504 -0.534257 0.0158754 -1.65056 -1.30868 1.02014 0.88891 0.88891 
0.556633 0.556633 1.62968 1.99151 0.623355 -0.785042 -0.208066 0.104509 -1.64378 -1.84552 0.369456 0.802969 0.135778 0.0940109 -1.10687 -0.582937 1.3884 -0.267623 -0.894075 0.727671 0.0180362 -2.17844 -2.08035 0.268159 0.767453 0.783414 0.407258 -0.278048 -0.197308 0.159519 0.34181 0.34181 
-0.0735759 -0.0735759 0.330321 1.03303 0.365575 -0.692978 -0.268829 -0.851727 -0.840596 0.700022 0.671524 0.11739 -0.801235 -1.07207 0.943923 1.3793 -0.832416 -1.01162 -0.498933 -0.482438 1.91879 1.94259 -1.97256 -0.127045 1.90967 -1.52943 -1.28969 0.42105 -0.416549 0.0116913 0.545191 0.545191 
0.449864 0.449864 -0.17169 -1.06045 -0.163539 1.20244 -0.157686 -1.51826 -0.0967135 0.047516 -0.10032 0.705726 0.987862 0.410247 0.108393 0.318266 -0.670753 -0.95354 0.0279398 0.249104 0.471616 1.06802 0.274552 -0.268079 0.969769 0.640242 -2.56345 -2.10886 2.3344 1.08459 -0.983539 -0.983539 
0.157246 0.157246 -0.686824 -1.8684 -0.419967 1.57445 1.02654 0.577509 0.0629531 -0.335156 0.511363 -0.224385 -0.350389 1.3327 0.845203 -0.926685 -1.85879 -0.520443 1.09544 0.552698 -0.318805 -0.924372 0.459956 1.15259 0.759182 1.04764 -0.921503 -0.847787 1.9287 -0.0890067 -1.47446 -1.47446 
-0.809525 -0.809525 -1.23829 -0.45792 0.376963 0.957263 1.78329 1.11024 -1.60102 -1.06322 1.33186 0.934652 -0.0570544 -0.223642 -0.443246 -0.0955406 0.0767284 -0.263753 0.085919 0.255288 -1.26851 -1.53852 1.81045 1.83139 -0.444834 0.301192 1.36847 0.384326 -1.39801 -0.924829 0.0147064 0.0147064 
-0.438977 -0.438977 0.426713 2.26543 1.39757 -0.502333 -1.18865 -2.31859 -1.75233 0.34156 0.54602 0.198029 0.878727 1.04646 -0.361741 -0.773158 -0.118153 -0.681794 -0.941869 -0.5582 0.0645184 0.945766 -0.0253947 -1.23464 0.312952 1.40189 0.709984 -0.504011 -1.11197 0.571031 0.922085 0.922085 
0.532147 0.532147 0.919671 1.23172 1.26394 -1.54095 -1.89137 0.67053 0.934593 0.225348 -1.28842 -0.740288 0.586927 -0.361828 -0.511319 0.341367 0.513757 0.232786 -0.468823 -0.732336 0.268617 1.60695 1.71801 0.480398 -1.29092 -0.932871 0.928232 0.705132 0.0458092 -1.31925 -1.32985 -1.32985 
-0.223583 -0.223583 0.803205 1.93541 -0.471411 -1.87599 -0.0383543 1.04725 1.22003 -0.147948 -0.360471 0.387259 -0.906438 0.00214079 0.588555 -0.497565 0.727754 1.55531 -0.784568 -0.83401 2.14464 0.506397 -1.14695 0.355333 -0.222008 -0.460851 0.661822 0.469522 0.313472 -1.30106 -1.61166 -1.61166 
0.386549 0.386549 0.501778 -1.08624 -2.24906 -1.22443 -0.291024 1.0899 1.7758 0.334282 -0.278548 -0.653001 -1.09684 -0.587764 0.227502 0.283255 0.242244 0.649376 0.241662 0.125348 0.175136 -1.46575 -2.00328 -0.249026 1.61558 0.613007 -1.30337 -0.272716 0.880155 1.4076 0.912666 0.912666 
-0.265725 -0.265725 -1.94139 -2.42712 0.135699 2.19543 0.815337 0.108872 -0.0361638 -1.43735 -0.0207938 0.342305 0.141592 0.748891 0.341876 -0.342044 -0.716669 -0.0376572 0.163415 -0.642877 0.160995 1.37636 0.123842 0.00184419 -0.455108 -1.30678 0.296341 0.954464 -1.29482 0.0580045 1.61247 1.61247 
