48
0.685553 0.893564 1.17823 1.00978 1.11925 0.832724 0.725749 0.467343 0.208749 0.226698 0.174569 0.112037 -0.150929 -0.139834 -0.0256702 -0.0221961 -0.245857 -0.361136 -0.509743 -0.622256 -0.662223 -0.791908 -0.814874 -0.726677 -0.681724 -0.445793 -0.0567824 0.283651 0.77827 1.15791 1.31503 1.25959 1.33382 1.32532 1.29016 1.09501 0.811075 0.360571 0.157953 -0.0264211 -0.296441 -0.807626 -0.947376 -1.58522 -1.9579 -2.16318 -2.11857 -2.64227 
-1.77451 -1.52401 -1.37634 -0.701463 -0.444019 0.159314 0.0481347 -0.699007 -0.286936 -0.150163 0.344407 0.459058 0.721798 1.18223 1.31885 1.33522 1.34129 1.16105 1.1215 1.2121 1.06874 1.10994 1.2542 1.10009 1.1295 1.15693 1.04383 0.793779 0.915808 0.864052 0.600214 0.266754 -0.099231 -0.370073 -0.64267 -0.901246 -1.02003 -1.00316 -1.30384 -1.22444 -1.08093 -1.1194 -0.890134 -0.705554 -1.02006 -1.04619 -1.12335 -1.20203 
1.32211 1.21921 1.19217 0.447254 -0.0668126 -0.282643 -0.452711 -0.629708 -0.58557 -0.188081 -0.308872 -0.287552 -0.261907 -0.0942034 -0.0149522 0.266027 0.629133 0.929463 1.14042 1.02326 1.19432 1.29102 1.18487 1.21635 1.29405 0.850956 0.469312 0.3517 -0.268429 -1.0993 -1.77728 -2.24486 -2.23205 -1.94497 -1.72545 -1.23129 -0.97687 -0.663619 -0.700317 -0.700316 -0.437014 -0.572091 0.0549712 0.550456 0.60621 0.797045 0.773727 0.942832 
-0.278985 -0.239862 -0.120306 0.191257 0.471643 0.539424 0.51149 0.427841 0.267733 0.0926047 -0.102972 -0.407924 -0.863844 -1.05624 -1.16495 -1.24326 -1.47417 -1.40223 -1.36579 -1.36886 -1.182 -1.14508 -1.10336 -1.00482 -0.998308 -0.916719 -0.966251 -0.840407 -0.706577 -0.535849 -0.103377 0.491579 1.06522 1.33862 1.43548 1.52389 1.49085 1.54881 1.6971 1.6393 1.40511 1.30762 1.06215 0.748467 0.543628 0.475926 0.332788 -0.0163922 
-0.468032 -0.72787 -1.07392 -1.73153 -1.94525 -2.13041 -2.21603 -1.9568 -0.0693881 0.383832 -0.348911 0.286746 0.877363 0.52229 0.269125 0.361587 0.626481 0.0449105 0.19415 0.1637 -0.585752 -0.528544 -0.627061 -0.593383 -1.15925 -0.732032 0.0375649 1.07232 1.38171 1.56314 1.44517 1.46965 1.72735 0.817909 0.0131387 -0.48684 -0.706735 -0.847858 0.494308 0.253926 -0.269345 0.205657 0.787999 0.63042 1.19346 0.711123 0.60909 1.06083 
1.20471 1.02008 1.26477 1.14853 0.7609 -0.336115 -1.24373 -2.35534 -2.2374 -1.4944 -0.0977726 0.694011 1.65497 1.4559 1.46509 1.03916 0.429851 0.305018 0.282956 0.354617 0.259726 -0.39298 -0.274651 -0.427035 -0.561008 -0.617942 -0.624413 -0.766848 -0.458706 -0.431764 -0.304962 -0.982566 -1.31381 -0.84994 -0.238346 -1.02123 -1.4212 -0.243606 0.223352 0.258484 -0.497495 -0.381878 -0.00755273 0.458087 1.55791 0.723658 1.38107 1.63985 
-1.15448 -0.863547 -1.02805 -0.731868 -0.490896 0.399216 0.596791 0.980631 0.969298 1.45456 0.561126 0.774915 1.01908 1.01743 0.477655 0.748723 1.10453 1.28078 1.02062 1.05961 1.07108 0.927435 0.680491 0.484421 0.0762841 0.137276 0.586974 0.40713 -0.0542246 -0.785106 -1.58892 -2.16628 -2.71745 -2.03336 -1.60959 -1.27579 -0.803316 -0.939702 -0.745034 -0.180231 0.0759689 -0.28956 0.178873 0.405566 0.305135 0.640914 0.135312 -0.120429 
1.37151 1.14006 1.02896 0.0335719 -0.041582 -0.671833 -0.0799445 1.15445 0.971569 -0.38836 -0.504322 -0.434133 -0.0905881 -0.690967 0.126298 -0.0262256 0.013468 0.110404 1.48685 1.32149 1.23403 1.30575 1.28447 1.0516 1.40792 0.473134 0.0818645 -0.35551 -1.27753 -1.49349 -2.36999 -2.15997 -1.72098 -1.7103 -1.60835 -0.263103 0.126671 0.114388 -0.304728 0.326993 -0.0630022 -0.0269642 0.201848 0.0931478 -1.38625 -0.294622 0.23768 1.2646 
-1.39518 -1.27441 -1.16251 -0.954738 -0.806427 -0.406142 -0.721244 -1.43968 -1.36716 -1.31565 -0.846763 -0.683784 -0.557755 -0.654612 -1.0549 -0.907074 -0.751353 -0.237669 -0.170769 0.0336733 0.390017 0.351503 0.287223 0.49005 -0.0110574 0.471283 -0.306549 -1.06748 -1.29279 -1.19121 -0.554186 0.132727 0.695001 0.699552 0.585656 0.900785 1.11165 1.23271 1.10442 1.29864 1.72554 1.45806 1.28458 1.39375 1.04589 1.33173 1.53736 1.56932 
-0.686786 -0.569702 -0.887975 -0.651624 -0.654899 -1.03738 -0.165484 0.191821 -0.723388 -0.425879 0.193882 0.1779 -0.458903 -0.730911 -0.666789 -0.721251 -0.274436 -0.737879 -1.51118 -1.38671 -0.994058 -0.779099 -0.263287 -0.370059 -0.623607 -1.21519 -0.956193 -1.04455 0.0946064 1.07723 1.24693 0.621676 0.269763 0.00609434 0.111238 -0.227446 0.0602565 -0.0686761 0.498764 1.2947 1.49636 2.95189 2.49595 1.43402 1.77384 1.27909 0.888123 0.669213 
1.68055 1.55786 1.58345 1.29658 1.17324 1.20777 1.28665 2.04409 2.15205 1.09106 0.371328 0.725559 0.557495 0.69007 0.80054 0.740981 0.0174467 -0.0950711 0.238531 0.0970003 -0.404987 -0.354992 -0.34141 -0.541092 -0.28708 -0.577957 -0.323196 0.177056 0.276167 0.0635566 -0.200867 -0.733698 -0.788696 -0.56281 -0.497218 -0.971493 -1.28002 -1.1491 -1.62264 -1.528 -1.04871 -1.6169 -1.36614 -0.970232 -0.998708 -0.632339 -0.587986 -0.34768 
-0.256367 0.0202567 -0.245356 -0.184922 0.213418 0.162779 -0.303093 0.372249 0.0927321 0.309096 0.633617 0.392445 -0.549372 -0.105608 0.0295263 -0.0465603 0.0503097 -0.3004 -0.772398 -0.977988 -0.637509 -1.4417 -2.56002 -1.90681 -1.84197 -0.89522 -0.417772 1.23403 0.733362 -1.19333 -0.709449 -0.372406 0.118953 0.0509894 -0.59659 -0.966826 -0.120458 -0.0390298 0.234621 0.790639 0.290438 1.52524 1.67665 1.88228 2.47051 1.65818 1.28141 1.21741 
-0.786879 -0.918487 -1.00012 -1.42142 -1.70031 -2.41024 -1.73867 -0.764414 -0.997466 -0.582165 -0.03957 -1.22276 -1.98531 -1.49869 -0.870086 -0.695333 -0.381502 -0.104604 0.488883 0.507887 0.186551 -0.0707102 0.310389 -0.18666 0.278628 0.260937 0.66593 0.737052 -0.066606 0.361901 0.610227 0.84733 0.438379 0.774025 1.2381 1.781 0.828007 0.853458 1.48336 1.05833 0.575719 1.55605 0.940486 0.874078 1.4103 -0.0711141 0.368618 0.0774704 
1.44509 1.44509 0.573916 0.168513 -0.104718 -0.605602 -0.540525 -0.891383 -0.251877 0.225898 0.0396599 -0.448234 -0.277854 0.594852 0.577215 -0.204535 -0.479339 -0.30566 -0.299257 -0.047855 -0.087594 -0.0482527 0.455942 0.613111 0.95498 1.75115 1.99298 2.23736 2.32809 1.54709 0.540283 0.348477 0.457107 0.203957 -0.227952 -0.803643 -1.39456 -1.20638 -0.590536 -0.746507 -1.50277 -1.20132 -1.49441 -2.03343 -1.03245 -0.0668012 -0.803659 -0.803659 
0.863598 0.863598 1.84654 2.1008 1.93509 1.08128 -2.04671 -0.834748 1.21259 1.40367 1.35243 0.815466 1.61637 1.32424 0.295708 -0.0066635 -0.46208 -0.567735 0.0596014 -0.180863 -0.295271 0.37092 -0.0814817 -0.347483 0.0730029 -0.257076 -0.89978 -0.355185 0.104115 -0.789636 -1.44212 -1.67871 -1.53368 -1.31737 -1.28896 -0.932689 -0.294714 -0.716021 -0.571178 0.457647 0.184639 0.383277 0.899911 -0.359591 -0.847637 -0.297894 -0.419608 -0.419608 
-0.193241 -0.193241 -1.29024 -2.12241 -1.21837 -0.630585 -0.564231 -0.198218 0.783399 0.501586 -0.141169 0.109045 0.359168 0.450765 0.644318 1.12934 1.1624 0.902425 0.189072 0.1209 0.48631 0.0126428 -0.0987964 0.215358 -0.595547 -1.38043 -0.824277 -1.23178 -2.45051 -2.54936 -1.92861 -0.748268 0.541218 0.894423 1.24825 1.30789 0.998767 0.501339 -0.0339079 0.478699 0.247893 0.869445 1.94688 0.970691 0.45014 0.315029 0.2779 0.2779 
0.358013 0.358013 1.01603 1.40448 0.815678 0.0710016 -0.294743 -0.61398 -0.834927 -0.920594 -1.23415 -1.86295 -1.59109 -0.752483 -0.476952 -0.772111 -0.409196 0.236548 0.0553568 0.418652 0.515246 0.164685 0.31354 0.228501 0.18754 0.0521867 0.159075 0.601944 0.71035 1.43166 2.45628 2.79724 2.02059 0.869036 0.422249 0.108503 0.0349423 0.472896 0.193315 -0.730459 -0.826329 -0.853576 -1.37575 -1.27763 -0.683502 -0.534475 -1.21432 -1.21432 
-0.77159 -0.77159 -1.23644 -1.0818 -0.529668 -0.379967 0.139341 2.44508 2.67179 -0.390192 -0.176992 1.36952 0.211727 -0.774337 -0.251336 0.35408 -0.433611 -0.568767 0.0752851 -0.974948 -0.872508 -0.111809 -0.139308 -0.685462 -0.225563 1.33509 2.04507 1.50726 0.510049 0.0106273 -0.172797 0.266225 -0.82517 -2.0668 -1.5883 -0.904797 -0.485429 1.34003 1.22404 -0.955959 -0.119944 1.1721 0.432854 0.410298 0.0307758 -0.746446 0.345139 0.345139 
0.0245109 0.0245109 0.0969936 -0.573095 -1.61246 -2.1635 -2.17897 -1.09216 0.873239 2.22831 2.28 1.81831 0.768267 -0.240356 -0.480766 -1.13621 -0.817121 -0.194799 0.0134312 -0.0637486 -0.831384 -0.605428 -0.0752198 -0.342592 -0.241441 -0.106323 -0.196931 0.136476 0.315969 0.123797 -0.622833 -1.10824 0.101418 1.10058 -0.22065 -1.29264 0.784943 1.70366 0.492952 -0.803036 -0.717744 0.480078 0.851009 1.61984 0.242304 -0.226531 0.931792 0.931792 
0.150613 0.150613 0.158753 0.786429 1.70582 1.63864 0.854939 0.531552 0.688546 -0.676931 -1.09716 0.663818 0.330318 -0.8832 -0.461032 0.925311 0.778536 -0.174983 -0.38746 0.0330394 -0.249686 -0.649718 -0.730865 -0.980389 -0.58246 0.745458 0.372645 -1.03765 -1.89065 -2.42077 -2.18312 -1.79204 0.160671 1.66987 1.12762 1.20301 0.475171 0.045135 1.13057 1.22582 -0.214324 0.114209 1.03096 0.150368 0.319232 -0.307969 -1.22363 -1.22363 
-0.372475 -0.372475 -1.19279 -1.15419 -0.762103 -0.0458329 1.95642 1.12448 -1.6613 -1.58945 -0.0537902 0.439629 -0.280428 0.228253 0.709161 -0.125796 0.142073 1.57748 1.29583 -0.276117 -0.0215409 0.049524 -0.27755 0.127919 -0.625792 -1.42856 -0.894438 -1.46436 -1.2266 -1.17772 -0.720307 0.692268 0.478214 0.116306 1.54937 1.85842 0.400711 -0.467875 0.223656 0.254926 -0.384718 0.279757 0.124337 -1.70994 -0.421027 1.73914 1.66966 1.66966 
0.19514 0.19514 0.360717 0.43002 0.796398 -0.085553 -2.21466 -1.47696 -0.0116146 0.742738 0.954872 0.302359 -0.192151 -1.19381 -0.728146 0.330023 1.02632 0.857276 0.268738 0.819598 0.357212 -0.443304 0.0160077 -0.815345 -0.283387 -0.810039 -3.17619 -2.12465 -0.483137 1.15802 2.27199 2.12973 0.83109 -0.455771 0.13531 0.753381 0.384029 -0.261429 -0.122187 0.934416 0.0557264 -1.08689 -0.37006 -0.701935 -0.365689 0.687687 0.204485 0.204485 
-0.307495 -0.307495 -0.156519 0.242226 -0.541137 0.566717 1.50319 -0.759049 -0.834744 1.10832 0.711486 -0.879156 -1.20325 -0.315974 -0.0405893 0.443851 -0.0738651 -1.61837 -0.874157 0.601791 0.716344 0.872243 0.464973 -0.508935 -1.12265 -0.473827 0.163199 1.27736 2.63307 1.40587 -0.629492 -1.28978 -0.832062 -0.253488 -0.348449 -0.117353 0.148165 0.502275 1.67304 1.21 2.04496 1.21254 -1.97424 -0.966913 -0.248932 -1.17402 -0.824844 -0.824844 
-0.0271959 -0.0271959 -0.345063 -0.633412 -0.0111473 0.380371 1.78001 1.83632 -1.68439 -3.28691 -0.546853 0.521245 0.0920883 0.631367 0.259371 -1.35537 -1.45791 0.588848 0.532676 -1.08513 -0.714316 0.283893 -0.199513 0.265991 0.0894249 0.0908747 1.6226 1.32124 -0.0589493 -0.762799 -1.38279 -0.977314 0.491662 0.725139 -0.630464 -1.35481 -0.183074 -0.502554 -0.572805 1.27201 -0.0113103 -0.453784 1.41283 0.872196 0.815005 0.956013 0.711938 0.711938 
-0.0423909 -0.0423909 -0.289997 0.470436 0.343224 -0.646568 0.184906 0.39834 -0.127333 0.56448 0.0404578 -1.40989 -0.625429 0.608016 0.0126255 -0.0311992 -0.345728 -0.997259 -0.831052 0.0994866 -0.586094 -2.25687 -0.5877 0.767388 1.10358 1.57614 2.38365 1.2634 -2.83509 -1.70747 0.885212 0.893775 0.429917 -0.874522 -1.22072 0.490316 1.00761 0.351674 0.895226 0.00892464 0.78635 1.53264 0.353912 0.854217 -0.311663 -1.41689 -0.559828 -0.559828 
-0.364454 -0.364454 -0.775735 -1.05577 -1.46553 -0.11618 2.27484 0.990557 0.197016 1.29819 -0.971167 -2.82407 -0.453452 1.52155 1.07879 0.631917 0.776931 1.17396 0.807827 -0.49094 -0.88315 0.114091 -0.226333 -0.106812 0.573728 0.488129 0.614215 -1.1017 -0.59432 0.899173 0.627438 -0.305692 -0.165792 1.07364 1.36787 -0.64393 -1.37855 0.868681 0.229141 -1.35029 0.644876 0.456136 -1.02991 0.605272 -1.4036 -1.54059 0.149223 0.149223 
-0.946153 -0.946153 -1.46173 -0.701294 -0.822723 -0.392476 -0.201679 0.528856 1.58268 0.532531 -0.695569 -0.242035 1.48832 1.24921 -0.854863 -1.18192 0.0331594 0.390786 0.489631 0.430951 0.16126 0.853013 1.00286 0.796422 1.60908 1.48185 0.780109 0.587941 -0.716092 -2.11189 -1.36259 0.0559854 -0.0220284 -0.709465 -1.11966 -1.32188 -0.350418 1.18429 0.746612 -0.998379 -0.416646 0.172394 -0.896479 0.749273 2.66284 0.452734 -0.775341 -0.775341 
0.90721 0.90721 1.13369 0.110521 -0.876501 -3.51519 -1.67508 2.9349 2.02554 0.156213 -0.492309 0.266747 0.484841 -1.14475 -1.15387 -0.643364 -0.468137 0.496337 0.376254 -0.284463 0.523151 0.22208 -0.608282 0.169253 0.112175 -0.834873 -0.0557475 0.925875 -0.355348 -1.34568 -0.760313 -0.0499139 0.353513 0.249629 0.374306 0.917282 0.224644 -0.214619 1.0771 0.704897 -0.0346016 0.668781 -0.630074 -1.525 0.0866006 0.412916 -0.0767736 -0.0767736 
-1.13738 -1.13738 -2.00334 0.0789417 1.55656 0.684861 0.454082 1.40651 0.732379 -0.957951 -0.404321 0.524812 0.359755 0.300888 0.710284 0.543279 -0.231966 -1.00869 -0.809101 0.313467 -0.108494 -0.604706 0.215105 -0.512762 -1.65643 -0.233858 0.15885 -1.68811 -1.36693 0.547254 1.87839 2.57427 1.71355 0.739898 0.434411 -0.255451 -0.835138 -1.07045 -0.0194001 0.297402 0.410771 1.77213 0.109517 -1.55335 -0.678126 -0.175075 -0.0344781 -0.0344781 
0.910351 0.910351 1.39879 -0.168977 -1.59378 -1.31331 -0.778355 -0.596284 -0.302591 -0.419044 -1.10199 -0.365868 1.47927 1.48389 0.0582696 0.168147 1.35125 0.667086 0.311931 0.661221 -0.236392 -0.170678 0.163193 -0.0754842 -0.13875 0.0471577 0.774222 0.776131 1.12624 2.27831 1.80006 -0.464895 -2.3416 -1.92683 -0.873355 -0.404055 0.541143 0.282091 -1.43017 -1.19916 -0.0718596 -0.607901 -0.450255 0.953393 1.0174 -0.584513 -0.771901 -0.771901 
-0.372117 -0.372117 -0.26239 0.459212 0.455706 0.432417 1.96224 1.75463 -2.05406 -2.06364 1.20633 0.233536 -1.56346 -0.370848 0.758391 -0.171614 -0.697089 0.318809 -0.330487 -0.71479 0.570162 0.477964 -0.449317 -0.103483 1.39141 1.56886 0.0798858 -1.13146 -1.10422 -0.526796 0.13908 -0.505174 -1.69769 -0.583759 0.782222 0.740263 1.55055 1.17068 -1.67141 -0.995906 1.46769 0.349959 -0.582821 -0.327576 -0.863051 0.180777 0.732257 0.732257 
0.00667989 0.00667989 -0.488595 -1.31038 -1.22239 -0.465612 0.744956 2.20905 2.40733 0.992869 -0.34993 -1.16424 -1.56849 -0.970077 -0.709034 -0.2955 0.648919 0.566983 0.0499686 -0.671313 -0.447259 0.512002 0.147373 -0.169751 0.127738 -0.0139953 0.132563 0.332201 -0.056265 -0.740781 -0.957518 0.488414 1.58569 -0.28494 -1.81577 0.69636 2.16773 -0.26271 -1.89964 -0.941742 0.901481 1.1126 0.795526 -0.496799 -1.41158 0.46272 0.809245 0.809245 
0.0685095 0.0685095 0.578574 1.31908 0.754423 -0.629549 -0.837752 -0.07332 -0.920146 -1.38921 1.15142 1.2219 -1.19525 -0.581174 1.53153 1.0692 -0.832229 -0.88562 0.230939 0.173854 -0.492929 -0.329122 -0.206816 0.182492 1.46436 0.838035 -1.3871 -1.77731 -1.06206 -0.175769 0.572814 1.96651 2.87512 0.847664 -0.317485 -0.468304 -0.879022 0.594485 1.02135 -1.03099 -0.841424 1.07384 0.0912782 -0.516473 -0.310559 -1.19187 -0.682196 -0.682196 
-0.636881 -0.636881 -0.609159 0.261495 0.748144 1.90444 0.792635 -2.64577 -1.99673 1.1066 1.40934 -0.210546 -0.199587 0.662855 -0.302043 -0.455031 1.17537 0.780745 -1.37891 -0.993825 0.186059 -0.231638 0.00850482 -0.297873 -1.16554 -0.240713 -0.0735023 -0.286327 0.158053 0.31579 1.29509 0.812895 -0.461404 0.721428 1.20326 -0.872669 -1.71836 -0.17494 0.471269 -0.48468 -0.0299602 0.317773 -1.47664 -0.439431 2.42908 1.45358 -0.0976883 -0.0976883 
0.12291 0.12291 0.172489 0.316143 -0.364388 -2.14967 -0.990963 1.58053 1.59244 0.695884 -0.310594 -0.816129 -1.06591 -0.378998 1.09461 1.25961 0.381654 -0.53752 -0.0224992 0.0677502 -0.89903 -0.239644 -0.261705 -0.209733 0.00825191 -2.06507 -0.936022 1.93108 2.35289 1.97549 0.699627 -1.02637 -1.84523 -0.493309 0.869488 0.18239 -0.721544 -0.357694 0.859968 0.131735 -1.44159 -0.300154 0.279852 0.0075827 0.998597 0.412361 -0.341229 -0.341229 
0.109579 0.109579 0.379109 -0.252453 0.226865 1.38938 -0.888618 -1.57279 1.26977 1.0527 -1.3359 -1.28673 0.388209 0.793424 0.521128 -0.014965 -1.38642 -0.533427 1.50824 1.08262 0.190338 -0.162385 -0.926074 -1.06562 0.0312588 0.876689 1.19123 1.67703 0.0943999 -2.19779 -1.81459 -0.129399 0.708008 0.334424 0.0995472 0.343212 0.426363 1.03826 0.485913 0.258925 0.00924221 -2.70923 -1.46566 1.17374 -0.132465 -0.381757 0.243551 0.243551 
-0.211412 -0.211412 -0.392326 0.197526 0.624085 1.11182 0.901509 -2.18559 -3.22637 0.70173 2.37731 0.388903 0.0571153 0.0929781 -1.25849 -1.08942 1.20785 1.23694 -1.06226 -0.794358 0.84697 0.311017 -0.0232096 0.169306 -0.121848 0.94996 0.759974 -1.06701 -1.31954 -0.842574 -0.146567 1.16408 1.05617 -0.716016 -1.31697 0.268722 0.522743 -0.2565 1.10141 0.340312 -1.09476 0.881549 0.819961 -0.387062 0.040611 -0.0766428 -0.165114 -0.165114 
-0.152722 -0.152722 0.33372 0.410735 -0.708869 -0.095605 0.674089 -0.194067 0.111948 0.113004 -1.25732 -0.420293 1.29651 0.413828 -0.403231 -0.223567 -0.612311 -0.304788 0.707249 0.162368 -1.50167 0.0046421 1.94026 1.08757 0.523024 0.824521 -0.194388 -3.33272 -1.89477 2.38552 1.66967 -0.285579 -1.1255 -1.05023 0.878746 1.43111 -0.0830186 -0.0662234 -0.213585 -0.0639777 0.980377 -0.270957 -0.428311 -0.420093 -1.44714 -0.15308 0.553925 0.553925 
-0.281157 -0.281157 -0.452573 -0.45164 0.545734 2.26013 0.648044 -1.30127 0.158904 -0.744468 -2.55271 0.287495 2.63062 0.908505 -0.573965 -0.21418 0.302386 -0.0104938 -1.04851 -1.06448 0.340942 0.372642 -0.164624 0.460324 0.334767 -0.00462308 -1.00256 -0.769168 1.19536 0.718451 -0.766922 -0.514953 0.814903 0.909373 -1.08075 -1.71053 0.896486 0.954683 -1.38767 0.225072 1.07634 -1.05456 0.0618826 -0.258151 -1.34292 0.921102 1.00495 1.00495 
