27
0.0880748 -0.165509 -0.0213912 0.423038 0.635628 0.752216 0.659095 0.713587 0.572161 0.497771 0.328991 0.263271 0.271227 0.346479 0.418182 1.00685 1.47962 1.34335 0.771505 0.146423 -0.760979 -1.39642 -2.04471 -1.50988 -1.09157 -1.86821 -1.85881 
-0.370321 0.139944 0.61666 0.695891 0.942317 1.07792 1.22467 1.1204 1.08053 1.11509 1.11376 1.04028 0.880386 0.692619 0.355533 0.000192315 -0.420327 -0.782317 -0.939063 -0.97071 -0.859127 -0.709015 -1.14343 -1.15787 -1.76853 -1.5254 -1.45007 
-0.476067 -0.71639 -0.49091 -0.642837 -0.876749 -0.770925 -0.777368 -0.557133 -0.177218 -0.133303 -0.139003 -0.247015 -0.392207 -0.762944 -1.16112 -1.56862 -0.835301 -0.443125 0.0383568 0.629272 0.894901 1.56536 1.64389 1.38053 1.75038 1.86438 1.40117 
0.172517 -0.734949 -1.06748 -0.967834 -0.94572 -1.22969 -1.14823 -1.12008 -1.12547 -1.1429 -0.999469 -0.936335 -0.77119 -0.420447 0.23928 0.935927 1.22731 1.28734 1.17664 1.33894 1.03931 0.680918 0.778025 1.17198 1.17764 0.772767 0.6112 
0.501171 1.53652 0.439554 0.562353 1.22218 0.85218 -0.120718 -0.250705 -0.444452 -0.576922 -0.481867 -0.377602 0.501878 1.77637 2.7185 0.277155 -1.39925 -0.804684 -1.32725 -0.596942 0.265662 -0.73259 0.022997 -0.913872 -0.899338 -0.491376 -1.25895 
-2.16271 0.0362242 -0.207526 0.261616 0.265938 0.713163 1.0921 0.219936 0.00188312 -0.0349773 -0.511323 0.0716163 0.449173 -0.113705 -0.60883 -0.0193163 0.700811 -1.10471 -1.24198 -1.43942 -0.874984 -0.890338 3.00767 -0.201435 1.01257 1.17255 0.405988 
1.11801 1.75372 2.06164 1.79354 0.669789 0.356711 -0.0883627 0.286508 0.122498 -0.109726 -0.0320998 -0.263627 0.286731 0.172607 -0.51107 -0.312721 -2.18621 -2.44302 -0.585038 -0.466548 -0.767947 -0.101132 -0.644042 -0.524937 0.550656 -0.24471 0.108778 
-1.75549 0.756212 -0.632088 -1.43812 -1.63509 -1.26016 -0.329583 -0.404486 0.360482 0.31062 0.479688 1.04468 -0.271432 -0.387439 -0.468652 -0.941104 -0.1306 1.52916 1.61543 0.660708 0.555719 1.8605 0.274194 -1.04337 -0.414969 0.297026 1.36815 
-1.02685 -0.887165 -1.21413 -1.30322 -0.984887 -0.718 -0.6498 -0.572612 -0.737301 -0.574062 -0.421242 -0.92067 -0.813184 -0.869212 -0.198971 0.626011 1.35074 1.40481 0.071658 -0.133832 1.52044 1.62981 1.02122 0.768618 0.865603 1.3289 1.43733 
1.26882 -0.0525741 0.68415 0.321057 -0.48261 -1.15805 -1.21577 -1.22054 -1.3689 -1.38556 -1.6059 -1.07751 -0.901141 -0.0952538 0.796299 0.740506 -0.644494 -0.364311 0.703306 0.747468 1.37596 1.66967 1.40289 0.365873 -0.0820355 0.565696 1.01293 
2.35497 0.565936 0.637882 0.586928 -0.310782 -0.596366 -0.997109 -1.01882 -1.51393 -1.33804 -0.91587 -0.690157 0.110808 0.771593 1.30664 0.768867 0.248639 0.571995 1.65571 0.847992 0.385484 -0.540775 -0.957133 -0.761794 -0.134625 -1.57982 0.541772 
0.331572 -1.17089 -0.756337 -1.9876 -1.54925 -1.05385 -0.637788 -0.663675 -0.337705 -0.0154447 -0.0850222 0.377843 0.807449 1.46199 0.791313 -0.141078 -0.534691 -0.855295 -0.635822 -0.533746 0.331244 -0.00659651 1.47079 1.3064 1.85172 1.52171 0.712759 
-1.91078 -2.10503 -2.44467 -1.18414 -0.0402082 0.261222 0.32178 0.350861 0.549755 0.566349 0.850471 0.453235 -0.253659 -0.789592 -0.926231 -0.848678 0.268213 1.08377 1.01216 0.412935 0.950668 1.25195 0.605 0.698495 0.810441 0.0207595 0.0349321 
0.0836738 0.0836738 1.08765 1.18613 0.71459 0.274876 0.185561 0.116081 -0.0692921 -0.108637 -0.0961673 0.15804 0.360803 0.452491 1.19096 1.76782 0.72512 -0.777376 -1.48046 -1.9631 -1.978 -1.60531 0.0779289 1.61206 -0.27427 -0.862425 -0.862425 
2.15188 2.15188 1.26028 0.78392 0.900516 0.694351 0.198168 -0.187867 0.0993099 0.179025 -0.0444501 -0.372439 -0.608842 -0.975372 -1.322 -1.49458 -1.50834 -0.962717 -0.2794 0.275642 0.651613 -0.4778 -0.818169 -1.18272 -0.649949 0.769033 0.769033 
-0.305672 -0.305672 -0.143362 -0.986894 -0.513613 -0.0959345 0.114147 0.823573 0.499816 -0.208247 -0.487216 -0.74335 -1.22577 -1.6903 -1.7578 0.319855 1.78821 1.32579 1.69071 1.29436 1.44043 1.09687 -0.617806 -0.0828731 0.610022 -0.919641 -0.919641 
-2.07855 -2.07855 -0.397402 0.194597 -0.445764 -0.346705 0.174308 0.0293522 -0.0467439 0.201671 0.336167 0.372409 0.852508 1.6781 2.25552 1.64065 0.577955 -0.0932342 0.0774821 -0.237906 -1.10708 -0.444805 0.811066 0.658423 -0.67505 -0.954207 -0.954207 
0.0768355 0.0768355 -0.666857 0.764855 0.363246 -0.967353 -0.771755 -0.13678 -0.138804 0.0965586 0.289488 0.928761 1.88245 1.93351 -1.09475 -3.22875 -0.754603 0.185724 0.296351 1.42521 0.0165027 -0.0707119 -0.0206868 -0.624614 0.471367 -0.166016 -0.166016 
1.40643 1.40643 0.030404 0.227742 0.210308 0.508311 -0.541247 -1.01615 -0.351672 -0.55714 -0.0640982 0.615169 -0.296312 -0.990518 -0.0738072 0.892909 -1.01231 -1.69435 -0.415146 0.143046 0.287895 2.93971 0.399121 -1.73597 0.944096 -0.631422 -0.631422 
1.08747 1.08747 0.139166 -1.363 -1.41019 -0.698099 0.0237219 0.318624 -0.318362 -0.0648285 -0.0640983 0.43191 0.555094 -0.7397 -0.411843 -1.66024 -2.13781 1.77739 2.17117 -0.0945338 0.480789 0.227386 -0.347291 1.3509 0.391406 -0.366254 -0.366254 
0.705841 0.705841 -1.84773 -0.930794 -0.0218326 0.846007 0.499781 0.372316 0.391589 -0.0670583 0.406181 -0.736926 -1.26108 -0.310604 -0.58495 0.101381 1.74249 1.18507 -0.827238 -0.974445 0.764642 -0.37549 -2.39385 -0.68924 0.872863 1.21361 1.21361 
-0.463284 -0.463284 -0.746029 0.0514849 0.491441 0.1823 -0.0521452 -0.339969 -0.233621 0.158784 -0.660195 -0.716222 -0.168232 0.527267 1.61609 1.68344 0.730672 -1.81263 -2.13341 1.55869 1.94782 -0.848805 -1.29616 -0.42415 0.460616 0.474757 0.474757 
-0.640534 -0.640534 0.354331 -1.24483 -1.56909 -0.794686 -0.0984305 -0.192522 -0.204868 -0.279596 0.286242 0.698088 0.986179 1.72865 0.834091 -1.52932 -1.18052 1.36567 1.12064 0.664764 0.923832 -0.00559461 -1.38709 -1.57514 0.173892 1.10319 1.10319 
-1.57629 -1.57629 0.212135 -0.785606 -1.02703 -0.515671 -0.244158 -0.341261 -0.137927 0.805923 0.857182 1.24695 1.69462 1.42101 0.18773 -0.898115 -0.0120391 1.63837 0.474527 -1.11649 -1.23846 -1.19097 -0.0368859 1.03687 -0.65118 0.886524 0.886524 
-1.27092 -1.27092 -0.96298 -0.935957 1.02465 0.999333 0.407419 0.305124 0.700441 0.251301 0.410957 0.977773 1.19542 -0.0539392 -1.85588 -1.54128 -0.846603 -0.15045 0.329498 1.06247 0.562955 1.25832 1.45527 0.396926 0.208864 -1.32889 -1.32889 
-0.698494 -0.698494 0.898757 2.52761 1.47459 0.285119 -0.0139006 0.137983 0.124272 0.217847 -0.23651 -1.32458 -1.47685 -0.850755 -0.177191 1.1991 2.00937 0.704483 -0.848843 -0.179833 0.808857 -0.491837 -0.71997 0.113242 -0.856424 -0.963773 -0.963773 
0.831111 0.831111 0.908428 -0.249947 -0.672467 -0.372393 -0.0817361 -0.157148 -0.133491 0.021829 0.252286 0.401678 0.274091 0.694651 1.07554 -0.322784 -1.95521 -1.68859 -0.887939 -0.347672 0.323817 1.65696 2.56876 -0.233571 -1.8997 -0.418811 -0.418811 
-0.880515 -0.880515 -1.39917 -0.301448 -0.00726045 -0.674456 -0.870301 -0.0173755 0.489736 -0.0662644 -0.510174 -0.52425 -0.566213 -0.686226 -0.475055 -0.112622 0.669357 1.42833 1.43859 1.10395 -0.730088 -1.51004 -0.677256 0.273421 2.21534 1.63525 1.63525 
0.216956 0.216956 -0.491195 -0.230134 0.828661 0.607703 0.852627 0.404467 -0.785524 -0.747924 -0.368527 -0.539322 -0.714276 -0.365948 1.76823 3.05759 0.925182 -0.0011553 0.0543136 -0.129421 -0.0851056 -1.6472 -0.909704 1.11146 -0.621776 -1.20347 -1.20347 
1.3776 1.3776 1.90514 -0.163583 -0.602848 0.432066 0.214622 -0.31747 0.0330677 0.220729 0.0316589 0.33963 1.04303 1.12975 -0.153865 -1.61538 -1.66557 -0.566465 -0.249406 -1.17606 -0.304858 1.58879 0.862612 -1.44478 -1.55752 -0.369248 -0.369248 
-0.422787 -0.422787 0.474562 0.688969 -1.04236 -0.668046 0.56391 0.440047 0.189583 0.311774 0.564932 1.04175 0.673077 -1.82267 -3.1922 0.256525 2.18341 0.702038 0.820204 -0.132065 -0.89426 0.0200255 -0.303833 0.351738 0.330769 -0.356156 -0.356156 
-0.721035 -0.721035 -0.593509 0.284452 0.349506 -0.317484 -0.816958 0.290703 0.464817 0.354032 0.925775 0.0181295 -0.869451 0.311983 1.38532 -0.438296 -1.50377 0.554099 1.35558 0.62252 1.97548 0.24007 -2.85337 0.520373 0.881983 -0.849955 -0.849955 
-0.497545 -0.497545 -1.4589 -0.882209 0.534875 1.02703 0.760035 -0.109575 -0.13605 0.272075 0.427255 0.505623 -0.640457 -0.509469 -0.479774 -0.995231 2.30937 2.86701 -1.08864 -0.972458 0.315374 -0.420603 0.828381 0.582103 -0.989595 -0.375536 -0.375536 
-1.50528 -1.50528 -0.955214 1.12196 1.0925 0.339517 -0.257565 -0.038302 -0.236979 0.0353552 -0.375251 -0.973584 0.282352 0.432209 0.273751 1.42283 0.676705 -1.51498 -1.26889 0.981569 0.385914 -1.86817 -0.161616 1.9863 1.16812 0.231017 0.231017 
-0.195608 -0.195608 0.260157 0.673167 0.0407348 -0.344673 -0.332492 -0.137734 0.251004 -0.277803 -0.534074 0.247124 0.676608 0.985685 0.626707 -0.540026 -2.03196 -1.67079 1.89263 2.29832 -1.40987 -1.8879 0.208659 0.96994 0.479686 -0.0259423 -0.0259423 
0.527605 0.527605 -0.534438 -1.4105 0.16584 0.843591 0.266803 -0.203798 -0.190939 0.193048 0.516195 0.331736 0.55131 -0.234116 -2.29681 -1.47107 1.78952 1.39515 -0.598599 -0.263817 -0.578313 -1.66786 -1.17548 0.903581 1.64563 0.484058 0.484058 
1.10973 1.10973 0.363018 -1.15612 -0.0267067 0.357177 -0.0981971 -0.149223 0.629826 0.516013 0.101339 0.398015 -0.0984609 -1.35648 -1.96436 -0.378233 1.66958 0.13542 -2.29046 -1.51072 -0.284469 0.670529 1.43859 -0.688463 -0.341242 0.922091 0.922091 
0.290659 0.290659 0.312612 1.6552 1.61268 -0.460931 -0.523469 0.278536 -0.00323353 -0.19468 0.630661 0.677773 -0.79765 -2.43832 -1.16779 0.86041 1.17037 0.995929 1.02584 0.230147 0.199594 0.76539 -0.659289 -0.972064 -1.36153 -1.20875 -1.20875 
1.08376 1.08376 2.21411 0.374942 -1.58084 -1.0576 -0.126763 0.0712286 0.0307647 -0.275023 -1.09503 -0.885399 0.304153 0.87725 1.39785 1.49271 -0.367897 -2.00812 -0.638331 1.12571 -0.241174 -1.08559 0.39524 -0.11935 -0.772056 -0.0991524 -0.0991524 
