42
-1.29816 -1.21513 -1.53337 -1.87776 -1.51663 -1.44137 -1.73061 -1.20003 -0.825024 -0.209508 0.343329 0.607257 0.675303 0.354905 0.41539 0.310103 0.521281 0.643543 0.750835 0.9941 1.20463 1.29252 1.40658 1.48712 1.4933 1.40612 1.17188 1.01057 0.840538 0.4469 0.153286 -0.00994579 0.000326661 0.0119397 -0.148917 -0.245124 -0.450667 -0.330824 -0.356795 -0.741111 -1.08751 -1.32328 
-0.00249783 -0.757798 -0.745574 -0.54207 -1.49389 -1.09613 -0.86412 -0.599385 -0.372242 -0.245971 -0.220995 -0.0633091 0.322039 0.87452 1.33393 1.50763 1.65781 1.79802 2.00964 1.86855 1.70308 1.42816 1.1002 0.901705 0.621606 0.367117 0.112377 -0.169597 -0.494787 -0.520029 -0.608706 -0.792207 -1.03999 -1.01138 -1.39935 -1.04533 -0.615332 -0.476803 -0.679665 -0.769204 -0.585025 -0.394986 
0.235581 0.209551 -0.0221 -0.0201561 0.200306 0.540335 0.593434 1.01741 1.19633 1.42038 0.694542 0.0257002 -0.669444 -1.2245 -1.42483 -1.2183 -1.24415 -1.2078 -1.48084 -1.70181 -1.67641 -1.39763 -1.16542 -1.17538 -1.00928 -0.830151 -0.320754 -0.0422341 0.362859 0.450989 0.368188 0.660818 0.952784 1.21164 1.54654 1.22026 0.862126 1.38554 1.37318 0.678535 0.371999 0.25215 
-0.934442 -1.04977 -1.32862 -1.06696 -1.38044 -1.35805 -1.66139 -1.50378 -1.45963 -0.826232 -0.425807 -0.165373 -0.193509 -0.64699 -0.438928 -0.561541 -0.36383 -0.373741 -0.153409 0.0608022 0.0970878 0.530912 0.866169 1.00217 1.36264 1.51966 1.68723 1.83435 1.40063 1.3267 1.07035 1.17095 1.17258 0.809207 0.684419 0.533673 0.340685 0.149745 0.217456 -0.331756 -0.912048 -0.701153 
-0.403754 0.021294 -1.20606 -0.643269 -0.797143 -0.472511 1.85657 1.9835 1.51585 0.685449 -0.64562 -1.77504 -1.5787 -0.364374 1.27956 1.83718 1.57972 1.48572 0.678927 0.720389 0.848025 -0.426452 -1.36331 -0.84675 -0.612656 -0.765236 -1.62056 -0.769748 -0.0454475 -0.21489 0.528904 -0.179023 -0.122098 -0.139759 -0.109455 -0.743588 0.183038 0.261452 -0.208709 -0.400886 -0.41673 1.40617 
0.900397 0.861633 0.82776 0.368132 0.521032 0.358462 1.17178 0.214789 -0.359758 0.204673 1.13732 0.320206 -0.912146 -0.152463 -0.623774 -0.200697 -0.17971 0.0290614 0.0545044 0.459106 0.717435 0.6089 -0.623215 -1.24077 -2.04238 -1.96726 -1.70209 -1.7898 -2.18636 -1.70001 -0.542515 -0.102355 0.815634 0.362107 0.520997 0.572453 1.13057 0.223357 -0.227217 1.16453 1.25552 1.75217 
-0.135107 -0.504644 -0.516044 -0.782757 -1.01655 -0.566034 0.102258 0.601619 0.0140688 -1.60326 -1.15619 0.432034 1.56692 1.38365 1.04602 0.201375 -0.530918 -0.6482 -0.382503 -0.448753 -1.2398 -1.68497 -1.29426 -1.66639 -1.59522 -0.632005 0.501735 0.00344188 0.598285 0.730013 0.0857692 1.37281 1.7795 1.04913 1.72947 1.65329 1.36062 0.601738 -0.346637 0.298894 0.124181 -0.486566 
-0.1371 0.311869 -0.925359 -0.988755 1.08951 -0.335841 -0.625663 0.533682 0.730463 0.461778 0.363801 -1.28497 -0.660805 -0.334456 -0.673608 -1.42764 -1.74264 -1.66131 -1.69824 -1.61973 -1.41362 -1.14095 -0.613089 -0.208671 0.648548 0.414052 0.727961 0.880964 1.773 0.610908 -0.0949014 -0.014424 0.310939 0.95555 1.33804 1.48609 0.286125 0.271258 1.4393 1.58481 1.11085 0.272255 
1.83963 0.810479 1.10188 0.574483 1.21527 0.757283 1.14173 0.750933 -0.103588 -0.91266 -1.93956 -1.17013 -0.649683 -1.09639 -1.4953 -2.39472 -1.44452 -1.3097 -0.973023 -0.510986 0.103463 0.31885 0.136955 0.509615 0.990699 -0.360251 -1.34306 -0.603866 0.0253375 -0.0162592 -0.365259 -0.469663 -0.0598912 0.602704 0.361167 0.65522 1.43215 0.660443 1.48774 0.452818 0.982614 0.307043 
1.49443 0.968708 0.88172 1.4368 0.524199 0.394654 1.40806 1.0605 1.14864 1.08259 -0.183386 0.886059 1.40096 0.443041 0.355566 0.4385 0.182993 -0.0492142 -0.176884 -0.626786 -0.987151 -1.44541 -1.77892 -1.55986 -1.82522 -1.58524 -1.8533 -1.1253 -0.509265 -0.39005 -0.30549 -0.640797 -1.15304 0.000344302 0.136723 -0.954481 0.199605 1.04647 1.06352 -0.101962 -0.0381146 0.735772 
-0.00876932 -1.81738 -0.701779 -0.595131 -0.790801 -0.856474 -0.276395 0.0838277 -0.108052 0.707706 2.05393 1.18754 -0.268147 2.25892 1.6736 2.38298 0.356223 -0.169316 0.0555667 -0.555962 -1.18151 -1.35483 -1.18953 -0.24484 -0.689652 0.438931 1.56036 1.26718 0.0740774 0.512273 -0.214627 0.383121 -0.74231 -0.0879079 0.441343 0.0650497 -1.51973 -0.770524 -0.150222 0.447798 -0.748915 -0.907618 
0.37445 0.619262 0.524753 0.658696 0.121221 -0.269473 0.51555 0.634762 0.784577 1.13021 -0.240741 0.329384 -0.15721 0.131125 -1.31278 -1.51546 -1.2994 -1.07408 -1.07687 -0.606144 -0.687954 -0.815089 -1.16809 -2.07433 -1.82768 -1.81287 -1.48961 -0.345243 0.210475 1.0127 1.19294 0.996368 0.0764031 0.521392 0.814412 1.33762 1.07953 1.00926 1.29414 0.158724 0.867041 1.37804 
0.393459 -0.476608 -0.633914 0.0478217 1.01078 0.516708 2.0187 1.23242 -0.107997 -1.51882 -1.40483 -0.728492 0.204786 -0.979184 -2.13156 -1.34121 0.0182419 -0.0635785 -0.648526 -0.71817 -0.108445 0.671525 1.36284 1.39606 1.62528 1.36317 0.997034 0.784217 0.612407 0.428867 -0.0144201 -1.45076 -0.840841 -0.94788 -0.256384 0.121864 0.00584497 -0.45307 -1.88074 0.0464359 1.07613 0.77084 
-0.477442 -0.477442 -1.41273 0.0738729 0.992153 -0.430997 0.565359 2.01885 2.2047 2.59383 1.82449 0.763669 -0.514951 -0.531494 -0.0607896 0.268954 0.766877 0.539556 0.804332 1.03025 0.690249 0.479148 0.463065 0.227001 -0.139991 -0.666094 -0.828304 -0.687786 -1.19617 -1.4666 -0.962423 -0.29746 0.0851352 -0.28933 -0.52526 -0.623042 -0.150284 0.242655 -0.860543 -1.56169 -1.23666 -1.23666 
-1.4586 -1.4586 0.459634 -1.46909 -1.08045 1.28799 1.02185 1.01211 0.735093 0.330628 0.393479 1.11446 1.9043 2.05248 1.29467 0.676009 0.609001 0.731925 0.169138 -0.585297 -0.853024 -1.17811 -1.02521 -0.929461 -1.04149 -0.99075 -1.04574 -1.18669 -0.673056 -0.199875 -0.516496 -0.834808 -0.410458 -0.690912 -0.0398831 1.59657 1.16546 -0.10067 -0.556954 0.217378 0.776714 0.776714 
-0.419945 -0.419945 -0.372124 0.400756 0.978707 0.692601 0.836102 1.0512 0.709436 -0.837244 -2.36363 -2.31115 -2.11664 -1.27077 0.031167 0.329429 0.0384992 -0.384055 -0.82395 -0.313781 0.540549 0.894092 0.400497 0.287479 0.610714 1.19758 1.36749 1.18918 0.863712 0.0296661 0.379256 1.01991 0.962176 1.03558 0.0353005 -1.14944 0.303093 0.894191 -1.18806 -1.69094 -0.708342 -0.708342 
-0.874827 -0.874827 -0.017836 -0.0965487 -0.640486 -0.617453 -0.310018 0.479924 1.5615 2.37142 1.52357 0.549328 -1.07361 -0.53666 0.215499 0.191967 0.448172 0.499594 1.00909 0.590699 1.08994 1.76959 1.09256 1.14987 1.19764 0.75912 0.736632 -0.630272 -1.13279 -0.72957 -0.332811 0.253639 -0.801094 -1.08847 -0.60512 -0.760157 -0.851531 -0.258887 -1.07334 -2.54644 -0.818499 -0.818499 
-0.681884 -0.681884 -0.572531 0.279717 0.090642 2.06189 1.90493 -0.315424 -1.07546 -1.76095 -1.99834 -0.785707 1.07502 2.22428 1.70292 0.193382 -0.323952 -0.760081 -0.652533 0.0893241 -0.955418 -1.80053 -0.378605 0.55103 0.01979 -0.845112 -0.0485075 1.20558 0.395584 0.41106 -0.0164502 -0.561764 -0.0137531 -0.0348875 -0.524312 0.187289 0.752989 -0.355939 -0.570764 -0.210075 1.38972 1.38972 
-0.128693 -0.128693 -0.601485 -0.391667 -0.0579572 0.683947 -0.208493 -1.7676 -0.058457 1.6347 0.0826942 -2.34943 -0.578082 0.27686 -0.101278 0.451763 0.211014 0.216021 0.436013 0.697635 0.121184 -1.55316 -2.12498 -1.64136 -0.86323 0.33518 0.152268 -0.591117 0.053771 1.79958 1.7477 1.47863 0.474677 -0.378083 0.189207 0.637696 -0.439263 -1.57242 1.01021 1.6186 0.613056 0.613056 
-0.341934 -0.341934 -0.244207 -0.455571 0.226097 1.08346 1.12988 -0.0636993 -2.07545 -1.09213 1.95451 2.60823 0.924554 -0.474957 -1.10354 -1.47864 -0.787338 0.161175 0.209677 -0.794682 -1.15481 -0.0316372 0.0377762 -0.26592 1.00322 2.01311 0.624062 0.111881 0.710668 -0.466989 0.631047 1.62988 -0.287516 -0.0274308 0.594326 -0.330442 -0.979299 -1.6025 -0.267712 0.467594 -0.726401 -0.726401 
-0.765322 -0.765322 -1.27656 2.03164 0.672681 -1.6902 0.888814 1.37435 -0.050543 -0.344652 -1.7217 -1.00115 0.969624 0.00842759 -1.06957 -1.04547 -0.211952 0.0654961 0.0626843 0.305204 0.498933 0.81997 0.951431 1.28007 0.642556 0.100441 0.487088 1.06395 -0.248259 -1.8426 -0.602754 0.42615 0.989044 1.04605 0.550577 -1.0284 -1.19096 1.17184 1.33187 -0.306517 -1.28847 -1.28847 
-0.8094 -0.8094 -0.215935 0.197316 0.279404 -0.0237923 0.0556817 -1.40973 -1.90445 -2.10833 -0.241332 1.58882 0.150408 -0.936972 -1.47243 0.12325 1.34653 0.620865 1.00788 1.33642 1.0447 0.102807 0.288824 1.07297 -0.965655 -2.6971 -0.224947 1.68169 0.758195 -0.398791 -0.473078 0.424372 1.33155 0.561207 0.125308 1.32991 0.0693702 0.128949 -0.182378 -0.534253 -0.109225 -0.109225 
-0.712601 -0.712601 0.624442 -0.39691 -1.24385 1.13878 0.869086 -0.275545 0.0727025 -1.60246 -0.197759 2.00535 -0.502678 -1.24787 0.0397551 -0.168114 -0.557971 -0.399825 -0.669132 -0.956997 -0.96734 -0.934116 -0.0962048 -0.0118964 0.0139729 0.0106263 0.614361 1.70806 0.954939 0.29746 -0.264823 -1.00312 0.83852 1.64092 -1.13583 0.123163 2.52073 1.11412 -1.37534 -1.31745 1.08172 1.08172 
-0.563111 -0.563111 1.10054 -0.0384698 -0.188153 0.485684 0.855629 0.185084 0.580775 1.91682 0.455654 -1.97817 0.969487 1.72551 0.146621 -1.10545 -2.17814 -0.222301 -0.296995 -1.0357 -0.655059 0.0318948 1.00302 0.473062 0.6328 1.99328 0.758294 -1.25217 -0.616873 -0.21192 -0.0733281 -0.419504 -0.370293 1.06701 0.17172 -1.66459 -0.686946 1.22845 1.09713 -0.481185 -1.1385 -1.1385 
0.110986 0.110986 -0.0290039 -0.588318 -1.25075 0.419107 1.06294 0.260894 0.546782 -1.37342 -1.08996 0.0266747 -0.329128 -1.53788 -2.15787 -0.0618955 0.478512 0.202173 0.512052 0.412277 -0.342622 -0.685039 -1.66879 -0.91163 0.25134 0.348065 1.77431 2.06783 1.63582 1.16172 -0.099411 -1.4886 -0.678527 0.853057 0.951814 0.255962 -0.493393 0.192177 -1.15273 -0.618073 1.46078 1.46078 
-0.860875 -0.860875 0.392188 1.29679 0.347337 0.782593 0.546643 -1.74856 -2.25288 -1.07846 0.606896 1.26846 -0.233714 -1.91786 -0.323615 1.70466 1.00039 -0.569691 -0.559859 0.404826 1.09088 1.15676 0.553772 0.180632 -0.0578435 -0.538582 -0.498781 -0.341866 -0.318225 -0.537439 -1.54906 -0.698609 0.374787 0.44066 0.832523 0.180463 -0.495536 -1.55468 0.372062 2.35636 0.553665 0.553665 
-0.89013 -0.89013 0.605755 2.47089 -0.457022 -0.378458 2.51614 1.70057 0.629567 -0.331583 -1.79058 -2.30304 -1.25225 0.507995 0.856443 0.883831 0.32329 0.0886881 0.544751 -0.063796 -0.503537 -0.177602 -0.202721 -0.55582 -0.84767 -0.64161 0.0291716 -0.319166 -0.732671 0.286209 1.22743 1.10509 0.0591806 -0.563206 -0.284796 0.428316 0.9221 -0.663693 -1.76461 -0.327461 0.378064 0.378064 
1.61885 1.61885 -0.162481 -1.57518 2.3936 1.78885 -0.407589 -0.417637 -0.782198 -0.468299 0.571139 1.24258 0.713547 -0.715839 -1.42407 -0.786061 -0.101148 -0.55904 -1.36935 -1.09684 -0.700301 -0.311821 0.0768546 -0.167821 -0.209397 -0.156719 -0.333755 0.191413 0.758611 -0.00819581 -0.739204 -0.0548558 -0.0198914 0.189465 1.95989 0.960444 -1.72033 -1.74358 0.140952 1.07896 0.363802 0.363802 
0.0314633 0.0314633 0.688327 1.13888 0.238857 -0.130378 0.295592 -0.116832 -1.61415 -2.62095 -1.26184 0.200731 0.875038 1.81623 1.35081 -0.00294779 -0.615563 -0.742168 0.0505459 1.1505 1.01738 -0.128208 -0.524735 0.169482 0.764304 0.633995 -0.0163143 -0.437333 -0.994641 -0.420916 0.832423 0.48624 0.00413406 -0.796924 -1.86621 0.218416 1.72769 -1.2765 -2.20626 0.398527 0.825924 0.825924 
0.733748 0.733748 0.660895 -0.635747 -0.541575 0.246421 0.956241 1.67275 1.69124 -0.0945513 -1.7459 -2.46329 -1.06459 1.1337 0.61494 0.155906 0.225279 0.459714 0.0248767 0.015388 1.03169 -0.0570256 -0.633032 0.0378104 -0.421111 -0.486135 -1.34541 -1.78971 -0.151352 0.680984 0.850571 -0.492871 -1.30165 0.121938 0.24443 -0.287515 0.404509 -0.264745 -2.17671 0.176423 1.53986 1.53986 
-0.0207813 -0.0207813 0.569811 0.363005 1.13845 1.16071 -1.744 -2.16192 -1.09828 -0.736097 0.579262 2.03322 1.9893 0.338559 -1.50394 -1.50114 -0.757293 -0.324262 0.49206 -0.306455 -1.4062 0.303159 1.53303 0.179519 -1.06406 -0.14389 1.32453 0.211186 -0.647146 -0.382093 -0.77071 -0.0946923 0.268554 -0.450369 0.0574026 0.788584 -0.473008 -1.0139 0.00451907 1.26202 1.01207 1.01207 
-0.309463 -0.309463 -0.172164 0.35559 0.703773 -0.098587 -1.60431 0.0980989 2.2263 0.0922852 -2.60719 -0.432475 1.7185 0.311928 0.114371 0.204275 -0.154344 0.147153 0.315075 -0.206096 -1.47294 -1.46991 -0.0577958 0.825578 1.29332 0.664435 -0.606225 -0.0645341 1.56433 1.10838 -0.210102 -0.833111 -1.21507 -0.186884 0.664619 -0.411335 -1.44632 0.948415 2.08803 -0.259967 -0.658079 -0.658079 
0.0904347 0.0904347 -0.0440463 0.327488 1.00747 0.603293 -0.701625 -2.01115 -0.626084 2.59234 2.38262 -0.627059 -1.93343 -1.26213 -0.610343 0.229442 1.07159 0.66261 -0.579911 -0.839904 0.513745 0.787044 -0.120807 0.642524 1.4783 -0.212986 -1.18141 0.083359 -0.340053 -0.0224036 1.36239 -0.556182 -1.02621 0.58933 -0.164536 -0.972968 -0.781094 0.481005 1.34536 -0.263587 -0.731427 -0.731427 
-0.277506 -0.277506 1.75909 1.23722 -2.25402 0.170279 1.92382 -0.541065 -1.02103 -0.991578 -0.366931 1.69406 0.65874 -1.21815 -0.611581 0.565193 0.721159 0.206295 0.184792 0.305787 0.354123 0.31579 0.320467 -0.152928 -0.688979 -0.0584864 0.630378 -0.415473 -1.75211 -0.181012 1.43391 1.01717 0.418845 -0.232706 -1.23985 -1.0349 1.39174 1.59033 -0.872883 -1.57591 -0.567285 -0.567285 
0.347692 0.347692 0.615823 0.284025 -0.18083 -0.182525 -0.936607 -1.30916 -0.490646 1.04172 2.36147 0.216806 -1.67618 -1.09032 0.650539 1.79166 0.285502 -0.257091 0.426911 -0.0134809 -0.837779 -0.527801 0.592107 -0.851314 -2.48351 0.443229 2.80373 0.600527 -1.38725 -0.836257 0.496728 1.13354 0.0514159 -0.820018 0.461392 -0.0736613 -0.81659 -0.20071 -0.467674 0.010097 0.238405 0.238405 
0.677596 0.677596 0.0823445 -1.1905 0.793371 1.12979 -0.925923 -0.56578 -0.874979 -0.259269 2.00101 -0.279351 -1.99764 0.214491 0.527647 -0.450001 -0.236685 -0.166428 -0.426365 -0.27544 -0.0883073 0.406061 0.435833 -0.0374301 -0.0885159 0.248268 0.887636 0.0968491 -0.923753 -0.812528 -0.859629 0.541393 1.43932 -1.25231 -0.986203 2.02942 0.475891 -2.3723 -1.51877 1.33035 1.29661 1.29661 
1.00914 1.00914 0.319662 -0.778001 0.319367 0.633913 -0.17988 -0.164296 1.05035 -0.0736575 -2.35566 0.313119 2.24402 -0.496022 -1.71158 -1.40516 0.536679 1.14079 -0.490294 -0.214665 0.648329 1.00577 0.269132 -0.222025 0.922311 0.078047 -1.96248 -0.830347 0.631773 0.331105 -0.123574 -0.177679 0.901912 0.330177 -1.65143 -0.517693 1.75332 1.08203 -1.03281 -1.3512 -0.395808 -0.395808 
-0.175215 -0.175215 -0.566544 -0.932078 0.627584 1.54153 -0.187965 -0.438408 -1.22073 -1.22243 0.902318 0.455054 -1.17193 -1.35676 0.955418 1.7673 0.107488 -0.0538027 0.0697313 -0.67525 -0.845016 -1.00513 -0.235806 1.26616 0.804087 0.988291 1.12598 -0.174171 -0.711236 -1.29134 -1.93159 -0.482453 1.56109 1.06341 -0.495032 -1.08842 -0.121897 -0.538582 -0.644169 1.7513 1.37722 1.37722 
0.730031 0.730031 1.28091 -0.0603637 -0.346184 0.0883216 -1.57446 -1.73788 0.375026 1.70847 1.39616 -0.54496 -1.97343 -0.0877977 2.17296 0.773233 -1.41807 -0.9832 0.560404 0.972205 0.424858 -0.360135 -0.627487 -0.405508 -0.471033 -0.30157 0.0867442 0.0769032 -0.15215 -0.782598 -0.131199 1.13852 0.660734 0.245698 -0.191503 -0.841803 -1.08971 0.495293 2.34867 0.0775409 -1.13084 -1.13084 
