53
-0.47195 -0.614409 -0.638269 -0.544458 -0.540829 -0.377591 -0.286091 -0.094136 0.0981132 0.630822 1.12665 1.32889 1.58955 1.56222 1.3009 1.13513 0.92379 0.742558 0.877127 0.658487 0.417713 0.401379 0.732994 0.91691 1.16644 1.16111 1.35203 1.10188 1.05412 1.00959 0.930833 0.623027 0.313089 0.0652843 0.10499 -0.334708 -0.473486 -0.519943 -0.689435 -1.05232 -1.12398 -0.88048 -1.08446 -1.10257 -1.07514 -1.12083 -1.1088 -1.24096 -1.25375 -1.15209 -1.58438 -1.70186 -2.2587 
1.63297 1.74644 1.78605 1.82774 2.07388 2.02664 1.91239 1.84125 1.78711 1.70598 1.4404 1.13567 0.588786 0.238824 0.110225 -0.0790203 -0.0946514 -0.203285 -0.372867 -0.362096 -0.559007 -0.513652 -0.275256 -0.327183 -0.396944 -0.371885 -0.601042 -0.446203 -0.462151 -0.393701 -0.439771 -0.504323 -0.626233 -0.697017 -0.760875 -0.815545 -0.800978 -0.831229 -0.769468 -0.746061 -0.605076 -0.993547 -0.710734 -0.691141 -0.752126 -0.760712 -0.791263 -0.809951 -0.75898 -0.916302 -0.591473 -0.507916 -0.514698 
-1.28875 -1.10212 -0.937266 -0.980978 -1.17136 -1.23339 -1.08787 -1.15484 -1.43902 -1.82163 -1.61011 -1.42503 -1.36724 -1.21277 -1.0986 -0.609355 -0.508097 -0.371541 -0.0224744 0.228858 0.65199 0.496763 0.00793369 -0.120828 -0.333434 -0.293766 -0.20812 -0.417782 -0.458882 -0.47502 -0.243925 -0.0784192 -0.0220526 0.350217 0.67549 0.886527 0.896646 1.03148 1.18916 1.37179 1.05508 1.14596 0.999762 0.969191 1.21232 1.15796 1.15546 1.15479 1.37999 1.27521 1.39431 1.47102 0.936765 
-1.80328 -1.7788 -2.15966 -2.27514 -2.15353 -2.07058 -1.83735 -1.48784 -1.14009 -0.577695 -0.226112 0.265749 1.0056 1.26962 1.4461 1.43582 1.40978 1.51075 1.11086 0.920754 1.06886 0.724735 0.00149082 -0.071615 -0.189039 -0.29263 0.0550741 -0.095169 -0.537555 -0.536871 -0.429608 -0.242622 -0.00377561 0.267038 0.365535 0.559966 0.539814 0.308138 0.559126 0.575565 0.45289 0.804689 0.357477 0.494056 0.320024 0.339965 0.27475 0.244456 0.286173 0.541269 0.0644137 -0.118585 0.447001 
1.99287 1.67697 1.73908 2.03546 1.796 1.53439 1.30747 1.04897 1.43248 1.18637 0.493116 0.36186 0.47085 0.473267 0.0518796 -0.359298 -0.585673 -0.479904 -0.214183 -0.27942 -0.283045 -0.118783 -0.00545627 0.348886 0.469036 0.465686 0.389638 0.368749 0.315793 0.654599 0.603323 0.3816 0.242329 -0.0937023 -0.42412 -0.420908 -0.908073 -0.929731 -1.08514 -1.27853 -0.793785 -0.660824 -0.989652 -1.61058 -1.10087 -1.13527 -1.75714 -1.45843 -1.50329 -0.956724 -0.458482 -1.02507 -0.924564 
0.513618 0.505898 1.33687 1.1715 1.36081 1.14045 0.910971 0.886597 0.787291 1.37872 1.89713 0.901695 -0.404174 -1.098 -1.47192 -2.06552 -1.8711 -1.69239 -1.91015 -1.80141 -1.54686 -1.03779 -0.0622924 0.149031 0.623661 0.692442 1.04793 0.836418 1.13632 1.20551 0.94204 0.649418 0.767182 -0.18284 -0.384731 -1.01623 -0.870966 -0.551529 -0.595847 -0.8062 -0.453386 -0.344394 -0.0615185 -0.469754 -0.554049 -0.356065 0.0947515 -0.160028 -0.251308 0.0580791 0.498063 0.238211 0.289833 
-0.366171 -0.164144 -1.11448 -0.770729 -0.922192 -0.167338 0.276655 -0.0265369 -0.585948 -1.6907 -3.02783 -3.0628 -2.63137 -1.74823 -0.52241 0.0981709 0.180832 -0.00139724 0.458237 0.451541 -0.346894 0.0818349 0.643611 0.309897 0.710472 1.21986 0.372951 1.34136 1.66271 1.34083 1.02656 0.281529 0.667306 0.827648 0.0393657 0.865043 0.963266 0.646503 0.0650977 0.206056 -0.0243891 -0.321453 0.66635 0.440353 0.215934 0.343637 0.722519 0.820938 0.582573 -0.168428 0.180354 -0.512974 -0.533591 
0.401038 -0.109679 0.575003 1.07617 1.0914 0.688443 0.513869 0.343208 -0.362247 -1.34178 -1.68373 -0.886274 -0.359159 0.381898 0.722242 1.1325 0.904404 0.317577 0.186443 0.628412 1.09124 0.406947 -0.287146 -0.41566 -1.10623 -1.01816 -1.0024 -1.76524 -1.34082 -1.83675 -2.03565 -1.34799 -1.92934 -1.07048 -0.185011 0.0375326 0.760438 0.476595 0.906125 1.34203 0.530103 -0.0884504 0.66476 2.11677 1.17505 0.826208 1.4626 0.474876 -0.343273 -0.669176 -1.06349 0.555059 0.45919 
-1.65589 -1.41518 -1.33611 -1.97399 -2.24091 -2.15313 -2.20463 -2.05837 -1.40324 -0.422523 0.569553 1.08875 1.76814 1.29884 0.927312 0.888895 1.0062 1.40373 1.25543 0.786306 0.654056 0.472642 0.137324 0.429033 -0.0629164 -0.505813 -0.618718 -0.200362 -0.12733 -0.230161 -0.379353 -0.0445672 0.0396268 0.556437 0.429581 -0.133459 0.34799 0.0359718 0.105444 -0.166513 0.722041 0.269541 0.73604 0.968964 0.98147 0.970989 0.493502 0.252164 -0.0107821 -0.0412665 -0.794134 0.250935 0.332436 
2.43949 2.23904 0.761065 0.396317 -0.862337 -1.45388 -1.07312 -0.877244 -0.878647 -0.574983 -1.76596 -1.12341 -0.582096 -0.0151269 -0.560061 -1.01433 -0.678475 -0.38821 -0.191768 -0.301707 0.545581 0.396206 0.337272 0.296776 -0.141522 -0.769062 -1.08309 -1.04113 0.0345815 -0.768239 -0.14791 0.0773562 0.46985 0.575821 1.17703 -1.35126 0.335723 0.146888 -0.227627 0.309211 2.18873 2.91192 -0.232688 -0.234264 1.43179 0.435143 0.192509 0.678214 0.841071 0.615675 -0.724523 -1.22313 0.452531 
-0.198545 -0.39843 -0.457486 -0.103851 -0.26576 -0.612381 -0.439633 -0.50073 -0.522895 -0.740641 -1.43184 -3.46082 -2.88069 -1.60482 -0.433721 -0.0900213 0.347014 0.626058 0.0259102 -0.334959 -0.0529684 -0.109945 0.339647 -0.718685 -0.149264 -0.331875 -0.0932835 -0.0195125 -0.0580588 -0.111235 -0.366342 -0.604162 0.587865 -0.604829 0.0935145 1.30247 0.959443 1.37331 -0.00259491 0.751296 0.173467 1.71993 1.36077 0.125647 0.945749 1.98381 1.45935 1.8562 0.871766 0.533358 0.602523 -0.576291 0.237168 
-2.02124 -2.2205 -1.39966 -1.59315 -1.45405 -0.988432 -0.842078 -0.797031 -0.894689 -0.757718 -1.18833 -1.14269 -1.44411 -1.3985 -1.08159 -0.364296 -0.44621 -0.369265 -0.347937 0.300383 0.22254 0.692852 0.333431 -0.000835577 -0.26672 -0.425887 -0.760529 -0.212927 0.0281033 -0.114651 -0.0547675 0.380045 0.903517 0.79699 0.404899 1.40982 1.06784 1.46087 1.18034 0.987459 0.418128 0.490037 1.02372 0.768415 0.670562 1.0832 1.25309 1.19733 1.06976 1.15711 0.849601 0.839821 1.59794 
-0.468038 0.61777 -0.0910347 0.422803 0.952432 0.989258 1.16753 0.419596 0.400727 -0.574908 -0.174547 1.04066 2.24381 2.29538 1.67415 1.28916 1.36929 1.54467 1.07906 1.05316 0.794528 0.700226 -0.0378674 0.165024 -0.0280837 0.287553 0.506553 0.189217 -0.117404 -0.0142514 0.0864777 -0.0545704 0.0757652 -0.706058 -0.77523 -0.735713 -0.793493 -0.809947 0.260732 -0.694145 -1.36238 -1.43977 -0.525453 -0.950837 -1.77366 -1.32945 -0.981977 -1.08957 -1.42258 -0.989924 -1.42619 -1.33618 -0.92226 
-0.254048 -0.254048 0.369723 0.442293 0.625584 0.85757 0.933385 1.19937 2.09898 2.90044 2.028 1.40714 0.801045 -0.577021 -0.942492 -0.810541 -0.851375 0.0618514 -0.0369081 -1.02784 -0.493736 1.01741 1.54608 1.32938 0.829742 0.674999 0.0286747 -0.601442 -0.0586052 -0.140451 -0.835497 -1.44584 -1.28743 -0.364349 -0.870959 -1.34217 -0.303986 -0.385074 -1.22047 -0.962186 0.638718 0.28939 -0.401289 0.209634 0.136852 0.0961875 -0.132123 -0.197626 0.419686 -0.687837 -1.26639 -1.59521 -1.59521 
0.932488 0.932488 0.643718 1.47457 1.11682 -0.332984 -0.429122 -0.187314 -0.227505 -1.07804 -1.97755 -3.10921 -3.29118 -1.60848 -0.96195 -0.507503 -0.183217 -0.802532 -0.322187 -0.432128 -0.293004 1.45815 1.0668 -0.17285 0.136849 -0.50437 0.0177111 0.875409 0.527879 0.406705 -0.128333 -0.433425 -0.458496 -0.224959 -0.160138 0.155347 0.253582 0.443436 0.659294 0.977995 -0.678916 -0.108366 1.5332 0.150167 0.0368078 0.159234 0.118595 0.446544 -0.111152 0.990529 1.95954 0.625528 0.625528 
0.772012 0.772012 0.095716 -0.947272 -1.00104 -0.0148219 -0.0293419 -1.29092 -2.21768 -0.762291 0.90448 0.453132 0.363261 0.52877 1.51168 1.47378 0.438275 1.16585 1.50283 1.72029 0.526622 -2.15092 -2.07322 -1.26222 -0.767705 0.107969 -0.624071 -0.996197 -0.428008 0.371164 0.904478 0.39147 0.998535 1.78805 1.31467 0.389365 0.165642 0.598865 0.739186 -0.653614 -0.922977 -0.422365 -0.778965 0.364126 0.294285 -0.426889 -0.269272 0.399247 0.093603 -0.217908 0.314954 -1.60331 -1.60331 
-0.924494 -0.924494 -1.22495 -0.146293 0.279666 0.519293 1.09154 1.33736 1.79436 1.80261 1.65118 2.48469 1.99559 0.786169 0.197314 -0.237409 0.0014212 -0.801163 -1.42602 -0.24962 -0.580253 -2.45079 -1.86899 -0.568467 -0.633911 0.364589 0.264441 -1.43166 -1.10766 0.0722775 0.472218 0.75469 0.934644 0.633352 0.469381 0.214675 -0.700058 -0.117995 0.414638 -0.387511 0.332411 -0.364277 -0.826294 -0.239856 -0.490244 -0.256643 -0.364482 -0.134931 0.47772 -0.635508 -1.57597 0.661855 0.661855 
-0.310485 -0.310485 1.10632 0.408489 -0.882704 -0.853671 -0.846476 0.566046 0.594712 -1.89693 -1.63115 0.225257 0.534578 -0.692727 -1.64979 -1.19853 -0.00230302 1.13641 0.740703 0.117432 0.648497 0.919126 1.35897 1.37476 0.547057 0.0930518 0.0524682 0.105901 0.93824 0.942129 -0.354943 -0.558568 -0.823079 -1.2654 -0.480381 -0.843096 -0.900645 -0.132953 -0.530353 0.950977 1.70617 -0.176458 -1.92098 0.0194072 1.37665 -1.24184 -0.47101 0.864197 1.43774 2.69449 0.118638 -0.801741 -0.801741 
1.14877 1.14877 0.928154 0.0302303 -0.0467078 -0.632748 -0.358498 -0.176335 0.685395 1.54981 -0.670792 -3.22362 -2.80155 -1.49742 -1.35718 -0.561864 0.518878 -0.0579073 -0.155812 0.50511 1.06531 2.07419 1.65753 0.956634 0.757166 0.59045 0.198212 0.120426 0.513233 -0.275136 -0.781439 -0.247951 -1.16789 -1.6152 -1.16948 -0.683681 0.647023 0.381729 -0.359638 0.196092 0.642971 0.545102 -0.178686 -0.692491 0.15583 0.904644 0.271064 -0.487524 0.301949 1.04538 0.248807 -0.294652 -0.294652 
-0.82959 -0.82959 -0.664225 0.267922 0.747614 1.44241 0.20785 -0.962955 -1.89824 -2.80571 -1.55746 0.506168 1.57745 2.50436 2.198 0.864123 -0.0726213 0.367243 0.572061 -0.895895 -0.387827 1.19931 0.309669 0.121573 1.10534 -0.350272 0.185329 1.54849 0.0429347 -0.698723 -1.19247 -0.375627 0.680788 -0.689143 0.0871914 1.1216 -0.211441 -1.00445 -0.470371 -0.060858 -0.571957 0.849535 0.932459 -0.482002 -0.0692938 0.634658 0.600489 -0.119735 -1.11087 -0.425764 -0.358469 -0.789496 -0.789496 
0.135368 0.135368 1.20289 0.496626 -0.457212 -0.657445 -0.412378 -0.972449 -1.82579 -1.4423 0.432386 1.34923 1.28974 1.0927 0.743711 0.144016 -0.907892 -0.805598 0.279764 0.906386 -0.281804 -1.50234 -0.915997 -0.912283 -0.683789 0.0613837 -0.836322 -0.405189 -0.123604 -0.781199 0.467472 0.0639973 0.244612 1.79207 1.12077 0.94927 0.415041 0.105536 0.864858 -0.444859 -1.55729 0.0938997 2.27831 0.490179 -1.40968 0.255206 -0.418811 -1.95333 -1.25512 -0.807983 1.24338 1.55824 1.55824 
0.339169 0.339169 -0.993859 -1.51881 -0.417819 -0.0909722 -0.00224844 1.06987 2.33592 2.84714 2.14691 1.6725 0.172742 -1.42174 -0.768002 -0.0263367 0.635095 0.23213 -1.08278 -1.05844 -0.621917 -0.930017 -0.212184 -0.449828 -1.56439 -0.989293 0.317418 0.599524 -0.191231 -0.528395 0.135567 0.489666 0.765836 0.445628 -1.19274 -0.269812 0.111044 -0.514016 -0.453234 0.789495 0.515571 -0.124781 0.915161 0.226351 -0.142948 -0.886374 -1.23664 -0.911131 -0.591219 -1.33454 0.297314 1.56324 1.56324 
-1.29435 -1.29435 -1.43014 -1.24888 -1.43632 -0.0814113 0.569351 0.25351 0.342595 -0.640536 -0.360459 1.0712 1.00873 0.111 -0.733008 -0.00507519 0.610249 0.495031 0.164281 0.702176 0.669583 -0.0793694 0.0106148 -0.302914 -0.788079 -0.685379 -0.132067 1.0165 0.318325 -0.0580324 0.791637 0.603341 0.504748 0.677242 -1.49986 -0.602514 1.33094 -0.372795 0.226942 2.08981 2.24382 -1.90841 -2.5074 1.46841 0.646025 -0.931426 0.293676 0.628797 0.0411031 -1.20111 -1.4269 1.06557 1.06557 
-0.269157 -0.269157 0.321985 0.212141 -0.53571 -0.178307 0.126624 -0.0815372 -0.248834 -0.963341 -2.89768 -1.53994 1.98952 2.62066 1.62515 0.841184 0.772134 -0.335545 -1.01895 -0.0768559 0.247691 0.426685 -0.64273 -0.514758 0.420485 0.0671696 0.340977 0.0450029 -0.0905729 -0.321853 -0.519046 1.02645 0.00667077 -0.520567 2.04432 0.932168 0.0830388 -1.02004 -0.656907 0.195412 1.04185 1.27539 -1.69526 -0.43585 1.99184 0.55589 -0.128893 -0.620133 -1.40537 -0.280159 -1.17769 -0.382804 -0.382804 
1.00359 1.00359 1.01592 -0.440721 0.967545 0.983057 0.0844509 -0.436912 -0.240505 -0.951903 -1.14705 -0.871006 -0.871057 0.450061 1.8852 1.03307 -0.335121 -0.11453 1.10629 0.894395 0.514058 -0.0875688 -1.80665 -1.6068 -1.23268 -1.37959 0.130514 1.36051 -0.114523 -0.501566 0.732479 1.72299 0.566355 -1.38986 0.984877 1.09195 -0.215413 -0.0841305 -1.33601 -1.95306 -1.38731 0.969414 0.270288 -1.07906 0.34807 0.920149 -0.0806489 -0.716224 -0.410428 -0.794889 -1.00243 1.27441 1.27441 
0.558881 0.558881 -0.228819 1.47671 0.819787 0.335904 -0.744835 -1.01632 -1.32991 -0.752565 2.26458 3.37016 1.76764 -0.744826 -1.34604 -0.380167 0.391561 -0.360007 -0.637214 -0.352163 -0.446361 -1.10666 -0.697379 0.0531578 0.208427 0.775967 -0.0957416 -0.819608 -0.240525 0.320463 -0.0158419 0.0249311 -0.857523 -1.13228 -0.00115487 0.0145335 -0.0625491 1.49153 0.199162 -2.19561 -0.987165 1.19228 0.713026 -1.67931 -0.481729 1.12997 0.370045 -0.567098 0.176908 0.0347089 -0.437162 0.733682 0.733682 
0.685134 0.685134 0.759475 0.308248 0.471553 0.361455 0.396285 1.24018 1.78872 -0.0265736 -1.48359 -1.21074 -1.98643 -1.73993 -0.193074 0.139484 0.939822 0.880483 -1.07013 -0.42183 2.14129 2.13573 0.365731 -0.687671 -0.624206 -0.774469 -1.26144 -0.0432654 0.518383 -0.749703 -1.29109 -0.416818 1.15402 0.472778 -0.955532 0.626951 1.02659 -0.8927 -0.545049 1.95069 1.32826 -1.01924 -0.0355576 0.597415 -0.0700709 -0.229393 -0.254838 0.611416 -0.456028 -1.68107 -0.883368 -0.290704 -0.290704 
-0.233411 -0.233411 0.553105 0.487808 -1.67115 -1.4235 0.177847 0.230808 -0.803249 -1.61671 -1.88283 -1.20358 1.4606 2.24489 1.08218 0.777128 -0.239336 -0.0916045 0.390589 0.067576 1.82936 1.3272 -1.50402 -0.840382 -0.27388 -0.0728301 1.3461 0.522895 -0.403743 -0.581246 -0.75535 -0.272595 0.237292 0.322388 0.399962 0.431592 0.312666 0.424013 0.545984 -1.22685 -0.988441 2.13402 0.284687 -1.37659 0.0485335 0.117373 0.311928 -0.177537 0.554907 2.00014 -0.305574 -1.22287 -1.22287 
-0.422227 -0.422227 -1.24122 -0.752384 0.841018 0.871833 -0.893214 -1.60954 0.523925 2.56045 1.06322 -0.316159 0.168219 1.01061 0.850877 -0.734054 -0.132972 0.944753 0.544194 -0.657729 -2.93099 -1.93266 0.806665 1.13396 1.18474 0.221612 -0.758205 0.26278 1.18252 1.15514 0.12477 0.182681 1.20547 0.357063 -0.989474 -0.79343 0.273331 0.559192 -0.874666 -1.19636 0.29041 0.221908 0.726405 0.951579 -0.512308 -0.3337 0.757536 0.393767 -0.375787 0.282637 -0.979042 -1.39746 -1.39746 
-0.364611 -0.364611 0.626372 1.29374 0.522909 0.657311 0.662994 0.557117 0.338859 -0.220122 0.538063 0.227829 -1.64905 -1.74069 -1.02896 -0.268552 -0.606515 -1.4 0.418136 0.688445 -2.11084 -1.27258 1.64075 1.04612 0.76864 0.736757 -1.73884 -1.34916 1.29312 1.36289 0.538368 0.336261 -0.200056 -0.516028 -0.473229 -1.16297 -0.394212 0.935517 -0.336191 -0.164124 -0.0672346 -1.15311 0.0257289 0.220157 -0.104003 0.02696 0.0232394 0.685171 -0.548473 -1.97536 1.10334 1.96737 1.96737 
0.920571 0.920571 0.470071 -1.27814 -0.808895 0.0293089 0.922451 0.936313 -1.58411 -1.43103 1.37595 1.40405 -0.586704 -1.40425 -0.320612 1.06949 1.5133 0.485585 -0.651907 -0.053605 0.523472 0.464586 0.300069 -0.518231 -0.821518 -0.313372 0.014216 0.577751 0.545767 -0.828923 -0.962888 -0.296295 -0.450388 0.227157 0.278546 -0.26539 0.464369 0.244972 0.705676 1.44976 -0.72192 -2.33567 0.132366 2.13478 -0.808304 -1.18688 1.36552 1.23816 1.18751 -0.845655 -2.25115 -0.588251 -0.588251 
-0.125069 -0.125069 -0.865208 -0.746777 -0.489698 -0.200221 0.432992 0.917239 1.4796 -1.06109 -3.87786 -1.69956 1.47965 1.24735 0.82794 1.60317 0.472182 -0.499352 0.520863 1.06332 1.35014 0.544938 -0.864395 -0.685372 -0.245057 -0.403953 -0.330651 0.316446 -0.269272 -1.01039 0.0791885 -0.261763 -1.07022 0.0554739 0.824615 1.55408 0.934975 -0.772988 -0.0962362 0.883209 0.344463 -0.620494 -0.96334 0.332516 1.37326 0.151765 -1.09075 0.0822388 1.32032 0.0129767 -1.04778 -0.39118 -0.39118 
0.123042 0.123042 0.802246 1.03128 0.858335 -0.390746 -1.75011 -1.53204 -1.34016 0.250854 2.41573 2.28678 1.45852 0.45471 -1.1926 -1.65192 -0.359499 0.472294 -0.917829 -0.696867 1.52921 0.510776 -0.782739 0.582309 -0.341257 -0.667809 1.38607 -0.101205 -1.63487 -0.897621 0.237972 1.36749 -0.225891 -0.429971 1.32193 -0.215047 -1.54658 -0.186118 0.690096 -0.0714701 0.665903 1.09873 -0.967667 -0.727372 0.816197 0.490583 -0.547134 -1.24442 -0.220436 0.55078 -0.262481 -0.311515 -0.311515 
0.705301 0.705301 0.200992 -1.24236 -0.881027 -0.0249505 -0.281892 -1.06621 -0.392461 1.55548 1.93633 0.555226 -0.240144 -0.446853 -0.734369 -1.23629 -0.735035 0.79108 1.16548 -0.457951 -1.77691 -0.509809 0.364363 0.108844 0.638281 -0.16588 -0.39012 0.451951 -0.325454 0.365093 0.546547 -0.216097 1.17696 0.568657 -0.658765 -0.56089 -0.659431 0.264228 -0.449973 -1.7865 0.327736 2.68184 0.225999 -2.69037 -0.224746 0.650567 -1.63397 -0.654126 0.760868 1.72709 1.63264 0.167861 0.167861 
-1.09466 -1.09466 -1.51169 0.421923 1.0986 0.294445 0.886493 1.82178 1.3762 -0.185843 -0.968834 -1.60399 -2.49379 -0.783026 1.07284 1.07895 0.16964 -1.40039 -1.06093 0.33043 0.0663343 0.289807 0.345778 -1.10989 -0.464246 1.45924 1.22648 -0.439765 -0.93172 0.223923 0.773069 0.465004 -0.0706732 -1.59161 -0.604042 1.00005 -0.229687 -0.483958 0.999834 0.73394 -0.762 0.28175 0.243254 -0.876262 -0.91965 -0.904527 -0.0553557 0.477037 -0.372048 0.670172 2.26633 0.969973 0.969973 
-0.163545 -0.163545 -0.0534704 -0.084833 0.627896 1.13691 0.122307 -0.218788 -0.624018 -0.508032 0.958417 0.750397 -0.664192 -1.1388 -0.151573 0.734647 0.22262 -0.35191 0.044711 0.225776 -0.555699 -0.48126 -0.216837 -0.566113 -0.313346 0.317298 0.952429 0.19243 -0.733623 0.206348 0.320554 -0.255305 -0.0362054 -1.29844 -0.858251 1.638 0.0584196 -0.751519 1.4144 1.14372 -2.50911 -2.96639 1.96959 1.83392 -1.53845 -0.295057 0.866405 -0.234466 -1.19234 -0.972569 1.29542 1.43254 1.43254 
0.368143 0.368143 0.297109 -0.568795 -0.266635 0.414182 0.0484411 -0.256941 -0.584386 -1.7271 -0.387012 3.14633 2.67645 -0.249777 -1.1649 -0.565766 -0.775109 -1.1724 0.153151 0.804978 0.311493 -0.589959 -0.622953 0.673425 0.362184 -0.0655549 -0.0284732 -0.293214 -0.251378 -0.291225 0.857784 0.325834 -1.01457 1.30357 0.925321 -1.28246 -1.2766 -0.492649 0.771875 1.08442 0.684266 -1.78418 -1.12077 2.37025 0.627203 -1.38558 -0.774652 -0.839617 0.205717 0.133104 -0.080517 0.499898 0.499898 
-0.0274926 -0.0274926 -1.00233 -0.0681182 0.917103 -0.626747 -0.986045 -0.253218 -0.380398 -0.642441 0.0183944 0.14896 0.848365 1.80885 0.354428 -1.52167 -0.803765 0.928901 0.639467 -0.432088 -0.692914 -1.58886 -1.05248 0.348381 0.116315 0.876557 1.79804 -0.199734 -1.28192 0.531101 1.45302 -0.146922 -2.11899 0.244346 1.62518 -0.839027 -0.822828 -0.785693 -1.28651 -0.0700744 1.92009 1.07358 -1.40667 0.0163093 1.3022 -0.322661 -1.13087 -0.256447 -0.0883914 -0.431938 1.34911 1.48801 1.48801 
-0.491094 -0.491094 0.553884 0.63401 -0.707443 -0.967114 -0.836981 -0.366948 0.153135 2.19388 2.51752 -0.312946 -2.52972 -1.91622 0.214955 1.05616 0.00388105 -0.638802 -0.00366425 0.108465 -0.470753 -0.16227 0.702151 0.546516 0.434394 -0.194835 -0.98608 -0.0971799 0.69005 0.129193 -0.189543 -0.524169 -0.717493 0.516226 0.694181 -0.0460871 0.896483 0.15188 -2.26758 -0.735334 2.06729 1.03324 -1.76789 -0.740497 1.71277 0.513412 -1.04826 -0.126806 0.360256 -0.384712 0.41979 0.708906 0.708906 
