40
-0.161996 -0.190037 -0.443615 -0.304189 -0.385431 -0.293561 -0.190722 0.0829051 0.206093 0.417891 0.256919 0.214152 0.238392 0.358209 0.539971 0.522189 0.913026 1.44279 1.54728 1.62487 1.95039 1.52485 1.1471 0.851719 0.452364 0.189853 0.215824 0.168706 0.094263 -0.283622 -0.24698 -0.534582 -0.413881 -0.834351 -1.38675 -1.53668 -1.8676 -2.0567 -2.24576 -1.5833 
0.745111 0.983777 0.903837 0.930362 1.0987 1.16462 1.19383 1.27079 1.18824 1.12639 1.25485 1.20178 1.12907 1.06052 0.928216 0.856649 0.74711 0.526379 0.392583 0.185385 -0.256786 -0.380438 -0.541383 -0.671917 -0.901433 -0.940859 -1.066 -1.11302 -1.19942 -1.20875 -1.1433 -1.24196 -1.25579 -1.24756 -0.94956 -1.02977 -0.967489 -0.876485 -0.727466 -1.16883 
-0.617995 -0.61774 -0.475917 -0.325479 -0.515147 -0.528495 -0.376836 -0.691174 -0.419938 -0.606564 -0.914522 -1.02846 -1.06288 -1.21726 -1.25408 -1.42782 -1.584 -1.34332 -1.03705 -1.01384 -0.644585 -0.428912 -0.153659 0.251499 0.68195 0.905005 0.990704 1.02601 1.33386 1.21538 1.23396 1.46161 1.10721 1.24133 1.4605 1.06632 1.03328 0.985996 1.00333 1.28772 
-1.32574 -1.55612 -1.47007 -1.25333 -1.29629 -1.36255 -1.26968 -1.04365 -1.25604 -1.12882 -0.940843 -0.899663 -0.910603 -0.757675 -0.654562 -0.320378 -0.0208353 0.497792 0.664944 1.01354 0.916324 0.868932 0.9938 1.00062 1.3149 1.04574 0.81713 1.06477 1.54155 1.36561 1.06934 0.890507 0.99999 0.731574 0.646794 0.099887 0.302307 -0.331472 -0.248718 0.200969 
0.151071 -0.00570529 0.603544 -0.094638 0.042763 -0.0311263 -0.385232 -0.684708 -0.426357 -0.200655 -0.196953 0.508509 0.698671 0.911231 1.80843 2.03074 0.942802 -0.0419831 0.310854 0.60884 1.92635 2.1418 1.0162 0.700184 0.368805 -0.867909 -1.48888 -1.36788 -1.76906 -1.39886 -2.01265 -1.10209 -0.469885 -0.333267 0.447627 -0.9378 -0.8122 -0.240179 -0.0118794 -0.338544 
0.826075 0.411908 0.980143 0.556125 0.562728 0.528712 0.450591 0.557259 0.390754 0.226328 0.314626 0.0514911 -0.0413093 -0.0070718 -0.502629 -0.428426 0.0847114 0.483237 -0.230393 -0.975151 -2.11771 -2.63332 -2.54905 -1.72185 -0.995656 -0.653242 -0.352855 -0.605569 -0.91197 -0.492226 -0.054195 0.267669 0.794389 1.12545 0.459345 1.07345 1.29081 1.29477 1.32571 1.21635 
-0.566694 0.234158 0.928239 0.407116 -0.156368 -0.0155521 0.382427 -0.264671 -0.0602124 0.216765 0.0366195 0.478517 0.124471 -0.049124 0.280961 -0.00121663 -0.424961 -1.96899 -1.85396 -2.47523 -1.71991 -0.899039 -0.931204 -0.748557 -0.752322 1.39191 2.68202 1.69714 0.422505 0.469582 0.498522 -0.300066 1.02269 0.354095 -0.319912 1.56343 -0.367547 -0.517161 0.547187 0.654344 
-1.04963 -0.979266 -0.506536 0.0185313 0.497722 -0.0949939 0.27373 -0.0963359 0.381578 0.171404 0.342668 -0.058064 1.18703 1.32615 0.599075 -0.220825 -1.30891 -2.40958 -2.20487 -0.732035 -0.551253 0.325842 1.73647 1.51521 -0.10448 -0.478563 -0.867635 -0.787882 0.528327 -0.478469 -0.671571 -1.03446 -0.982396 0.953631 0.984907 1.76908 0.223396 0.142962 0.745408 1.89462 
-1.44766 -0.97741 -1.25707 -1.19044 -1.00652 -0.963833 -1.06021 -0.89925 -1.16698 -0.979696 -1.12164 -1.05572 -1.0009 -1.21086 -1.01987 -0.909792 -0.659711 0.0669723 0.319313 0.207383 0.554578 0.161416 -0.106829 -0.100773 0.428119 0.804271 1.01125 1.24134 1.17786 1.53581 1.39665 1.4263 0.864773 0.761753 0.83072 0.944801 1.02221 1.4021 1.21804 0.75952 
0.908949 1.2635 -0.1229 0.0287486 -0.842801 -1.20187 -1.20102 -1.69197 -1.50178 -1.57766 -0.714448 -0.375269 -0.476367 0.368964 -0.165251 0.183385 -0.172286 0.424391 -0.427362 -0.554759 -0.497794 -0.927865 -0.15389 -1.18555 0.0336034 -0.799668 0.159551 0.98348 1.10441 2.48619 0.57973 1.68888 -0.438054 -0.152258 1.82293 1.8916 1.11615 0.527739 -0.42371 0.0323335 
0.480746 0.158297 0.0184742 -0.441371 -0.475763 -0.549061 -0.784647 -0.507086 -0.756644 -0.531121 -0.548918 -0.577246 -0.47726 -0.203536 0.29356 0.662883 0.472961 -1.25937 -1.75309 -2.42072 -2.06927 -0.535112 0.310098 0.177645 -0.113804 -0.108087 -0.733907 -0.331064 0.250616 1.58983 1.6991 1.87714 1.96528 1.19755 1.616 0.744919 0.661682 0.867165 -0.145521 0.278646 
-0.419661 -0.421073 -0.977427 -1.2465 -1.33751 -1.5245 -0.919194 -0.888995 -0.678019 -0.686773 -1.00865 -1.2042 -1.23359 -1.34701 -1.15165 -1.06879 -0.437618 -0.187287 -0.187245 -0.171624 0.491041 0.479699 0.368396 0.779516 0.361114 1.49435 1.45418 1.09833 1.22035 1.03681 1.77862 1.56182 1.50836 1.63473 0.622677 0.200785 -0.133398 0.360459 0.415569 0.363891 
-1.75409 -1.41297 -0.631277 0.339249 0.439133 1.08328 1.25109 1.42522 1.44438 1.23386 0.93462 0.817895 0.272797 0.737583 -0.0463605 -1.62287 -2.2252 -2.17259 -0.546111 0.927707 0.189727 0.515844 0.865748 0.729023 -0.293811 -0.478946 -0.236321 -0.973597 -1.02093 -0.853148 -0.510841 0.2192 0.0686577 0.387743 0.805248 -1.17047 -0.644461 0.200638 1.12603 0.579303 
-0.462459 -0.462459 -0.0742319 0.325284 0.215037 0.641779 1.06313 1.11031 0.966974 0.308225 -0.281915 0.14745 0.524355 0.889528 0.570542 1.05523 2.32456 1.66075 0.612498 1.12489 -0.0414618 -1.6718 -1.37008 -1.42017 -1.34396 -0.357954 0.141376 -0.0914085 -0.858202 -0.600682 -0.391383 -0.196515 -0.504535 -2.06493 -1.43776 -0.924338 -1.01513 -0.686262 1.28785 1.28785 
1.13019 1.13019 0.181382 1.29179 1.46803 0.845779 0.895115 0.395293 -0.225551 0.71818 0.757452 -0.142275 -0.211499 -0.478037 -0.491533 -0.389718 -1.05685 -1.16534 -1.10482 -2.48403 -2.11037 -0.852581 -0.88336 -1.19005 -0.782563 -0.315731 -0.349724 -0.176433 -0.007851 0.671273 0.27175 -0.082839 0.395232 1.78989 1.39435 0.340093 1.10585 1.49379 -0.887235 -0.887235 
0.131002 0.131002 0.590537 -0.423771 -0.92493 0.119474 -0.801505 -0.435619 -0.0448417 -1.81708 -1.59467 -0.757672 -0.881417 -0.888793 -0.948022 -1.31324 -0.0451722 1.36986 0.704424 0.897147 1.48604 1.19842 1.77822 2.2531 1.69589 0.641003 0.0665338 0.74627 0.275704 -0.609399 0.449666 -0.691599 -0.977749 0.777297 -0.839213 -1.61097 -0.549526 -0.395378 0.619498 0.619498 
-0.597929 -0.597929 0.590879 0.247879 -0.504573 -0.143444 0.633723 -0.17791 -0.440659 0.623866 0.395115 -0.133781 0.163339 0.466589 0.948519 1.47079 1.9612 1.60919 1.15711 0.454193 -0.59868 -0.00818747 0.135965 0.639576 -0.0942202 -1.53768 -0.1636 1.71193 0.585711 -1.46972 -1.47742 -0.398567 -0.63676 -1.15328 -1.89374 -1.13012 -1.3611 -1.67927 1.20149 1.20149 
0.495445 0.495445 -0.0927741 -0.605422 0.0728516 -0.461154 -0.706247 -0.0408325 0.529756 0.253087 0.774332 0.976915 0.441392 1.20956 1.22015 -0.936625 -2.24809 -0.682742 0.710946 1.75904 1.66936 -0.985004 -1.56242 -0.699526 -1.69983 -2.01446 -0.539354 -0.300566 -0.0298044 -0.260797 0.326279 1.68001 0.839144 1.00069 -0.652957 -1.36491 0.76179 0.87337 -0.103022 -0.103022 
0.168917 0.168917 0.155001 -0.638386 -0.0874519 -0.207136 -0.00839899 -0.133254 -0.516214 -0.156268 -0.295709 -0.551536 -0.131455 -0.700407 -0.643949 0.780975 1.23913 -0.493857 -2.10891 -2.71483 -2.39113 -0.658056 1.23886 2.14567 1.46084 0.859322 0.0186184 -0.838557 0.111386 1.163 1.02473 1.15002 1.16301 -0.522025 -0.122181 1.12583 0.263911 0.000576148 -0.159499 -0.159499 
1.20379 1.20379 0.0588465 -1.03031 -0.457017 0.375694 -0.306709 -0.474315 0.326016 -0.00708526 0.13575 -0.0148627 -0.547933 0.044584 -0.0494581 -0.70234 -1.79521 -1.32859 -0.529403 0.025153 1.27417 0.592137 0.0393801 0.0639766 1.76288 2.88349 0.173406 -2.04789 -1.15412 -0.0251125 -0.757532 0.363021 0.47561 -1.25376 0.956439 -0.132206 -1.89292 0.701289 0.923675 0.923675 
0.298611 0.298611 0.66658 0.671807 -0.232753 -0.322147 -0.141969 -0.0536074 0.0757838 -0.172371 -0.326579 0.542416 0.979283 -0.616685 -1.39276 -1.68491 -1.91212 -0.865937 1.21666 1.1973 0.715199 1.71045 0.821607 -1.63066 -1.75433 -0.758463 -0.391198 0.988792 0.109508 -1.11189 -0.590815 -0.392417 1.46797 1.45115 0.519014 -0.757132 -1.45681 0.281552 1.27664 1.27664 
0.228289 0.228289 -0.775166 0.377351 0.317832 -0.379016 -0.084983 -0.510995 -0.445543 -0.132813 -0.434547 0.0546265 -0.631241 -0.292716 0.502943 0.649865 2.18281 2.18843 0.103534 0.339353 -0.359823 -1.88989 -0.897379 1.0844 2.00451 1.20419 0.841061 0.168679 0.486538 0.298391 -0.517798 -1.56786 -1.89768 -0.330205 0.209535 0.230533 0.891362 0.241295 -1.84308 -1.84308 
-0.963037 -0.963037 -1.17324 -0.639858 -1.16896 -0.265157 -0.401782 -0.205626 0.224381 0.921633 1.35163 0.352611 0.876984 0.428275 -0.0863008 0.0986707 0.355642 -0.158299 -0.908441 0.0329913 -0.280579 0.462243 -0.161001 0.300202 0.505731 0.236441 1.9533 1.08483 1.66277 -0.437607 -0.720052 -0.948465 -1.80146 2.44834 2.22339 -0.626274 -1.307 -1.48933 -0.407281 -0.407281 
-0.459283 -0.459283 -0.60834 -0.493962 -0.0746087 -0.292877 0.0877578 0.0726004 0.0161457 0.267576 -0.00781877 0.119959 0.447647 0.878459 0.982171 0.236847 -2.04317 -2.37275 -1.21769 -0.300789 2.08786 2.62352 0.815467 -0.417658 -0.26776 -0.630509 -0.199681 1.1103 2.12614 1.61363 0.353915 0.330998 -0.695053 -0.336701 -0.44882 -0.993093 0.174841 -0.833488 -0.596245 -0.596245 
-1.08297 -1.08297 -1.57897 -0.716647 -0.564545 0.725801 1.12827 0.39754 0.325357 -0.662069 -1.00821 -0.466216 -0.314018 0.102463 0.466186 1.27379 1.58413 0.414585 -0.0203523 1.20755 1.15758 -0.276651 0.50621 -0.0628734 1.27528 1.97618 -0.783239 -0.482684 -0.163389 0.985143 0.923511 -0.550192 0.0857425 -1.69064 -2.70662 -1.45046 0.246512 0.967909 -0.0430175 -0.0430175 
0.866644 0.866644 1.4328 0.819512 0.525929 0.587028 0.164248 0.030536 -0.315465 -0.601871 -0.5175 -0.73865 -0.215575 -0.43042 -2.26659 -2.10323 -0.637815 1.36703 2.64542 0.51856 -0.513809 0.464754 0.0484234 -1.18637 -1.22991 -0.0916212 -0.588278 -0.849094 -0.0349883 0.315493 0.821254 0.377931 0.00827196 0.519237 -1.54496 -1.44736 1.08999 1.44924 0.197279 0.197279 
0.223855 0.223855 0.593947 0.132186 0.157406 0.649855 0.298241 -0.224856 -0.878786 -1.29269 -0.284713 0.611109 0.551646 -0.0929938 0.0177158 1.48906 0.42515 -1.72175 -0.632172 -0.741574 -2.7265 -1.36654 0.0973211 -0.111587 0.848204 1.24016 0.111136 -1.06174 -0.607544 0.296659 0.238621 -0.240597 -1.86659 -1.00027 0.920808 0.255729 0.0847629 1.99759 1.69294 1.69294 
-0.747386 -0.747386 0.337891 1.43748 -0.255964 -0.379996 -0.260341 -0.915356 0.495531 1.14071 -0.661034 -0.767074 -0.148214 -0.0937468 0.266271 -0.372576 -0.578121 0.133069 -1.1089 -0.802844 1.77448 1.37919 -0.149879 0.278467 1.03448 0.602995 0.316097 0.514088 1.00847 0.453225 -0.557097 0.300638 2.01031 1.15646 -1.23704 -0.10203 1.30754 -1.76803 -2.14719 -2.14719 
0.379247 0.379247 -0.586663 -1.50152 0.458963 0.0591752 -0.586967 0.662198 -1.37391 -1.53424 0.950499 0.620863 -0.183225 -0.121789 -0.462558 0.80141 2.49671 0.655468 -0.508514 0.685962 0.228536 0.219871 0.945994 -0.136757 -1.59353 -1.60997 0.0418832 0.140829 -1.34934 0.1073 -0.136639 -1.41767 1.34045 0.0735649 -2.33267 0.217503 1.09923 1.05488 0.90809 0.90809 
0.718228 0.718228 0.471159 -0.927167 -0.41997 0.681844 -0.162919 -0.91199 0.439442 0.463931 -0.68384 -0.305045 0.294365 0.427488 0.585256 0.591359 -0.0384001 -0.717291 -0.970062 -1.40282 -0.471154 0.391086 0.328504 -0.3039 -1.70641 -0.188068 2.20266 0.40165 -2.4299 -1.6242 0.633481 0.467447 -0.681725 -1.04352 -0.121412 0.245579 -0.533658 1.70779 1.93698 1.93698 
-0.35312 -0.35312 -0.701796 0.159606 0.14508 -0.482945 0.332837 0.887621 0.246865 0.213305 0.539266 -0.179492 0.20519 0.57663 -1.41277 -2.31196 0.219635 2.05954 1.70773 0.698821 -1.8194 -2.15114 0.241123 -0.0465018 -0.847392 0.836253 1.21266 0.393526 0.0740051 0.289146 1.36699 0.39578 -0.415077 -0.967892 -1.562 1.00919 1.56932 -0.541244 -0.617134 -0.617134 
0.00508499 0.00508499 -0.583487 -0.164454 0.33533 0.0740538 0.0702179 -0.361313 -0.00166461 0.178989 -0.27782 0.13726 -0.0950307 -0.364784 1.11437 1.41236 -0.930323 -2.46832 -1.63222 -0.193959 1.54122 2.70831 2.09534 0.180082 -0.938864 -1.0545 -1.24416 0.0842282 1.50026 0.692973 0.00577708 0.117991 -1.22499 -0.93801 1.23787 0.30183 -0.81936 -0.298697 -0.103343 -0.103343 
-0.724767 -0.724767 -1.43729 -0.313225 0.944055 0.122582 -0.531821 0.438176 0.32991 -0.10022 0.0191629 -0.423012 0.0631407 0.350351 -0.464383 -1.11781 -0.385439 0.852337 0.909864 1.20414 0.395169 -0.783544 -0.321269 1.15176 1.86877 -1.01558 -3.20184 -0.844213 1.34754 0.283699 0.278166 0.830967 -1.03344 0.338807 0.757963 -1.83979 0.56952 1.86686 0.169735 0.169735 
0.192967 0.192967 0.196507 -0.665123 -0.729191 0.00528525 0.125644 0.0912562 -0.136599 -0.328624 0.427798 0.828015 -0.841012 -1.6623 -0.779478 -0.407841 0.498341 2.06231 1.34083 -0.395723 0.291267 0.0158648 -2.31845 -1.80035 0.534383 0.866796 1.12688 0.282844 -1.47856 -0.530374 0.430974 1.33782 1.19209 -0.698722 -1.55141 -1.39402 0.647109 1.79464 0.617591 0.617591 
-0.601791 -0.601791 0.241265 0.931746 -0.421048 -0.162428 0.0356865 -0.131519 0.408864 0.140271 0.269338 -0.0116518 -0.121851 0.961872 0.821717 1.36104 1.25767 -1.38875 -1.22036 -0.206714 -1.49844 -0.260989 2.30789 2.25493 0.21985 -0.718821 -0.625239 -0.127103 0.227111 -0.602435 -1.23292 -0.877145 1.03756 1.67364 0.542402 0.630977 0.1401 -1.86799 -1.39248 -1.39248 
-0.188352 -0.188352 0.198364 -0.0328483 0.235719 0.520277 0.00721211 0.418036 0.781344 0.78134 -0.448507 -0.380085 0.0189087 -0.734358 -0.274922 0.284471 -0.22226 -0.952445 0.102741 0.419268 0.275269 0.0507475 -0.153434 0.447449 -0.0821787 1.01358 0.579156 -0.246596 -1.13976 -1.76356 -0.406336 -0.820001 2.42683 2.88218 -2.26513 -2.59558 -0.66169 0.61637 0.748566 0.748566 
-0.106866 -0.106866 -0.0222261 0.398396 0.152238 0.123587 0.273888 -0.0495566 0.147718 -0.0142975 -0.1058 0.340479 0.564724 0.398982 -0.471355 -2.23531 -1.92766 0.614285 1.53668 2.44953 2.16741 -0.938129 -2.24702 -0.798149 -0.154073 0.0538144 1.29163 1.72454 0.375901 -1.30801 -0.945708 -0.772797 -0.490659 0.185647 -0.482292 0.464944 0.121543 -0.567166 0.178995 0.178995 
-0.380947 -0.380947 0.262762 0.746558 1.06607 1.25297 -0.255735 -0.610059 -0.801676 -1.00619 0.135508 0.507515 0.413818 0.571718 0.863688 0.823835 -0.65208 -1.20842 0.581243 0.868619 -1.11863 -0.496934 0.148889 0.563405 1.51143 -1.54735 -1.8462 0.452016 1.08502 0.800662 -1.1568 -0.636076 -0.86202 -2.09515 0.168599 2.19378 1.79458 -0.226823 -0.765336 -0.765336 
0.426909 0.426909 0.00240959 -0.592675 -0.125885 -0.215312 -0.350154 -0.29701 -0.402699 -0.104809 -0.059641 0.244016 0.24838 -1.38461 -1.12283 1.16242 2.43704 2.30758 -0.55225 -2.15169 -0.00220962 0.424193 -1.10782 -0.849793 0.792783 0.479154 -0.489266 0.418003 0.841124 0.627697 0.0782511 -0.527688 0.13284 -1.04007 -1.32619 1.85886 2.03997 -0.582874 -0.831538 -0.831538 
