23
0.738847 0.396742 0.317893 0.425914 0.575732 0.668812 0.75594 0.863791 0.952072 0.918744 0.832753 0.73274 0.563043 0.364971 0.196087 0.091019 -0.165357 -0.78888 -1.11371 -1.57601 -1.78509 -1.89686 -2.0692 
0.377056 0.731287 1.21597 1.45748 1.47219 1.47582 1.44111 1.07213 0.769191 0.394945 -0.0774754 -0.559463 -0.728402 -1.06013 -1.12422 -0.875644 -1.10473 -1.15828 -0.803796 -0.763945 -0.698589 -0.549942 -0.902571 
-0.705731 -0.879891 -1.01495 -1.13717 -1.30628 -1.27624 -1.17871 -0.975037 -0.974796 -0.703853 -0.383305 -0.0697718 0.357311 0.545427 1.08386 1.0169 1.14256 1.27447 1.33374 0.923909 1.1737 0.977048 0.776818 
-0.15098 -1.1903 -1.28993 -1.12212 -0.75602 -0.336351 -0.246332 0.120045 0.316142 0.429212 0.725503 0.978636 1.068 1.08072 1.35819 1.32446 1.4257 0.723899 0.104735 -0.345333 -0.850652 -1.43645 -1.93078 
-0.780949 1.28138 2.06004 1.36175 0.975049 0.0156841 -0.00950201 0.121888 0.544401 1.03594 0.291576 -0.806244 -1.77511 -1.86809 -1.05651 -1.10981 -1.04521 0.0649897 0.3403 0.0402448 0.187128 0.473687 -0.34263 
-0.315003 -1.13906 -0.872694 -0.322388 -0.230306 1.05166 0.579731 -1.0171 -1.05401 -1.958 -1.50344 -0.776279 -0.406495 0.119799 0.303373 1.23342 0.911817 1.26548 1.74671 1.11291 0.903886 0.15887 0.207124 
0.679613 0.545263 0.835086 0.479378 0.36671 -0.336789 -0.683332 -1.16429 -1.77254 -1.43777 -1.04342 -0.67531 -0.512102 -0.315672 -0.606531 -0.460722 -0.290228 -0.14485 0.215706 1.19808 1.93913 1.84644 1.33815 
-0.846861 -0.856924 -1.28502 -0.868473 -1.3216 -1.10956 -0.890801 -0.413361 0.123651 0.88203 1.29095 1.41214 1.1031 1.03025 0.824492 1.01114 1.50439 1.03632 0.286265 -0.617372 -0.788628 -0.429031 -1.0771 
0.217812 -0.418629 0.788383 -0.398245 0.293187 1.1243 0.903191 0.523858 0.189042 -0.896713 -1.30144 -1.2059 -1.51452 -0.592909 -1.77906 -0.299264 -0.812715 0.308605 1.57867 1.93099 -0.310322 1.15132 0.520355 
-0.819667 0.325316 0.370792 0.267281 -0.10404 -0.972315 -1.51277 -1.31707 -1.38899 -1.56583 -1.31452 -0.263333 0.143912 0.480411 0.249346 0.359294 0.546193 0.852912 0.936913 0.703684 0.518174 1.20197 2.30235 
1.54696 2.15107 1.57011 1.25827 0.557846 0.292823 -0.145571 -0.83338 -1.01918 -0.450523 -0.283673 0.663714 0.848667 0.225445 -0.154012 -0.550926 -0.0967616 -0.483665 -0.446578 -1.37133 -1.77518 -1.17153 -0.332598 
-0.874158 -0.294312 0.0109767 -0.713293 -0.868079 -1.16869 -1.17456 -0.872896 -0.504646 -0.627276 -0.81449 -1.04293 -0.684014 -0.0558437 0.222824 0.849388 1.03012 1.97261 1.15466 2.01359 1.11422 1.03502 0.291779 
-1.86133 -1.88824 -1.59623 -1.37264 -1.28231 -0.810728 -0.149648 0.0552031 0.0418526 -0.305899 0.17792 0.879534 0.944009 1.05133 0.385902 0.29258 0.361684 1.15678 0.945606 0.616928 0.522311 1.35274 0.48264 
-0.478108 -0.478108 0.799183 1.44805 1.40566 1.22777 1.26968 1.27295 0.872338 0.377819 0.188595 -0.0489321 -0.327188 -0.32488 -0.0609722 -0.309243 -1.78042 -1.97466 -1.51718 -1.18872 -0.194045 -0.0897897 -0.0897897 
1.78577 1.78577 1.56759 0.657956 0.197574 0.101928 -0.619266 -1.13842 -1.14861 -1.47663 -1.68516 -1.09778 -0.806962 -0.60402 0.519139 0.19978 -0.38497 0.744521 0.925295 0.365693 0.576265 -0.232733 -0.232733 
-1.09669 -1.09669 -0.962246 -1.05037 -0.656309 0.0338238 0.483258 0.231444 0.405554 1.2346 1.34483 1.62057 1.29596 1.58415 0.92395 -0.144402 0.370329 0.198483 -1.2037 -0.710576 -0.158805 -1.32358 -1.32358 
-1.29068 -1.29068 0.341804 0.971648 1.31226 0.938891 0.866821 1.01028 0.667712 0.803212 0.99263 0.712791 0.387665 0.642046 0.579228 0.340903 -0.562582 -1.53684 -1.1964 -1.04244 -1.226 -1.21114 -1.21114 
2.1818 2.1818 -0.00320914 -0.925588 -1.13223 -0.846092 0.0172348 0.371587 0.656641 -0.266934 -1.5249 -1.7026 -0.90727 0.501943 0.533353 -0.0578767 0.86302 1.0298 -0.0864101 -0.188059 0.276243 -0.486126 -0.486126 
-0.5946 -0.5946 0.808835 0.630865 1.37801 0.802061 -2.13764 -1.69342 -0.985915 -0.484047 1.18161 1.09504 0.889922 0.699773 1.11207 0.596203 0.00762796 0.827439 -0.180904 -0.885761 -0.999338 -0.736613 -0.736613 
0.122324 0.122324 -0.179749 -0.729005 -1.20361 -1.52277 -1.21907 -1.57622 -0.46304 0.905144 0.950636 0.63522 0.400936 -0.218701 -0.287781 0.341799 0.341211 0.600576 1.74278 2.26201 0.794926 -0.909968 -0.909968 
-0.568074 -0.568074 0.0156684 -0.0185785 -0.298419 0.620941 0.984096 1.41956 1.80398 1.62871 0.756832 -0.225568 -0.491075 -0.349757 0.00531802 0.96179 0.0659239 -1.63531 -2.23131 -1.43932 0.289182 -0.363256 -0.363256 
0.409029 0.409029 -0.116484 -0.608941 1.31831 0.446693 -0.709465 -0.818074 -1.49281 -1.55959 -0.431275 -0.339482 0.449547 -0.388623 0.144523 0.78705 0.444654 2.14818 1.41367 -1.94023 -0.880652 0.65747 0.65747 
1.02856 1.02856 -0.418743 -0.901909 -1.78845 -1.98452 -0.751119 -0.207979 -0.639835 -0.265137 1.15844 1.33921 0.51071 -0.229244 -0.491868 -0.00734967 0.220754 0.101472 -0.524457 -0.836883 0.226161 1.71682 1.71682 
0.213859 0.213859 -0.841521 -0.979173 -0.92523 -0.62331 -1.11045 -0.819413 0.628319 1.03465 1.47103 1.49189 -0.3178 -0.968127 -0.707369 0.253147 0.264681 -0.215884 -0.8356 -1.34367 0.417389 1.84936 1.84936 
1.13254 1.13254 -0.775882 -1.44915 -0.829179 -0.611258 0.270116 0.817597 0.196684 -0.616174 -0.771012 0.0281859 1.28173 1.1643 1.16195 1.01864 1.48096 0.0194996 -0.102788 -0.221937 -1.59477 -1.3663 -1.3663 
0.0228162 0.0228162 0.48071 0.112046 0.565385 1.60871 1.12113 -0.111736 -1.1219 -0.21307 1.70519 0.938621 -0.147753 -1.48203 -1.84881 -0.506072 1.11796 0.605615 -1.44865 -1.23559 0.883269 -0.534322 -0.534322 
1.28616 1.28616 1.99135 0.557128 -0.341382 -0.249754 -0.0528721 -0.533802 -1.07479 -0.84506 -0.565765 -0.662523 -0.401874 0.187342 -0.0849826 -1.97065 -1.91193 0.184113 0.752171 1.33598 1.09233 0.0113261 0.0113261 
0.0025423 0.0025423 -1.15215 -1.4596 -0.426324 -0.757397 -1.29499 -0.392448 -0.149829 -0.401599 0.760409 1.39428 0.906279 1.96285 1.29984 -0.868176 0.970993 1.94275 -0.201386 -0.163559 -0.480142 -0.747443 -0.747443 
0.236048 0.236048 0.131509 0.439492 1.36276 1.42846 0.310993 -0.0156338 1.26662 1.19084 0.534442 0.0185707 0.0333418 -0.364776 -1.97409 -0.58023 0.483325 -1.79077 -1.0019 1.31614 -0.650674 -1.30526 -1.30526 
1.73476 1.73476 2.43789 0.995694 -0.124248 -0.584946 -0.00798659 -0.309957 -0.31884 0.275046 -0.188623 -0.763038 -0.166656 0.126173 -0.423864 -1.36235 -2.18391 -0.795246 0.464248 -0.120727 -0.27601 -0.0710867 -0.0710867 
-1.34279 -1.34279 -2.0215 -0.565762 0.323496 1.11081 1.161 0.735492 -0.204839 -1.34023 -0.791397 0.71947 1.88716 1.32505 -0.146929 0.507578 1.06534 -0.433614 -0.631129 0.53185 0.0456758 -0.295969 -0.295969 
1.00058 1.00058 0.868019 0.379185 0.0827549 -2.66337 -1.9035 0.813096 0.856032 1.56971 1.13141 -0.262021 -0.339172 0.120703 -0.121903 -0.867393 0.127474 -0.185187 -1.32083 -0.654365 0.0663323 0.15093 0.15093 
-0.0999328 -0.0999328 -0.538869 -0.67675 -0.492864 0.129113 0.0987526 0.74565 2.12444 1.2712 -0.0742405 -0.297823 -0.54094 -0.408918 0.589389 0.644125 0.34827 1.26153 1.4692 -0.616005 -2.39341 -1.22099 -1.22099 
0.464625 0.464625 0.436656 -0.268615 0.510177 1.0353 0.640112 0.657474 0.158701 -0.867288 -1.52646 -1.03125 -0.113529 0.393288 1.05901 0.0373896 -2.13311 -1.88821 0.147955 2.04633 0.866697 -0.544939 -0.544939 
-0.381773 -0.381773 -0.699812 0.884233 0.639366 -1.35196 -0.859199 -0.548289 -0.521271 0.643179 0.745585 0.526468 -0.0741216 -0.239376 0.71689 0.151446 0.836664 0.583427 -2.68277 -1.52411 1.63526 0.950967 0.950967 
-1.14294 -1.14294 -1.5089 -1.08418 -0.866727 0.738919 1.2988 0.0375296 -0.0900482 1.31525 1.16837 -0.537345 -1.2347 -0.806111 0.121306 0.492984 0.0356648 -0.61118 -0.757468 0.521761 1.88742 1.08227 1.08227 
-0.888524 -0.888524 -0.989274 -0.177343 0.144387 -0.251643 -0.259606 1.15656 1.24094 0.500718 0.218582 -1.42535 -1.9166 -0.401207 0.777794 0.595383 -0.459366 -0.921388 -0.941516 0.801007 2.22095 0.932007 0.932007 
-1.33696 -1.33696 -1.89325 0.195852 0.932203 1.14819 1.42049 0.179216 -0.944776 -0.559678 0.772297 1.93599 1.17861 0.140917 0.119534 0.50347 -0.585657 -1.06869 0.0404004 -0.992871 -0.70565 0.428663 0.428663 
0.32331 0.32331 0.105832 0.103144 0.936092 0.381035 -0.961716 -1.26999 -0.00658403 1.72092 0.732587 -1.03987 -1.37477 -0.950279 0.628922 1.80332 0.708989 -1.46088 -1.03295 1.42882 0.46688 -0.783057 -0.783057 
