41
0.628232 0.598423 0.56906 0.579303 0.593515 0.565131 0.650312 0.668883 0.644168 0.643597 0.812689 0.874588 0.811904 0.889513 0.729919 0.734248 0.901253 1.06682 1.01296 0.880225 0.695583 0.669476 0.569005 0.418947 0.28866 0.173852 -0.00831962 -0.155534 -0.33038 -0.533382 -0.772136 -1.10378 -1.28588 -1.53128 -1.62859 -1.60224 -1.26962 -1.70239 -1.8675 -1.91931 -1.95992 
0.290781 0.243992 0.389607 0.50633 0.25307 0.44751 0.37169 0.558084 0.590912 0.301838 0.171913 0.208195 0.39659 0.377996 0.604007 0.753667 0.584866 0.390913 0.446914 0.817717 1.07745 0.865736 0.917626 1.11153 1.11222 0.809315 0.817687 0.576996 0.355291 0.00122633 -0.193898 -0.627088 -0.914273 -1.36808 -1.64028 -1.66503 -1.75928 -1.72393 -2.05923 -2.08765 -2.31295 
1.18055 1.31548 1.26562 1.27891 1.24238 1.02116 1.09045 0.763426 0.702197 0.428016 0.345741 0.414205 0.126636 -0.266609 -0.632333 -0.9465 -1.55361 -1.74178 -1.95464 -2.12914 -1.83672 -1.20643 -1.01408 -1.01493 -0.841225 -0.391241 -0.366899 -0.22339 -0.577542 -0.102416 0.0154059 0.366193 0.884783 0.387623 -0.124395 0.109373 0.194318 1.21902 0.962802 0.878922 0.730676 
1.66185 1.26547 1.14938 1.11761 1.24937 1.46704 1.35189 1.36442 1.13249 1.08701 0.899798 0.721848 0.534585 0.26919 0.169471 0.0413239 -0.31333 -0.259055 -0.579482 -0.839809 -1.15968 -1.32333 -1.48747 -1.28253 -1.12544 -1.21508 -1.37915 -1.19287 -1.2566 -1.27885 -1.37413 -0.772737 -0.345343 -0.380794 -0.182209 0.0284663 0.170115 0.739774 0.629393 0.488974 0.208417 
-1.48578 -1.36394 -1.36343 -1.4743 -1.53373 -1.45366 -1.31433 -1.28764 -1.25659 -1.51474 -1.33317 -1.05418 -0.88539 -0.770426 -0.569254 -0.192925 0.376987 0.49696 0.730867 0.940885 1.02147 1.02133 0.804557 0.538865 0.601518 0.493145 0.648775 0.633388 0.459544 0.676587 0.458279 0.556076 0.83565 0.644666 1.01267 0.890653 0.782649 1.0735 1.28966 0.94419 0.920603 
-0.913234 -1.01223 -1.13852 -1.179 -1.12308 -0.95953 -0.942028 -1.05534 -1.17547 -1.26613 -1.2574 -1.26942 -1.25428 -1.19679 -1.09813 -1.04454 -0.625277 -0.369282 -0.20403 -0.0871544 0.191731 0.366618 0.449196 0.606732 0.720963 0.870539 0.855686 0.965719 0.995658 0.991286 0.974683 1.0608 1.29072 1.2782 1.11409 0.991819 0.994755 1.17323 1.01772 1.10874 1.15199 
1.17261 1.63439 1.72471 1.91215 0.910908 0.819962 1.07487 1.15567 1.11636 0.480278 0.9384 1.05744 0.838151 0.47259 0.694714 0.367345 -0.418572 -0.921105 -1.02236 -1.09946 -1.15646 -1.35038 -0.73907 -0.919214 -0.747206 -1.23083 -1.18724 -0.390393 -0.476674 -0.976021 -1.92225 -1.57396 0.166299 0.396173 0.0564073 -0.216048 -0.619276 0.0136229 0.426153 0.310265 -0.772948 
-0.55834 -0.58536 -0.417281 -0.467123 -0.21112 -0.0931306 0.207029 0.123185 0.119602 0.260007 0.39352 0.73607 1.26101 1.29464 1.68798 2.17178 2.33213 2.01638 1.48632 1.22827 0.521056 0.185054 -0.285415 -0.375244 -0.523733 -0.752939 -1.17078 -1.528 -1.28889 -1.10704 -0.966077 -1.65148 -0.6524 0.0298453 -0.587532 -0.700619 -0.804294 -0.38451 -0.170717 -0.351962 -0.419893 
0.0709079 -0.47404 -0.999975 -0.377377 -0.438036 -0.766916 -0.578238 -0.213086 -0.109856 -0.0757136 -0.639558 -0.597382 -0.516114 -0.243531 -0.62606 -0.325492 -0.650336 0.062821 0.502322 0.0786884 -0.329821 -0.924704 -1.07868 -1.24291 -1.45815 -1.38651 -0.995904 -1.33674 -0.383806 0.888658 0.755525 0.592808 0.852301 1.51364 1.39486 1.94704 1.54302 1.8845 1.98286 1.87686 0.822111 
1.05303 0.340817 0.609177 0.3392 0.510272 0.797977 0.401134 0.892895 0.924286 0.531389 0.846572 0.817737 0.659919 -0.20982 -0.940071 -2.18471 -2.69668 -2.32016 -2.17242 -1.3938 -0.973644 -0.701682 -0.777702 -0.719731 -0.414793 0.226179 0.590708 -0.0767117 -0.367734 0.680885 0.550055 1.03982 0.544365 0.453824 0.794427 0.749729 -0.373231 0.0763164 0.94559 0.748313 0.198279 
-1.10557 -1.08695 -1.80138 -1.52056 -1.5918 -1.47592 -1.1647 -1.15314 -1.17878 -0.0418577 -0.0463514 -0.467457 1.08696 2.22653 1.74648 1.18718 1.40418 1.06332 -0.139967 -0.402695 0.381542 0.62004 0.578713 0.673963 0.864736 0.709233 0.115265 -0.139149 -0.360391 0.378368 0.745304 1.34727 0.752599 0.0525943 -1.692 -0.489954 -0.371267 -0.0309258 -0.0617298 0.264289 0.123975 
-0.97942 -0.487121 -1.0476 -0.624049 -1.33344 -1.28589 -1.5841 -1.99163 -1.10468 -1.42762 -1.06521 -0.867696 -1.48157 -1.16779 -0.254003 0.08957 0.209464 0.621716 0.000565554 -0.336589 0.487923 0.634779 0.855761 0.780335 0.212233 0.74919 0.339585 0.906443 0.770598 0.756017 1.08927 1.96662 1.34664 1.1635 -0.320734 1.82861 0.459513 0.779378 0.87046 0.387228 0.0537344 
-0.468957 0.142474 0.438643 -0.0514063 0.326708 0.376014 1.22237 0.461934 -0.393512 0.637512 0.984015 0.833288 0.535578 0.237118 0.214484 0.0422727 0.29489 0.9797 2.10158 2.03516 1.12039 1.1375 0.184397 0.290398 1.24828 -0.703175 -0.64484 -0.718962 -1.65728 -1.47695 -1.07096 0.714329 -1.48277 -0.834427 -1.07932 -0.285792 -0.49436 -0.550726 -0.680957 -1.71881 -2.24583 
0.301062 0.301062 0.47567 0.665637 0.49724 0.806628 1.01133 0.532237 0.448789 1.29369 1.56603 0.555601 0.62409 0.201612 -0.117854 1.30595 2.00888 1.04599 -0.254454 -0.824565 -0.359736 0.00720406 -0.53316 -0.663143 -0.509472 -0.73566 -0.876937 -0.845001 -1.08821 -1.36681 -1.92764 -1.68064 -1.30465 -0.935035 0.249674 2.12397 0.122404 -2.04746 -0.386634 0.156149 0.156149 
0.668606 0.668606 1.1589 -0.0371349 0.1959 0.72796 0.703834 1.02961 -0.396084 -0.884101 0.0914827 1.04597 0.881425 0.994218 1.49873 0.314879 -0.71545 -0.041378 1.65206 2.26296 0.51626 -0.106973 1.1093 0.955779 -0.533927 -0.510898 -0.324339 -1.01423 -1.35418 -1.27448 -1.51174 -1.78778 -1.84962 -1.80467 -0.518121 0.0154472 0.19565 -0.527125 -0.718326 -0.388512 -0.388512 
0.212627 0.212627 -0.0219102 0.00378868 -0.448393 -0.244348 -0.448352 -0.700017 -0.598134 -0.638716 0.021975 -0.373875 -1.26414 -1.41484 -1.26237 -1.7278 -1.48486 -0.724662 -0.698299 0.275976 1.82777 1.63482 0.417865 0.381898 1.2512 0.963202 0.372256 -0.357558 0.281868 1.19193 0.952178 1.72494 0.0899262 -1.8973 -0.487918 0.663147 2.18822 1.5304 -0.607167 -0.398982 -0.398982 
-1.13727 -1.13727 -0.184709 0.462805 1.11446 0.469404 -0.0665397 -0.371606 -0.523161 -0.406349 -0.752417 -0.752557 -0.981008 -0.752297 -0.393735 -1.05976 -0.583174 -0.493757 -1.31566 -1.31422 -1.06163 -0.654769 0.308153 1.14738 0.377796 -0.461256 0.259586 0.521721 -0.0230578 -0.105465 1.5238 2.88929 1.22553 0.62776 1.27077 1.12203 2.05987 1.40144 -0.453649 -0.898239 -0.898239 
0.0439771 0.0439771 -0.720746 -0.917735 -0.290273 0.3629 0.187469 -0.168355 -1.10439 -0.609742 1.15539 1.11337 0.574354 0.680772 1.53965 2.75137 1.90896 0.804802 1.1007 0.596865 -0.0937455 -1.07089 -1.94353 -1.0253 -0.508332 -0.2028 0.102763 -0.979928 -0.216134 -0.362249 -0.754106 0.881998 -0.0669744 0.223632 0.450254 -1.11398 0.242762 1.30802 -0.783017 -1.57087 -1.57087 
-1.4778 -1.4778 -1.21186 -0.383738 0.543503 0.368887 -0.889343 -1.51486 -1.4119 -0.826249 -0.468904 -0.439745 -0.123839 0.255695 0.237976 1.69503 2.6149 1.46049 0.828245 1.34467 1.60831 0.716161 0.637308 0.781158 0.74498 0.158337 -0.021371 0.182198 -0.337735 -0.549258 -0.13801 0.982339 0.534093 -1.25663 -1.75546 -0.996277 0.370531 -0.349584 -0.747016 0.156285 0.156285 
0.823503 0.823503 0.474666 -0.913329 -1.26732 0.329963 0.548338 0.17422 -0.737326 -0.104813 0.855364 -0.00600205 -0.622199 -0.0609188 -0.0123548 -1.29414 -1.51687 -0.646288 -0.105318 -0.0490372 -0.197589 0.652205 0.669723 0.111125 -0.274764 -0.438064 1.19013 1.025 -0.623191 -1.71667 -0.638843 2.77719 2.62661 -0.0182637 -0.657006 -0.737702 0.413511 1.4508 0.498669 -1.40326 -1.40326 
0.231672 0.231672 0.192399 0.343703 0.632515 0.708501 0.361176 -0.161517 0.224381 0.460301 0.808163 1.48175 0.950142 0.723682 1.49836 1.09741 -0.278488 -1.46657 -1.3673 -1.67215 -1.80628 -1.39888 -0.975256 -0.421178 -0.661024 -1.12453 -1.34483 -0.214335 0.713325 0.544451 -0.947963 0.528722 2.88224 0.100559 -1.26809 -0.384083 0.532906 1.07922 0.044942 -0.439863 -0.439863 
-1.57563 -1.57563 0.108829 0.780097 -0.592631 -0.232904 0.768398 0.645119 0.167561 -0.794849 -0.783258 0.147466 0.479882 -0.189254 -0.148879 -0.0656538 0.529602 1.63235 -0.00773821 -1.23119 -1.47826 -1.11103 -0.489719 -0.578112 -0.237811 0.636267 0.0411845 0.852464 3.18002 1.61312 -0.457463 0.108992 1.29788 0.752141 0.594652 0.183125 -0.120856 0.603939 -0.0416607 -1.70528 -1.70528 
-0.510729 -0.510729 0.0484868 -0.0745337 0.630657 -0.0874741 0.170556 0.71206 -0.406595 -0.0477373 0.412621 -0.185493 -1.24882 -1.97266 -2.44673 -2.17071 -0.120747 0.713456 1.22192 1.5664 0.925719 0.298301 0.0277092 0.509432 1.24664 1.32199 -0.332475 -1.16142 1.00852 1.21108 0.504407 0.0433366 -0.690463 0.366736 0.424704 -1.42598 -0.801002 1.71819 0.900275 -0.894447 -0.894447 
-0.805484 -0.805484 -0.522485 0.171684 -0.00633206 0.406448 0.293859 -0.0696985 1.14487 1.16769 -0.513847 1.16865 2.85305 0.65729 -1.17626 -0.423938 -0.188183 -1.72107 -1.63675 0.508344 1.04931 0.158294 0.00369001 0.25419 -0.0164414 -0.863395 -0.970147 -0.567872 0.504036 1.13884 0.991203 -0.0466346 -1.45182 -2.69291 -0.640068 1.37093 0.44091 0.279568 0.264111 0.145919 0.145919 
-0.140272 -0.140272 -0.243843 -0.468178 -1.03458 -0.415159 -1.10071 0.684633 0.812066 0.0218857 0.805904 -0.664786 -0.489634 1.81165 1.85653 0.660599 0.764059 -0.352259 -1.48117 0.696588 1.42571 0.516543 0.181694 -1.00699 -0.0844893 0.154273 0.199317 0.61171 -0.264177 0.442475 1.7861 0.350143 -1.2474 -2.54933 0.964356 1.1378 -1.61815 0.581484 -0.628312 -1.2679 -1.2679 
1.03418 1.03418 -0.0910336 -0.00732336 0.543655 1.02199 0.194795 -1.54368 0.286386 1.51424 0.307019 -0.351076 -0.501993 -0.220989 -0.0920196 0.189163 1.06465 1.95265 1.18523 -0.895313 -0.809986 -0.849134 -0.758329 1.19383 -0.90796 -1.82689 0.0908978 -0.927228 -0.667294 0.705973 2.34552 -0.313656 -1.47511 0.51917 0.667481 0.704585 -0.163619 -0.0835939 -1.08623 -1.49157 -1.49157 
0.136902 0.136902 0.295308 0.00929062 0.10887 0.419983 -0.237499 -0.477776 0.626249 0.922924 -0.624158 -0.79414 -0.303873 -0.627372 0.912169 1.7647 -0.225467 -1.896 -1.56848 -0.0964862 0.684882 -0.153307 -0.567671 0.0110568 -0.0691642 -0.315109 -0.0998711 -0.184865 -0.443814 -0.708663 -0.270382 0.510785 0.613033 1.28739 2.54208 -0.11482 -3.48708 -0.433162 1.8288 0.443908 0.443908 
0.461812 0.461812 -0.596607 -0.824265 0.704996 0.477424 0.294878 -0.945431 -1.66559 0.4594 1.73593 0.726985 -0.0178669 0.574212 -0.573243 -1.93149 -0.287335 2.12304 2.06714 -0.977181 -2.06932 0.552734 0.968406 -1.42622 -1.26999 0.213405 -0.417487 -0.883419 -0.202371 -0.111495 -0.426314 -0.27107 0.0129926 1.20623 1.63863 0.659578 -0.452212 -0.780883 0.150597 0.319799 0.319799 
-0.159677 -0.159677 -0.139568 -0.309874 -0.170318 0.0238804 -0.332712 -0.0933556 0.071816 0.509083 0.231086 -0.982538 -0.790708 0.0252407 -0.221039 -0.150254 0.808801 0.639332 0.806847 2.0005 1.08715 -1.0794 -0.956564 0.675933 0.478718 -0.663924 -1.00964 -0.0468803 1.23632 0.548366 0.440929 -0.650863 -2.81055 -0.428314 2.02739 2.11793 0.702473 -2.16354 -1.48589 0.186753 0.186753 
0.832456 0.832456 1.41298 1.1432 -0.0156454 -1.08038 -0.775566 -0.430943 -0.05271 -0.227101 -0.331953 -0.226503 -0.0213291 0.504955 -0.297213 -0.191403 0.485883 -0.678271 -0.75714 0.20619 0.569662 1.20651 1.59415 0.0408764 -1.46378 -0.127543 0.859722 -0.274965 -0.583862 1.36527 2.66337 -0.288976 -2.04912 0.0190009 0.421569 0.685905 0.228948 -2.27505 -2.08333 -0.420157 -0.420157 
-0.541493 -0.541493 -0.706083 0.45713 1.16747 0.496625 -0.346423 -0.98193 -0.271336 1.98557 1.53717 -0.388015 -0.263989 0.903989 1.82751 0.406028 -1.52896 -0.577869 -0.0762803 -0.900538 -1.29601 -1.44809 0.13555 1.29661 0.784683 0.608046 -0.551857 -0.168991 0.613547 -0.352035 1.13706 0.671577 -0.452628 0.529617 -1.02016 -0.0759086 2.12112 -0.759612 -2.30795 -0.560821 -0.560821 
0.143347 0.143347 0.896056 1.49713 0.585711 -1.40073 -1.81057 -0.573343 0.527525 0.758747 0.252933 0.215267 0.533734 0.230492 1.20988 2.06209 -0.311554 -1.72232 -0.203648 0.610651 -0.669643 -0.980945 -0.0392958 -0.000506702 -0.664475 -0.794934 -0.0766853 -0.385926 -0.763216 0.0831623 1.29374 0.512522 -2.13344 -2.17941 0.138271 1.834 0.489426 -1.11415 0.361427 0.722665 0.722665 
-0.110463 -0.110463 -0.937811 -0.940883 0.838564 1.17974 0.00463526 -0.668882 -0.0688549 1.04683 0.156368 -0.783268 0.0647351 0.460982 -0.637622 -0.799334 0.483637 0.93886 0.453476 0.0424694 0.515462 0.614452 -0.225054 -0.465515 -0.229888 0.970657 0.969566 -0.983406 -1.53677 0.0881397 2.77615 2.04392 -1.56883 -1.85981 -0.331369 0.735577 1.40198 0.148231 -1.60376 -1.03622 -1.03622 
0.00484427 0.00484427 0.121786 0.37536 0.317147 -0.174518 -0.637232 -0.0705304 0.515795 0.486397 0.824669 0.144933 -0.550709 0.458912 0.324046 -1.33811 -1.94647 -0.806334 -0.123696 -0.304088 0.246403 0.677488 0.790857 0.278065 -0.508417 -0.493307 0.738679 1.62592 0.621657 -1.2488 0.0230405 2.99553 -0.295726 -3.17255 -0.339379 1.42717 1.16617 -0.341945 -1.13889 -0.339504 -0.339504 
1.1919 1.1919 1.66525 -0.490534 -0.710218 0.963834 0.623241 -0.419579 -1.01129 -0.66637 0.668576 0.894806 -0.233337 -0.43927 0.0912585 0.482534 1.20145 -0.374805 -2.01513 -1.03284 0.0888342 0.701171 0.379888 0.181734 0.860422 0.200836 0.156553 2.21746 0.540479 -2.56088 -1.05654 1.24189 0.457619 -0.491784 -0.397141 -0.50044 0.300839 0.0599462 -1.62425 -1.169 -1.169 
0.421785 0.421785 0.336452 0.437708 0.0249102 -0.285262 0.588482 -0.366453 -0.493146 0.602134 -0.0616675 -1.11857 -1.20578 -0.797042 -0.103487 1.6473 2.03448 0.965227 0.625526 -0.171575 -0.845725 -0.589016 0.180337 0.879395 0.597518 -1.06146 -1.68873 0.964063 1.67957 -0.315789 -0.776118 -0.794933 0.258212 0.80742 -1.20963 -0.816322 2.21483 1.21397 -1.77836 -1.21102 -1.21102 
0.150609 0.150609 0.600143 0.301596 0.119373 0.161742 -0.341004 0.518448 0.768661 -1.10682 -0.0320373 2.1477 -0.363809 -2.64198 -0.732846 0.607205 -0.872664 -0.970728 1.41108 1.70679 -0.259345 -0.709783 0.0294435 -0.0456943 -0.75639 -0.650264 0.158719 0.922003 1.07259 0.282825 -0.800356 -1.61472 -1.74635 0.493021 2.59903 0.667369 -0.73941 -0.147151 -0.119206 -0.109197 -0.109197 
-0.019635 -0.019635 -0.164344 -0.462895 0.081374 0.00451338 0.756603 1.28103 -0.380335 0.0431993 -0.395768 -0.788522 1.64462 1.56058 -0.695318 -0.65753 -0.606177 -1.40113 0.723741 1.92228 -0.068965 -0.755287 -0.935592 -0.124529 0.796256 0.230245 0.342247 -0.251805 -0.0619915 1.36972 -0.0123852 -1.90961 -1.82315 1.47389 2.42559 -1.61869 -0.311682 0.685675 -1.14578 -0.365396 -0.365396 
-0.629255 -0.629255 -0.574651 0.518723 0.776132 -0.122841 -1.56885 0.164462 2.09938 0.118177 -1.11202 -0.422997 0.189573 0.372142 0.372258 0.85921 1.25503 0.183373 -1.75299 -1.19675 0.134841 0.138414 1.43733 0.00711444 -1.86568 0.756269 0.691562 -0.389847 1.17005 2.06996 -0.560381 -2.38746 0.647967 1.50232 0.225664 -0.437404 -0.409408 -0.497098 -0.813699 -0.159683 -0.159683 
