28
0.6163 0.830054 0.798354 0.913384 0.838454 0.797404 0.936257 1.03558 1.14195 1.13189 1.01262 0.902309 0.760793 0.378729 0.306901 -0.0170165 -0.202226 -0.336756 -0.450482 -0.615618 -0.801621 -1.00349 -1.29314 -1.36913 -1.41209 -1.65218 -1.59431 -1.65291 
1.09291 0.648644 0.590141 0.288872 0.328464 0.294665 0.166392 0.054167 -0.0360803 0.0264196 0.177142 0.599941 0.493858 0.394856 0.799613 1.09204 1.23601 1.22947 0.641011 0.580885 -0.124439 -0.546394 -0.700075 -1.61644 -1.80135 -2.03676 -1.91385 -1.9601 
0.988701 1.07772 1.493 1.28833 1.34683 1.33957 1.29019 1.04749 0.977216 0.468262 -0.297522 -0.480682 -1.11239 -1.77861 -1.58415 -0.787988 -0.74129 -1.1733 -0.618552 -0.863132 -0.454809 0.364113 0.473519 -0.559123 -0.559061 -1.06576 -0.351786 0.273206 
1.85962 1.70416 1.65263 0.981197 1.37363 0.82066 0.612005 0.549239 0.230348 -0.163255 -0.263764 0.323173 0.0728977 0.438809 0.284583 0.393252 -0.236772 -0.849532 -0.575086 -1.22475 -1.65148 -1.99749 -0.534218 -0.668647 -0.929797 -1.28481 -0.343738 -0.572863 
-0.241206 -0.698259 -0.897897 -0.832949 -0.954039 -0.830586 -0.567601 -0.578259 -0.656434 -0.862689 -0.903328 -0.97943 -0.441471 -0.457361 -0.648914 -0.241423 -0.0287607 0.126607 -0.229881 -0.0205674 0.280825 0.408117 1.3404 1.7287 1.97523 1.40374 1.3368 2.47065 
-0.404755 -0.90279 -1.01465 -0.957273 -1.0234 -0.971819 -0.785714 -0.87621 -0.804706 -0.914483 -0.867088 -0.710041 -0.580709 -0.632461 -0.398658 -0.115606 -0.122446 -0.0341652 0.179377 0.646003 1.03654 0.975774 1.23454 1.43709 1.57158 1.61031 1.57747 1.84827 
0.641678 0.975725 1.53538 1.49661 1.11084 1.08923 1.10147 1.56519 1.21101 0.863043 0.445996 0.31895 -0.147465 -0.311026 -0.944582 -0.134551 -0.538256 -0.640363 -0.63937 -0.365523 -0.892451 -1.42471 -0.960759 -1.1009 -1.49941 -0.444175 -0.939096 -1.3725 
-1.13156 -1.45985 -1.02079 -1.07073 -0.755589 -1.22164 -1.45451 -1.19603 -0.594894 -0.440043 -0.313774 0.48616 0.89985 1.13756 1.23779 1.37779 1.44656 0.807244 1.12208 1.44447 0.935873 0.471094 0.369286 0.926581 -0.858638 -0.463598 -0.278312 -0.402385 
-0.64611 -0.559023 -0.806354 -1.28415 -0.763071 -1.02765 -0.836038 -1.04906 -0.97891 -0.952936 -0.840489 -0.811796 -0.347533 0.0127195 -0.496457 -0.617619 0.00171774 0.536166 0.332892 0.298046 0.776299 1.95204 1.5984 1.71678 0.651306 1.45385 1.31126 1.37571 
-0.246896 0.495464 -0.244676 0.906827 0.273014 0.0173312 0.417502 0.520033 1.09534 0.400454 0.504924 0.599656 0.509846 -0.23772 -0.755395 -1.52916 -1.49952 -1.07283 -1.73724 -1.92517 0.661101 2.07649 0.558276 1.60203 0.350256 0.158237 -1.39157 -0.506601 
-0.429385 -1.41764 -1.40834 -1.02696 -1.34146 -0.541234 -0.902226 -0.764332 0.312724 -0.200211 -7.0932e-005 0.458807 0.165766 -0.178883 -0.134621 -1.0212 -1.08659 -0.877968 0.310405 1.28405 0.319659 -0.150934 1.71011 1.20856 1.77854 1.46677 1.58319 0.88348 
-1.13647 -0.747857 -0.613825 -0.892412 -1.04361 -1.7572 -1.50752 -0.760945 -0.712574 -0.241805 0.318884 0.337037 -0.22979 0.0648333 -0.874019 1.68974 -0.18095 -0.579354 1.27334 0.72895 -0.631674 0.89988 1.22751 1.43555 0.902368 1.60836 0.088095 1.33545 
1.21157 0.930617 0.565062 0.621234 1.1826 1.27096 1.42464 1.13093 0.409183 0.703312 1.17299 0.773664 0.249264 -0.412878 -0.507865 -0.840181 -0.45871 -0.120898 -0.635669 -1.95208 -1.16403 -0.351216 -0.181523 -0.0636168 -0.473838 -2.09276 -0.754755 -1.636 
1.44365 1.44365 1.02839 0.846541 0.190007 1.08926 1.6797 1.54307 1.08301 0.133868 -0.287853 -0.381418 -1.52451 -1.23138 -0.986792 -1.46372 -0.667081 -0.366392 -0.495133 -0.79916 -0.95366 -1.38966 -0.860153 0.177504 -0.512788 -0.0886229 0.674827 0.674827 
-0.591648 -0.591648 -0.296864 -0.0946367 0.456764 0.110703 -0.0509748 0.0274161 0.387619 0.884388 1.62716 1.09775 0.0220293 1.07515 1.8821 1.34447 0.728132 -0.781796 -0.892254 -1.13319 -1.87911 -0.741877 -1.76113 -1.82551 -0.421685 0.212909 0.602868 0.602868 
0.662055 0.662055 0.284567 -0.174028 0.0797137 -0.0589491 -0.361577 -0.388436 -0.730664 -1.62464 -1.20588 -1.03354 -1.65444 -0.592531 1.28715 1.09723 -0.481416 0.171613 0.412532 0.22432 1.5913 1.20708 -1.17284 -1.31338 -0.637356 0.280274 1.7349 1.7349 
-0.10259 -0.10259 -0.916756 -0.216202 -0.0292819 -0.977775 -0.204253 -0.378199 -0.900242 -0.555646 0.991596 0.755272 0.406504 0.558064 0.152149 -0.598634 -1.73701 -0.309806 -0.368044 -1.47446 -0.995298 1.98702 2.32088 -0.400167 -0.748234 1.14881 1.34745 1.34745 
-1.54749 -1.54749 -0.586835 -0.442279 -0.33461 0.372217 0.125408 -0.502443 -0.862407 -0.793327 -0.553803 0.511013 0.621825 -0.720725 0.0584407 0.802333 0.338341 -0.709089 -0.609811 0.600912 0.449966 1.61101 2.09137 0.829341 -0.937011 -1.51388 1.62452 1.62452 
-2.48734 -2.48734 -0.683011 -0.534421 -0.553268 0.266125 -0.195416 -0.567711 -0.63035 -0.708672 0.158142 0.424325 -0.253988 0.0854022 1.17305 0.391295 -0.241442 0.474494 1.7036 2.27861 0.565288 0.137202 0.992641 0.588914 0.0567041 -0.486888 0.267029 0.267029 
1.76936 1.76936 1.13218 -0.483654 -0.454317 0.225927 1.05538 0.429138 -0.958093 -1.06553 -0.687968 -0.772342 -0.834749 -1.12041 0.543545 0.936381 -0.622544 0.0691211 0.71166 -0.190603 -1.56832 0.12519 0.795368 -0.678661 1.36433 1.19955 -1.34465 -1.34465 
0.0567721 0.0567721 0.49096 0.297662 -0.35144 -1.20631 -0.0760759 1.22492 1.06326 0.322499 1.32879 1.77715 0.900123 0.411142 0.258702 0.209625 -1.00605 -0.622191 0.878 -0.40651 -1.63444 -0.999877 0.594504 -2.03153 -2.28464 0.789244 -0.0205419 -0.0205419 
-0.520992 -0.520992 -1.53325 -0.156273 0.225812 -0.364592 -0.272206 -0.48986 -0.0615852 0.0142115 0.0190856 0.649533 1.24368 -0.500705 -1.36339 0.658884 1.83373 0.359623 -0.660542 0.560742 2.73009 1.23936 -0.655413 -1.93102 -0.705007 0.94879 -0.373857 -0.373857 
0.0892574 0.0892574 0.445351 0.537892 -0.68684 0.21308 0.524847 0.67728 -0.0167489 -0.426542 0.260699 0.091609 -0.641478 -1.01387 -1.03667 -0.560318 0.484487 -0.119571 -0.6545 2.1747 3.57013 -0.00216847 -0.325609 -0.0937231 -1.16927 -1.42866 -0.491311 -0.491311 
-1.25081 -1.25081 0.339526 -0.0364433 0.449902 0.395917 -0.373149 1.29663 0.540925 -0.4773 0.651114 0.0784594 -0.85455 -0.462893 -1.09215 -1.21947 0.0522096 1.50801 2.39631 -0.103355 -1.78032 1.50041 1.46447 -0.0346354 0.18572 -0.340935 -0.791388 -0.791388 
0.404753 0.404753 -0.277903 -0.569737 -1.01481 -0.604651 0.889323 0.683351 0.401163 0.925347 0.462248 -0.691381 -0.408508 -0.789149 1.53254 0.57912 -2.45164 1.35798 1.2086 -2.07914 0.0448881 1.77224 0.418078 -0.462672 0.046813 -0.963131 -0.409235 -0.409235 
-0.57995 -0.57995 -0.170785 0.9542 0.993274 0.498477 0.0347509 -1.02774 -0.314283 1.13173 0.290094 -0.916402 -1.23538 -0.714207 -0.313902 0.264367 1.07769 -0.0100641 -2.01778 -0.436553 2.14766 1.39716 0.553763 -0.150069 -2.25804 -0.136236 0.759084 0.759084 
-0.45363 -0.45363 -0.67491 -0.9685 0.34705 1.86445 0.603924 -0.674399 -1.66312 -1.61646 -0.575339 -1.45315 -0.982591 0.706022 -0.231034 0.440738 1.38699 0.260931 -0.474926 -0.506271 -0.666863 0.165479 1.95872 0.47439 -0.272147 1.49686 0.980708 0.980708 
0.182337 0.182337 0.381646 0.634559 0.0941829 -0.608606 -0.190278 0.324072 0.736413 1.11346 0.102085 -1.69016 -0.130465 1.72503 0.157247 -1.24551 -2.20378 -1.7052 -0.454512 -1.08081 0.277468 0.00808768 -1.17619 1.21192 1.90081 0.901575 0.276138 0.276138 
-0.365891 -0.365891 -0.706531 -0.237659 -1.65819e-005 -0.413283 -0.330236 -0.359651 -1.00374 -0.438482 0.353567 -0.418686 0.242085 2.09949 1.16964 -1.39917 -0.773034 0.578521 -0.0463462 0.790082 0.644493 -2.13867 -1.95768 0.312254 1.09826 1.6766 0.994987 0.994987 
-0.587575 -0.587575 -0.128044 0.528621 -0.553076 -0.168292 0.339773 -0.510056 -0.169917 1.18744 0.80638 -0.437312 -0.182878 -0.220364 -0.812259 -1.29272 0.135938 0.844459 -0.817479 -0.464969 2.21705 2.12174 -1.6194 -2.06671 0.962534 1.32115 0.0767791 0.0767791 
0.39222 0.39222 0.488695 -0.0805822 0.294673 0.0580972 -0.832656 -0.908174 -0.443048 -0.0429557 0.62159 0.535689 -1.07097 -0.624913 0.767561 -0.0621122 -1.25763 -0.881704 0.625369 0.458371 0.425218 0.846542 -0.770597 -2.27003 -1.81276 1.46063 1.84563 1.84563 
1.38115 1.38115 1.5165 -0.144256 0.466788 0.0635313 -1.02199 -0.658629 -0.390844 0.455809 0.769623 -0.637856 -0.571171 1.03747 0.0162016 -1.55093 -0.186653 1.50933 1.38095 -1.29934 -2.21308 0.126841 0.14903 -1.115 -1.2424 -0.0708523 0.424314 0.424314 
-0.20131 -0.20131 -1.28153 -0.83595 0.699027 1.23392 0.360507 -1.1214 -0.774565 0.405241 0.420662 0.12653 -0.00803295 1.14608 1.59966 -0.554899 -0.355126 1.1166 0.0510254 -1.29956 0.43577 1.80483 -0.312736 0.605019 1.48028 -1.58635 -1.4762 -1.4762 
0.310631 0.310631 0.178119 -0.56451 -1.01804 0.201752 1.67966 0.794036 -0.605654 0.19501 1.01019 -0.280885 -0.923464 -0.426733 -0.125164 -0.854046 -0.557255 1.30456 0.160837 -1.70938 -0.39379 1.54099 -0.694246 -1.96076 1.94671 1.56509 -0.542152 -0.542152 
-0.548983 -0.548983 0.255737 1.07061 -0.0791516 -0.248455 -0.0306163 0.165681 0.337176 0.0897365 0.41388 0.758258 -0.629619 -1.48101 0.720267 1.91102 -0.132299 -1.41508 0.160128 2.02411 0.439184 -1.93593 -1.81021 0.0136084 1.72558 0.236119 -0.730377 -0.730377 
0.237029 0.237029 0.299456 -0.76695 -0.222302 0.814202 0.309956 -0.368542 -0.747812 0.183975 0.346351 -0.611785 -0.748928 -0.269779 0.302771 1.02297 0.294135 -0.771534 1.5445 2.8467 -1.47168 -2.63121 -0.0649492 -0.572313 -0.903721 0.454157 0.629138 0.629138 
0.953035 0.953035 0.716808 0.0231532 0.225461 -0.563332 0.519734 0.528129 -1.16078 0.023036 0.302994 -0.992228 -0.386337 -0.195484 -0.521567 0.672819 1.66752 1.42663 -1.05864 -2.67043 0.961469 1.99255 -1.01069 -0.849655 -0.23865 -0.660129 -0.329224 -0.329224 
-0.357588 -0.357588 -0.525928 -0.388883 0.0160512 1.13456 0.779154 -0.245396 0.175782 0.0714267 -0.896392 -0.46609 -0.0202053 1.15585 0.825455 -2.26202 0.485461 2.14754 -1.94645 -0.63508 2.2578 0.251459 -1.25298 -0.177967 -0.252491 -0.226873 0.355697 0.355697 
0.158592 0.158592 0.826982 0.607099 -0.355265 -0.653995 -0.991279 -0.291878 1.1985 0.274574 -1.30136 -0.990839 0.0356244 0.462974 0.496897 0.742285 -0.247554 -1.92362 -0.337896 2.39031 1.00496 -1.03149 -1.00376 -1.75509 -0.0762867 1.70806 0.447432 0.447432 
