23
0.331249 0.344836 0.241053 0.15056 0.301478 0.383835 0.415229 0.453377 0.565625 0.672065 0.81733 0.926929 0.934189 0.845543 0.72001 0.469604 0.258629 -0.235056 -0.846186 -1.35584 -1.82306 -2.27818 -2.29322 
-0.335676 -0.259231 -0.262972 -0.121564 -0.236436 -0.182598 -0.165466 0.342994 0.378541 0.382002 0.400317 0.528891 0.565145 0.879603 0.930983 0.981587 0.945088 1.28016 0.535666 -0.273894 -1.09084 -2.35691 -2.86539 
1.40845 1.14543 1.18743 1.06262 0.79259 0.779094 0.826712 0.406682 -0.076696 -0.373638 -0.960098 -1.35307 -1.35353 -1.25153 -1.48896 -1.11598 -1.01024 -1.03779 -0.242581 0.384471 0.575708 1.20109 0.493846 
1.0808 0.871026 1.15652 1.33871 1.1601 1.00064 0.969582 1.12293 0.845205 0.731429 0.32028 -0.0833686 -0.435524 -0.785349 -1.20809 -1.31091 -0.969342 -0.836519 -1.37643 -1.16082 -0.952535 -0.447178 -1.03115 
-1.19624 -0.898864 -1.07934 -1.55367 -0.967579 -0.634408 -0.647907 -0.687678 -0.692736 -0.630356 -0.591582 0.0285638 -0.00543548 0.0425348 0.257758 0.408261 0.738338 1.0706 0.622631 1.63456 1.8574 1.39596 1.52919 
-0.882494 -0.86816 -0.864682 -0.838498 -0.864232 -0.884609 -0.948673 -0.90653 -0.807725 -0.799842 -0.730254 -0.602204 -0.324849 0.0513571 0.326608 0.606414 0.875756 1.01904 1.25314 1.43371 1.52872 1.52289 1.70512 
2.0987 1.32228 1.04418 1.0658 1.03295 1.00373 0.959911 0.740845 0.127682 -0.345791 -0.023002 0.0456295 -0.197435 -0.718157 -1.26566 -0.902662 -1.21064 -1.19147 -1.61172 -1.02096 -0.411979 -0.0219502 -0.520276 
-1.00227 -0.94222 -0.730424 -0.484321 -0.773832 -0.0837499 0.353154 1.18026 0.904479 1.471 1.76976 1.53111 1.33869 0.949134 -0.161975 -0.746795 -1.21685 -1.55257 -1.17468 0.11552 -0.157649 -0.288191 -0.297585 
-0.887059 -1.19492 -0.880071 -1.00637 -0.852638 -1.1959 -1.38543 -1.1638 -0.867483 -0.683789 -0.457013 -0.00320692 0.540607 1.03392 1.27532 1.15173 0.821322 1.42901 0.898034 1.3748 0.746396 0.650015 0.656523 
1.26638 1.78586 1.33647 1.09945 0.959902 1.10685 1.06558 0.409109 -0.0359277 -0.272857 -0.792301 -1.2142 -1.58481 -1.3458 -1.06718 -0.862758 -1.04088 -0.898372 -0.125814 0.269221 -0.440151 -0.067044 0.449262 
0.289671 -0.176881 0.386779 0.679774 0.718223 0.784009 0.786624 1.1098 1.51536 1.3803 0.929723 0.600739 0.281946 -0.715594 -1.22654 -1.59937 -1.4577 -1.74714 -1.33576 -0.820446 -0.720504 0.149185 0.187812 
-0.535812 -0.686005 -1.03109 -1.24838 -1.62358 -1.1429 -1.05648 -1.00686 -1.26836 -0.766013 0.345711 0.502792 0.64416 1.36916 0.833095 0.50663 1.07706 1.19283 1.63946 0.301194 0.765417 0.803187 0.384796 
-0.626318 -0.727208 -0.127261 0.228839 0.142921 -0.42486 -1.32405 -1.39717 -1.34995 -0.938806 -0.516835 0.0608529 1.01922 1.51628 1.55031 1.94218 1.36428 0.125292 0.678186 0.643301 -0.0558947 -0.522672 -1.26062 
0.35879 0.35879 0.128732 0.69172 1.07379 0.809591 0.711873 0.890593 1.04154 1.11453 1.12151 0.81646 0.378264 0.084739 -0.272816 -0.461677 -0.999418 -1.88392 -1.91922 -1.60111 -1.48057 -0.481094 -0.481094 
0.419333 0.419333 0.497638 0.363683 0.258129 0.417244 0.965228 0.987424 0.378717 0.357946 0.508753 0.530377 0.754434 0.772666 0.454627 0.3487 0.691588 -0.161805 -1.54151 -1.62883 -2.1791 -1.80729 -1.80729 
-0.283 -0.283 -0.0536078 -0.571501 -0.386751 0.140478 -0.53428 -1.41562 -1.21132 -1.38241 -1.54181 -0.569171 0.252382 -0.140947 0.308827 0.878426 0.213612 1.35798 2.44449 1.44202 1.43925 -0.0520302 -0.0520302 
0.515962 0.515962 1.41488 0.350533 -0.43299 -0.0946139 0.622764 0.0570732 -0.555536 -0.861532 -1.52632 -1.39102 -1.26759 -1.42946 -0.862995 0.889855 1.43028 -0.591294 -0.401425 1.31447 1.97896 0.162018 0.162018 
-0.210777 -0.210777 -1.97534 -0.22254 1.62387 0.252864 -0.59989 -0.580588 -0.347014 -0.246789 1.02858 0.862176 -0.446139 0.123723 0.358172 0.620792 1.0364 -0.742655 0.811443 2.34529 -1.02366 -1.22857 -1.22857 
-0.894045 -0.894045 -0.842885 -0.968996 -1.17001 -1.33547 -1.06557 -0.362463 -0.510362 -0.636491 -0.117725 0.779219 1.85052 1.84144 1.42527 1.39977 0.810409 0.658238 0.819209 0.218747 -0.585956 -0.209399 -0.209399 
-1.39658 -1.39658 -0.0564345 0.355397 0.270027 0.251618 -0.0671964 -1.0233 -1.45053 0.121222 1.03158 0.0813399 -0.908363 -1.4196 0.0644263 0.466657 -0.110737 -0.299276 0.66062 2.38901 2.0519 0.192403 0.192403 
0.243787 0.243787 0.462861 -0.127425 0.395357 1.25071 1.41205 0.572868 0.266027 0.942552 -0.00552639 -0.583898 -0.761591 -1.84334 -2.07326 -1.31842 -1.02511 -0.0266556 1.88785 1.12123 -0.551682 -0.241087 -0.241087 
-0.302557 -0.302557 0.0991841 -0.257318 -0.737386 -1.49694 -0.24699 0.828055 0.744108 0.590236 1.18792 1.88944 1.97686 1.3077 -0.0573325 -1.32259 0.295527 -0.148278 -0.437974 -0.653552 -1.92178 -0.516885 -0.516885 
0.222507 0.222507 -0.942699 -0.465457 0.125955 0.277324 -0.960147 -1.58205 -0.935845 -1.05045 -1.33534 -1.10611 -0.0881544 0.911826 0.858554 0.155052 0.0596932 1.52397 1.91293 -0.369607 -0.403381 1.48446 1.48446 
0.060106 0.060106 1.10612 0.382823 0.0699227 0.0205729 0.375031 0.929952 0.298893 -0.880134 -1.14719 -0.965712 -1.88641 -2.15103 -1.29071 -0.39197 -0.277137 0.0942937 1.20258 0.773682 1.2617 1.17726 1.17726 
-0.821645 -0.821645 -0.919749 -0.963769 0.0567161 0.731639 0.101391 -0.407307 0.254632 2.2624 1.75759 0.338848 1.16919 0.178731 -1.35859 0.259186 0.905765 0.724763 -1.40115 -1.37542 0.636447 -0.654006 -0.654006 
0.565724 0.565724 1.03713 0.329629 -0.623397 -1.46233 -0.952062 0.0242128 0.523752 0.91032 1.08212 1.63543 1.55226 0.598772 0.490267 -0.140972 -1.82328 -0.656815 0.585274 -0.706313 -1.15183 -1.19181 -1.19181 
-0.279588 -0.279588 0.546782 1.44528 0.231112 -0.473133 0.176995 0.541999 0.386792 0.175467 -0.379412 -1.03285 -1.01594 -0.897576 -0.743948 -1.00843 -2.02951 -1.29201 0.473211 0.701962 1.70209 1.52516 1.52516 
0.383019 0.383019 0.179705 -0.099353 0.345462 1.33739 1.12958 -0.626026 -0.691241 0.461536 0.525881 0.637058 0.631911 -0.190872 -0.379318 0.623825 -0.510667 -3.12518 -1.96246 -0.703555 -0.00669528 0.82849 0.82849 
0.26532 0.26532 -0.254823 -0.299659 0.750004 -0.113238 -1.52792 -0.645047 0.068282 -0.296993 0.851705 1.83692 0.465017 0.091622 1.05873 -0.0606975 0.51657 2.2755 0.119336 -0.974671 -1.46561 -1.46283 -1.46283 
0.690482 0.690482 -0.0674642 -1.26557 -0.266659 0.802169 0.158361 -0.788754 -0.603819 -0.640976 -0.326721 0.234591 0.0229651 0.33846 1.70198 1.68343 -1.00442 -1.25406 1.40748 1.74547 -0.770347 -1.24355 -1.24355 
-0.967982 -0.967982 0.0988226 2.29656 0.395326 -1.24746 -0.40128 0.259889 0.309141 0.943205 0.780929 -0.791572 -0.343461 0.595508 0.408512 0.518772 -0.72385 -0.0309351 1.98539 -1.01092 -2.06917 -0.0187272 -0.0187272 
-0.035707 -0.035707 -0.202665 -0.536513 -0.588619 0.0348195 1.18474 0.631609 -0.466225 0.416376 1.77082 2.50233 1.30283 -0.666431 -0.688163 -0.917456 -1.08515 -0.0917868 -0.68528 -1.96374 -0.670262 0.395087 0.395087 
0.810397 0.810397 1.08294 0.139551 -0.145178 -0.299668 -0.920223 -0.99197 0.680933 1.56613 -0.102891 -1.36033 -1.0698 0.567283 1.17181 -0.192418 -0.583383 0.433977 1.70258 0.844236 -1.53018 -1.30709 -1.30709 
0.196896 0.196896 -0.291018 -0.0399812 1.15494 0.856188 -0.544467 -0.931457 0.321386 -0.208642 -1.2459 -0.609126 -1.0252 -1.06837 0.449697 0.882189 1.08355 2.42359 0.964625 -2.00064 -1.11024 0.272544 0.272544 
0.285533 0.285533 -0.0122562 -0.748838 -1.08551 0.359587 1.89204 0.777826 -0.248697 0.320677 1.03519 0.608957 -0.535981 -1.74922 -2.24714 0.244701 0.930867 -0.662744 -0.472105 -1.28948 0.0641143 1.12347 1.12347 
-0.944727 -0.944727 -0.599598 0.670745 0.435082 -0.887521 -1.44673 -0.0845045 0.282359 -0.390987 -0.142329 0.799857 1.35724 0.582557 -0.64936 -0.679795 0.887892 1.23813 -1.47147 -1.77717 1.23874 1.26316 1.26316 
0.979918 0.979918 0.198526 -1.26954 -0.54146 0.179504 0.832311 -0.232367 -2.10559 -1.71235 -0.242565 -0.948711 -1.43064 0.493437 1.75024 0.944878 0.37521 1.44846 0.583847 -0.0862376 0.285885 -0.241335 -0.241335 
-0.0353858 -0.0353858 -0.0651638 0.69153 1.17787 0.0612 -0.739485 0.134642 1.83696 1.04768 -1.27025 -0.367054 -0.0773361 -1.679 0.0854045 1.56275 0.345928 -1.52958 -1.38974 1.40935 0.518997 -0.841976 -0.841976 
0.520035 0.520035 -0.0876267 -1.31105 -1.42393 -0.167134 1.39192 1.3827 0.876214 0.594723 0.737938 0.518948 -0.775218 -0.796976 -0.520203 -1.87192 -0.327897 2.18382 0.0726383 -1.37682 -0.301832 0.0808145 0.0808145 
