23
1.12787 1.01901 1.05577 0.995191 0.914423 0.822114 0.977427 0.958526 0.862065 0.631214 0.330766 0.217917 -0.014457 -0.253738 -0.496605 -0.562237 -0.596331 -0.718795 -0.852729 -1.16585 -1.51378 -1.73306 -2.00471 
0.192184 0.521604 0.691886 0.869242 1.25404 0.942574 0.459896 0.79472 0.945404 0.721746 0.561319 0.653997 0.389706 0.229171 -0.0773619 -0.285642 -0.611301 -0.570037 -0.793293 -1.16158 -1.34023 -1.64528 -2.74276 
-0.398817 -0.313452 -0.622027 -0.587592 -1.06102 -1.04774 -0.911984 -0.823048 -0.781282 -1.05612 -0.73336 -0.775252 -0.370959 0.339633 0.317654 0.300004 0.702176 0.149216 0.446945 2.02418 1.87956 1.88759 1.43569 
1.15025 1.26675 1.31869 0.945414 0.757824 0.759957 0.297236 0.623663 0.430152 0.381932 0.228376 0.603223 0.36712 -0.0673086 0.145006 -0.39452 -0.117189 -0.760211 -1.39947 -1.56703 -2.23873 -1.35383 -1.3773 
-0.727225 -0.8538 -0.757938 -0.506001 -0.950336 -1.22168 -0.972844 -0.889485 -1.0802 -0.397107 -0.171638 -0.20088 -0.19369 0.172429 0.663472 0.422865 0.298168 0.390016 0.33 0.665192 1.21684 2.18487 2.57897 
-0.417065 -0.66248 -0.607112 -0.596425 0.10124 -0.617146 -0.588176 -0.491609 -0.545503 -0.822489 -0.706914 -0.726757 -0.586285 -0.641513 -0.204968 -0.342238 0.0921512 0.0953572 0.772458 0.794058 1.64752 2.38966 2.66424 
0.249784 1.069 1.53003 0.776963 0.461578 0.9826 0.628057 1.10502 0.792179 0.00321071 0.844504 0.68661 0.490257 -0.0897859 -0.996261 -0.84028 -0.35858 -0.631215 -0.330763 -1.09315 -1.56219 -1.61909 -2.09849 
-1.23617 -0.51401 -1.05563 0.136666 -1.21588 -0.647119 -1.41193 -1.35763 0.347953 -0.751509 0.604411 -0.959372 0.331557 -0.156104 -0.299129 0.882689 1.47152 1.22651 0.792968 1.74832 1.39367 0.984362 -0.316128 
-0.770118 -1.67797 -1.22608 -0.85369 -0.665994 -0.948902 -0.824977 -0.512867 -0.696853 -0.517348 -0.281184 0.253484 0.132892 0.43895 -0.333786 -0.382474 0.702965 0.666716 0.907149 1.44245 1.58404 1.72683 1.83677 
-0.992775 -0.349666 0.319156 0.833803 1.37742 0.028612 0.512433 0.484427 1.69223 0.858049 0.691961 -0.536725 -0.139922 0.414273 0.478433 -0.115972 -1.02348 -0.975674 -0.34981 -0.746334 -0.720456 -2.89332 1.15334 
-1.69725 -0.0231984 -0.70623 -1.24578 1.09784 1.11104 0.655909 1.28215 0.959416 0.271375 0.0790915 -1.79525 -0.45705 0.494518 -0.685328 -0.972571 -0.881288 0.396117 0.384448 -0.982317 1.29337 -0.220431 1.64142 
-0.96525 -1.06582 -1.03527 -1.07028 -0.902822 -0.0798312 -0.25754 -0.164167 -0.117074 -0.786125 -0.525359 -0.714831 -0.349266 -0.609744 -0.390068 0.215054 0.535946 0.984516 0.522447 0.650754 1.92473 2.42553 1.77446 
-0.183857 0.854366 0.837697 1.77461 0.892397 0.63683 1.66034 1.91928 0.663055 0.315016 -0.638564 -1.11212 -0.551958 -0.929538 -1.13288 -0.452618 -1.18608 -1.18759 -0.892162 -0.200744 -0.694586 0.392046 -0.782945 
0.948842 0.948842 1.16883 0.633337 0.488733 1.56447 1.89897 0.751718 -0.214064 -1.14355 -0.605861 -0.295678 -0.871784 -0.919593 -0.128339 0.822964 0.564006 0.109069 -0.759669 -1.73479 -1.30719 -0.959627 -0.959627 
1.41839 1.41839 1.13488 1.53482 0.623466 -0.993858 0.211085 1.39193 0.350691 -0.229345 0.360433 0.166787 -0.305305 -0.38406 -0.473075 -0.508736 -0.0434844 0.147438 -0.616137 -0.532964 -0.415071 -2.12814 -2.12814 
-0.599046 -0.599046 -0.681578 -0.948725 -0.983013 0.00418205 0.12679 -0.0255276 -0.615028 -0.159675 0.217819 0.349942 1.56935 0.878572 -0.301551 0.38579 -0.481685 -0.650936 2.80106 2.08424 -0.458672 -0.956632 -0.956632 
0.693425 0.693425 -0.283917 -0.761898 -0.0127769 -0.561793 0.0853264 0.622528 -0.125071 -0.0453413 0.798878 0.634157 -0.98073 -0.0859264 -0.295644 -0.165906 -0.372429 -2.20145 -1.25269 -1.31744 0.782729 2.07627 2.07627 
-0.632964 -0.632964 0.0243978 -0.913764 -1.82254 -0.618714 -0.00270451 -0.766065 0.275486 0.998267 -0.238838 -0.617922 0.0686991 0.909006 -0.144693 -1.21405 -0.636675 -0.524343 -0.101727 0.96055 2.05959 1.78598 1.78598 
-0.945202 -0.945202 -0.453853 0.778437 -0.620339 -1.90327 -0.339734 -0.498714 -1.2154 -0.890262 -0.396916 -0.349151 -0.417039 0.150998 -0.0064057 -0.010541 0.258971 0.72463 0.759919 1.09827 2.48068 1.37006 1.37006 
1.98339 1.98339 -0.142523 -1.19233 0.530386 0.47744 0.417868 0.474251 -1.23744 0.323091 1.17638 -0.226644 -0.797438 -1.75761 -0.762415 1.11456 0.535021 0.289951 -0.372247 -1.41269 -0.458789 -0.472797 -0.472797 
0.156054 0.156054 0.67316 -0.218783 -0.90461 -0.258156 -0.824014 1.89319 0.624151 0.239558 -0.27115 -0.342635 0.840996 -0.736217 1.10005 1.90503 0.335644 -0.788866 0.531424 0.618191 -0.882802 -1.92313 -1.92313 
-1.41262 -1.41262 1.13994 0.613181 -0.693353 -0.820499 0.365853 -0.248065 -0.512454 0.325246 1.03337 0.322068 -0.133736 -1.43398 -2.14128 1.56356 1.58837 -0.0964152 1.04315 0.846075 0.063468 0.000366607 0.000366607 
1.03288 1.03288 0.921445 0.812834 -0.803622 -0.85549 0.290241 0.918257 0.218941 -0.97284 -1.31506 -0.826776 0.719789 0.431237 -0.56512 -1.40799 -0.850907 0.479216 0.0937843 -0.426675 -1.96757 1.52027 1.52027 
0.654309 0.654309 -1.16477 1.32246 1.77669 -0.523255 -0.0194727 0.0893285 -0.990715 -0.883514 -1.85839 -0.600673 1.72159 -0.347679 -1.3657 -0.32112 0.964669 0.880065 -1.29285 0.586843 0.466014 0.125931 0.125931 
-0.553457 -0.553457 -0.443947 -0.21528 1.2178 0.64129 -0.577367 -0.20189 -1.47534 -1.11845 -0.317423 -0.142381 -0.260982 -0.504654 0.941128 1.11019 0.848703 -0.459051 -0.993976 1.90568 2.52785 -0.68749 -0.68749 
1.19038 1.19038 1.07297 0.0698535 -1.31216 0.896465 1.49274 -1.14934 -1.85278 -1.50204 -1.64751 0.106831 0.218067 -0.666791 0.559182 -0.0551926 -0.845327 0.347089 1.15016 0.235439 0.693469 -0.0959415 -0.0959415 
0.346045 0.346045 -0.166888 -0.516118 1.02723 1.48614 -0.643183 -1.88868 -1.6801 -0.239965 0.94748 -0.119393 -0.462304 0.847448 1.80447 0.798501 -0.548492 -1.13258 -1.63085 -0.389127 0.877832 0.468245 0.468245 
0.110307 0.110307 0.505292 -0.114774 -2.10704 -0.0169663 2.74653 0.528183 -1.21088 0.399927 0.78153 -0.267184 -0.153716 0.224614 0.267174 0.814574 1.03835 -0.175252 -0.281666 0.58888 -1.18511 -1.30154 -1.30154 
-0.0174837 -0.0174837 -0.195764 -0.163569 0.673516 0.778221 0.0177672 -0.457458 -0.051929 0.593394 0.377686 0.939537 0.390375 -1.21095 -0.291264 -0.0826182 -0.654264 2.22834 1.86291 -2.13779 -1.99173 -0.294719 -0.294719 
-0.870946 -0.870946 -1.24554 0.107479 0.0518097 -0.0281282 0.823132 -0.269897 -0.628414 0.61908 0.427507 -1.49967 -0.669335 0.431885 -0.16769 -0.165187 -1.70025 -0.794861 0.587783 1.49013 2.55461 0.908727 0.908727 
0.379112 0.379112 -0.447383 -1.82711 0.0599249 1.40322 -0.329818 0.0450728 1.35432 -0.653112 -1.62382 0.070926 1.14518 -0.387998 -2.07036 -0.633429 0.407605 0.271269 1.10814 1.70405 0.527179 -0.441043 -0.441043 
0.32552 0.32552 1.59114 -0.350108 -2.93337 0.109075 1.26343 -1.07847 -0.581259 0.661502 0.376627 -0.199787 0.334558 0.242621 -0.345028 0.0934352 0.575937 0.335379 0.204631 1.58819 0.100019 -1.31978 -1.31978 
-1.19991 -1.19991 -1.89231 0.646048 1.30353 0.128021 0.200129 -0.889523 0.102534 1.79426 -0.160346 -1.0996 -0.807513 0.225331 2.09657 1.05796 -0.341639 -0.396156 -0.920745 0.145153 0.822138 0.192993 0.192993 
0.523207 0.523207 -0.124359 -0.997709 0.119194 0.206293 1.70969 1.19917 -1.05278 -0.502225 -0.274902 0.955216 -0.137968 0.335859 2.06537 -0.407194 -1.80803 0.289919 1.16933 -0.878973 -1.69727 -0.60752 -0.60752 
1.36903 1.36903 1.05839 -1.21744 -0.981775 0.488357 0.201292 -0.654255 0.201809 0.775333 -0.138164 -0.82457 -1.17189 -1.3202 1.63146 2.0632 -1.11523 -0.457819 0.419526 -0.71404 -0.63503 -0.173503 -0.173503 
-0.176541 -0.176541 -0.240324 -1.12417 -1.09084 0.531285 0.930555 -0.152971 -1.22167 -1.01196 -0.0253217 1.08389 0.627684 -0.865678 -1.19121 -0.278932 0.997187 0.443682 -0.643095 -1.32165 1.03227 1.93718 1.93718 
-0.99231 -0.99231 0.477447 1.8208 -1.00805 -0.978767 0.444613 -0.491303 -0.492249 -0.430103 0.249761 2.19811 0.232124 -1.74172 0.098318 1.45969 0.79243 -1.25139 -0.0906469 1.12197 -0.189738 -0.118338 -0.118338 
0.147402 0.147402 0.278964 1.04047 0.577215 -0.948433 -0.400717 -0.432242 -0.442935 0.750592 0.645967 0.11687 -0.124033 0.776018 1.01348 0.031221 -0.818446 -0.975768 1.44492 2.11064 -1.40756 -1.76551 -1.76551 
0.0235817 0.0235817 -0.67477 -1.55516 0.680788 2.05803 -1.31893 -2.22376 -0.140225 0.248224 1.22538 1.4041 -0.433261 0.342796 0.531101 -0.872471 0.385379 1.49453 0.0275904 -0.212617 -0.125381 -0.444252 -0.444252 
