39
-0.0754581 0.143055 0.277752 0.413501 0.56271 0.614663 0.680108 0.723728 0.669321 0.641506 0.638525 0.573468 0.542168 0.508034 0.456446 0.479984 0.469811 0.390501 0.466137 0.441006 0.451054 0.413066 0.362764 0.423023 0.4304 0.384841 0.448235 0.340293 0.179948 0.00332719 0.082724 0.0544458 -0.194515 -0.816156 -1.82618 -2.31334 -2.21015 -2.81004 -3.02071 
1.34976 1.0081 0.831889 0.655078 0.400256 0.422058 0.427286 0.376785 0.493073 0.315569 0.132865 0.216884 0.533841 0.501354 0.612322 0.482049 0.453768 0.632988 0.43966 0.602857 0.631488 0.849695 0.763619 0.55486 0.52213 0.413208 -0.117192 -0.35029 -0.443922 -0.251298 -0.317768 -0.81503 -0.880128 -1.20082 -1.19179 -1.57122 -1.30064 -2.8345 -3.34884 
0.51632 0.530429 0.243215 -0.241118 -0.573907 -0.553126 -0.996591 -1.55108 -1.42995 -0.499167 -0.0258793 0.165528 -0.12515 -0.0491842 -0.523667 -0.414688 -0.347518 -0.557901 -0.893903 -0.842114 -1.22045 -1.27707 -0.863411 -0.792717 -1.0378 -0.450804 0.509898 1.24832 2.07852 2.65667 1.39523 0.538439 0.995858 1.64232 1.03655 0.45646 -0.69844 0.945261 1.00659 
0.279677 0.408914 0.877104 1.18639 1.21449 0.811245 0.737566 1.13753 1.04824 0.794107 0.865806 1.13422 0.811891 0.750423 0.5987 0.419093 0.274372 0.352238 0.384902 0.293261 0.380048 0.215848 0.0219865 0.0232161 0.216052 0.0829258 -0.474131 -0.343401 -0.360593 -1.13313 -1.20471 -1.36489 -0.198086 -0.934464 -1.86317 -2.80876 -2.31423 -1.07904 -1.24166 
0.873183 0.211292 -0.278562 -0.946362 -1.12001 -0.588631 -0.384644 -0.701499 -0.699567 -0.53685 -0.769915 -1.06265 -0.944022 -0.958962 -0.766875 -0.666175 -0.251675 -0.278223 -0.369704 -0.195873 -0.394155 -0.314647 -0.178143 0.00792184 0.00454047 -0.133023 0.375528 0.15168 0.253934 -0.164636 -0.214347 -0.672028 0.18432 0.509271 1.16532 1.7012 2.15423 3.20549 2.79327 
-2.69435 -2.12158 -1.62409 -0.695765 -0.316609 -0.133459 0.00180701 0.425321 0.00734388 -0.174328 -0.270028 -0.115264 0.331796 0.401314 0.586799 0.613005 0.137544 0.306273 0.500809 0.550416 0.0586844 0.349009 -0.257202 -0.387867 -0.408897 -0.569365 -0.210699 0.22942 0.125754 1.52409 1.32042 1.00378 2.17912 0.39625 -0.371387 -0.386287 -2.6552 1.03808 1.30534 
-0.408075 -0.456166 -0.613807 -0.436633 -0.337903 -0.387713 -0.271819 -0.392734 -0.49122 -0.28966 -0.542138 -0.566449 -0.58618 -0.592611 -0.502086 -0.539484 -0.0665857 -0.288504 -0.304399 -0.443658 -0.0973773 -0.635393 -0.315435 -0.334302 0.203814 0.220896 -0.242226 -0.499498 -0.356837 -0.73798 -0.2642 -0.0929701 -0.472673 0.870452 1.22254 0.981905 2.90195 2.25458 3.91058 
0.919709 0.855236 0.934487 0.973753 0.789353 0.611192 0.350494 -0.0307253 -0.0817564 -0.427581 0.0676308 0.53336 0.333955 0.0526062 0.072475 0.447629 -0.0460275 0.148925 -0.197792 0.0306753 -0.200322 0.284687 -0.057394 -0.227113 -0.968223 -0.470084 -0.141047 -0.0218307 0.134721 0.590477 0.376245 1.85989 1.34516 0.531967 -0.735657 -1.84173 -0.38433 -3.73512 -2.6779 
0.653722 1.17308 1.51234 1.15792 0.299669 0.0162121 -0.39284 -1.16327 -1.10189 -0.685733 -0.648836 -0.147907 0.446321 -0.670461 -0.933982 -0.944144 -0.461421 -0.812917 -0.126108 0.124 0.477618 -0.167204 0.619055 0.507557 1.36305 0.989114 0.535994 0.850358 0.916677 1.01193 0.717077 1.48679 0.566319 -1.6877 -1.80978 -2.65071 -1.38028 -0.433357 0.793744 
-0.0751643 -0.118753 -0.0124732 -0.459047 -0.511433 -0.522148 -0.267146 -0.0495807 -0.138512 -0.396577 -0.285747 -0.431506 -0.369679 0.0497387 -0.0271256 -0.203672 -0.24538 -0.189379 0.00317509 0.0150744 -0.201687 -0.099251 -0.568514 -0.564702 -0.606752 -0.937315 -0.65052 -0.760269 -0.858749 -0.626677 -0.637428 -0.404472 -0.652057 0.782824 1.29379 1.25738 1.28429 3.44926 3.73618 
-1.74241 -1.82398 -2.51172 -1.69822 -1.00761 -0.311289 0.0564908 0.175009 0.269747 0.821528 0.498759 0.00722899 0.323271 0.475841 0.855563 0.478292 0.830767 0.733992 -0.219486 -0.325337 -0.0178354 -0.045221 0.909563 0.890757 1.01397 1.41557 1.40519 1.06257 0.970022 -0.05134 0.131169 0.850987 -1.54811 0.243982 -0.0709273 -0.305663 -1.61849 0.529392 -1.65203 
-2.19042 -1.72796 -0.812173 -0.394319 0.0853442 0.380662 -0.0994107 0.260842 0.668331 0.619821 0.547529 0.97855 0.703418 1.17793 1.16246 0.972524 0.707347 0.709946 0.938492 0.619977 0.478844 0.961704 0.835841 0.718638 0.737469 0.230836 -0.0263651 0.117349 0.263726 -0.080576 -0.228087 0.542263 -1.28508 -0.808184 -0.677534 -1.06763 -1.80752 -2.87506 -1.33952 
1.01523 0.851965 0.406067 0.530984 0.114691 -0.19018 -0.0381503 -0.730422 -0.511134 -0.437724 -1.45886 -1.0423 -0.805406 -1.51447 -1.40898 -0.642909 -0.15271 -0.473331 -0.591226 -0.596274 -0.218171 -0.803527 -0.144604 -0.873879 -1.21419 -0.964698 -0.671214 -0.176759 -0.114545 1.45205 1.00438 1.74489 1.16426 1.80526 1.64727 1.73493 -0.119333 0.367606 2.0554 
1.19074 1.19074 0.999814 1.03329 0.839987 0.646757 0.627534 0.351053 0.186265 0.304898 0.218985 0.153658 0.224991 0.178189 0.31123 0.40677 0.169515 0.367464 0.492445 0.341143 0.311487 0.172266 0.398907 0.531964 0.287858 0.417081 0.273173 -0.242958 -0.401389 0.151658 0.493861 -0.263608 -1.6324 -3.38804 -3.07784 -0.509828 -0.769869 -1.49389 -1.49389 
-0.441165 -0.441165 -0.129126 -0.277934 0.0980163 0.590259 0.453398 0.663622 0.423222 -0.142734 0.352295 1.29809 1.07756 0.687649 0.502553 0.238972 0.824805 0.51239 0.48206 0.902202 1.00633 0.789202 -0.0189916 0.0819848 0.270965 -0.671062 -0.906112 -0.0793646 0.726474 0.777889 -0.52798 -0.525384 -0.191156 -0.0508335 -0.162036 0.333054 -1.85213 -3.33791 -3.33791 
-0.350197 -0.350197 -0.874333 -0.922258 -0.391105 -0.507486 -1.11241 -0.51871 1.04312 1.41344 0.635947 -0.167401 -0.288794 -0.482074 -0.447359 0.122216 -0.213608 -0.637564 -0.361877 -0.406397 -0.520389 0.312435 0.446307 -0.246386 0.296526 1.56446 1.72371 1.58648 1.41793 -0.781527 -2.29044 -0.482976 1.09777 -0.0202181 -1.31 -1.88745 0.450986 1.72991 1.72991 
0.920272 0.920272 1.18255 0.541481 -0.49644 -0.644696 0.525314 0.502573 -0.450234 -0.215726 0.545454 -0.0285136 -0.509042 -0.260525 -0.432613 -0.422414 -0.0473631 0.211028 -0.0358873 0.0429515 -0.062742 -0.471552 -0.230577 0.332711 0.137 -0.955341 -0.570992 0.215409 -1.10035 -1.17957 -0.287568 1.51634 0.677001 -2.37545 -2.68019 -0.607026 2.56964 1.61241 1.61241 
-2.01871 -2.01871 -2.02814 -1.52338 0.39089 0.993718 -0.360334 -0.682877 0.08267 -0.292459 -1.01951 -0.45809 -0.0146402 0.102621 0.287218 0.642257 0.43913 -0.368571 -0.0487051 -0.219193 -0.369761 0.16466 0.334759 0.111458 -0.405154 0.41205 0.274313 -0.374263 -0.685099 -0.927684 -0.990118 0.456236 1.70556 1.38582 1.72253 1.39844 2.22115 0.839948 0.839948 
0.621058 0.621058 0.912498 0.815504 0.204704 0.004794 0.201814 -0.251665 -0.74772 -0.483558 -0.207791 0.237095 0.167221 -0.0471841 -0.0826858 -0.624446 -0.507623 0.041555 -0.0560861 -0.618601 -0.421291 -0.515127 -0.860201 -0.380544 -0.404973 -0.0937452 0.398539 0.0195775 0.805006 0.72303 -0.682693 0.447652 -0.754178 -2.34679 -0.897629 -2.12818 0.91131 2.99015 2.99015 
-0.741637 -0.741637 -0.330714 0.136952 -0.277106 -0.245796 -0.375505 -0.766572 -0.178322 -0.459229 -0.871257 -0.446686 -0.414069 -0.212943 -0.269433 0.428083 0.0914869 -0.800158 -0.649374 0.0112978 -0.716105 -0.764121 0.182897 0.580857 0.646434 -1.18 -1.68047 -0.575417 -0.801378 -0.197358 0.810265 -0.746637 1.3911 2.72602 -0.163035 2.69719 1.95523 1.47357 1.47357 
0.313215 0.313215 0.427966 0.136327 -0.104181 -0.188578 -0.413191 -0.181268 -0.142116 0.462113 1.35982 0.591464 -0.23492 0.00762989 0.733823 0.165786 -0.0335446 0.128993 0.166065 0.294068 0.577844 0.454969 -0.269262 -0.710649 0.0281042 1.21185 0.792705 0.60191 0.974175 0.564031 1.70104 1.36863 -1.17202 -2.00483 -2.3288 0.685489 -1.79752 -2.24017 -2.24017 
0.743554 0.743554 -0.0502629 -1.13817 -1.0737 -0.665613 -1.10802 -0.680639 0.397349 0.375105 0.452118 0.95844 -0.511212 -1.29046 -0.285119 0.392826 0.0827321 0.268139 0.814683 0.511987 -0.301036 0.0920078 0.57652 0.639418 0.400999 -0.787845 -0.162541 0.309357 0.110297 -0.217816 0.39492 -0.173444 -2.92043 -2.19511 -0.91136 0.353703 1.97793 1.93857 1.93857 
-0.251769 -0.251769 -0.782967 -0.992115 -0.417583 -0.012396 0.288514 -0.164846 -0.791802 -0.528484 -0.380448 -0.445042 0.299953 0.117135 -0.668441 -0.6221 -0.315566 -0.00677049 -0.0649026 -0.604446 -0.485105 -0.817944 -0.947945 -0.384809 -0.825568 -0.392098 -0.101031 -0.608885 -0.15831 -0.0426693 -0.0415036 -0.353688 1.23064 2.23054 0.291132 -0.346937 2.55485 2.89759 2.89759 
-1.00389 -1.00389 0.103537 1.80891 1.66394 1.26451 0.54962 0.211796 0.747853 0.23129 -1.05956 -0.269182 0.527737 0.606526 -0.0490256 -0.0827365 0.26431 -1.35149 -1.36272 0.197437 0.294518 1.09537 1.10599 0.0771258 0.597275 0.431979 -0.488808 -0.590473 -1.43026 -1.08993 1.06435 -2.12975 -0.803079 1.77559 -0.73211 -1.96679 0.981122 -0.0935483 -0.0935483 
1.89504 1.89504 1.83189 1.21443 1.04094 -0.317845 -0.225912 1.03069 0.451969 -0.227301 0.451615 0.164436 0.226012 0.593639 -0.347084 -0.700618 -0.428027 0.270982 -0.183648 -0.707036 0.427543 0.449163 -0.400401 -0.195546 -0.746897 -1.1377 -0.216945 0.354439 -0.336491 -0.752577 0.82554 -1.55276 -1.96822 0.803893 -0.423595 -1.6561 -2.61521 0.606325 0.606325 
-0.771795 -0.771795 -0.436603 -0.402169 -0.90206 -0.241038 -0.691629 -0.6134 0.277174 -1.16558 -0.766452 0.696774 -0.612457 -0.765294 0.950455 1.39792 0.133972 -0.57331 -0.206262 0.370638 -0.304325 0.0223002 -0.145094 -1.30732 -0.168899 0.568276 0.853194 0.584201 1.83122 1.23817 0.277341 0.122687 0.00694303 0.498532 -0.145068 -2.11803 -1.65361 2.46619 2.46619 
-0.0314736 -0.0314736 0.00389284 0.00138013 -0.238133 -0.0542189 -0.142172 -0.295961 0.121473 0.204805 0.010453 0.176582 0.196154 0.261348 0.41173 0.020515 0.12871 0.51141 0.142429 -0.0209443 -0.00818147 0.262595 0.550255 0.0529141 0.0488637 0.154722 -0.527091 -0.542434 0.587146 1.11606 -0.268489 -2.07615 -3.13071 -1.35686 3.21105 2.60859 -0.86942 -0.594689 -0.594689 
0.499593 0.499593 0.348084 0.413155 1.06584 0.543723 0.256585 0.151165 -0.639105 0.109676 1.64887 0.920321 -0.439634 -0.403556 -0.274932 0.509991 0.460272 -0.167076 0.578777 0.715675 0.0668392 -0.862043 -0.538165 0.47711 -0.584827 -1.01655 0.784328 1.84411 1.0547 -1.09534 -1.14504 0.524827 0.665055 0.211539 0.572746 -1.53888 -3.55571 -1.33086 -1.33086 
-0.444265 -0.444265 -0.477013 0.244081 0.197304 -0.578992 -0.0937842 1.38679 1.23415 -0.364345 -1.16632 -0.718003 -0.301135 -0.194465 0.326804 0.0736099 -0.605283 -0.187429 0.0718444 -0.194429 0.405072 0.574442 -0.467965 -0.188463 1.15126 0.889096 -0.0710732 -0.295053 -1.7042 -2.6201 0.117889 2.2291 0.230094 -1.73138 -1.36202 1.11719 2.38568 0.787792 0.787792 
0.15834 0.15834 -0.256651 -1.09833 -0.779308 0.649986 0.731238 -0.642959 -0.47643 0.633113 0.10975 -0.694065 -0.161633 0.0380344 -0.11624 0.237948 0.398615 -0.0040129 -0.120246 -0.0288261 -0.344504 -0.120089 0.509194 0.226508 -0.845257 -0.469757 0.746439 -0.354117 -0.914477 0.514706 1.73374 0.612968 -2.53077 -2.18471 1.13334 3.38701 1.4253 -0.631099 -0.631099 
-0.120151 -0.120151 0.383676 2.30383 2.40172 -0.860575 -1.78424 0.331451 0.278963 -1.21088 -0.276062 0.892277 0.448942 0.190566 0.427906 0.0408964 -1.1197 -0.597671 0.0383675 -0.4312 0.27241 0.592486 -0.16384 -0.849285 0.189302 0.567478 -0.8956 -1.06838 -0.663137 -0.415192 1.27063 2.57997 0.817138 -0.0938002 -0.0981387 0.386969 -0.668203 -1.48939 -1.48939 
0.0915553 0.0915553 0.010213 -0.746438 -0.832747 -0.15528 -0.367932 -0.949169 -0.34733 0.299947 0.451509 0.161642 -0.391263 -0.362438 -0.636969 -0.509224 0.405676 0.225819 -0.706487 -0.459131 -0.0660797 -0.520942 -0.0399903 0.228915 0.0876634 0.520997 -0.05782 0.188021 0.437084 -1.40049 -0.383798 -0.212806 -2.49637 -0.27316 0.0304732 1.36418 4.13956 1.59053 1.59053 
0.282518 0.282518 0.724201 -0.0549465 -0.467059 -0.198507 -0.597418 0.0806523 0.184692 -0.760013 -0.0937299 0.326212 0.115181 0.0310249 0.499836 0.235292 -1.26558 -0.805275 0.660797 -0.168599 -0.837914 0.743479 1.16468 0.332207 -1.7686 -2.3032 0.46542 0.724676 0.251479 1.41653 -0.624338 0.442993 3.17415 -1.57337 -0.132802 1.895 -1.26122 -0.560479 -0.560479 
0.215737 0.215737 -0.03187 -0.333492 -0.15754 -0.144045 0.124518 0.34846 0.664555 1.39348 0.228133 -1.23565 -0.377376 0.940794 0.252589 -0.5332 0.0870735 0.287784 0.258464 0.46792 0.254919 -0.600899 -0.871322 0.370781 1.75055 0.767473 -0.399542 0.272383 0.0861517 0.735433 0.801436 -2.32098 -2.74583 -0.863818 2.40245 0.569381 -2.36563 -0.257506 -0.257506 
-0.650926 -0.650926 -1.50029 -0.830195 0.337776 -0.0579633 -0.0428982 1.14413 0.793089 0.0115936 0.424264 -0.783271 -1.78696 0.145353 1.28303 0.256028 -0.128513 0.540293 0.159214 -0.902246 -0.359058 0.653972 0.396216 -0.168202 -1.14548 -0.471141 0.825457 0.181847 -0.442749 0.191049 0.0034769 -2.61958 -1.60955 1.53739 1.95878 2.2246 1.20619 -0.0618991 -0.0618991 
-0.672252 -0.672252 -0.87665 0.203971 0.804356 0.536948 -0.302103 -1.2089 -0.508496 0.248898 -0.0715687 0.511835 0.396296 -1.09952 -0.875564 0.191746 0.448241 0.0918562 -0.737219 -0.563776 -0.361765 -0.605446 0.270184 -0.0335174 -0.160239 0.55497 -0.364979 -0.209094 0.400243 -0.0389615 -0.457072 1.09014 2.37243 -1.07129 -2.67206 2.0592 3.01773 0.181839 0.181839 
0.698224 0.698224 1.82166 0.996624 -0.389933 -0.765377 -0.724798 0.0992816 -0.0184651 -1.22196 -0.360998 1.01434 0.545575 -0.411256 -0.485366 0.175106 -0.867113 -1.10313 0.989066 1.06042 0.560219 0.503258 -0.702089 -0.366428 0.202456 -0.746777 -0.704859 -0.651496 -0.360333 1.61204 -0.7163 -1.2615 2.54138 0.0154441 -2.49665 1.0973 1.20271 -0.739258 -0.739258 
-0.0554456 -0.0554456 -0.494105 -0.572491 -1.09915 -0.910585 0.94745 0.470999 -0.904291 -0.0108337 0.267717 -0.170857 0.294333 -0.417723 -0.930053 -0.0680862 0.679665 0.16303 -0.70539 0.423622 0.810809 -0.598774 -0.468599 -0.256742 -0.679912 0.365908 1.04947 -0.0955112 -0.797033 0.814952 -0.57905 -1.99534 1.66364 1.08676 -1.75822 -1.56756 1.5967 2.27807 2.27807 
0.0348724 0.0348724 0.0567407 -0.4736 -0.0756693 -0.04436 -0.414478 0.437264 -0.528675 -0.840782 1.00474 -0.080201 -1.10652 0.814567 1.1958 -0.696528 -1.42988 -0.394075 0.421479 -0.240277 -0.399221 -0.0768761 -1.02241 -0.193118 1.01314 0.471107 -0.167886 0.443123 0.237322 -1.16483 -0.886418 -0.349723 0.0606901 -0.274538 -1.83971 -1.13604 2.73333 2.43839 2.43839 
