19
0.548832 0.630337 0.603699 0.55497 0.474944 0.612356 0.710534 0.695655 0.739962 0.767479 0.76872 0.727262 0.0902484 -0.0600295 -1.04355 -1.56977 -1.64426 -1.73998 -1.86741 
1.27861 1.16645 1.06608 1.17363 1.30785 0.838782 0.541581 0.300935 0.329508 0.363285 -0.498964 -0.688713 -0.582892 -0.952324 -0.598678 -0.666093 -1.04659 -1.5395 -1.79295 
0.784625 1.10407 1.20869 1.13036 0.865255 1.08349 0.951184 -0.103267 -0.646056 -0.333338 -0.469741 -0.459539 -0.717452 -2.64541 -1.22463 0.152244 -0.708196 -0.199001 0.226706 
1.77979 1.01659 0.727861 0.78131 0.274726 0.412525 0.183355 -0.0604691 0.578465 0.570092 0.190897 -0.10591 0.240405 -1.75536 -1.98783 -1.66972 -1.31637 -0.0840306 0.223666 
-0.190202 -0.217163 -0.29806 -0.502789 -0.661039 -0.654482 -0.767808 -0.41184 -0.218075 -0.500793 -0.807082 -0.984905 -0.317537 -0.692595 0.559182 0.544262 1.55537 2.27825 2.28731 
-0.553651 -0.387755 -0.82745 -0.431017 0.00295373 -0.695013 -0.318622 -0.753048 -0.535185 0.0975435 0.835061 0.765414 0.0329105 -1.09214 -1.14373 -0.4545 0.901233 2.41645 2.14054 
-1.25156 -0.849342 -0.86796 -0.70687 -0.654842 -0.338366 -0.122908 -0.608023 -0.622533 0.0953228 -0.278194 -0.655426 -0.117449 -0.640077 1.09423 1.27696 1.90783 1.38585 1.95336 
0.901215 0.555566 0.492264 0.475483 0.0236602 0.201951 0.251872 1.23508 0.394433 0.569538 0.999804 0.8761 0.544127 0.0477619 -0.921588 -1.60409 -1.69763 -2.08164 -1.26391 
-1.25414 -0.631503 -0.406102 0.223249 0.677648 0.00865843 -0.77105 1.10488 1.37145 0.91609 1.58046 0.962289 -0.663014 -0.838452 0.709761 0.324046 -1.97158 -0.0174354 -1.32525 
-1.13046 -1.23604 -1.33148 -1.23956 -1.05304 -0.725806 -0.485564 -0.193587 0.110313 -0.0919003 -0.00316897 0.0317927 0.324507 0.0936363 1.43311 1.47986 1.70646 1.24 1.07093 
0.543649 0.644164 0.47301 0.774349 0.696003 0.147066 -0.429387 -0.812592 -1.03523 -1.26478 -1.60831 -1.46755 -0.940716 -0.493633 0.30357 0.613084 1.59993 1.83556 0.421823 
-0.717087 -0.524988 -0.435409 -0.427513 -0.133487 0.62374 0.979391 0.512805 0.581658 0.62339 1.26699 0.834534 1.08319 1.29197 0.212642 -1.35431 -0.861979 -1.33373 -2.22181 
1.09147 1.00689 0.231215 0.384756 -0.158233 -0.761115 -0.826931 -0.945116 -1.76447 -1.54592 -0.665694 -0.509772 -0.231324 0.107896 1.26907 1.04454 2.06341 0.38698 -0.177654 
0.674264 0.674264 0.396067 0.282023 0.679645 1.06031 0.734996 0.619922 0.710486 0.618492 0.471152 -0.892241 -1.12469 -1.86487 -2.66794 -0.726131 0.193475 0.0803903 0.0803903 
0.358344 0.358344 0.912707 1.50464 0.0497058 -1.03886 -0.462504 0.359494 1.05192 -1.19581 -1.75981 0.68283 0.229451 0.854766 1.61682 -0.235586 -1.3092 -0.988624 -0.988624 
0.431758 0.431758 0.0505146 -0.303833 -0.0195958 0.107679 -1.11208 -1.5055 -0.19518 0.194307 -0.0956297 -0.212086 -2.06965 -0.460766 2.70665 0.520284 -0.311316 0.92135 0.92135 
-0.908973 -0.908973 -0.117421 -0.328579 -0.24682 0.0220696 -0.347827 0.4936 0.721816 -0.265026 -0.544597 0.158618 -1.48813 -2.04913 0.193642 0.761464 1.64759 1.60334 1.60334 
-0.633382 -0.633382 -0.913168 -1.03491 -0.702374 -0.63167 -0.081742 0.40158 -0.60363 -1.39065 -1.22556 0.306849 -0.00357256 0.916213 1.48302 1.10423 2.26545 0.688348 0.688348 
-0.539744 -0.539744 -0.33709 0.430911 -0.531126 -0.581742 -0.350076 -0.489431 0.448657 0.905462 0.288035 -1.00419 -1.93195 -1.33339 0.261457 1.49857 2.22466 0.790363 0.790363 
0.126136 0.126136 -0.281058 -0.161761 0.100638 0.376621 -0.977013 -1.36536 0.666079 0.0598307 -1.78942 -0.250201 -0.495728 1.52449 2.71561 0.852262 -0.337759 -0.444753 -0.444753 
-0.229814 -0.229814 0.250048 -0.316856 -0.0322193 0.699892 1.87438 0.574917 -0.604217 1.25022 0.814215 -0.297994 -0.841755 -1.77177 -2.04338 -0.765446 -0.32991 0.999754 0.999754 
0.566355 0.566355 0.571492 0.746563 -0.246033 -1.18952 0.756096 1.55599 -0.226307 0.0778102 -0.0466568 -1.79714 -1.45866 0.967527 0.806767 -2.1319 -0.343043 0.412153 0.412153 
-0.776967 -0.776967 -0.396362 0.147016 0.600504 0.70404 0.636094 0.758771 -0.193613 -0.608276 -0.151202 0.241905 -0.270396 1.74688 2.28189 0.137205 -0.851825 -1.61435 -1.61435 
-0.0701209 -0.0701209 0.159945 0.266266 -0.707818 -1.27845 -1.08859 -0.683261 -0.507229 -0.645721 -0.221495 0.775608 1.12654 1.43627 1.27867 1.49593 1.41129 -1.33885 -1.33885 
0.495083 0.495083 0.29691 0.516862 1.32302 1.38932 0.0726951 -0.235852 0.311015 0.929343 0.4192 -0.00569064 0.684174 -0.744524 -2.65493 -0.964074 0.214191 -1.27091 -1.27091 
-0.555533 -0.555533 -0.334174 -0.11787 -0.821039 -0.377461 0.0731126 -0.627371 -0.314348 1.26557 1.20736 0.647948 0.818341 1.63891 1.11486 0.982579 -0.367111 -1.83913 -1.83913 
-0.187746 -0.187746 -0.297498 0.352882 0.828971 0.133247 -0.343835 0.056391 0.0786029 -0.150347 -1.37389 -1.4558 -0.856041 -1.40518 1.17585 2.83369 0.856142 -0.0288494 -0.0288494 
0.416903 0.416903 0.796507 -0.492039 -1.56973 -0.26708 0.958149 1.03258 -0.936008 -1.74174 1.26615 1.33709 0.171656 0.951102 -0.637837 -1.81503 -0.421521 0.266975 0.266975 
-0.290735 -0.290735 -0.506444 -0.101332 0.191857 -0.723707 -1.04068 0.499515 0.976108 0.00194983 -0.306044 -1.26034 -0.210036 2.84893 0.538564 -1.89584 0.185498 0.691736 0.691736 
0.431217 0.431217 0.24454 -0.382963 0.0414298 -0.357863 0.148297 0.677068 -0.93924 -1.38816 0.105963 -1.10271 -2.22036 1.21823 2.21618 1.01682 0.475706 -0.307689 -0.307689 
-0.316239 -0.316239 -0.436109 0.166787 0.356272 0.570316 0.976581 -0.554615 -1.8054 -0.653113 1.6306 1.16241 0.559221 1.42295 0.144365 0.729617 -0.450245 -1.59358 -1.59358 
0.091917 0.091917 0.645729 -0.19414 -0.784452 0.0763384 0.0123482 0.521754 0.951651 -0.170045 -1.43129 -1.65507 -0.291606 1.52747 1.98794 1.36146 -0.564917 -1.0885 -1.0885 
-0.208587 -0.208587 -0.130834 0.305578 0.407699 -0.645563 -1.07854 1.1277 0.985681 -1.54359 -0.145261 0.899981 1.21347 2.14982 -0.381326 -1.93325 -0.788535 -0.0129298 -0.0129298 
0.190682 0.190682 -0.232908 -0.37878 0.591842 1.25674 -0.261252 -2.01987 0.336714 0.89198 -1.32469 -1.40521 -1.26908 -1.06572 0.584056 1.11243 1.15108 0.825652 0.825652 
-0.0108692 -0.0108692 0.091168 -0.490342 -1.14228 0.570209 1.58631 -0.586438 -0.875393 0.0908427 -1.10664 -0.836825 1.59747 1.3065 -1.8203 -0.684008 1.46889 0.426289 0.426289 
0.372828 0.372828 0.787241 0.842827 0.507376 0.109699 0.124297 -0.550229 -0.960037 0.114901 0.730955 -0.00834875 1.23034 2.02909 -1.14508 -2.30741 -1.25329 -0.498994 -0.498994 
0.381777 0.381777 0.463572 -0.462807 -0.983604 -0.0881535 0.662677 0.652036 0.233663 0.424604 1.29824 1.24185 0.713043 0.321822 0.250678 0.306807 -1.97607 -1.91096 -1.91096 
0.0576729 0.0576729 0.223895 0.982886 0.866767 -0.737459 -1.02074 0.387538 1.088 0.289193 -0.499187 0.407682 -0.350915 -2.31599 0.0415176 2.37568 -0.0244481 -0.914885 -0.914885 
0.371468 0.371468 0.561735 -0.25151 -0.0515917 0.963278 -0.0430767 -0.164071 1.84185 1.5153 -0.366532 -0.165441 1.04844 0.437584 -0.400582 -1.12684 -2.30531 -1.11808 -1.11808 
