33
-0.0829179 0.0117078 0.0300774 0.113528 0.229504 0.411455 0.441286 0.410717 0.401916 0.437579 0.50567 0.537022 0.606931 0.661321 0.712803 0.751531 0.787287 0.741044 0.651489 0.80218 0.812196 0.83181 0.734126 0.678858 0.387859 -0.145927 -0.679398 -1.61092 -1.85171 -2.07673 -2.0748 -1.8953 -2.2722 
0.91368 0.834501 1.09061 1.05199 0.858651 0.518626 0.600583 0.766134 0.641267 0.680336 0.69664 0.810318 0.660061 0.541316 0.389408 0.290363 0.247265 0.21115 0.411429 0.123871 -0.0484516 -0.196409 -0.082413 -0.150756 -0.0841991 -0.224598 -0.476668 -0.894256 -1.43112 -1.53449 -2.27499 -2.38778 -2.55207 
0.378618 0.152203 -0.83064 -0.843073 -1.03895 -0.929657 -1.18528 -1.40012 -0.514581 -0.496261 -0.907866 -1.34524 -0.867942 -0.810911 -0.582758 -0.506762 -0.444304 0.0430543 -0.0318987 -0.142221 -0.102211 0.576777 0.413694 0.381747 0.167369 1.06028 0.113847 1.36646 1.14213 1.92407 0.759913 2.66707 1.83344 
0.250821 -0.0646029 -0.0625917 0.354228 0.935344 1.33794 1.55287 1.36392 0.675888 0.596777 0.720757 0.749252 0.120928 -0.212784 0.0684186 0.109942 -0.089461 -0.166537 -0.425636 -0.118278 -0.0719983 -0.239926 -0.959025 -1.37488 -1.61522 -0.92899 -2.47474 -1.71341 -1.02303 -0.613003 -0.0870403 1.8377 1.56638 
1.46956 1.26662 1.85005 1.07812 0.747008 -0.119908 -0.550917 -0.323713 -0.33601 -0.245132 -0.211994 -0.575418 -0.52702 -0.297445 -0.638693 -0.939868 -0.995615 -1.19756 -0.65643 -0.702958 -0.897806 -0.755678 -0.709052 -0.627605 -1.11271 -0.33809 -0.727407 0.460297 0.0119226 1.13578 0.845842 2.48412 2.1377 
-1.13067 -0.549515 -1.24592 -0.735678 -0.474082 -0.166663 -0.0956964 -0.767152 -0.674958 -0.789447 -0.423855 -0.288585 -0.179229 -0.407678 -0.324607 -0.344229 -0.284746 -0.618264 -0.980683 -0.463005 -0.594776 -0.524312 -0.396903 0.338179 0.734034 0.705294 0.434596 0.469494 0.613047 2.7478 2.15888 2.31472 1.94461 
0.469475 -0.0105101 0.188744 0.017587 -0.0908036 0.251044 0.0963329 0.880108 0.716497 -0.0121925 -0.96071 -0.652574 -0.688233 -0.52233 -0.827174 -0.660513 -0.951365 -0.93916 -0.766233 -0.735161 -0.845957 -0.861479 -1.07823 -1.00278 -0.860085 -0.0204882 0.0923986 1.14909 1.71742 3.03623 2.19587 0.558163 1.11703 
-0.0724435 0.010888 0.41693 0.0914747 -0.0461272 -0.134767 0.125416 -0.553406 -0.460777 0.145527 0.734305 0.490964 0.579726 0.524559 0.730094 0.46724 0.662644 0.926579 0.849478 0.463932 0.492375 0.586905 0.70118 0.676187 0.93248 1.18164 0.528324 -1.29208 -1.11093 -1.52297 -1.7674 -2.87654 -2.48141 
-0.952551 -1.32627 -1.76829 -0.915651 -0.799536 -0.872917 -0.403777 -0.0322965 0.464178 0.757962 1.17612 0.898238 0.533864 0.473657 0.766068 1.12449 1.26031 1.03823 1.0115 0.863147 0.933687 0.946988 0.955715 0.35578 0.357974 1.06152 -0.929731 -1.59105 -1.81398 -0.829299 -0.755893 -1.13969 -0.848483 
-0.136088 0.163536 0.751259 0.550891 0.601339 0.659389 0.314217 0.467476 0.391635 -0.0789704 -0.661721 -0.839616 -0.987555 -1.21054 -1.34435 -1.04484 -1.20174 -0.964576 -0.95359 -0.815207 -1.01526 -1.04875 -1.02326 -0.577476 -0.265731 0.164917 0.847211 1.58449 1.98041 1.92267 1.5061 0.91271 1.35101 
-0.623982 0.245824 -0.487184 -0.56778 -0.372837 0.700641 0.887324 -0.458462 -1.5671 -1.5482 0.182307 0.172287 0.0558639 0.535105 0.0601202 -0.822448 -0.0658213 -2.07726 -1.83385 -0.784086 -0.277582 -0.387302 -0.182878 0.309868 1.30663 1.00292 0.684343 1.12419 2.58946 0.480181 1.39703 1.0097 -0.687019 
0.616821 0.0830076 -0.000278674 0.345549 0.584003 0.495063 0.604706 0.655175 0.828589 0.0276945 -1.28501 -0.835967 0.345891 0.467759 0.880704 0.870046 0.233794 0.801931 0.456653 0.168344 -0.00439049 0.603563 -0.425931 -0.564524 0.286213 0.465816 0.644297 0.852729 0.455873 -0.937761 -3.11582 -1.76979 -2.83474 
1.64627 1.21434 0.846724 0.102258 -0.31847 -0.0147947 -0.473436 0.170789 0.838561 -0.117947 0.063305 -0.0942273 -1.67909 -1.3197 -1.49113 -0.850629 -0.670283 -0.999444 -0.537794 -0.919887 -0.393254 -0.718695 -0.661941 -0.329314 0.100515 1.48188 2.04385 2.23484 1.62295 0.27871 -0.739562 -0.217871 -0.0975122 
0.569455 0.569455 0.542905 0.774805 1.00883 0.804158 0.299241 0.207455 0.364814 0.547498 0.537255 0.541578 0.596311 0.55253 0.515322 0.477958 0.276077 -0.0216463 0.446244 0.682812 0.37139 0.115508 -0.0624007 -0.521691 -1.65859 -2.23467 -3.17964 -2.48427 -0.805709 -0.229022 0.732054 -0.168007 -0.168007 
1.18802 1.18802 1.31392 -0.0815366 -1.01732 -0.162585 1.40714 0.764982 0.372281 0.81059 1.04224 0.525097 -0.196534 -0.20166 -0.140495 0.197338 0.392724 1.14837 0.367683 -0.789176 -0.355742 0.533224 0.780409 0.633122 0.409403 -0.579878 -1.4405 -2.32471 -1.34915 -1.98141 -2.01063 -0.221608 -0.221608 
-2.10331 -2.10331 -1.76375 -0.514925 -0.321763 -0.416569 -0.930931 0.87995 1.24995 -0.808461 -1.53159 -0.12101 0.663546 0.268188 0.298284 0.0353467 0.688128 0.470073 -0.478374 -0.295942 0.956599 0.634315 -0.493853 -0.575253 0.892382 -0.269297 0.301509 1.4474 0.7005 -0.790896 0.994687 1.51919 1.51919 
-0.511401 -0.511401 0.317934 0.973826 0.957711 0.542972 -0.127003 -1.14969 -1.02529 -0.105612 0.0162619 -0.835793 -1.24603 -0.215903 0.209087 -0.335244 -0.469569 -0.53718 -0.101774 0.244097 -0.294209 -1.16107 -1.44187 -0.899637 0.348583 -1.12992 -1.04486 1.48778 1.08989 0.903662 2.61923 1.71622 1.71622 
0.417468 0.417468 -0.453661 -1.85388 -1.99931 -2.15225 -0.477106 0.163959 -0.0447625 0.0247991 -0.670753 -0.64739 0.260515 -0.336048 -1.14865 -0.711535 -0.559602 0.354233 0.592175 -0.53463 -0.245789 0.123917 0.0310118 -0.783083 0.278187 0.424834 1.05729 0.966871 0.869119 1.11169 1.89929 1.81281 1.81281 
-0.461006 -0.461006 -0.575614 0.97266 0.64487 0.336783 -1.24523 -1.21092 -0.310779 0.131076 0.534725 0.120607 -0.467217 -0.509698 -0.172202 -0.210323 -0.717628 -1.39949 -0.023822 0.34894 -0.373827 0.0450473 1.11917 1.55302 0.318568 -0.758683 -0.655835 0.0136588 3.40735 2.22356 -0.974682 -0.621044 -0.621044 
-0.32111 -0.32111 0.0376902 -0.319735 0.27628 0.222464 0.735901 0.725561 -1.03164 -1.94355 -0.738957 0.321614 0.156366 -0.156376 -0.155496 -0.139241 -0.318689 0.220135 0.242055 -0.0875776 -0.141711 -0.264813 -0.159117 0.258493 1.14628 1.11165 1.36387 1.89301 2.19756 0.560917 -2.87401 -1.24836 -1.24836 
0.936436 0.936436 0.353498 -0.42175 -0.0840454 0.483204 -0.35841 -0.597344 1.23527 1.94279 0.731179 0.0181458 0.286487 0.453007 0.156841 0.142395 0.893606 0.505008 -0.421165 -0.270657 0.413941 0.536339 0.365897 0.568418 0.959361 -0.337755 -3.28899 -2.09903 -0.0906808 -0.697561 -1.69163 -0.779624 -0.779624 
-1.03115 -1.03115 0.555458 1.27754 0.0795023 0.536227 1.11176 1.14713 1.04661 0.945294 0.205697 -0.806705 -0.525084 0.324628 0.866224 0.663637 -0.0873796 -0.297678 -0.202296 -0.0764547 0.132685 0.0527149 -0.740656 -0.749108 0.937265 -1.64175 -3.40754 -1.11978 1.00973 1.39312 -0.377355 -0.0955718 -0.0955718 
1.33222 1.33222 0.496872 -0.400767 0.030979 -0.629992 -0.470924 -0.0209456 -1.06325 -1.91016 -1.42112 -0.69467 -0.769995 -0.746393 0.126533 0.0879731 -0.0161832 0.264293 0.0992629 -0.253319 -0.540483 -0.163654 0.637083 1.11532 1.09004 1.70913 2.22142 1.74297 0.414719 -0.942729 -1.83766 -0.4094 -0.4094 
0.143395 0.143395 -0.637291 0.124952 1.07294 1.06616 -0.921093 -1.9851 -0.864113 1.46803 1.44428 -0.0728388 0.329053 0.0345215 -1.08411 -0.0724265 -0.999711 -1.42128 1.09327 1.30938 0.356955 0.108818 0.6037 1.25455 0.600316 -0.480137 0.130641 1.59594 -0.497981 -0.948472 0.465986 -1.68087 -1.68087 
-0.444553 -0.444553 0.431883 0.752451 0.319267 0.190925 0.329827 0.393366 -0.454896 -1.9356 -0.690217 1.79526 1.46928 0.703163 0.571119 -0.474255 0.102431 0.392345 -0.460981 -0.289066 0.603932 -0.249707 -0.993534 0.879848 1.19688 0.527078 0.555802 -0.01744 -1.61367 -3.38838 -0.658699 0.450352 0.450352 
-0.713467 -0.713467 -1.03268 -1.08694 -0.0163812 -0.0551048 0.292727 1.44323 -0.191735 -0.688659 0.127401 -1.67648 -1.1485 0.295158 0.582277 0.941574 -0.0488228 0.238497 0.184433 0.250805 0.308669 -0.171257 0.500883 0.881934 1.9531 2.08807 0.87224 -0.326729 -1.89479 -2.30985 -0.404024 0.758954 0.758954 
0.0518484 0.0518484 0.311967 0.604245 0.114554 -0.7143 -0.587682 0.155181 0.463049 0.275052 0.0749884 0.147872 0.0939139 -0.00921537 -0.00201688 -0.186728 -0.478768 0.272503 0.871807 -0.00233321 -0.554706 -0.404946 -0.633105 -1.70878 -1.83978 -1.62451 -0.19835 2.74442 2.6113 1.80651 0.150068 -0.927952 -0.927952 
0.130327 0.130327 -1.05595 -1.95849 -0.045603 2.08432 0.811817 -0.85643 0.0620665 0.592823 -0.219401 -1.02978 -0.594517 0.0709344 0.362482 0.476583 0.831762 0.0020092 -1.6238 -0.591685 1.14746 0.989134 0.108219 -0.292096 -1.00787 -1.5493 -1.45998 0.100951 0.315137 -0.53903 1.5193 1.54414 1.54414 
0.0742479 0.0742479 1.0624 0.946557 -0.116611 -0.676451 0.831454 1.53122 -1.53042 -2.39537 0.349519 1.5425 0.113522 -0.483456 -0.378677 0.114033 0.149547 -1.11745 -0.800559 0.941008 0.541644 -1.34213 -1.15153 0.902443 0.047655 -0.661974 1.16393 0.121271 -1.96552 0.0383426 1.63345 0.220582 0.220582 
0.611764 0.611764 1.18781 0.445282 -0.495015 -1.06928 -1.60322 -0.905546 0.800368 0.798148 -0.757903 -1.22523 0.427816 1.16136 -0.221425 -0.712651 -0.293965 0.20641 0.569557 -0.28562 -1.35072 -1.12457 0.112997 1.45588 -0.318859 -1.34043 2.18242 1.75826 -0.629618 1.22655 0.59703 -0.90969 -0.90969 
-0.948327 -0.948327 -2.38126 -1.6386 -0.362189 1.50092 2.31348 0.385599 -0.199257 -0.697462 -0.744739 0.89618 0.26177 -1.49893 -0.441105 0.545964 1.03382 1.12184 -0.966475 -0.914387 0.617087 0.226422 -0.985036 0.196104 1.17929 0.740459 0.497855 -0.249411 0.0913582 0.997393 0.660654 -0.145344 -0.145344 
-0.0703421 -0.0703421 0.900736 0.767029 -0.397282 -1.18393 -0.96918 0.587626 0.843241 0.53184 -0.00502516 -0.626878 -0.393788 0.186574 0.189308 -0.340551 -0.744303 0.436696 1.09815 -0.217983 -0.189061 0.93795 0.947344 -0.500599 -1.44836 -0.609606 0.485954 2.54997 1.38759 -2.74687 -1.78259 0.223342 0.223342 
0.262408 0.262408 -0.0018951 0.173517 0.398025 0.336961 0.36911 -1.30994 -1.97662 0.213516 1.6721 0.659146 -0.356368 -0.233522 0.00975933 -0.123587 0.262834 0.411738 -0.230454 -0.286693 -0.13397 -0.0157822 0.384053 0.962384 0.62797 0.157987 0.574875 0.613569 -0.987948 -3.75315 -1.34081 1.19919 1.19919 
-0.353982 -0.353982 -0.915283 -0.248712 0.723293 -0.130566 -0.714266 1.22195 1.90721 -0.296897 -1.32542 -0.253887 0.382934 -0.0257862 -0.15681 0.601521 0.330624 -0.88385 -0.493522 0.672722 0.652369 0.0332965 0.0913075 0.497766 -0.588013 -3.00784 -1.20713 2.38375 1.08278 -1.09105 0.00866543 0.728402 0.728402 
0.954989 0.954989 1.42305 -0.38197 -0.553976 0.595662 0.322534 -0.115688 -0.204283 -0.618536 -1.20911 -0.547149 0.65988 0.828397 0.146293 -0.691583 -0.696581 -0.147943 0.0699435 0.143682 0.0102742 -0.639557 -0.593199 1.01418 -0.652065 -2.88977 0.264885 2.78983 1.55542 -0.972567 -1.03843 0.109199 0.109199 
-0.686048 -0.686048 -1.5096 -0.347085 -0.12995 -0.380123 0.639137 -0.463083 -1.65293 -0.247975 1.19553 0.677742 0.0329034 0.902893 0.845861 -0.0505806 0.242125 0.186275 -0.394535 -0.506589 0.162622 1.16074 1.25378 0.495933 0.625153 1.11836 0.111408 -1.57723 -2.38368 -1.98613 0.56967 1.39074 1.39074 
-0.363176 -0.363176 0.112955 1.19276 0.712393 -1.12109 -1.78147 0.160068 2.28146 1.5664 -0.838021 -0.572144 0.191538 -0.758246 0.0576713 0.177192 -0.718078 1.43185 1.83017 -0.335461 -0.625452 0.278604 0.840148 0.122362 -0.959084 -0.168904 1.42129 -0.268189 -1.46488 0.726612 -0.333009 -1.21654 -1.21654 
0.489685 0.489685 0.695683 -0.145883 -0.434354 -0.0667302 0.0565731 -0.577781 -1.57012 -0.224734 2.32395 1.31418 -0.775301 -0.650674 -0.830128 -0.374696 0.483364 -0.435566 -0.511392 0.6108 -0.0482239 -1.10005 0.65234 1.33405 -0.300207 -0.485477 -0.423425 -1.46762 -2.23969 0.540151 2.39327 0.639164 0.639164 
-0.322615 -0.322615 -0.362942 0.670095 0.681638 0.144427 1.0284 -0.445445 -1.67 0.151882 -0.819601 -1.03374 1.38021 1.20118 0.395153 -0.554443 -0.607945 0.0880455 -0.0761884 0.00700876 -0.399063 0.0575384 0.697516 0.994115 0.811199 -0.888754 -1.88029 -2.14211 -1.55942 1.02277 2.19575 0.779122 0.779122 
