20
0.890308 0.865997 0.832147 0.7985 0.876671 0.892287 0.8933 0.907742 0.753309 0.65379 0.441989 0.111146 -0.0209653 -0.776225 -1.07186 -1.25263 -1.38427 -1.39047 -1.46065 -1.56011 
1.6314 1.67181 1.47769 0.945785 0.555385 0.257972 -0.106023 -0.118109 0.107766 0.325867 0.432761 0.447604 -0.805341 -0.537605 -0.0517417 -0.586579 -0.963078 -1.61322 -1.64993 -1.42241 
0.435109 -0.61936 -0.716826 0.906008 0.872239 0.996873 1.81113 0.663115 0.512903 -0.495127 -0.0945657 -0.814216 0.8132 0.688839 1.02896 -0.899259 -1.18515 -0.925981 -2.09666 -0.881244 
1.35119 1.49421 1.07647 1.14053 1.25472 0.828383 0.896918 0.546103 0.15573 -0.520308 -0.506786 -0.234226 -0.0184801 -0.842014 -1.38263 -1.13372 -1.03568 -0.548371 -1.42247 -1.09957 
-0.633951 -0.645251 -0.363375 -0.411395 -0.569537 -0.551776 -0.831965 -0.901336 -1.46832 -1.13436 -0.472064 -0.181826 -0.109818 0.16248 0.559988 1.26587 1.30319 1.61554 1.44491 1.923 
-1.07221 -1.17359 -0.662216 -1.30496 -1.38571 -0.821453 -0.243714 0.199298 0.317063 0.0194848 -0.871825 -0.221802 -0.159754 0.141316 0.894494 0.397316 0.826975 1.35466 1.64753 2.11908 
1.3357 1.5019 1.20151 1.17252 0.370118 -0.459745 -1.62979 -1.00642 -0.489994 -0.80014 -1.5516 -1.01229 -0.675053 1.24817 0.943558 -0.363931 0.341638 -0.55202 -0.149909 0.575792 
-1.64083 -0.949248 -0.506582 0.728636 0.94998 1.11906 0.842423 0.80345 1.37792 -0.447851 -0.611735 1.42626 1.50867 -0.214916 -0.683187 -1.01733 0.135796 -1.1814 -0.919316 -0.71981 
0.189011 0.788044 1.16126 1.0988 0.307298 -0.557642 -0.882401 -1.33556 -0.649988 0.467245 1.14155 1.67835 0.231198 0.873814 -0.0175244 -0.806357 -0.588877 -2.45436 -0.403667 -0.240195 
-1.67798 -1.72822 -1.1853 -0.279429 -0.0196801 0.0760923 0.52892 -0.0559195 -1.14673 -0.667489 -0.447419 -0.134719 -0.808546 1.45724 1.53513 0.731191 1.1484 0.757654 0.80313 1.11368 
-0.155693 -0.221009 -0.651331 -1.20632 -0.708912 -0.520638 -1.1529 -1.26825 -1.78108 -0.380899 0.16335 0.338289 -0.518997 1.28508 0.874308 1.25789 0.821332 1.14011 1.22148 1.46418 
0.260678 0.0851053 0.610194 0.743534 1.18832 1.44509 1.01756 0.521201 0.432566 -0.13473 0.65933 0.652938 0.397749 0.0591644 -0.826715 -1.26071 -2.24496 -1.59517 -1.2112 -0.79993 
0.85254 -0.110681 -1.25902 -0.0944243 -0.0783971 -1.0072 -0.949684 -1.35338 -0.261508 -0.76302 -0.288848 -0.450288 -1.17883 0.588464 0.744781 1.32469 0.799646 -0.185258 2.34551 1.32491 
0.631336 0.631336 0.60065 0.968844 1.13077 0.877161 0.873301 0.362379 -0.0121907 -0.200749 -0.961071 -0.699144 -2.09412 -2.6316 -0.74337 -0.204327 0.369462 0.571451 0.264944 0.264944 
0.282674 0.282674 -0.708526 -1.04847 -0.642345 -0.596615 -0.102457 0.919138 1.3178 1.11174 0.759712 -1.59539 -1.15741 1.85404 0.464059 -1.02947 -1.22917 -0.640687 0.879352 0.879352 
-0.876726 -0.876726 1.57628 1.63464 0.261954 1.03894 -0.127094 -1.01076 -0.882504 -0.377873 -0.113655 1.01042 1.55583 0.376389 -1.27635 -1.84991 0.154218 -0.656441 0.219691 0.219691 
0.070445 0.070445 -0.0887139 0.983473 -0.0049882 -0.0970283 0.0552053 -0.869794 -1.52533 -0.711217 1.20082 1.60844 -0.600905 -2.12547 0.0362136 1.32351 1.80403 -0.15544 -0.486851 -0.486851 
0.0197096 0.0197096 -0.0579495 -0.988532 -0.849411 -1.10753 -1.2918 -1.89832 -1.04535 1.55442 1.46197 0.213578 0.17564 0.864029 1.781 1.01926 0.186992 -0.252818 0.0977025 0.0977025 
0.0818781 0.0818781 -0.793204 -1.75034 0.200702 1.26511 1.06913 0.325611 -0.871514 -2.50263 -0.970882 0.570168 0.0061051 1.12328 -0.167045 -0.689996 0.966647 0.745535 0.65478 0.65478 
-0.0557479 -0.0557479 -0.227656 -0.669819 -1.37522 -1.69903 -0.41905 1.06637 0.244141 -0.872593 -0.124404 0.8345 2.05342 1.48809 -1.35745 -0.467708 -0.103213 -0.370494 1.05581 1.05581 
0.780181 0.780181 1.20141 1.02992 0.203847 -0.182005 -0.343212 0.316257 -1.06821 -1.64032 1.35345 1.54429 -1.3703 -1.79699 -0.720403 0.535906 -0.225794 -0.916199 0.258991 0.258991 
0.682685 0.682685 0.177534 -0.711904 -1.32471 -0.968285 -0.65383 0.117707 1.31693 1.30833 0.865081 -0.754964 -0.674154 -0.24971 -1.34283 -0.496086 -1.31827 0.0816603 1.63107 1.63107 
0.202866 0.202866 1.2565 0.944447 0.0517229 0.264495 -0.485535 -2.18661 -1.014 0.430576 0.24705 -0.738017 1.41426 2.24265 -1.14015 -0.766225 -0.310896 -0.720547 0.0522774 0.0522774 
-0.824849 -0.824849 -1.45577 -0.260426 0.697239 -0.758294 -1.14951 -0.99563 0.957088 2.3191 0.740416 -1.06542 1.03368 1.60899 -0.221274 -0.254492 -0.337986 0.329342 0.23132 0.23132 
0.518729 0.518729 0.909444 0.807872 0.963986 -0.139324 -1.09188 -0.663241 -0.752969 0.36347 1.07291 -0.254192 -0.674353 -1.47205 -1.59273 -1.71715 -0.346379 1.38416 1.08249 1.08249 
-1.83458 -1.83458 -0.0824288 0.876365 -0.847438 -0.813277 -0.380882 0.470864 0.390319 -0.118329 0.161704 -0.828673 0.759545 1.48818 0.510426 -0.0506374 -1.33918 1.17713 1.14773 1.14773 
0.0236336 0.0236336 0.405081 0.604621 -0.0395582 -0.211306 -0.477887 -0.86194 -0.527972 -0.92761 -0.46091 -1.11841 -1.94659 1.45479 2.57007 1.20831 0.859127 -0.0528554 -0.262115 -0.262115 
-0.635025 -0.635025 -0.835405 -0.0117474 0.215589 0.267482 0.84271 0.786419 0.0627695 -0.379724 -1.64649 -1.18081 1.98252 0.905022 -1.75045 -1.04884 0.17841 1.19212 0.845237 0.845237 
1.37077 1.37077 1.40752 -1.00147 -0.548961 -0.418834 -1.46452 -0.649527 0.224667 0.310279 0.700332 0.877399 -0.573094 -1.95724 -1.57573 0.726952 0.577659 -0.132628 0.377833 0.377833 
-0.0451059 -0.0451059 0.56784 0.093746 -0.571818 0.0802931 -0.395891 -0.857675 0.136537 1.60436 1.37198 -0.984127 -2.08871 0.410109 2.01759 1.05651 -0.799604 -1.26377 -0.143579 -0.143579 
-0.0767965 -0.0767965 -0.797932 -0.629943 -0.108828 -0.359437 -0.62943 0.174366 2.65902 1.92638 -1.05567 -1.01343 0.487436 1.22742 0.103673 -1.25186 -1.00238 -0.0858095 0.255012 0.255012 
-0.569053 -0.569053 -1.18513 0.633952 1.93515 0.553189 -0.610517 -1.25492 -1.82624 -0.0697519 1.97207 0.623063 0.350227 -0.117243 -1.17294 0.723928 0.918212 -0.20653 -0.0642081 -0.0642081 
-0.223098 -0.223098 -0.50838 -0.852584 -0.776227 0.504731 1.67204 0.315704 -1.36319 -0.349967 0.989226 1.29294 0.309512 -2.31286 -1.37406 0.697047 -0.0494614 0.635612 0.80806 0.80806 
0.234361 0.234361 0.132233 -0.610585 -0.738247 -0.342292 0.280236 -0.448264 -1.18171 1.4257 1.88006 -1.6386 -2.00636 0.370543 1.37283 0.278061 -0.881283 0.27221 0.683373 0.683373 
-0.497115 -0.497115 -1.17505 -1.25711 -0.3075 0.39927 0.715672 1.39005 0.795422 -0.456491 -1.68475 -1.28531 0.273026 -0.621758 -0.299874 -0.0933598 0.328281 2.13593 1.06889 1.06889 
0.609913 0.609913 0.415182 -0.799415 -0.471906 -0.382859 -1.57717 -0.377375 1.58563 0.739352 -0.776836 0.680791 1.81245 -1.64164 -1.92524 0.469895 -0.0190867 0.179042 0.434679 0.434679 
-0.434707 -0.434707 0.307517 1.29392 -0.35209 -1.18965 -0.190318 1.2651 2.01526 -0.177487 -2.14449 0.139145 1.61767 -0.822185 -1.20004 -0.11542 0.31957 0.310549 -0.103814 -0.103814 
0.265038 0.265038 0.183433 -0.00504982 -0.809868 -1.7006 -0.469796 0.223418 0.776011 1.41808 -0.545113 -1.45265 -1.02733 -0.786711 -0.245785 0.952471 2.44279 1.09911 -0.291239 -0.291239 
0.985353 0.985353 1.67607 -0.828015 -1.49412 0.0592078 0.648199 0.278676 -0.701357 -0.441596 -0.788634 0.153786 1.39217 -0.456366 -1.38547 -1.60936 0.607585 1.51468 -0.298076 -0.298076 
