22
-0.11917 -0.00124804 0.21738 0.326477 0.439733 0.538492 0.620781 0.717459 0.765099 0.853575 1.12752 1.3401 1.22619 0.769236 0.121306 -0.418699 -0.883062 -1.17449 -1.30341 -1.57265 -1.74803 -1.84259 
1.0432 1.14883 0.9042 0.808427 0.717263 0.584452 0.568931 0.865242 1.27679 0.940697 -0.0256695 -1.00527 -1.00417 -0.040879 0.267912 0.00966052 -0.135171 -0.801763 -0.969697 -1.45574 -1.72865 -1.9686 
1.5932 1.63137 0.893461 1.15301 0.382452 -0.142217 -0.215539 -0.250322 -0.500489 -1.6349 -1.18084 0.170883 0.504027 0.67035 1.29355 0.863588 -0.227228 -0.400483 -0.623873 -1.37469 -1.44902 -1.15628 
1.07676 0.532401 0.777682 1.12502 1.04506 1.02412 0.914476 0.377233 0.1214 -0.00372613 -0.855751 -1.34861 -2.02011 -1.91028 -1.12207 -0.749195 -0.287108 0.73494 0.888328 0.687315 -0.332167 -0.67572 
-1.09205 -1.53353 -1.60437 -1.66326 -1.29657 -0.936695 -0.316434 -0.199089 -0.110195 -0.0307684 -0.227993 0.320802 0.49672 0.533273 0.498142 0.529623 0.764757 1.40335 1.21385 1.70788 0.937165 0.60538 
-1.21516 -0.4126 -0.315775 -0.381575 -0.200848 0.0263475 -0.872272 -1.51121 -1.60065 -1.16341 -0.490069 -0.476 -0.20877 0.150495 0.365946 1.13323 1.40355 1.53864 1.78665 1.36494 0.840319 0.238235 
-1.31678 -1.25148 -1.29636 -1.13994 -0.927213 -0.979653 -1.06832 -0.338639 -0.0390121 0.202924 0.385603 0.906561 1.00141 0.891219 1.27993 1.59146 1.48256 1.18331 0.652812 -0.161957 -0.691117 -0.36729 
-1.07096 -0.136488 0.0733461 0.813028 0.2418 0.982692 0.274416 -0.38337 -0.1878 -0.141567 0.380703 0.973022 0.455589 0.141253 1.06876 0.606681 1.34251 1.16546 -0.85041 -2.21604 -1.8008 -1.73182 
0.762542 0.815695 1.37763 -0.0279316 0.0276989 -0.888808 -0.389292 1.25946 1.52794 1.12551 -0.137574 0.119372 -0.548904 0.878932 -0.912014 -1.47997 -0.0158565 0.284869 0.755645 -1.28133 -1.56225 -1.69136 
0.579044 0.253283 -0.436626 -0.920878 -0.920876 -0.549665 0.276993 -0.486508 -1.36943 -1.5642 -1.29608 -1.53173 -0.129622 0.341129 1.70671 1.61601 1.26974 0.218114 0.48999 0.887009 1.08162 0.485972 
0.825959 -0.00672928 -0.943813 -0.826012 -1.33433 -0.987569 -1.43985 -1.66027 -0.512128 0.830635 -0.0418231 -0.380568 0.626368 0.796329 1.16896 2.16457 0.981906 -0.457404 0.226046 0.71143 -0.651312 0.909604 
-0.915445 -0.236383 0.460055 0.770076 0.507415 0.328693 0.596642 1.76014 1.69106 0.703754 0.601204 -0.015243 -0.186751 -0.201287 -0.242069 0.698488 -0.0680967 -0.901371 0.0130967 -1.39583 -2.48635 -1.4818 
-0.275457 0.203746 -0.164159 -0.455074 -1.11937 -2.08165 -2.08314 -0.897231 -0.657477 -0.0697193 -0.508467 -0.139604 0.822508 1.30661 0.791161 1.60405 1.19394 0.0123456 0.424889 1.30485 0.368055 0.419188 
0.951303 0.951303 0.934214 0.730166 0.710146 0.65018 0.646151 0.579054 0.56317 1.00141 1.24173 0.490643 -0.805874 -1.83997 -2.0008 -1.64533 -1.16398 -0.514397 -0.47142 -0.561406 -0.223148 -0.223148 
0.219348 0.219348 -0.0596769 0.152935 0.101621 0.206418 0.800935 1.39261 0.516457 -1.39254 -2.28407 -0.94372 1.74801 2.1743 0.48194 -0.14652 -0.712247 -0.744253 -0.49411 -0.63955 -0.298616 -0.298616 
-0.45928 -0.45928 -0.213015 -0.249336 -1.12172 -0.346097 0.198865 0.00213776 -1.22111 -0.437715 2.32792 2.19341 0.874744 1.19741 0.534088 -1.37263 -1.08706 -0.122114 -0.76461 -0.59879 0.56209 0.56209 
-0.115992 -0.115992 0.873109 0.512341 0.103832 0.0709067 -0.501794 -0.663956 -0.20682 -0.86814 -1.27604 -1.0758 -0.407275 1.2119 1.50367 1.14192 1.86202 1.5196 0.162927 -1.13807 -1.29618 -1.29618 
-1.10526 -1.10526 -0.432309 0.337257 1.07381 1.51981 1.09323 0.158618 0.0919221 -0.411329 0.41424 1.07056 0.169578 -0.201634 -0.210555 0.264811 1.33265 0.585777 0.331504 -0.690799 -2.14331 -2.14331 
0.98812 0.98812 -0.102562 0.00282044 0.370829 -0.984853 -2.07274 -1.05639 0.295314 1.25338 0.721875 0.211786 0.645361 0.580324 1.0928 1.16172 0.367672 0.339652 -0.359698 -1.33014 -1.5567 -1.5567 
-0.0640877 -0.0640877 0.0826316 0.497464 0.161141 -0.324221 0.935268 1.56056 0.775117 0.586792 1.03611 0.894667 -0.121688 0.351533 1.03065 0.22932 -0.754253 -1.43316 -2.26331 -2.26117 -0.427639 -0.427639 
1.0458 1.0458 0.87257 0.177967 0.179044 0.0571662 -1.18669 -0.382891 0.243197 0.533733 1.01937 0.0947564 -0.711537 0.57346 0.442068 0.271603 0.525084 -1.92201 -2.97903 -0.817024 0.45878 0.45878 
0.644484 0.644484 -0.494503 -0.889835 -0.507972 -0.161381 1.84161 1.66121 0.0596176 -1.13624 -0.621391 -0.15696 0.757287 -0.119309 -1.67765 0.863943 1.54222 0.76661 -1.0587 -1.64563 -0.155949 -0.155949 
-0.944028 -0.944028 -1.09597 -0.434556 0.385578 1.17809 0.0902434 -1.54873 -1.00348 0.100014 0.0608199 1.14798 1.82521 1.79018 1.25192 -0.389227 -1.31047 -0.71785 0.670965 0.596893 -0.354779 -0.354779 
-1.40386 -1.40386 -0.606202 -0.246376 -0.0542331 -0.00720894 -0.483186 0.859902 2.17174 0.476032 -0.935106 0.6421 1.06901 0.536694 1.22959 -0.0756282 -2.11904 -0.552977 1.06224 -0.65494 0.247657 0.247657 
1.42685 1.42685 1.06242 0.115301 -0.367337 0.156646 1.4821 1.14928 -0.974662 -1.00771 -0.641483 -0.709579 -0.115187 0.013907 0.957069 0.240332 -1.51134 0.148712 -0.419746 -2.3997 -0.016368 -0.016368 
0.111295 0.111295 -0.686361 -0.993347 -1.68872 -1.00222 1.22279 1.47266 0.85312 0.150356 -0.0763666 1.37459 1.49395 -0.0364504 0.304095 0.413201 -1.65261 -0.800536 1.33474 -0.0628487 -0.921313 -0.921313 
0.0898103 0.0898103 -0.154267 -0.157774 0.0145731 0.0337011 0.0251722 0.0109922 0.615461 0.92193 -0.500714 -2.33905 -2.67757 -1.31909 0.343069 1.11124 1.46305 0.938672 0.0540205 0.407228 0.514867 0.514867 
-0.14776 -0.14776 -0.0139352 0.129393 0.0615314 0.468037 0.774494 -0.151192 -1.7252 -1.73487 0.310371 2.56578 1.99045 -0.769035 -1.43293 -0.723791 -0.348364 0.165169 0.0937706 0.150917 0.242461 0.242461 
0.062617 0.062617 0.0371924 -0.745867 -0.177504 0.814646 0.133997 -1.10376 -0.417669 2.37458 1.73204 -1.127 -0.806982 -0.348232 -1.90881 -1.24459 0.765596 0.115949 -0.443446 0.818928 0.702853 0.702853 
0.928493 0.928493 0.61207 -0.613745 -0.3262 -0.47021 -0.583561 0.319688 -0.118114 -0.876817 -0.121159 0.822947 2.06746 1.73703 -0.000400837 0.375267 0.39222 -1.42926 -2.27001 -1.21878 -0.0777038 -0.0777038 
0.680019 0.680019 1.33193 1.3858 1.11171 0.126415 -1.04312 -0.738263 -0.37285 0.382996 1.36528 -0.0972974 -0.967728 -0.212057 0.505088 1.41722 0.381851 -0.738124 -0.971442 -1.98648 -1.12048 -1.12048 
-0.697305 -0.697305 -0.605388 0.666909 -0.607458 -1.87732 0.191612 2.31947 2.26864 0.626063 -0.654492 0.187272 0.575454 0.644278 0.761114 -0.378466 -0.463015 -0.380416 -1.20242 -0.790037 0.0564021 0.0564021 
0.0774006 0.0774006 0.43512 0.0185814 -0.757676 0.618429 1.57617 -0.187221 -0.888821 0.175943 0.216368 -1.04752 -0.517475 0.944564 -0.154506 -1.58828 -1.48271 -1.35042 -0.76313 1.53382 1.53197 1.53197 
-0.116008 -0.116008 -0.590054 -0.471095 -0.0802262 -0.929855 -0.29811 0.978072 0.627787 0.531933 -0.297372 -1.17908 0.328919 0.789519 -0.203792 0.0588733 -1.49486 -2.38924 0.756341 2.34842 0.872917 0.872917 
-0.621408 -0.621408 -0.848419 0.024897 0.450931 1.38183 1.07922 -0.99064 -1.57375 -0.358424 0.594964 0.824308 0.0542516 -1.36558 0.597243 1.88158 -0.0232601 -1.46089 -1.35255 0.551015 0.888048 0.888048 
-0.109117 -0.109117 0.35546 1.03824 1.13032 -0.209832 -1.9177 -0.770619 1.15568 0.74517 0.733696 1.2369 0.44869 -0.40506 -1.5332 -1.8022 -0.233214 1.38936 0.921078 -0.722867 -0.67084 -0.67084 
0.377406 0.377406 0.615554 0.214798 0.00777297 -0.434416 0.423372 1.60662 -0.404578 -2.20675 -0.0406069 1.17589 -0.22028 -0.0442402 -0.555777 -2.36678 -0.466447 1.95499 -0.218 -0.689645 0.446858 0.446858 
-0.218162 -0.218162 -0.85394 -0.933289 0.0542246 1.26795 0.692803 -1.62269 -1.42147 0.250126 0.2266 0.37976 0.512129 0.746249 0.178464 -1.63051 -0.0350311 0.759232 -1.68421 0.297248 1.62634 1.62634 
-0.410922 -0.410922 -0.611633 -0.54476 0.104792 2.01417 1.72869 -0.131099 -0.753943 -0.497114 0.911006 1.13728 -0.811956 -0.667343 0.404579 -1.16872 -0.68296 2.06375 0.5929 -1.36444 -0.450679 -0.450679 
