15
1.02719 1.00378 1.05115 0.955061 0.777195 0.675324 0.529001 0.281927 0.142309 -0.0892675 -0.721848 -1.28474 -1.41929 -1.44642 -1.48137 
0.35668 0.70615 0.642389 0.564435 0.395104 0.363555 0.604545 0.772666 0.891974 0.539313 0.0437829 -0.578999 -1.19964 -1.8098 -2.29215 
0.0568201 -0.346798 -0.882579 -0.881906 -0.904205 -1.03266 -0.736572 -0.810679 -0.449702 -0.20239 0.341826 1.19995 1.30012 1.41102 1.93776 
-1.30504 -1.69077 -0.974244 -0.227387 -0.0110672 -0.0132635 1.36968 1.35318 0.794337 1.07189 0.351927 -1.569 0.259436 0.0473486 0.542978 
-2.23208 -1.52666 -1.18139 -0.509339 -0.232009 -0.0699697 -0.141572 0.484106 0.633671 0.843393 1.26239 0.801289 0.983271 0.519962 0.364939 
-1.08194 -1.10768 -0.805877 -0.759586 -0.92179 -0.331423 -0.611103 -0.69468 -0.170571 0.131344 0.755749 1.57363 1.20443 1.26615 1.55334 
2.27807 1.59175 1.0135 0.54029 0.249693 0.111688 -0.103397 -0.311159 -0.590556 -0.999285 -1.28491 -0.965859 -0.714752 -0.384746 -0.430336 
2.0724 1.80468 0.805338 0.90786 0.112512 -0.842302 -0.473476 -0.888659 -1.02823 -0.977111 -0.433752 -0.988919 0.175808 -0.113453 -0.132688 
-1.09292 -0.755149 -0.383681 -1.0851 -1.55959 -0.801853 0.0347103 0.180106 0.566607 1.60562 2.02343 0.492739 0.725452 0.162749 -0.113111 
-1.42203 0.0869619 0.961188 0.894107 0.684241 0.991498 1.50466 0.241544 -1.04873 -1.93767 0.381845 0.197596 -0.240393 -0.128749 -1.16607 
0.953405 2.03123 1.51062 0.253741 -0.970566 -0.871907 -1.00338 -0.755843 -0.461868 -0.739836 -0.995529 -0.377395 -0.0954842 1.13269 0.390116 
-0.244054 0.0287233 0.498071 0.706288 1.08261 1.15731 1.27196 1.21854 0.526901 -0.563214 -0.839884 -0.731588 -1.17737 -1.30613 -1.62817 
0.451677 -0.187439 -1.25789 -1.61676 -1.56122 -1.4408 -0.234655 1.00465 0.667894 0.443518 0.843891 0.992332 0.9508 0.857821 0.0861813 
1.02713 1.02713 0.818054 0.170188 0.153563 0.244296 -0.173365 -0.15408 -0.109505 -1.52746 -2.48045 -1.04793 0.493138 0.779644 0.779644 
1.07413 1.07413 0.402736 0.236909 0.309801 0.954329 1.26797 1.07683 0.258791 -0.706991 -1.13129 -1.32782 -1.308 -1.09077 -1.09077 
-1.74159 -1.74159 -1.13557 -0.365883 -0.559436 -0.082193 -0.000732222 0.0965374 0.578331 0.852997 1.76857 1.10297 -0.0170732 0.622328 0.622328 
0.0470568 0.0470568 1.09692 0.633245 -0.0610945 1.02031 1.00706 -0.79289 -0.52032 -0.669672 -2.70756 -0.345312 1.23871 0.00325394 0.00325394 
1.19385 1.19385 1.13793 1.02407 0.169235 -0.415605 0.361492 0.732187 0.0350116 0.486599 -0.637756 -1.03501 -1.03871 -1.60356 -1.60356 
-0.217352 -0.217352 -0.0600634 -1.0732 0.114756 -0.141747 -1.61326 0.141764 0.983461 1.20245 2.32903 0.159559 -1.49146 -0.0582906 -0.0582906 
-1.44782 -1.44782 -1.09992 -0.630351 -0.0831417 0.0401267 -0.0737486 -0.178733 -0.506801 -0.516963 0.671093 1.54727 1.56516 1.08082 1.08082 
-1.19342 -1.19342 -0.695356 -0.420938 -1.84331 -0.277214 0.448721 -0.235203 0.392093 1.31081 0.495197 1.33109 1.6888 0.0960796 0.0960796 
0.576088 0.576088 -0.436294 -1.26043 0.161094 1.43832 0.841776 0.403324 1.27388 1.30439 -1.19902 -1.37934 -0.436327 -0.931779 -0.931779 
1.4813 1.4813 0.458846 -0.244444 -0.00159728 0.467461 -0.551301 -1.72126 -1.47852 0.863289 1.32045 -0.468447 -0.276491 -0.665297 -0.665297 
0.556506 0.556506 -1.66391 -2.33316 -1.04398 -0.00463842 0.136949 0.541566 0.0417895 -0.48097 0.371265 0.88255 1.46273 0.488395 0.488395 
1.17908 1.17908 1.09487 0.973533 0.799385 0.458075 0.290953 -0.760713 -2.1129 -1.57165 -0.00851867 -0.229095 -0.538299 -0.376895 -0.376895 
-1.37738 -1.37738 -1.13358 -0.154014 0.262951 1.26393 2.23732 0.895053 -0.378289 0.262982 0.587318 0.202879 -0.0071481 -0.642313 -0.642313 
-0.145876 -0.145876 -0.667327 -0.512428 0.0820517 -0.240732 -0.298238 0.0738046 -1.08299 -1.88591 0.408362 2.41577 1.49338 0.253006 0.253006 
-0.459616 -0.459616 -0.675856 0.2947 1.35141 1.66535 0.575633 -0.900089 -1.91023 -1.39679 -0.393675 0.185466 0.725005 0.699158 0.699158 
0.2815 0.2815 1.32418 0.24102 -0.155146 0.217409 -0.297332 0.244988 0.485304 1.07294 -0.200828 -2.95842 -1.19056 0.326727 0.326727 
0.680908 0.680908 0.385313 -0.726634 0.25837 0.692569 -1.14433 -0.962108 0.0901644 -1.38278 0.218394 2.5274 0.233826 -0.776004 -0.776004 
0.55302 0.55302 0.377354 -0.855201 -1.58182 0.9359 2.41009 0.135599 0.2604 -0.39865 -1.70823 0.0206972 -0.237868 -0.232154 -0.232154 
0.0192767 0.0192767 -0.630637 0.0305221 0.515893 -1.19012 0.100246 1.58414 0.598795 0.781542 -0.750624 -2.53242 -0.221369 0.837738 0.837738 
0.0258207 0.0258207 0.637006 0.896432 0.44569 -0.414763 -0.711852 -0.990642 -0.867223 1.10613 2.25978 0.736711 -1.03412 -1.0574 -1.0574 
0.352299 0.352299 0.594533 -1.10067 0.0395165 1.93586 -0.0502665 -0.137338 1.27734 0.00366113 -0.0694472 0.966259 -1.17751 -1.49327 -1.49327 
-0.495397 -0.495397 -1.06977 0.626526 2.09106 0.684578 -0.51116 0.511334 0.838173 -1.5133 -1.66024 0.741732 0.522107 -0.135125 -0.135125 
-0.448115 -0.448115 -0.938889 -0.0559278 0.762166 -0.118216 -1.26196 -0.381653 2.06894 2.21857 -0.663938 -0.849003 0.128014 -0.00593767 -0.00593767 
-1.33781 -1.33781 -1.78585 0.563679 1.70751 0.939243 0.514324 0.0849578 -0.535882 0.369233 1.06148 0.879351 -0.115208 -0.503612 -0.503612 
0.115811 0.115811 -0.00316369 -0.0913547 -0.30705 -0.30016 -0.996696 -2.15871 -0.59678 2.26182 1.51482 -0.321093 0.0534552 0.356644 0.356644 
0.145322 0.145322 0.973538 1.11995 1.13805 1.6085 -0.372685 -2.27227 -0.595215 0.755604 -0.111623 -0.563421 -0.775406 -0.597831 -0.597831 
