56
0.331142 0.432116 0.570682 0.655834 0.706515 0.793611 0.864706 0.952571 0.997943 1.11176 1.16373 1.2003 1.15473 1.17194 1.19788 1.17001 1.11215 1.09179 1.10165 1.1028 0.972915 0.879442 0.80381 0.760073 0.702178 0.508082 0.376689 0.252695 0.0461277 0.0716878 -0.0459098 -0.121445 -0.14894 -0.30011 -0.277312 -0.360283 -0.327842 -0.410393 -0.577536 -0.529665 -0.641666 -0.746022 -0.760011 -0.946733 -1.13726 -1.22636 -1.21663 -1.27258 -1.23164 -1.37463 -1.52105 -1.65168 -1.73397 -2.00279 -1.87552 -1.81958 
2.16449 1.81375 1.31614 1.25103 1.007 0.85995 0.619399 0.401643 0.359771 0.237127 0.246997 0.0708595 0.0910704 0.106954 0.204596 0.190081 0.425023 0.437821 0.656668 1.28431 1.24768 0.359907 0.634892 0.956121 1.07716 1.26332 1.21225 0.804892 0.810754 0.719829 0.465641 0.309549 -0.0924567 -0.0889945 -0.580308 -0.694788 -0.835873 -1.06552 -0.75464 -0.888236 -0.968513 -0.79486 -1.31955 -1.18816 -0.516372 -0.726058 -0.7372 -1.01101 -0.579353 -1.26199 -1.38823 -1.00911 -1.93494 -1.36796 -2.3663 -1.43625 
1.05525 1.00448 0.860259 0.837382 0.772831 0.726226 0.576632 0.564561 0.496063 0.355329 0.139017 0.0449751 -0.265483 -0.432351 -0.483313 -0.733223 -1.03688 -1.37077 -1.70406 -1.88059 -1.6862 -1.73831 -1.35789 -1.13045 -1.26397 -1.17182 -1.08407 -1.04339 -1.00814 -0.885005 -0.587569 -0.425574 -0.546737 -0.498795 -0.337417 -0.452778 -0.235145 -0.167408 0.0364294 0.14681 0.244351 0.105962 0.484202 0.453774 0.629364 0.55702 1.01034 0.877121 0.838827 1.04354 1.36853 1.36812 1.98332 2.24028 1.06705 1.63929 
-1.0428 -1.05188 -1.06093 -0.973788 -0.97595 -1.0442 -1.03929 -1.01235 -1.02457 -1.11227 -1.26432 -1.19134 -1.13906 -1.0786 -1.13061 -1.16381 -1.06815 -1.01363 -0.878796 -0.999604 -1.10832 -1.09674 -0.896712 -0.802556 -0.613769 -0.456726 -0.348936 -0.102307 0.155803 0.313095 0.52882 0.651643 0.85389 0.931644 0.943262 1.12325 1.15106 1.17425 1.23917 1.12047 0.95093 1.14204 1.1175 1.09744 1.03475 1.10844 1.09477 0.912506 1.00908 1.25739 1.28752 1.1646 1.02505 0.584078 1.08748 0.632094 
-1.81463 -1.79936 -1.57966 -1.51366 -1.61638 -1.38412 -1.39337 -1.35819 -1.32375 -1.27111 -1.09247 -1.00842 -0.943106 -1.01229 -1.1677 -1.21706 -1.09235 -0.728171 -0.65071 -0.579524 -0.313161 -0.244502 -0.0137329 0.0342829 0.159639 0.145995 0.317132 0.41008 0.58151 0.61524 0.58272 0.573976 0.650771 0.738911 0.732475 0.679096 0.5538 0.719995 0.770206 0.73564 0.832479 0.570512 0.777876 1.14395 1.09626 0.930219 1.18749 1.14985 0.980766 0.958193 0.971483 0.877972 0.973846 1.21023 1.2933 1.16155 
-1.05741 -1.40517 -1.63267 -1.66481 -1.50881 -1.61656 -1.52152 -1.56828 -1.66546 -1.41548 -1.25431 -1.20438 -1.18442 -1.10263 -1.1927 -0.956961 -0.545606 -0.0483291 0.611591 0.519078 0.309002 0.265396 0.091437 -0.00434843 -0.0529029 -0.106457 -0.0217997 -0.0262865 -0.190305 -0.251632 0.180434 0.00224569 0.138763 0.234999 0.263189 0.675147 0.851166 0.793669 0.608265 0.770982 1.12039 1.27432 1.26216 0.892883 0.665225 0.542004 0.53294 0.724552 0.614344 1.20626 1.22578 1.06665 1.36644 1.84334 1.08748 1.4591 
1.31648 1.48763 1.49614 1.49994 1.53516 1.54796 1.50709 1.41125 1.42435 1.28257 1.26194 1.19713 1.28168 1.39148 1.32023 1.25933 1.09116 0.888592 0.665813 0.345229 -0.116422 -0.329499 -0.603563 -0.908921 -1.06273 -1.21813 -1.10667 -1.18929 -1.14302 -1.09375 -1.00218 -1.02297 -0.97925 -0.89505 -0.872567 -0.927457 -0.979899 -0.884569 -0.860932 -0.740265 -0.697814 -0.591486 -0.70487 -0.457579 -0.441375 -0.492423 -0.404098 -0.201245 -0.0548856 -0.320769 -0.486218 -0.388558 -0.558516 -0.426122 -0.252394 -0.795689 
1.95427 2.13136 1.64287 1.45822 1.38791 1.4463 1.20124 1.25105 1.35933 1.3015 0.744843 0.266545 0.228837 0.169911 0.413963 0.504614 0.591044 0.536222 0.804614 1.31262 1.29698 0.506244 0.279077 0.162942 -0.291652 -0.865615 -1.4496 -1.39738 -2.12969 -1.50324 -1.33654 -1.36451 -1.45737 -1.14776 -0.92749 -0.807273 -0.317414 -0.268522 -0.494274 -0.70793 -0.676264 -0.54 -0.364393 -0.430086 -0.69512 -0.639565 -0.350409 -0.605749 -0.913708 -0.298326 -0.170168 0.0471817 0.124022 -0.578273 -0.0823002 -0.313074 
-1.22507 -1.50883 -0.811672 -0.38277 -0.305738 -0.544779 0.0732495 0.0123183 -0.234983 -0.221716 -0.0939682 -0.38906 -1.20215 -1.73852 -1.70213 -1.49328 -1.30225 -1.23718 -1.25015 -1.01989 -0.107973 0.455822 1.22199 1.95758 1.98254 1.97105 1.99294 2.18037 1.23314 0.535201 -0.22237 0.717198 0.850526 0.638379 1.31151 0.383892 0.832119 0.473792 0.818199 0.62195 -0.822198 -0.0751514 -0.652745 -0.608725 -0.183541 0.36098 -0.0386732 -0.720847 -0.386149 -1.02175 -0.267582 -0.447417 0.342571 -0.233785 0.732926 0.75279 
0.465233 0.937789 1.40367 1.40233 1.04144 1.25726 1.29048 1.40168 1.67608 1.54584 1.55912 1.70947 0.821502 0.0745675 -0.191082 -1.13541 -1.58963 -1.4416 -1.23796 -0.47205 0.185562 0.0660355 0.462323 1.03803 1.33706 1.26977 1.40062 0.464449 -0.0447366 -0.0131664 -0.94937 -1.10853 -1.29075 -1.60655 -1.2752 -1.24856 -1.10392 -1.26522 -1.15721 -0.461565 -0.33186 -0.679713 -0.608884 -0.483497 -0.426545 -0.111228 0.258352 -0.259609 -0.347952 0.0199211 0.382496 -0.159062 -0.0760013 -0.690597 -0.55373 -1.14989 
1.22048 0.887272 0.641497 0.811029 0.933814 0.908859 0.996087 0.697092 0.580467 0.839626 0.847083 0.532864 0.760907 0.769957 0.718837 0.858034 1.20807 1.27833 1.13125 0.991313 0.455249 0.165605 0.291021 0.422372 0.943296 1.22286 1.02955 0.965707 0.828234 0.0917621 0.2657 0.364176 0.387732 -0.730199 -0.49215 -0.834172 -0.900438 -1.19358 -1.40232 -1.15325 -1.46306 -1.59295 -1.34624 -1.22692 -1.21761 -1.28645 -0.876798 -1.22585 -1.42398 -1.43041 -1.79618 -1.75717 -1.14772 0.191344 -0.761703 0.0217014 
-0.0216402 0.0458423 -0.126282 -0.0890931 0.0408867 0.228477 0.227519 0.214847 0.270773 0.184851 0.275412 0.149043 -0.225197 -0.1543 -0.0453502 0.259474 0.530899 0.336948 0.174591 0.526854 1.10829 1.71012 1.86811 2.0908 2.57796 2.02092 1.67095 1.34867 1.1404 1.16966 0.751418 0.40689 0.185896 0.147771 -0.0531635 -0.44959 -0.398121 -0.42773 -0.908143 -0.910881 -1.15006 -1.28381 -1.29514 -1.37254 -1.3487 -1.23201 -0.866159 -0.814073 -0.753432 -1.06035 -1.4378 -1.06839 -1.40466 -0.745022 -1.03916 -0.983464 
0.397329 0.682644 0.395377 0.5304 0.417506 0.314739 0.0749918 0.265041 0.764266 0.719412 -0.0333825 -0.34454 -0.231797 0.0718562 -0.205045 -0.608086 -0.708806 -0.667306 -0.854992 -1.83262 -2.19965 -2.24159 -1.77618 -1.58434 -1.22787 -1.23773 -2.23178 -1.49589 -0.866138 -0.921805 -0.654568 -0.0445792 0.217003 0.136271 0.48316 0.495178 1.17199 1.70879 1.39361 0.919674 1.37486 1.07107 1.09738 1.30743 1.40762 0.675997 0.683502 1.10612 0.172827 0.222822 0.48384 -0.465256 0.297011 0.476151 0.659994 0.238096 
1.88431 1.88431 1.78863 1.25718 1.26894 1.39238 1.39703 1.24149 1.39844 1.43833 0.971191 0.381345 0.264252 0.696707 0.42411 -0.0826527 -0.0372237 0.372321 0.502348 -0.342708 -0.914872 -0.58682 -0.286054 -0.178798 -1.08804 -1.53249 -1.10857 -1.56316 -0.658789 -0.12078 -0.732117 -0.187256 -0.644627 -0.3405 0.0719111 0.130223 0.132758 -1.07415 -0.285472 0.0479756 -0.872551 -0.279865 -0.777941 -1.84552 -1.25517 -0.0441301 0.156277 0.344981 -0.181284 -1.31429 -1.23962 -0.851747 -1.68742 -0.420214 1.5437 1.5437 
-1.70853 -1.70853 -1.00436 -0.379211 -0.58124 -0.572666 -0.746965 -0.257169 -0.0226941 0.104866 -0.0270099 -0.00151843 0.471865 0.662755 0.587815 0.926293 0.993626 0.95395 2.46969 1.83989 -1.89601 -1.1278 1.85271 1.4732 1.14021 0.715899 -0.747262 -0.606907 0.17318 -0.467912 -0.628565 -0.992977 -0.599634 -0.8198 -1.11056 -0.247153 -0.531075 0.583144 0.819938 -0.144373 0.613082 -0.482513 -0.586706 2.36293 1.52209 -0.161517 -0.319601 0.772018 -0.235847 -1.61122 1.00629 -0.964897 -0.501781 -0.680525 0.214547 0.214547 
-0.526122 -0.526122 -0.449813 -0.231873 -0.296784 -0.52943 -0.434957 -0.21311 -0.565084 -0.969446 -0.841713 -1.09926 -1.29849 -0.588605 -0.815773 -1.50704 -1.7368 -1.81787 -1.38737 0.0561521 0.396529 0.905426 1.67016 0.264241 -0.105887 0.499426 0.358652 0.215025 0.440566 1.15781 1.26413 0.118995 -0.193008 0.579917 0.133181 0.287075 0.787962 0.750222 0.866878 0.576092 -0.10445 0.663436 0.958779 0.404407 0.289739 1.04951 0.882971 -0.461909 0.462566 1.45636 0.895212 1.68913 2.39319 -2.49927 -1.63678 -1.63678 
-0.426544 -0.426544 0.0464471 0.0803051 -0.6835 -0.648728 -0.180855 -0.265083 -0.828553 -1.51585 -0.726078 0.278284 0.216751 -0.2959 -0.756278 -0.0304027 0.400777 0.593331 -0.268467 -1.46558 -0.814891 0.702688 1.10862 1.05334 1.36245 0.964328 1.40467 2.14354 1.70442 1.49608 1.32666 1.26041 1.03888 0.101878 0.604406 0.683997 -0.0867517 0.0956538 -0.601755 -1.7542 -0.231409 0.481311 -0.55664 -0.744117 -0.28334 -0.0424124 -1.30048 -0.758615 1.3578 1.03123 -0.793508 -1.62756 -3.19085 -0.0305597 -0.1014 -0.1014 
0.661492 0.661492 0.933657 -0.796442 0.0957719 0.597291 -0.46024 -0.225796 -0.132105 0.641662 0.810216 0.202125 -0.620171 -1.80453 -1.69813 -0.195022 2.02398 1.77042 0.198262 1.2119 1.19834 1.00734 0.896571 0.330935 7.16154e-005 0.245726 0.817694 0.819264 0.501502 -0.592873 -0.820785 -0.234212 0.285656 -0.160955 -0.920329 -1.55813 -0.379911 0.561853 -0.515417 -0.265217 -1.48543 -0.892363 2.47764 1.10904 -1.74621 -0.109827 0.579137 -1.70862 -1.62777 -0.649181 -1.02983 -0.586691 1.1835 1.11479 -0.860563 -0.860563 
-1.72225 -1.72225 -0.882859 0.137089 -0.0640109 -0.226114 -0.0639142 -0.575134 0.21404 0.901123 0.369116 -0.00645816 0.0782865 -0.214345 0.195079 1.52865 2.2242 2.88527 1.31671 -0.997069 -0.866999 -0.770945 -0.909717 -0.576201 -0.463884 -0.109605 0.0208896 -0.64047 -0.791637 0.793665 0.48287 -0.303149 0.426689 0.138589 0.978259 1.37142 0.122889 -0.838328 -0.252662 1.16968 1.14633 0.184736 -1.20678 -1.7799 -1.1255 -0.54414 0.293165 0.0241717 1.08879 1.43382 -0.563634 0.181756 1.8733 -0.934226 -1.2142 -1.2142 
0.989465 0.989465 0.331962 0.436936 0.472278 0.173305 -0.253561 -0.0414743 -0.221967 -0.354532 -0.0520866 0.361174 1.04721 0.43503 -0.23562 -0.616403 -1.17306 -1.38761 -1.85129 -2.78983 -2.36743 -1.6304 -1.99297 -1.5205 -0.931299 0.110954 0.396937 0.140801 0.658958 0.836964 0.561688 0.373693 0.786211 0.702758 0.156275 -0.138109 0.452105 0.751024 0.850577 0.924493 0.868157 0.255877 0.809723 1.31888 0.146699 0.430064 1.42765 1.65566 -0.186014 -1.41112 0.017253 -0.000462073 0.136012 1.48637 -1.16844 -1.16844 
-0.47965 -0.47965 -1.2322 -0.362239 0.143383 -0.22015 -0.238003 0.49706 0.27313 -1.11017 -1.9849 -0.9053 -0.0328514 0.553314 0.864492 0.536577 0.233941 0.612491 1.78338 1.19249 -1.50938 -1.94944 -0.546013 -1.01915 -1.9716 -2.24078 -0.938085 -1.24666 -0.0520551 1.81823 0.456802 -0.0831973 0.61911 1.27054 0.876521 1.43737 1.28899 -0.199751 -0.74595 -0.210423 0.517541 0.816992 0.396846 -0.519853 -0.267611 0.885312 0.238534 -1.00369 0.80774 1.71502 0.886968 0.780209 -1.133 -0.261043 0.719898 0.719898 
0.425373 0.425373 1.39375 0.551117 -0.356499 0.37862 0.62064 -0.55519 -0.454369 0.0552562 -0.363748 -1.64218 -1.97004 -0.815745 0.196893 0.407007 0.211636 -0.0655576 0.158892 1.41566 1.86888 1.67083 1.90427 0.897086 -0.118054 -0.122218 0.148063 -1.16879 -2.37185 -2.11414 0.110944 1.32152 -0.243459 0.490039 -0.482159 -0.787765 -0.0141999 -0.155272 0.0649628 -2.36537 -1.08359 0.0938992 -0.861389 0.501208 1.1813 0.0604928 -1.60637 -0.608516 -0.545227 0.0247547 0.644055 0.692733 0.153931 0.394065 1.20422 1.20422 
1.45875 1.45875 0.757181 -0.466791 -0.145306 0.438144 0.283259 0.640306 0.282882 -0.103693 0.311698 -1.02252 -2.35088 -1.42959 -1.72182 -2.00098 -0.383825 0.590069 1.5048 2.17688 0.866054 0.479185 1.50843 1.36444 0.412536 0.163561 -1.12276 -2.07028 -0.637612 -1.26978 -1.55214 -0.435928 -0.667821 0.0924892 0.599445 0.323014 0.0447886 -0.00942485 1.25922 1.29133 -0.25349 -0.340651 0.359943 0.339399 0.620576 1.0834 -0.150205 -0.828125 0.483284 1.15083 -0.19551 -0.609308 -0.717435 -0.637779 -0.61049 -0.61049 
-1.05343 -1.05343 -0.0246021 0.729635 0.331628 0.258863 -0.301946 -0.719119 0.423112 0.67704 -0.496347 -0.0449306 0.616622 0.0453319 0.31167 1.1326 0.991526 -0.0257789 -0.45593 -1.25197 -1.55834 -0.204658 0.656884 1.46627 1.76957 0.307929 -0.394817 -0.280549 -1.65705 -1.01977 0.688903 0.381156 -2.10815 -1.6692 -0.0813509 -0.704115 -0.604086 -0.895642 0.213954 0.00710974 -0.768396 0.370503 0.880497 0.394657 0.00958754 0.828875 0.255445 -0.988356 -0.287193 -0.630254 -0.537279 1.45846 4.11895 0.921387 -0.215739 -0.215739 
-0.145738 -0.145738 -0.216986 0.493545 0.84728 0.539322 0.068315 0.202104 0.0298248 0.111285 0.016156 -1.07703 -0.613071 0.523362 1.07355 1.45568 0.282588 -0.73764 0.547022 2.29638 2.88334 1.88742 0.995724 1.76992 -0.0639868 -2.03288 -1.48072 -1.14745 -0.320653 -0.814479 -1.6936 -1.2297 -0.50906 -0.461879 -1.30458 -0.710945 0.151787 -1.09917 -1.03597 -0.468602 -0.776736 -0.240839 -0.108312 -0.0256029 0.4309 1.23528 1.08333 0.365501 -0.478853 -1.50922 0.0814534 0.178318 0.860925 0.960014 -0.460429 -0.460429 
0.0093054 0.0093054 -0.241252 0.0494518 -0.346977 -0.558458 -0.0702942 1.16168 0.77006 -1.31723 -1.7612 -0.318224 0.70675 0.0571587 -1.121 -0.82728 -0.0861678 -0.231153 -1.93018 -2.22918 -0.669255 0.718549 1.10829 0.926661 0.590411 -1.66109 -0.417836 2.28927 0.969646 0.365277 1.47502 1.46559 0.314063 0.45628 0.610907 1.16093 2.03583 0.382043 -1.30301 -0.0187047 0.26495 -0.450039 0.40662 0.529772 -1.04013 -1.19465 0.729629 -0.838806 -1.46002 0.531063 -1.13456 -0.298911 1.58202 0.617703 -0.384311 -0.384311 
-0.126658 -0.126658 -0.702598 -0.586168 0.123546 0.115847 -0.186495 -0.0214414 0.190349 -0.485988 -1.16843 -0.789087 0.318789 0.150268 -0.867569 -0.522922 0.470088 0.561767 -0.797854 -1.55882 -0.287517 0.658484 0.419205 -0.892089 -1.48997 -0.0452249 -0.0562132 0.464465 1.54015 -0.102437 -0.0950116 0.0718428 -0.189043 0.753546 0.487155 0.0429688 -1.32816 -0.47621 1.19308 -0.659192 -0.378254 0.0795581 -1.71968 -0.540147 1.9292 1.50662 0.398711 -0.388788 -1.82114 -1.1699 0.478295 -0.508251 0.444684 3.47862 2.10534 2.10534 
0.439475 0.439475 0.892144 0.23597 -0.210491 -0.190411 0.158039 0.454031 0.191737 -0.0735356 -0.147443 0.290822 0.410587 0.0135483 0.120416 0.223436 -0.0503839 0.998403 0.571092 -3.23159 -2.2193 2.64402 1.81297 -0.586331 -0.61877 -1.43712 -1.02825 0.596078 0.0302349 -0.650951 -0.450608 -0.0494619 0.0549863 -0.440369 0.344241 0.349191 0.530804 0.907852 -0.597202 -0.220194 -0.315257 -0.939172 1.98996 1.45656 -1.89835 -1.40397 0.605559 -0.00976446 -1.7961 0.829017 0.397587 -1.1624 0.135502 0.44828 0.577708 0.577708 
0.0881474 0.0881474 0.281784 0.156312 -0.244027 -0.102416 0.301394 -0.0952676 -0.651645 -0.225432 -0.09499 -0.385489 0.474058 0.449233 -0.795668 -0.797972 -0.25582 0.330817 1.68539 1.60531 0.774915 1.15195 -0.549335 -1.55765 0.229307 0.433084 -0.232338 0.0931279 0.858 0.752069 -0.902625 -1.27429 0.42987 0.310162 -0.239837 0.60211 0.431847 0.0904644 -0.134363 -0.842661 0.0979518 0.965011 -0.209795 -0.574083 0.593514 0.547426 -1.32253 -0.353175 1.7247 0.404747 0.22716 1.35128 -3.70098 -3.56022 0.786654 0.786654 
0.371645 0.371645 0.399349 -0.612654 -0.611906 0.39591 0.298538 -0.545354 -1.03881 0.0684727 1.45267 0.756088 -0.485201 -0.811555 0.201864 0.931378 0.49499 -0.562984 -1.70007 -0.462487 1.7588 1.55853 0.271543 0.192316 -0.0882122 0.0191682 0.949509 0.229892 -0.545159 -0.324479 -0.208216 -0.25085 -0.963341 -0.370885 0.460939 -0.580915 -0.496787 -0.436777 -1.52901 0.287656 1.81382 -0.281496 -1.01808 0.208249 0.558789 -0.847645 -0.601408 2.15974 1.44915 -1.77567 -2.19092 -1.977 1.29136 2.51256 -0.0733425 -0.0733425 
0.231641 0.231641 -0.891136 -0.488745 0.959502 -0.305818 -0.479141 0.267963 0.617967 0.66655 -0.23023 -0.873259 -1.24724 -0.644546 1.09953 2.47054 1.33052 -1.12982 -0.307447 0.704029 -0.0777337 -0.14082 -0.38395 -0.526783 -0.000283058 0.585624 0.427222 -0.150182 -0.861415 -0.803106 0.287774 0.773059 0.102557 -0.727629 -0.851703 0.405729 1.43081 -0.0329244 -0.481726 -0.574494 -0.351982 2.62692 1.35386 -2.68612 -0.735987 1.56409 -0.982551 -1.37719 0.742559 0.443053 0.0955689 1.4914 1.15922 -1.27151 -1.22693 -1.22693 
0.610828 0.610828 1.37879 0.595358 -0.294653 -0.0211107 -0.283973 0.188099 1.09035 0.0955788 -0.704535 -0.24016 -0.177709 0.066754 1.29118 1.50662 1.00027 -0.704471 -2.94434 -1.66538 0.149074 -0.0533473 0.125446 0.3145 0.330134 0.343821 -0.420892 -0.632965 1.05863 0.93844 -0.847015 -0.0634843 0.311417 0.394114 0.907058 -0.665223 -1.68498 -0.30395 1.49072 1.03217 -0.762783 -1.79292 -1.50043 0.0400153 0.909267 1.04698 0.40672 0.577874 1.04019 -1.26536 -0.963907 1.81368 -0.861448 -2.34588 -0.231985 -0.231985 
-0.508778 -0.508778 -0.406323 0.269896 -0.124357 -0.575474 -0.0766778 0.163783 -0.172598 0.298752 0.831481 1.20586 0.205032 -1.1191 -0.893256 -0.781999 -0.61975 -0.529007 -1.23562 -0.370806 1.26456 0.498424 0.24021 1.16914 1.72525 1.42931 0.162078 0.388682 0.812406 0.0380117 -0.319207 0.352084 0.454118 -0.481873 -0.687743 0.421679 1.00075 0.521859 0.302254 0.150106 -0.519625 0.0759167 1.17045 -0.514167 -0.734542 1.38316 1.32914 -1.44199 -2.86025 0.331337 1.50976 0.248857 1.5841 -1.1402 -2.45816 -2.45816 
-0.586022 -0.586022 0.0516714 0.973927 0.0697608 -0.313952 0.491331 0.340274 -1.21251 -1.68956 0.115781 1.39648 1.03479 0.623371 -0.0466608 -0.496594 0.0212527 1.10136 0.390754 -2.44802 -2.33746 0.671764 0.647521 -1.07937 -0.929862 0.723187 0.69431 0.615078 2.21221 0.338606 -1.42816 0.0845807 0.957911 0.154293 0.0878973 0.26795 -1.23442 -1.52603 -0.0422148 0.891762 0.718715 -0.122864 -1.01432 -0.521447 0.995609 0.336617 -1.41905 0.382843 1.95846 0.0236827 -0.719623 -1.51505 -0.797643 1.3238 0.684649 0.684649 
0.70147 0.70147 0.0510728 -1.39694 -0.179128 0.708231 -0.766756 -0.875742 0.425196 0.023962 -1.35617 -1.28582 0.591908 1.62659 0.897811 -0.0346051 -0.410739 -0.0866948 1.09731 1.27389 0.150974 -0.0186669 -0.643207 -1.60694 -0.832745 0.159421 -0.853793 -1.99101 -0.775665 1.87039 2.60587 -0.319534 -0.687771 -0.230228 -1.03227 0.315215 0.442213 0.0151184 -1.75187 -0.932511 1.85223 0.125527 0.268402 1.53069 -0.386155 -2.19768 -0.562366 0.773071 0.442813 0.871977 0.469602 -0.424292 -0.276514 0.764696 0.579346 0.579346 
-0.53764 -0.53764 -1.60656 -0.713105 0.865354 0.44933 0.251607 0.0747256 -0.574695 0.100221 -0.727377 -2.25023 -0.280448 0.624429 -0.423948 1.24355 2.33787 1.72443 1.46085 -0.482775 -1.40758 0.636053 0.848164 -0.88201 -0.973696 -1.26575 -1.8758 0.498747 0.774149 -0.723625 0.803274 0.847353 0.536533 1.18179 0.276378 -0.409338 -0.215271 1.13564 1.21103 -1.24602 -1.35019 0.610779 0.668957 0.302671 0.724804 -0.598085 -1.59432 0.628294 1.80332 -0.51775 -1.46211 -0.380753 0.0501911 0.168452 0.098887 0.098887 
0.674397 0.674397 1.18263 0.221183 -0.336077 -0.445777 -0.67785 0.46971 0.921918 -0.638416 -0.505342 0.731096 0.0419655 -0.224342 0.713779 0.439252 -0.799408 -0.994196 -0.8451 -0.761692 0.686853 1.47383 1.10707 0.730906 -0.799381 -1.47729 -0.41539 -0.86939 -0.516964 1.56192 0.925129 -1.9036 -1.40045 1.34686 0.631451 -0.371091 -0.147913 0.532364 0.589446 -0.680793 0.226009 1.09222 -0.00258005 -0.605701 0.273733 0.14681 -1.24336 -0.384502 0.222445 -0.187371 1.38858 3.11865 -0.38075 -2.9397 -0.785086 -0.785086 
-0.0272232 -0.0272232 0.552398 0.899082 0.0682406 -0.604549 -0.24419 -0.000500788 -0.0431886 0.0197474 -0.938478 -0.482399 1.33643 1.40677 0.79144 -0.614332 -1.75832 0.246612 2.50592 1.93676 -0.30272 -1.50894 -0.0649535 -0.833569 -3.07126 -1.12482 0.753199 0.977233 0.302518 -1.0891 -0.307824 0.997198 0.657256 -0.618057 -0.17228 1.21894 -0.285797 -0.938021 0.545287 0.242367 0.216697 0.57617 0.206478 0.470765 1.05947 0.563121 -0.678632 -1.24346 -1.49842 0.487972 1.40752 0.666758 0.668572 -1.04701 -1.12784 -1.12784 
-0.138502 -0.138502 0.0495268 -0.0448234 -0.369639 0.20252 1.13615 0.567104 -1.57981 -1.61367 0.669722 1.61984 0.266359 -1.15863 -0.548499 0.692892 0.409137 -1.16915 -1.26877 0.839129 1.93016 1.17328 0.158168 -0.311403 -1.65021 -0.628578 2.57867 0.920989 -1.22089 0.350436 0.735247 -0.72735 -0.629266 0.21556 0.479331 0.945203 -0.480228 -2.13601 -0.235645 1.03772 -0.255429 0.115192 0.657306 -0.912206 -1.0918 1.16825 0.253718 -1.39271 0.909597 0.234065 -0.513271 1.78065 0.61643 -1.24827 -0.624547 -0.624547 
