16
1.09104 1.19554 1.15183 1.18613 1.09281 0.855453 0.513815 0.248844 -0.222621 -0.759208 -0.940903 -1.06048 -0.989645 -1.0531 -1.11268 -1.19683 
1.00584 0.717625 0.604171 0.606083 0.714604 0.620745 0.791712 0.943362 0.807169 0.0659293 -0.271706 -0.615816 -1.09442 -1.48215 -1.70719 -1.70596 
-0.338327 -0.875573 -1.12973 -1.40509 -1.17513 -1.04992 -0.660906 -0.224594 -0.193068 0.359772 0.756256 1.12775 1.04198 1.34929 1.03631 1.38099 
0.0996508 -0.260274 -0.543912 -1.00164 0.020609 1.26701 0.981573 0.796299 0.565259 -1.46776 -1.47277 -0.978074 -0.974602 0.226298 1.54303 1.19931 
-2.20067 -1.71225 -0.934839 -0.575007 -0.623002 -0.245498 0.24888 0.851367 1.01403 0.707599 0.0710211 0.507095 0.0226599 0.624 1.32889 0.915722 
-1.96677 -1.28105 -0.661356 -0.385379 -0.636468 -0.73447 -0.830416 -0.393187 0.263489 0.498844 0.754225 1.63977 0.938942 1.06272 0.741442 0.989665 
2.18688 1.35971 0.928605 0.331166 -0.539186 -0.545205 -1.6077 -1.37753 -0.943532 -0.996833 -0.118986 0.385857 0.249997 0.112093 0.427664 0.147 
1.45071 1.41396 0.793151 1.00517 1.03855 0.0673313 -0.473635 -0.673129 -0.868532 -1.09682 -0.139256 -1.87344 -1.21914 0.191972 -0.262915 0.646021 
-0.887698 -1.75186 -1.41081 -0.899237 -0.51831 -0.64645 -0.318365 0.85247 1.01726 0.479957 1.3348 -0.118118 0.100618 1.01864 0.100686 1.64641 
-0.0963254 -0.822681 -1.30434 0.242184 1.0132 1.15031 1.34073 1.19762 1.08361 0.119248 0.682257 -0.0271042 -0.982122 -1.28033 -1.28332 -1.03293 
0.784794 0.453211 -0.151496 -1.01327 -1.37909 -0.997438 -1.11654 -1.11927 -1.1436 0.134407 0.611772 1.06247 1.40033 1.54758 0.219136 0.707022 
-0.534578 0.0500345 0.666251 0.715426 1.068 1.4837 1.33311 1.06488 0.606499 -0.285205 -0.598254 -0.573567 -1.09247 -1.32664 -1.07368 -1.5035 
1.03713 0.240559 0.708392 -1.32244 -1.95003 -0.0616559 -0.859837 -1.04373 0.0390137 0.819297 -0.662171 0.406438 -0.223226 0.225147 0.58191 2.06521 
1.0557 1.0557 0.845915 0.697621 -0.114295 -0.856435 -0.938964 -1.32698 -2.13876 -1.27272 -0.0264005 0.72834 0.896081 0.506291 0.444451 0.444451 
-0.0981854 -0.0981854 0.587634 1.11235 0.885962 1.03358 1.61393 0.887843 -1.22284 -1.69902 -0.760257 -1.09349 -1.19659 -0.597191 0.322228 0.322228 
-1.81847 -1.81847 -1.32797 -0.421195 0.329098 0.627012 1.20972 0.540128 0.758389 1.44197 1.1023 0.199019 0.0787958 -0.346774 -0.276777 -0.276777 
-0.630746 -0.630746 -0.7037 0.270394 1.54155 0.566112 -0.501812 -0.461236 -1.83952 -1.67092 0.214576 0.220901 0.747676 1.72727 0.5751 0.5751 
1.20205 1.20205 1.0048 -0.261315 -0.234206 0.597757 0.942866 0.434041 -0.960182 -2.18617 -1.04721 -0.813834 -0.560325 1.26402 -0.29217 -0.29217 
1.44693 1.44693 0.800545 -0.573148 -1.16311 -0.918369 -0.0740221 1.11327 0.794806 0.161747 1.18744 -0.32101 -1.52273 -0.923973 -0.727651 -0.727651 
-1.1474 -1.1474 -0.88277 -1.38875 -0.707478 -0.928813 -0.656736 1.06712 0.740575 1.25186 1.89481 0.727086 -0.0133152 0.506703 0.342254 0.342254 
-0.534668 -0.534668 -0.263071 0.451116 -0.840659 -1.46768 -0.625171 -0.24791 -0.279342 0.979383 -0.664654 -0.995727 2.43809 1.22715 0.67891 0.67891 
-1.02943 -1.02943 0.73244 0.783508 -0.0357576 -0.103432 1.56014 1.35101 -0.836569 0.0471752 -1.12544 -1.9401 1.09633 -0.359411 0.444483 0.444483 
-1.02775 -1.02775 1.17463 2.38846 1.02276 0.46016 0.188636 -0.106348 -0.90213 -0.246108 0.000982885 -1.46996 -1.07156 -0.14906 0.382524 0.382524 
-0.822284 -0.822284 -1.36336 -1.11957 0.149383 0.401162 0.00888613 0.105604 1.41263 1.92462 1.08033 0.937964 0.62829 -1.07221 -0.724584 -0.724584 
1.63538 1.63538 0.944603 0.604473 1.07734 0.428188 -0.45416 -0.85124 -1.6556 -1.4681 -0.285851 -0.551427 -0.885386 0.110409 -0.142001 -0.142001 
-0.389942 -0.389942 -1.3359 -2.17545 0.828295 0.697551 -0.89067 0.550901 1.28986 -0.675389 -0.454412 0.198423 -0.276935 0.479076 1.27226 1.27226 
-0.115123 -0.115123 -0.261783 -0.857279 -1.44458 -0.723231 -0.373006 -1.09423 0.146014 2.18145 2.07138 1.00468 -0.127249 -0.3543 0.0311966 0.0311966 
0.435799 0.435799 0.864874 0.118937 -0.18943 0.470264 -0.244183 -2.44471 -2.24036 0.25325 0.370144 -0.481812 0.280824 1.11696 0.626819 0.626819 
0.315673 0.315673 1.40502 1.71711 0.985663 0.784337 -0.377978 -0.815808 0.809828 0.139563 -1.76682 -1.50319 -0.929287 -0.700768 -0.18951 -0.18951 
-0.108883 -0.108883 0.612066 1.60687 0.163979 -1.56722 -0.81525 -1.04496 -0.950199 1.46539 1.34529 0.339671 1.06001 -0.182616 -0.907634 -0.907634 
0.0747826 0.0747826 -0.880541 -0.711249 0.871819 1.11176 0.10009 -1.21229 -1.75342 0.157953 1.25909 0.590992 1.79143 0.425952 -0.950575 -0.950575 
-0.278375 -0.278375 -1.38221 -1.33687 -0.0363764 1.11616 1.87355 0.939171 -0.52357 0.556529 -0.146894 -1.93673 -0.243484 0.879911 0.39878 0.39878 
0.0831468 0.0831468 -0.499858 -0.0197905 0.308187 -0.1633 2.07799 1.38825 -0.00889876 1.10817 -0.826426 -2.42035 -0.475695 0.187929 -0.411248 -0.411248 
0.0964955 0.0964955 0.598836 -0.500798 -1.44417 0.0570297 0.763417 0.148709 0.768707 -0.365557 -1.48378 2.08785 1.46897 -1.3319 -0.480154 -0.480154 
0.937743 0.937743 0.971532 -0.736286 -0.814852 0.827928 0.734333 -1.8138 -1.09069 -0.41914 -1.54289 1.24203 0.81786 -0.6593 0.303893 0.303893 
1.24517 1.24517 2.05985 -0.334935 -1.52722 -0.792838 -0.613225 -0.965091 -0.326804 0.37314 -1.05441 -0.952862 0.653546 0.742938 0.123782 0.123782 
-0.493191 -0.493191 -0.271022 1.37844 1.38572 -0.128145 -0.269451 1.27911 1.65755 -0.302939 -0.899248 -0.412051 -1.83197 -1.23298 0.316681 0.316681 
-0.482744 -0.482744 -0.883558 0.487694 0.123541 -1.47346 -1.17642 -1.08452 -0.395643 1.94541 1.4115 -0.375224 1.1112 1.2073 0.0338343 0.0338343 
-0.758906 -0.758906 -1.31575 1.30397 1.7741 -1.27162 -0.228748 1.31481 -0.944843 -1.28841 0.448097 -0.0137635 0.0546707 0.896062 0.39462 0.39462 
