22
0.558115 0.485402 0.481331 0.576788 0.554216 0.542209 0.639794 0.679577 0.651032 0.622597 0.544789 0.757776 0.80667 0.734876 0.533385 0.0396442 -0.659571 -1.3551 -1.61433 -1.83963 -1.83053 -1.90905 
0.981632 0.796426 0.69325 0.668481 0.706185 0.792159 0.733692 0.740092 0.793995 0.830955 0.520029 0.236844 -0.0256663 -0.244668 -0.14089 0.0574214 -0.264375 -0.496729 -1.18683 -1.99379 -2.00324 -2.19497 
-0.286949 -0.230229 -0.491296 -0.544292 -0.610427 -0.924798 -1.03892 -1.17284 -1.03748 -1.02746 -0.706291 -0.475963 -0.254534 -0.213354 -0.0703025 0.230699 0.864327 1.58135 1.49608 1.40185 1.80128 1.70955 
-1.06039 -1.10258 -1.1962 -1.12279 -1.13448 -1.23004 -1.11185 -0.820888 -0.490276 -0.118656 0.591814 0.82521 1.30662 1.71345 1.72683 1.09861 0.567152 0.774162 0.177078 0.200026 0.384201 0.0229961 
-1.68032 -1.86026 -1.62653 -1.36192 -1.10109 -0.991841 -0.714868 -0.132185 0.242111 0.211427 0.641757 0.457768 0.428542 0.920849 0.723611 0.834892 0.731125 1.03502 1.10558 0.578459 1.04128 0.516591 
-1.3433 -1.37712 -1.03618 -0.793514 -0.640399 -0.324255 -0.0898829 -0.360696 -0.516977 -0.62747 -1.025 -0.890204 -0.468154 0.433478 0.638878 0.386616 1.29798 1.49586 1.5816 0.820593 1.83671 1.00144 
1.8978 1.92151 1.76518 1.44036 1.28318 0.617394 -0.237505 -0.586765 -0.854662 -0.682869 -0.299201 -0.0654775 -0.392993 -0.561359 -0.498047 -0.347574 -0.953373 -1.05775 -0.809058 -0.819389 0.0178784 -0.777285 
1.49254 1.46208 1.50546 1.42721 0.980488 0.900751 0.86608 0.160518 -0.559107 -0.678679 -1.32005 -1.15267 -1.46691 -1.39978 -1.03895 -0.43681 0.179752 -0.297723 -0.536364 -0.27963 -0.0648354 0.256621 
-0.80028 -1.08934 -0.811308 -0.962843 -1.15496 -0.744828 -0.239848 -0.122044 -0.526129 -0.813843 -1.08422 -0.25548 0.515357 0.685658 1.10889 1.57077 2.27936 1.554 0.571295 0.168393 -0.64445 0.795853 
0.411496 -0.0159643 0.639974 0.340644 0.564724 1.47343 1.52585 1.24051 0.925873 0.736002 0.0484266 -0.284275 -1.14584 -1.50818 -2.10306 -2.00937 0.243961 0.0863023 -0.261276 -0.235629 -0.330129 -0.343462 
1.22152 1.08262 1.32193 1.34683 1.52174 1.17862 1.05159 0.360561 0.310852 -0.873019 -1.25836 -1.25323 -0.676573 -0.217157 -0.267197 -1.00878 -0.858488 -1.29424 -0.694767 -0.533851 -0.916262 0.455673 
-1.0765 -0.824712 -0.638166 -0.122394 0.376478 0.503889 0.989484 1.18859 1.26084 0.976786 2.2988 0.862026 0.217342 0.114189 0.00510046 0.17069 -0.930654 -0.793372 -1.25454 -1.36205 -1.45075 -0.51108 
1.34167 1.61255 1.37245 1.21537 0.741749 0.0944824 0.204262 0.515906 0.273717 0.233471 -0.509483 -2.20069 -0.300527 -0.274897 -0.428314 -1.59318 -0.699537 0.115321 -0.348606 -1.86252 0.38206 0.114752 
0.330118 0.330118 0.707073 0.665602 0.42472 0.694054 0.810141 0.527419 0.374507 0.264085 0.805237 1.08924 0.450897 -0.110343 -1.05614 -2.17179 -2.6241 -1.63787 -0.583855 0.0176141 0.346636 0.346636 
0.0134473 0.0134473 0.404358 0.747617 1.01745 0.783122 0.589237 0.863032 0.93749 0.0485734 -0.731469 -0.613505 -0.457119 0.435354 1.45215 0.415225 -0.634104 -1.53149 -2.93155 -1.2731 0.225916 0.225916 
-0.88092 -0.88092 -1.12739 -0.689487 -1.27665 -1.38445 -0.979091 -0.418637 -0.095254 0.322149 0.817055 0.592998 0.168082 -0.00799155 0.575688 1.67775 2.61233 0.997358 -0.825092 0.263757 0.269359 0.269359 
-0.418281 -0.418281 -0.215493 -0.0717415 -0.368181 -0.140314 0.537827 0.910517 1.05203 1.71848 1.47597 1.0741 1.37838 0.557222 -1.25875 -2.21465 -0.749251 -0.864396 -1.18733 0.183373 -0.490614 -0.490614 
-0.526791 -0.526791 0.791847 0.872273 0.411428 0.459291 1.86362 2.1523 0.332907 0.499119 0.0443787 -1.31878 0.68728 0.188916 -0.9413 -0.664042 -0.0926972 0.424388 -2.04061 -0.877041 -0.86985 -0.86985 
0.0616768 0.0616768 0.590015 0.231097 0.371511 0.526786 -0.59483 -1.34133 -1.03497 -1.49598 -1.02725 0.538888 2.00423 1.59023 -0.614743 0.734289 1.59445 0.0167663 -1.81555 -0.0377144 -0.179615 -0.179615 
0.139751 0.139751 -0.47202 -0.473506 -1.07202 -2.29673 -1.74113 -0.710758 0.20385 1.34755 1.45626 0.207909 -0.497882 0.188141 0.747802 -0.426695 -0.874038 0.625859 0.790943 1.82407 0.446449 0.446449 
0.179101 0.179101 0.103719 -0.669374 -0.671714 -0.0217459 -1.00892 -2.08935 -1.16502 -1.04158 -0.588951 -0.0729452 -0.231062 0.83378 1.67769 2.08109 0.378112 -0.970874 0.187258 0.902501 1.00459 1.00459 
-0.154321 -0.154321 0.00668212 -0.543718 0.113814 0.929891 0.587667 -0.476551 -0.951281 -0.794749 0.512251 1.73117 0.960356 0.553427 0.894768 1.22882 -0.161047 -2.141 -1.7635 -1.56465 0.593142 0.593142 
0.283579 0.283579 0.417365 -0.0335555 1.22781 1.04857 -0.19819 -0.58145 -0.481759 -0.871164 -1.0203 -1.20197 -1.23292 -0.954462 -0.478294 2.49564 2.2332 -0.482524 -0.291127 -0.0268765 -0.0675766 -0.0675766 
0.245625 0.245625 0.473528 0.383922 -0.128117 -0.548211 -1.03228 -0.924709 -1.61041 -2.07739 -0.423092 0.915377 1.54746 0.675502 -0.995501 -0.71677 -0.291258 0.333711 1.16388 -0.202258 1.48269 1.48269 
0.487172 0.487172 0.823412 1.22123 0.726566 0.709654 0.80098 0.274495 -0.340918 1.25092 -0.217306 -2.7223 -1.02366 -0.341469 0.000830355 -1.26301 -1.29907 -0.483675 -0.795461 -0.321044 1.01275 1.01275 
0.0429946 0.0429946 -0.316371 -0.51246 -0.924083 -0.434189 0.371031 0.0754743 -0.220016 -0.640521 -2.02687 0.192618 1.63428 -0.0901547 -1.08984 -0.210601 1.45182 0.311836 -1.64369 0.63071 1.67752 1.67752 
0.346945 0.346945 0.305042 -0.31924 -0.00519345 0.355498 -0.202315 -0.474119 -0.300022 0.40128 0.799818 -0.391977 -1.24603 -1.5567 -2.11689 -1.61826 0.505552 2.02758 1.63881 0.906254 0.298512 0.298512 
0.212524 0.212524 0.467874 0.377802 -0.0518616 -0.396818 -0.0188292 0.180791 -0.684148 -1.31981 -0.570793 0.125815 0.70197 1.34203 -0.0932471 -1.63024 -1.52643 -1.78734 0.113941 2.27056 1.03684 1.03684 
-0.307545 -0.307545 0.0884493 -0.219637 -0.713109 0.184423 0.788714 0.714583 0.585223 0.74033 0.160265 -0.671521 -0.62813 0.283933 1.43974 1.75705 -0.699937 -3.19309 -0.748049 0.905039 -0.0795959 -0.0795959 
0.218949 0.218949 0.35533 -0.118301 -0.038498 0.886113 1.02351 0.514397 0.793095 0.428762 -0.584785 -0.0660312 -0.463814 -2.47535 -2.60319 0.509932 1.30758 -0.389057 1.02061 0.68755 -0.612872 -0.612872 
1.01346 1.01346 1.07667 -0.321822 -0.347413 1.11842 1.30768 -1.22583 -1.32208 -0.249605 -1.45153 0.482401 1.16204 -1.30275 -0.693188 0.644061 0.83254 -1.55371 -1.04564 0.897241 -0.0172005 -0.0172005 
0.355577 0.355577 0.116003 -0.142932 0.200286 -0.642105 -1.24403 -0.290874 -0.100312 0.00807096 1.36117 2.0264 0.704677 -1.74522 -0.568415 1.47753 -0.476021 -2.27322 -0.0334482 1.09489 -0.0918001 -0.0918001 
-0.418422 -0.418422 -0.419555 -0.409454 -1.34136 -0.462104 1.25591 1.52941 1.61575 1.00178 -0.820574 -1.44109 0.032589 0.996662 -0.420757 -1.18793 0.849528 1.3161 0.960497 -0.2148 -1.00188 -1.00188 
-0.127313 -0.127313 -0.776376 -0.715053 0.479703 -0.347128 -1.79992 -0.195085 0.815649 0.419624 0.749211 0.236447 0.697232 1.5385 0.983173 -1.15511 -2.62635 -0.224259 1.5088 0.622185 0.0216898 0.0216898 
-0.00823608 -0.00823608 -0.375346 -0.0441671 0.867256 0.200431 -1.0537 -1.14208 -0.327858 0.860536 1.56913 0.183257 -0.901163 -0.159369 0.33486 -0.819839 -2.36325 -1.18444 0.268793 1.45623 1.3236 1.3236 
0.113328 0.113328 -0.203135 0.588217 0.778891 -0.981354 -1.12454 -0.179579 -0.183892 -0.358522 -0.212731 -0.129786 0.19314 0.549044 2.44078 1.92241 -2.07069 -1.75218 0.339216 0.176326 -0.00912934 -0.00912934 
0.0218864 0.0218864 -0.0469374 -0.615266 -0.869104 -0.847625 -0.442337 -0.597205 -1.0385 0.758789 2.1455 1.36037 -0.337401 -2.10634 -1.22252 0.387749 0.653685 0.964494 -0.564822 0.0917043 1.141 1.141 
0.161055 0.161055 0.46249 -0.167107 -0.481356 -0.0373386 -0.423457 -0.958973 0.646139 -5.95101e-005 -3.10435 -0.704722 1.7103 0.682564 -0.792005 -1.0787 0.496804 0.287875 0.0295072 1.27641 0.916929 0.916929 
-0.325727 -0.325727 -0.444181 -0.475749 -0.0613572 0.673721 0.199241 -0.465682 -0.541162 -1.20013 0.394648 2.10301 -0.279458 -1.75424 -0.181399 1.42674 0.206957 -1.97859 0.0839878 1.89766 0.523724 0.523724 
