22
0.507987 0.608074 0.700437 0.747154 0.783354 0.752724 0.81446 0.910767 0.917063 0.789273 0.602107 0.475317 0.375355 0.100275 -0.172412 -0.395147 -0.683008 -0.85542 -1.15575 -1.46077 -1.98045 -2.38139 
0.448869 0.453982 0.262701 0.422393 0.746948 0.84561 1.10699 1.23412 1.25668 0.776424 0.252948 0.822087 0.574376 0.110198 -0.525891 -0.431459 -0.69773 -1.28118 -1.82959 -1.88951 -1.24036 -1.41861 
0.745384 0.50355 0.311807 0.0174236 -0.397826 -0.712004 -1.07211 -1.248 -1.24654 -1.29725 -1.01025 -0.779289 -0.657223 -0.514248 -0.113647 0.257767 0.49914 0.477908 0.944558 1.29685 1.83369 2.16029 
-0.941653 -1.13648 -1.10498 -1.05025 -1.04947 -0.940887 -0.626948 -0.847076 -0.746415 -0.733383 -0.317441 0.0668272 0.0535191 0.490924 0.742611 1.13999 1.59707 1.55443 1.57979 1.51939 0.537357 0.213079 
-1.85053 -1.45707 -1.49054 -1.19703 -1.17153 -0.930149 -0.545153 -0.365937 -0.210056 -0.10531 0.273077 0.523948 0.661938 0.331488 0.676515 0.882448 1.06479 0.148722 1.10388 1.42021 0.96247 1.27382 
-1.57834 -1.64297 -1.56033 -1.5328 -1.19133 -0.518186 -0.000827762 0.147482 0.237411 0.293841 0.0142862 0.197335 -0.110466 0.296273 0.291299 0.00609809 0.551218 0.488989 1.24722 1.06618 1.27682 2.02079 
1.40386 1.4342 1.3948 1.46809 1.42042 1.2016 1.02803 0.484603 0.0305589 -0.327247 -0.610636 -0.909982 -0.939019 -0.968884 -0.776363 -0.929032 -0.877447 -0.683145 -0.878312 -1.04155 -0.425091 -0.499464 
0.476451 0.580549 0.822261 0.734082 1.10689 0.999698 0.875619 1.17137 1.58414 0.93896 -0.224436 -0.420301 0.0964163 -1.01373 -1.33301 -0.309451 -1.18156 -0.931857 -0.681986 -0.424395 -0.622319 -2.24339 
-0.875778 -1.12669 -1.35247 -1.46847 -1.23511 -1.36132 -0.796482 -0.675261 0.645431 0.92385 0.882043 1.36954 1.47396 0.967079 -0.20793 0.410013 -0.360118 0.015713 0.00198375 1.49307 0.424495 0.852454 
-0.0508483 0.47577 0.215855 0.202616 -0.199503 -1.03796 -1.09661 0.150152 0.924928 1.24783 1.53124 1.4149 1.89567 1.02703 -1.24215 -0.53503 -0.998771 -1.22758 -1.31414 -0.236524 -0.291167 -0.855694 
0.639534 1.25103 1.12352 0.55647 0.540155 0.577298 0.376816 -0.72674 -1.90475 -1.84744 -1.29956 0.773576 0.961512 1.23754 0.267603 -0.900933 -0.267825 -0.168155 -0.306862 -0.259094 0.920076 -1.54378 
-0.329407 -0.301957 -0.0885333 0.220107 0.459801 0.475914 0.452555 0.739145 1.2033 1.55578 1.78042 1.11798 0.901094 0.322118 -0.305551 -1.14577 -1.60581 -1.13591 -1.05298 -1.57489 -0.665784 -1.02162 
0.517409 0.67521 0.707751 0.833399 0.582766 0.749407 0.0885307 -1.51785 -2.33212 -1.95675 -1.20852 -0.672601 -0.713504 -0.408042 0.512958 0.387283 0.805416 1.30699 0.513163 -0.0660074 0.237068 0.95806 
1.3057 1.3057 1.15885 1.00432 0.791499 0.861763 1.21103 1.05848 0.441885 -0.09042 -0.0876703 0.152271 -0.255745 -0.730996 -0.586968 -0.628718 -0.490255 -0.524578 -0.889437 -1.49295 -1.75688 -1.75688 
-0.0652683 -0.0652683 0.205877 1.11069 1.00364 0.892834 0.942768 0.523849 -0.541553 -1.49934 0.341382 0.825097 -0.987424 -1.66867 -0.688824 -0.040132 -1.22919 -1.72409 -0.80578 1.29484 1.08728 1.08728 
-1.00455 -1.00455 -1.0959 -1.48443 -1.51884 -1.42299 -1.18258 -0.554062 -0.336474 0.159881 0.649507 0.362802 0.20986 0.694041 1.09114 0.814352 0.131811 0.523411 1.17272 1.29472 1.25006 1.25006 
-0.373007 -0.373007 0.0405304 -0.0103871 0.0788664 0.597819 0.0530969 -0.300333 0.0860431 0.608504 1.22369 0.512367 0.600421 1.03955 0.973219 1.31359 0.584417 -0.130999 -0.160427 -1.8298 -2.26708 -2.26708 
0.245166 0.245166 -0.00415757 0.142932 0.0129111 0.90958 0.754529 0.183057 -0.00268791 0.552298 0.91677 0.317161 -1.1328 -0.616399 0.721475 0.315707 -2.48285 -0.555268 2.51864 -1.00546 -1.01788 -1.01788 
-0.754444 -0.754444 -0.538841 0.0666149 1.57684 1.98829 0.760582 -0.23927 -0.454196 -1.3185 -1.02231 -1.08839 -0.565126 0.143255 -1.47535 -0.188556 0.333028 0.831545 0.553613 -0.727317 1.43649 1.43649 
0.323657 0.323657 0.424589 0.405154 -0.281253 -0.577107 -1.33985 -1.99889 -1.56273 -1.16172 -1.02436 -0.426682 0.206541 0.727154 0.438591 0.107421 0.922729 0.342914 -0.497234 1.40992 1.61874 1.61874 
0.690652 0.690652 0.465983 0.619163 0.596948 0.0163558 0.48718 1.11447 0.0150227 -1.82666 -1.30166 0.66149 -0.406812 -1.38364 1.10951 0.463542 -0.44067 0.870322 0.879536 0.356305 -1.83884 -1.83884 
-0.728509 -0.728509 -0.557573 0.0241835 0.0112425 0.431236 0.74474 1.70243 1.9016 0.175275 0.440178 0.62546 -0.634446 -2.25553 -0.830341 -0.317348 -0.624111 0.334275 1.74734 0.410815 -0.936206 -0.936206 
0.320359 0.320359 -0.167962 -0.29659 -1.04303 -0.73235 1.15381 1.90767 1.072 0.627546 0.230236 0.40876 -0.271728 -2.75916 -1.33382 0.29926 -0.547324 -0.20615 0.975566 1.00444 -0.480946 -0.480946 
0.512233 0.512233 -0.438962 -0.349216 0.138422 -0.0102166 -0.93086 -1.71981 -0.782893 0.610051 2.237 1.94649 0.496072 -0.438432 -1.60432 -0.310525 0.713028 0.0901063 0.0482162 1.11186 -0.915241 -0.915241 
0.356724 0.356724 0.753543 0.790617 0.377797 0.00657349 0.388276 1.07626 1.16924 0.831241 -0.601029 -1.22412 -1.10633 -1.68604 -2.0547 -1.81814 0.0307048 0.796957 -0.602698 0.563214 0.797586 0.797586 
0.132138 0.132138 0.100673 -0.176441 -0.136324 -0.537787 -2.27287 -2.42297 -0.483633 1.04542 1.20253 0.430293 0.204767 1.14608 0.724171 0.232068 0.845887 -0.340128 -1.39774 -0.324316 0.948018 0.948018 
0.355501 0.355501 -0.0101507 -0.166256 0.365654 1.69566 1.16845 -1.11698 -2.01557 -0.550068 1.27723 0.305271 -1.38702 -0.0807738 0.94498 0.931815 0.949387 -0.241579 -1.58839 -1.34957 0.078459 0.078459 
0.116439 0.116439 0.760905 0.49153 -0.23186 -0.120045 -0.339501 -1.13391 -1.51773 0.552194 1.57892 -1.02314 -1.8529 0.135994 1.08326 -0.461566 -1.2761 0.224889 2.07357 1.27166 -0.224525 -0.224525 
-0.523314 -0.523314 -1.2241 -1.1214 -0.247731 0.247958 1.20874 1.16759 0.929202 1.41988 0.00746301 -1.15155 0.238913 1.23103 -0.141543 -2.0889 -0.883322 1.51896 1.03267 -0.219043 -0.439097 -0.439097 
0.706139 0.706139 0.644867 0.254635 0.940397 0.177493 -0.872302 0.248149 1.30217 1.57751 0.0928146 -0.541515 0.842899 0.657115 0.53827 -0.259367 -1.52986 -0.687815 -1.83578 -2.32656 -0.317694 -0.317694 
-0.0718253 -0.0718253 0.014345 0.0842364 0.523366 0.508703 -0.351385 -0.369367 0.290551 0.612888 -0.0635142 -1.12647 -0.472675 1.16054 0.620297 -1.80297 -0.436011 3.00428 -0.189503 -1.99758 0.0669613 0.0669613 
-0.0709503 -0.0709503 0.397364 1.39874 1.24868 -0.869081 -1.96071 -1.17734 -1.07249 -0.67715 -0.0597243 0.115912 0.714945 -0.941764 -0.49437 1.16104 0.551321 -0.0670962 -1.44348 0.445178 1.43597 1.43597 
-0.0342002 -0.0342002 -0.0557228 -0.927623 -1.23373 -1.31826 -1.72045 -0.39279 0.781105 0.450219 0.668014 1.21713 1.13179 0.111001 -0.832266 0.390163 0.114814 -1.71844 1.03563 2.19727 0.0852771 0.0852771 
0.0760453 0.0760453 0.177094 0.310647 -0.173403 0.151842 0.948648 -0.0872164 -1.71593 -0.644325 1.86562 0.814559 -1.12486 1.22453 1.44279 -0.798359 0.492595 1.09516 -0.11483 -1.56899 -1.22383 -1.22383 
0.177745 0.177745 0.602794 0.468448 0.350258 0.58877 0.981626 0.898094 -1.06293 -1.01491 0.381773 -0.732299 -2.05209 -0.0902731 1.46895 0.203532 0.528949 1.78551 0.108776 -1.90783 -0.931321 -0.931321 
-0.216849 -0.216849 -0.302472 -0.474293 -0.18186 1.57057 1.86559 0.0537577 -0.743927 -0.452127 -0.0374279 -0.225931 -2.00057 -0.598789 2.1441 0.631756 -0.228225 1.12195 0.914058 -0.861342 -0.88056 -0.88056 
-0.439432 -0.439432 -0.381948 0.539665 0.386973 -0.515071 -0.925205 0.264611 1.66217 2.10416 1.02586 -0.94528 -1.35778 -1.17553 0.251762 1.65416 0.42645 -0.255996 0.824294 -0.447287 -1.12858 -1.12858 
0.298125 0.298125 0.331818 -0.403966 -0.775019 -0.0529732 0.909616 0.647233 -0.285166 -1.67128 -1.93037 -0.521705 -0.482276 -0.924353 -0.182548 1.83268 2.31405 -0.638119 -0.274917 1.21005 0.150497 0.150497 
-0.112963 -0.112963 -0.30615 -0.256248 -0.342936 -1.58049 -1.40526 1.15631 2.32692 1.08446 -0.519857 -0.786609 0.407974 0.271068 -0.72822 -0.00617571 -0.489927 -1.65514 -0.0800051 1.54428 0.795963 0.795963 
