20
1.17653 1.3206 1.33439 1.2126 1.14572 1.12476 0.992863 0.662353 -0.0200739 -0.588621 -0.882207 -1.00103 -0.681236 -0.574654 -0.366076 -0.343277 -0.71638 -1.04515 -1.20934 -1.54178 
0.91983 0.232156 0.278758 0.354714 0.396138 0.476323 0.742453 1.10168 0.993838 0.399752 -0.373539 -1.43375 -2.20008 -1.92913 -0.305646 0.242695 1.08992 0.698103 -0.295611 -1.3886 
-1.56396 -1.51831 -1.36576 -1.34951 -1.07551 -0.864627 -0.53519 -0.387632 -0.305874 0.442778 0.853113 1.21532 0.753797 0.758654 0.671279 0.715409 1.24719 1.17082 0.722015 0.416011 
-0.578227 -0.77629 -1.12484 -0.0894152 1.16997 1.15531 1.92028 1.4337 0.138868 -0.189076 -0.130496 0.652506 1.27228 0.677621 -0.827887 -0.658356 -1.27864 -1.31298 -0.386339 -1.068 
-1.57402 -1.51751 -1.43038 -1.1489 -0.626021 -0.202201 -0.0947816 0.506421 0.962088 1.51869 1.80183 1.69144 0.344468 0.160051 -0.0174815 -0.456888 -0.252608 -0.320042 0.126424 0.529418 
-0.619912 0.144374 0.210535 -0.614643 -1.28069 -1.2046 -2.15729 -0.778093 -0.407408 1.2444 1.49599 1.89618 -0.291832 0.226479 0.224595 1.00838 0.867968 -0.323974 -0.0918362 0.45138 
0.83527 0.387321 -0.0117281 -0.712507 -1.24357 -1.31533 -1.58443 -1.84722 -1.46711 0.0205898 0.0669678 0.166513 0.560371 0.830048 0.538084 0.559519 1.01519 0.727254 1.3658 1.10896 
-0.133126 0.30202 0.687663 0.207853 -0.359881 -0.371814 -0.214655 -1.14255 -2.54138 -0.306568 -0.108185 -1.63357 -0.261027 0.13674 0.75924 1.28463 0.320236 0.243897 1.83666 1.29382 
1.60782 1.30677 1.51429 1.54248 1.30297 0.501336 0.413678 -0.30489 -0.294766 -0.581703 -0.334075 -0.00230269 0.0108189 -0.978388 -0.829244 -0.450708 -0.841592 -1.64801 -1.23319 -0.701296 
0.60076 0.22001 -0.323926 0.57816 0.920902 -0.344168 -1.66324 -1.64402 0.418188 1.24777 0.606593 1.54831 0.840732 0.0797616 -0.967096 -1.74438 -0.924852 0.27559 -0.745256 1.02016 
1.57539 -0.41943 -0.627159 -0.593052 0.572429 -0.227394 -1.83211 -1.15989 0.987093 1.38307 0.826713 1.38709 -1.26006 0.107862 -0.52782 -0.488517 -1.12041 -0.210037 0.437108 1.18912 
1.74829 1.60175 1.82242 1.04687 0.629024 0.6542 0.184509 -0.224456 -0.0717001 -1.07363 -1.36943 -0.135359 -1.17609 0.063017 -0.9837 -1.33509 -0.333092 -0.772447 -0.380872 0.105774 
-1.49797 -1.64144 -1.88427 -1.49011 -1.31406 -0.5898 0.47525 0.876598 0.638558 0.503211 0.0873937 0.559607 0.267543 0.194196 0.465379 0.894573 0.842661 0.651266 0.813054 1.14837 
0.951423 0.951423 0.372869 0.197332 0.416768 0.275255 -0.398359 -1.59637 -2.11436 -1.2682 -0.289543 1.04524 1.53574 1.29372 1.1114 -0.154401 -0.919465 -0.464841 -0.472815 -0.472815 
-0.287413 -0.287413 0.317419 0.313318 0.316667 0.494645 0.715655 0.419455 -0.33561 -0.86268 -1.23188 -1.22636 -0.172011 1.72083 1.94053 1.3257 0.581051 -0.877058 -1.43242 -1.43242 
0.0288719 0.0288719 -0.0276598 0.205882 0.58015 0.686741 0.564975 0.088708 1.24456 1.87639 1.13329 -0.543226 -1.23038 -0.510924 -0.435407 0.755177 0.523472 -1.36211 -1.80369 -1.80369 
-0.460717 -0.460717 0.618573 2.0255 1.10669 0.674074 0.261146 -1.54116 -1.40235 -0.218128 0.753941 1.24498 0.0395385 -1.82007 -1.15141 -0.37684 -0.555225 0.798318 0.231919 0.231919 
-0.123286 -0.123286 0.173725 0.749056 0.936997 0.388456 0.622656 1.08245 1.02357 0.795777 -0.0848577 -2.23712 -2.33486 -0.790833 -1.1275 -0.623386 -0.132267 0.187494 0.808608 0.808608 
0.588245 0.588245 -0.731618 -1.33963 -0.59123 -0.829256 0.252817 1.35173 1.5781 1.4792 0.439878 -1.58592 -1.48783 0.327488 0.547929 0.432902 -1.2077 -0.898348 0.542497 0.542497 
-1.1062 -1.1062 -1.42174 -1.5865 -0.801457 -0.474509 -0.712922 0.0973182 2.28201 1.8655 0.133017 0.566689 0.779022 -0.0769175 -0.386736 0.546347 0.160239 0.388476 0.427283 0.427283 
0.482936 0.482936 -0.279987 -1.07495 -0.684813 -0.080372 -0.844137 -2.14157 0.495607 1.82741 -1.30797 -0.328912 1.27468 0.649268 0.755681 -0.567524 -1.06926 1.06298 0.673993 0.673993 
0.161794 0.161794 0.663117 -0.0175471 -1.28107 -1.04984 -0.923369 -0.774482 -0.117269 0.244361 1.18642 0.829358 -1.182 -0.974889 1.10767 0.285412 -1.51882 -0.292044 1.7457 1.7457 
-0.616684 -0.616684 0.273811 0.889308 -0.615047 -1.76861 -0.877107 1.47004 2.03256 0.155981 0.233816 0.187727 -0.994209 -1.22973 -1.24105 0.0545216 1.42738 0.149866 0.542051 0.542051 
-1.40417 -1.40417 -0.10083 0.781288 0.24559 -1.53392 -0.588312 1.82169 1.64423 -0.092324 0.0132849 -1.3298 -0.811046 0.481077 -0.3724 -0.369963 0.189589 1.01121 0.909483 0.909483 
0.283372 0.283372 -0.574513 -1.44539 -0.353293 -0.423998 -1.01612 -0.167172 -0.975907 -1.58768 1.46196 0.445962 0.452832 0.444662 -1.72459 1.06962 0.949652 0.117102 1.38006 1.38006 
-1.04245 -1.04245 -0.176059 0.498963 1.03093 2.46355 1.94318 -0.156758 -1.02164 -1.30813 -0.329048 -0.129618 -1.00879 -0.101116 0.708731 0.188061 -0.812021 -0.467642 0.381156 0.381156 
-0.343497 -0.343497 -0.491717 0.18209 0.210819 -0.543255 -1.43534 -1.30394 0.422119 1.68586 2.09844 1.68625 0.354841 -0.213277 -1.07774 -1.5698 -0.117108 0.522165 0.13829 0.13829 
0.565582 0.565582 0.562346 0.0877934 0.231448 0.403178 0.0290645 -0.741032 -0.923182 -0.618742 -0.198545 0.92459 2.41363 1.75512 -0.223356 -0.984204 -1.64953 -1.50019 -0.349781 -0.349781 
0.123405 0.123405 0.313474 0.664084 0.560764 0.157063 -0.3173 0.722501 1.62433 0.0788502 -1.79981 -1.75427 0.195702 0.816407 1.19984 0.949803 -1.55376 -1.72456 -0.189965 -0.189965 
0.648864 0.648864 1.57625 0.259188 -0.953367 -0.619908 -1.52275 -1.15907 0.809526 1.35878 0.901863 -0.533464 -2.08291 -0.847581 0.888756 0.330418 0.712056 0.456294 -0.435906 -0.435906 
0.139184 0.139184 0.646269 0.550136 -0.440422 -0.39965 0.489079 0.230757 -0.375267 -1.09954 -2.79573 -2.1057 1.15213 0.941549 0.0249883 0.754581 0.592097 0.706672 0.424841 0.424841 
-0.822666 -0.822666 -1.20122 0.0864879 0.316842 0.524587 1.35697 0.824206 0.0784485 -0.709577 -1.90927 -1.20111 1.19037 1.26655 0.0647131 -1.09398 -0.829756 1.08876 0.896154 0.896154 
-0.410264 -0.410264 -0.558806 0.433452 0.876759 -0.045958 0.389762 2.57436 1.46836 -2.06324 -1.29674 0.456638 -0.706034 -1.17679 0.436137 0.367356 -0.268111 0.11498 -0.0907914 -0.0907914 
-0.43315 -0.43315 -0.90847 -0.219039 0.617686 -0.0722483 -1.20941 0.824069 2.39613 -1.05537 -1.26629 1.56722 0.607884 -0.287305 -0.704526 -1.06815 0.997921 1.06534 -0.20957 -0.20957 
0.133708 0.133708 -0.287677 -1.38025 -0.815723 0.0447922 -0.00618054 0.322389 0.454094 0.630438 0.185509 -1.64289 -1.29362 1.24084 0.603575 -1.80266 -0.534141 1.84435 1.08487 1.08487 
0.444713 0.444713 0.829969 -0.669032 -1.77634 -0.276701 1.91449 1.70857 -0.935179 -1.23856 -0.0928005 -0.881325 -0.999893 -0.267176 0.691174 1.55757 -0.052993 -0.666824 0.132808 0.132808 
0.662036 0.662036 1.23917 0.0359673 -1.70541 -0.736264 2.00474 1.26997 -1.44293 -1.25774 -1.0003 -0.730003 0.994093 0.096307 -0.747477 0.177004 0.71296 0.280315 -0.257235 -0.257235 
-0.723649 -0.723649 -1.36164 0.066883 0.653075 -0.580752 0.0929672 -0.065721 -1.13582 1.69076 1.39463 -0.834449 -0.096131 -1.69032 0.362656 1.86392 -0.792979 0.220132 0.830042 0.830042 
0.457759 0.457759 0.941877 0.702032 1.24538 0.490652 -2.04286 -2.28994 -0.989359 0.333118 0.681614 -0.65111 -0.143163 1.06818 0.0437899 -1.25427 -0.633868 0.692128 0.445144 0.445144 
