22
0.476119 0.542584 0.658722 0.722263 0.827901 0.906417 0.980073 1.00902 0.976314 0.933473 0.868586 0.692371 0.432542 -0.101698 -0.710805 -1.15957 -1.2589 -1.17007 -1.2596 -1.34253 -1.41362 -1.6096 
1.33677 1.34392 1.10227 1.01944 0.757373 0.559828 0.372813 0.259145 0.248675 0.120221 0.1544 0.184174 0.273201 0.684156 0.404223 -0.120955 -0.958282 -1.17545 -1.34864 -1.72712 -1.66655 -1.82362 
-1.0563 -1.23525 -1.18256 -1.40934 -1.32553 -1.06487 -0.926617 -0.794044 -0.74033 -0.334949 -0.0515485 0.441758 0.73656 0.573917 0.908801 1.18425 1.22094 0.959143 0.961142 0.968024 0.993206 1.17359 
-0.859903 -0.833939 -1.54349 -1.55606 -1.68179 -1.56682 -1.07885 -0.540689 0.169944 0.646296 0.889515 1.18079 1.17083 0.555631 0.226816 0.825389 0.828884 0.597487 0.888284 0.518833 0.896973 0.265867 
-1.7718 -1.71662 -1.25998 -1.23615 -1.12937 -0.972637 -0.761029 -0.597331 -0.30508 0.0906342 0.300569 0.46369 0.66305 0.876282 0.718244 0.836419 1.05062 1.02183 0.909395 0.596458 1.18243 1.04039 
0.436342 0.56201 0.213959 0.830167 0.967391 0.608766 0.0515844 -0.486431 -0.882873 -0.825929 -1.32586 -1.65769 -1.37501 -0.799808 -0.668841 1.12349 1.28179 -0.691431 -1.06232 0.878044 1.43831 1.38434 
1.25458 1.26564 1.29124 0.814959 0.292585 0.0587485 -0.196422 -0.220516 -0.893797 -1.49672 -1.52918 -1.53408 -1.27502 -1.14548 -0.9295 0.575632 0.762338 0.183228 -0.0644024 0.564098 0.958364 1.2637 
1.57876 1.44162 1.02906 0.955 0.940325 1.26233 0.81984 0.294099 0.0649339 -0.779152 -1.19486 -1.08038 -0.722956 -1.52768 -1.53608 0.160393 -0.194651 -1.09253 -0.00615787 0.791184 -0.911995 -0.291108 
-0.175146 -0.0936907 0.513125 0.656945 0.741048 0.704989 1.78774 1.64107 0.994375 0.580022 0.365042 0.451721 -0.179553 -0.623001 -1.60236 0.402711 -0.919493 -0.718342 -2.02066 -1.0401 -1.41005 -0.0563939 
-1.65275 -1.41566 -1.22564 -0.779904 -0.23677 0.327234 0.280455 0.168761 -0.25715 -0.399893 -0.896045 -1.31222 -1.05114 0.11223 0.112509 1.08048 1.26381 1.6202 1.20082 1.19007 0.88487 0.985736 
1.36017 1.15106 1.38636 0.920863 0.580974 0.181539 -0.090024 -0.0940736 0.717734 1.28701 0.857395 -0.533669 -1.56605 -1.44725 -0.412729 -0.685266 -0.289258 -0.699059 -0.975158 0.195276 0.306734 -2.15258 
0.936876 1.199 1.09167 1.50169 1.12121 0.903329 0.290847 0.429919 0.694017 0.502285 0.238069 -0.29321 -0.81647 -1.58197 -0.355858 0.31128 -0.618147 -0.687877 -2.07817 -1.058 -0.219024 -1.51147 
-0.14895 -0.765508 -0.96024 -1.47747 -1.50027 -1.69459 -1.29075 -0.627028 -0.260463 0.184758 0.622235 1.33957 1.73503 1.37968 0.87364 0.278685 0.0706117 -0.419717 0.894906 0.432057 0.732555 0.601261 
0.942345 0.942345 0.934902 0.908173 0.946295 0.864877 0.738698 0.467917 0.285152 0.203239 -0.136295 -0.632568 -1.54401 -2.43317 -2.21559 -0.917817 0.450763 0.475708 0.0384597 0.0853921 -0.202409 -0.202409 
0.152053 0.152053 -0.0720987 -0.12295 -0.408723 -0.221757 -0.0128142 0.426968 0.390136 0.501361 0.895517 1.03214 1.98169 1.06259 -1.26938 -2.65788 -1.89062 -0.236196 -0.638026 -0.0557218 0.495822 0.495822 
-1.03608 -1.03608 -1.18512 -1.08817 0.430654 0.6003 0.201182 -0.0622242 0.787819 1.5035 1.77747 1.81299 -0.230881 -0.10599 1.25906 0.329921 -1.34408 -1.45218 -0.615003 -0.542766 -0.00216492 -0.00216492 
-1.21292 -1.21292 -1.27356 -0.354943 -0.154268 0.811374 1.47725 1.8276 1.73035 0.994891 0.703672 0.305302 -1.12099 -1.6227 0.287126 0.810005 -0.495927 -0.0438668 -0.26109 -0.123659 -0.535365 -0.535365 
0.807068 0.807068 0.685895 -0.666603 -0.152819 0.252425 0.279341 0.591086 1.488 1.16979 0.270642 0.229763 0.42348 -0.958128 -1.32559 0.11337 -0.454755 -1.71741 -2.81585 -0.116023 0.544629 0.544629 
-0.260816 -0.260816 0.141248 0.538996 -0.260012 -0.829172 -0.976207 -0.844459 -0.356808 -0.441634 -0.760289 -0.118824 0.624611 0.500255 1.49786 1.52027 -1.56612 -1.99986 1.20786 1.97106 0.336431 0.336431 
0.020676 0.020676 -0.581144 -1.25784 -0.958442 -0.62847 -0.369457 -0.885785 -1.60058 -0.809233 -0.0707292 0.289272 0.455296 0.402097 2.10082 2.06467 -0.509175 -1.04554 0.445748 1.23843 0.839353 0.839353 
-0.308093 -0.308093 -0.239556 0.192786 0.623144 0.158286 -0.762863 -0.531068 -0.876977 -1.07968 -0.0381083 0.801972 -0.19682 -0.594322 2.12344 1.74678 -1.07221 0.494018 2.33603 -0.695067 -0.886801 -0.886801 
0.774288 0.774288 0.846714 0.239658 0.0307544 1.19054 1.06208 -0.946426 -1.2573 -0.755923 -0.174045 -0.657511 -1.27318 -1.67743 1.16618 0.768016 -1.32699 -1.30388 -0.398719 0.684094 1.11739 1.11739 
0.275639 0.275639 0.57441 1.08006 1.24943 0.404678 -0.562916 -1.10583 -1.15029 -1.25087 -1.64243 -0.558086 1.70382 1.33036 1.05054 1.31266 0.436892 -0.426173 -0.951926 -0.788427 -0.628588 -0.628588 
0.284495 0.284495 0.0633075 -0.432918 -0.375926 -0.316979 0.0241286 0.958775 1.4534 0.382393 -1.30884 -1.82885 -0.526258 1.2569 0.919282 0.368426 0.250006 -0.329836 1.03347 1.36782 -1.76364 -1.76364 
0.401772 0.401772 0.574446 0.255534 -0.477577 -0.748457 -0.331692 0.691767 0.305534 -0.311304 -0.707746 -1.0102 -1.28366 0.758835 2.43152 -0.0851959 -0.945534 -1.48362 -0.211102 2.39171 -0.308403 -0.308403 
-1.12928 -1.12928 -1.00244 -0.782871 -0.370509 0.174327 1.27008 1.22248 0.943447 1.034 1.38151 1.32784 -0.0420103 -1.19326 -1.49925 -1.11873 -0.985119 0.95942 0.994512 -0.300563 0.122845 0.122845 
0.116865 0.116865 0.0884793 0.136868 0.0787909 -0.0956919 -0.296789 -0.356882 -0.15631 -0.322793 -0.762831 -1.37017 -1.78741 -0.58843 1.73403 2.95635 1.60465 -0.313084 -0.289734 -0.131026 -0.180866 -0.180866 
-0.203975 -0.203975 -0.24235 -0.288855 -0.109382 0.263964 0.454756 0.269278 0.0213267 0.346578 0.365749 0.784883 -0.0118389 -2.48828 -2.84253 -0.503645 1.79275 0.910472 0.101383 0.820862 0.381417 0.381417 
-0.211321 -0.211321 -0.132775 1.2185 1.27739 -0.276484 -0.627335 0.384712 1.17795 0.711223 0.160175 -1.71769 -1.64529 1.11655 0.262597 -2.19958 -1.5344 0.500114 0.646221 0.40594 0.347415 0.347415 
-0.0904366 -0.0904366 0.734057 0.968592 1.0108 1.42834 0.87609 0.191149 -0.783406 -0.9575 -0.654948 -1.67372 -1.76647 1.22783 2.14743 -0.738836 -0.802399 0.17476 -0.107631 -0.282187 -0.405537 -0.405537 
-0.0902542 -0.0902542 -1.09215 -0.621791 0.680303 0.319643 0.25038 0.894852 0.428197 -0.90228 -0.696839 0.112728 -0.880454 -1.29616 0.793249 0.644603 -1.35669 -1.74954 1.18578 2.48887 0.488904 0.488904 
0.239343 0.239343 0.475103 -0.236815 -0.809935 -0.423489 -0.0080357 0.368165 0.239794 -0.238131 0.192367 0.821904 0.367975 0.518634 0.605622 -1.81511 -2.08548 1.64526 2.35473 -0.515498 -0.967877 -0.967877 
-0.473849 -0.473849 -0.982213 -0.305177 0.451078 0.420739 -0.215041 -0.946613 0.035776 1.12756 0.803515 0.373441 0.0630261 1.21446 1.22727 -1.98248 -2.35827 0.695649 1.69409 0.273961 -0.32154 -0.32154 
0.0776184 0.0776184 0.342381 0.563957 0.0145198 -0.813131 -0.386507 -0.0342355 -0.300316 0.549363 1.18795 -0.0615467 -0.819431 1.45655 1.46932 -1.92134 -0.731533 2.12282 -0.692538 -1.93798 -0.0817689 -0.0817689 
0.0123018 0.0123018 -0.396947 -0.586607 0.604518 0.658746 -1.47717 -1.60014 0.0919031 0.693752 0.0298194 -0.77751 -0.724109 1.60797 1.61208 -1.7173 -1.4333 0.589269 1.30368 0.985568 0.255586 0.255586 
0.305847 0.305847 0.735284 0.625383 -0.521478 -1.48707 -1.23072 -0.446733 -0.071075 -0.365853 0.640475 2.89399 1.65591 -0.502705 0.0370799 -0.469045 -1.42464 -1.12738 -0.255544 0.326711 0.187856 0.187856 
0.0695364 0.0695364 -0.224379 -0.0596124 0.269217 0.437499 0.956178 1.0471 -0.140846 -1.43553 -1.10918 0.664068 2.02824 1.05674 -0.325698 -0.195867 -0.213036 0.664591 1.20607 -1.45619 -1.65423 -1.65423 
0.195687 0.195687 0.0184541 -0.484927 -0.458234 0.180799 0.900116 0.453857 -0.457723 -0.463396 -0.288678 -0.220334 1.08285 2.1644 -0.369337 -1.77704 -0.677436 0.507878 2.2534 0.0456508 -1.40084 -1.40084 
-0.010583 -0.010583 0.183149 0.435073 0.722076 1.32507 0.802331 -0.410715 -0.288809 0.264014 0.136761 -1.37854 -2.34699 -1.4083 -0.056749 0.331137 1.71115 1.62422 -1.23425 -0.89162 0.251087 0.251087 
