30
0.386614 0.38579 0.491622 0.447445 0.508341 0.546972 0.563594 0.573124 0.582361 0.668921 0.641352 0.662677 0.687634 0.580943 0.649112 0.703093 0.704234 0.59189 0.464841 0.333997 0.293523 0.20018 -0.0764163 -0.351198 -0.920683 -1.80957 -2.24302 -2.04385 -2.02823 -2.19529 
0.390018 0.468259 0.405189 0.417208 0.550351 0.451605 0.461381 0.517682 0.650646 0.500067 0.609508 0.512683 0.484341 0.788128 0.688136 0.498156 0.4638 0.616036 0.796457 0.640676 0.102659 0.014924 -0.0229206 -0.463106 -0.522672 -0.944486 -1.79412 -2.08057 -2.20048 -2.99956 
-0.308641 -0.447047 -0.265344 -0.306803 -0.217228 -0.276766 -0.476677 -0.562444 -0.492072 -0.526102 -0.768764 -0.615299 -0.990972 -1.17591 -1.35387 -1.31168 -0.934396 -0.579128 -0.494682 -0.0767454 0.321628 0.169476 0.498772 1.1019 1.31011 1.92449 2.12032 1.61544 1.44917 1.66926 
-0.501124 -0.513122 -0.778849 -0.955348 -1.00275 -1.04117 -1.05284 -1.00569 -1.20683 -1.05452 -0.949638 -0.84696 -0.6457 -0.644134 -0.432282 -0.138183 -0.116916 0.136791 0.330629 0.651473 1.22367 1.53407 1.88443 2.00403 1.65213 0.961276 1.08774 0.432639 0.359006 0.628177 
-1.82955 -1.86403 -1.46878 -1.30234 -1.04779 -0.983883 -0.913969 -0.856378 -0.505212 -0.639514 -0.592632 -0.441997 -0.338451 0.0474287 0.0743767 0.168503 0.303557 0.290288 0.463494 0.552733 0.659046 0.71477 0.916614 1.05898 1.16851 1.17757 1.65548 1.388 1.12188 1.0233 
1.04305 1.60644 1.13702 1.32313 0.718707 0.937418 0.929705 0.788962 0.456383 0.417453 0.413069 -0.311983 -0.292418 -0.859037 -0.570494 0.0537158 -0.261902 -1.50143 -2.20339 -1.69207 -0.839399 0.068747 -0.687118 -1.52813 -0.776092 -0.974808 -0.116928 0.821428 0.947232 0.952738 
0.822402 0.637462 0.789602 0.712171 1.01556 0.502575 0.270581 0.593734 0.511767 0.217348 0.207292 0.554979 0.413859 0.0544716 -0.51903 -1.09374 -1.12699 -1.01091 -1.42967 -1.29741 -1.2704 -1.01914 -1.09875 -1.30138 -1.63128 -0.23531 1.20199 1.65188 1.14015 1.7362 
1.51804 1.57176 1.62687 1.41507 1.18861 1.03068 1.13669 0.982254 0.702632 0.819296 0.492443 0.141804 -0.536877 -0.645954 -0.683393 -1.31426 -1.41082 -1.10058 -0.935693 -1.29708 -0.763719 -0.135101 0.373285 0.278001 -0.116995 -0.645288 -0.65437 -0.995861 -0.969883 -1.07154 
-0.170525 -0.317486 -0.402883 -0.351085 -0.391095 -0.130104 -0.106836 -0.30622 0.170119 0.164736 0.546791 0.88344 1.72197 1.74257 1.28718 1.50521 1.56759 0.898025 0.633475 0.409693 -0.113094 -1.16616 -0.67456 -0.412793 -0.107882 -1.89558 -0.756581 -0.66703 -1.30264 -2.25823 
-0.355677 -0.146928 -0.234565 -0.0468374 0.0346737 -0.0348523 0.159514 0.576064 0.645066 0.354605 0.945689 1.41148 1.25529 0.923386 1.04991 1.02091 -0.0491606 -0.735171 -0.990491 -1.34049 -1.32596 -1.5474 -1.55061 -1.26206 -1.11767 -1.56028 1.06525 1.47023 1.40797 -0.0218998 
0.427398 0.0181119 0.317309 0.692795 0.61865 0.401692 0.674614 0.74194 0.62371 1.03857 0.26887 -0.0821574 -0.182169 0.223309 0.112448 0.227102 0.692388 0.584163 1.33635 1.41434 0.523244 -0.194569 -1.49046 -2.02652 -1.69237 -1.73802 0.901291 -1.05085 -1.35266 -2.02851 
0.521313 0.663139 0.804011 0.908156 0.722956 0.746184 0.804146 0.917737 1.00024 1.04039 0.996262 0.697301 0.687072 0.686971 0.726486 0.766917 0.30183 0.142496 -0.36672 -1.16255 -1.73632 -1.75893 -2.05295 -1.74317 -1.22201 -0.750155 -0.777351 -0.839886 -0.21939 -0.504169 
0.390418 -0.13544 -0.320256 -0.381729 -0.442455 -0.64113 -1.00391 -1.06853 -1.23899 -1.53994 -1.40296 -1.03029 -1.08544 -1.259 -1.00451 -0.520882 0.214628 0.365841 0.358691 0.922746 1.14376 0.798517 1.10074 1.3099 1.08999 1.86488 0.85629 0.362417 0.581041 1.71559 
0.686203 0.686203 0.577266 0.464352 0.672429 0.561179 0.488056 0.469499 0.663056 0.570572 0.406652 0.538638 0.216965 0.325545 0.729277 0.56085 0.142913 -0.179197 -0.225681 -0.00814042 0.0860919 -0.507227 -0.963142 -1.6991 -3.2422 -2.90037 -0.166358 0.962052 0.0418107 0.0418107 
0.583163 0.583163 0.426968 0.889772 0.628512 0.337528 0.703234 0.993797 0.505834 0.450349 0.577137 0.252154 1.19707 1.02807 -0.136568 0.0182444 0.825422 1.33201 0.605498 -1.08906 -0.928566 0.251179 -0.580136 -0.63137 -0.588039 -2.45156 -2.13227 -0.411091 -1.62022 -1.62022 
-0.203091 -0.203091 0.0179407 -0.192104 -0.233323 -0.893335 -0.953133 -0.336904 -0.21895 -0.932646 -0.505168 -0.808426 -1.57997 -1.12919 -0.611349 0.654569 1.36837 0.700713 0.843594 1.55933 0.259563 0.102071 1.82406 1.54799 1.57366 1.54541 -1.00642 -1.83198 -0.179095 -0.179095 
-0.746282 -0.746282 -1.10555 -0.628723 -0.327153 -0.249117 -0.0622504 -0.476048 -0.246359 0.421992 0.313595 0.524085 0.303254 0.326389 0.965288 0.549044 0.460828 0.837728 0.984355 1.81069 1.78788 1.3034 0.886684 -0.647054 -2.41712 -1.37237 -1.29428 -1.7313 0.287337 0.287337 
0.662913 0.662913 1.46393 0.902956 0.494197 -0.241872 -0.26707 0.854211 0.0891785 -1.12393 0.0120518 0.237956 1.17582 0.87044 -0.29271 0.138281 -0.289874 -0.13777 0.270899 0.00421464 -0.129398 0.251457 0.596883 0.228857 -0.302603 1.166 0.0635 -2.90272 -2.22935 -2.22935 
0.127726 0.127726 -0.304675 -0.459398 -0.422031 0.26185 -0.150116 -0.522441 -0.405755 -0.0296142 -0.815972 -0.788524 -0.606945 -0.298672 1.06612 0.373702 -1.76231 -2.20509 -0.19847 1.58328 2.03809 0.194555 -1.81014 -0.0819437 0.654185 0.775488 2.07867 1.23965 0.170521 0.170521 
-0.105908 -0.105908 0.0333992 0.229382 -0.334997 -1.02873 0.0547137 0.249117 -0.551121 -0.457939 0.374088 0.204257 -0.711955 -1.27223 -1.55123 -0.851195 0.0439155 -0.455611 -0.434639 0.142969 0.297164 0.159018 -0.42913 -0.75345 1.31799 3.60789 2.38197 -0.143542 0.0458596 0.0458596 
0.541312 0.541312 0.0257117 -0.521034 -0.416433 0.229155 0.235959 -0.512868 0.0135513 -0.0781645 -0.985582 -1.66877 -1.1997 0.0454773 -0.967751 -1.08256 0.744918 1.2526 -0.051578 0.663929 2.58634 2.53784 1.13216 -0.622051 -1.46287 -0.713499 -0.350765 -0.282685 0.183021 0.183021 
-0.0875561 -0.0875561 0.164128 0.221602 0.486497 0.566624 -0.0163373 0.557375 0.803034 0.683644 1.11675 1.69477 1.29457 -0.343895 -0.0938893 0.56175 -0.562187 -0.976167 -0.411689 -0.738687 -1.78879 -0.504297 1.16064 0.924244 -1.67095 -0.614757 1.76236 -0.48479 -1.80822 -1.80822 
0.10764 0.10764 0.0858531 0.261162 -0.00546217 0.111504 0.615286 0.485356 -0.24741 0.293691 1.07749 0.302992 -0.523762 -0.230737 0.0831955 -1.157 -1.83794 -0.993505 -0.645249 -0.365578 -0.232333 -0.250714 0.277851 0.430827 -0.326971 2.24455 3.12303 0.33733 -1.56437 -1.56437 
0.0543197 0.0543197 0.847777 0.470304 -0.128698 0.22221 0.509641 0.11416 0.465542 -0.19314 -0.967505 -0.290404 0.474474 0.463505 0.169463 0.751985 0.52664 0.816716 1.00499 -0.656477 -1.46108 -1.87036 -1.6866 -0.0385223 0.457327 2.788 0.860394 -2.11327 -0.82285 -0.82285 
0.620881 0.620881 0.549047 -0.0725726 -0.226832 0.236728 0.408995 0.455772 0.315773 0.0743733 -0.572112 -0.507486 0.0622551 0.157087 0.234357 -0.72761 -1.10844 -1.19257 -2.40598 -2.52904 -1.05498 -0.521679 0.111988 1.66605 1.97502 0.929644 -0.0891133 1.14564 0.721956 0.721956 
-1.21699 -1.21699 -0.510681 -0.321944 -0.530624 -0.99004 -0.786144 -0.493637 -0.853075 -0.385467 0.639071 0.346857 -0.483949 -0.0129956 0.986574 1.71818 1.21259 0.0830303 0.71095 1.05799 -0.325031 -0.201515 0.641716 -0.152442 0.708015 -0.491532 -2.42128 -0.554728 1.92205 1.92205 
-0.0279865 -0.0279865 -0.127764 0.152368 0.153838 -0.0946467 -0.0127384 0.222916 0.15759 -0.158297 0.0400574 -0.0993423 -0.120025 0.520983 0.276205 -0.449867 -0.585671 -0.257434 0.219431 0.343776 -0.372745 -0.858886 -0.984929 -1.94562 -0.993237 2.78626 3.48133 0.252226 -0.7449 -0.7449 
0.0352284 0.0352284 0.485504 0.383282 -0.3501 0.259894 0.825698 -0.00486148 -0.341543 0.256567 -0.00563512 0.790342 0.942104 -1.11034 -0.795292 1.12314 1.4654 -0.0267755 -2.16834 -1.30534 1.49116 0.526192 -0.671464 0.179506 -1.58372 -1.31523 2.17243 0.685378 -0.989205 -0.989205 
0.127523 0.127523 -0.0431203 -0.256175 -0.621734 -0.636828 0.400005 0.544413 -0.536033 -0.284573 0.0488713 -0.925228 -0.312639 0.734874 1.3971 1.5563 -0.0145584 -0.478379 0.645503 -0.52652 -1.23594 1.21897 1.12264 -0.255475 -0.0541426 -2.14813 -2.79588 0.620086 1.29077 1.29077 
-0.45371 -0.45371 -0.00625144 0.613884 0.239655 0.132017 -0.32952 -0.289336 0.726153 0.408894 -0.0207644 -0.126272 -0.302086 0.504685 0.0923713 -0.589955 0.154333 0.374711 0.796462 0.637463 -0.592614 -0.962254 -1.94687 -3.21686 -0.797203 0.937103 -0.453395 1.36762 1.77773 1.77773 
0.796433 0.796433 0.323498 -0.696422 -0.844042 -0.520674 1.0452 0.421466 -1.54658 0.0561018 1.26928 1.10226 0.654351 -1.11694 -0.496134 0.123516 -0.111605 0.593894 0.240828 -0.216353 0.329567 0.733428 0.102071 -0.637203 0.9112 0.429775 -3.30908 -1.8119 0.688821 0.688821 
-0.24 -0.24 -0.3364 -0.043712 0.47878 0.198823 -0.459246 -0.129869 0.336462 -0.226179 -0.443432 0.159641 0.334609 1.07181 0.448329 -1.73285 -1.57731 1.00375 2.38975 1.42289 -0.835838 -2.36823 -0.142866 1.5648 0.563629 0.916934 0.318603 -1.15947 -0.636714 -0.636714 
0.083577 0.083577 0.222114 -0.275312 -0.904242 0.260584 0.888397 -0.443153 -0.514705 0.639119 0.453199 -0.782606 -1.0586 -0.608172 0.282723 1.11269 0.264735 -0.353181 0.40823 0.502404 -0.0035523 -0.528305 -0.659908 1.22011 3.06807 0.737218 -2.66673 -1.66626 0.118988 0.118988 
-0.365007 -0.365007 -0.772242 -0.310294 0.577797 0.504954 -0.533654 -0.146627 0.342812 -0.725159 -1.16571 -0.140452 1.29586 0.191792 -0.821168 1.29468 1.75834 -0.574227 -0.419436 1.98384 1.41479 -1.06409 -2.33457 -1.91384 -0.0490839 0.847368 0.339915 0.416612 0.365904 0.365904 
0.273781 0.273781 0.312912 0.321907 0.33733 -0.239928 0.0961264 0.660288 0.188393 0.316016 0.790846 0.223489 -1.28559 -0.842899 0.719027 -0.216414 -0.944658 0.204889 0.26411 -0.835166 0.262007 2.11053 1.07504 -1.82545 -0.945396 2.43997 0.190911 -2.32859 -0.798629 -0.798629 
0.105947 0.105947 0.226714 0.0580509 0.0178594 0.548577 0.378495 -0.473337 -0.0110783 1.03366 0.127364 -0.982117 -0.246719 0.539077 -0.517124 -1.20247 0.233582 0.942574 0.553521 0.405405 0.200084 0.472411 0.590455 -0.295693 1.37039 2.49759 -1.19289 -3.1081 -1.18909 -1.18909 
0.525599 0.525599 0.272045 -0.663292 -0.174027 0.421404 -0.0799572 -0.0370008 -0.213797 -0.969979 -0.0727117 0.961222 0.499034 -0.212259 0.186398 0.232543 0.0361025 0.313935 -0.996946 -1.66388 -0.822765 -0.158862 1.2231 1.43273 1.89124 0.263368 -3.29964 -1.13804 0.859414 0.859414 
-0.059632 -0.059632 -0.656979 -0.736186 0.30662 0.620396 0.219887 -0.0801845 -0.357109 -0.843818 -0.549742 0.618993 0.64802 0.174779 -0.840754 -1.28097 -0.437405 -1.23747 -1.27489 1.30764 1.93837 1.13079 2.1117 1.79968 -0.698253 -1.97414 0.216957 0.788796 -0.397741 -0.397741 
0.277696 0.277696 0.41176 -0.238184 -0.698584 -0.405521 0.128591 -0.27156 -0.147182 0.835894 0.296172 -1.02173 -0.479631 0.820534 1.00568 -0.0634712 -1.38551 -0.580347 0.46852 -0.959902 -1.11868 0.462689 -0.18916 -0.176924 -0.464882 -2.44684 -0.268907 2.86116 1.5353 1.5353 
