37
-0.439084 -0.584956 -0.396517 -0.435211 -0.31801 -0.327827 -0.289571 -0.256703 -0.304675 -0.0523901 0.060663 0.0670747 0.0599396 -0.0433081 0.108248 0.231281 0.265438 0.386591 0.441995 0.6467 0.988638 1.15643 1.27402 1.19174 1.33148 1.2741 1.38416 1.20934 0.799602 0.592639 0.179972 -0.379 -1.0617 -1.91632 -2.43634 -2.19042 -2.21803 
0.854781 0.829931 0.571064 0.463554 0.685775 0.752147 0.815767 0.67876 0.955737 0.937475 0.831316 0.750369 0.748824 0.687625 0.497952 0.76471 0.728138 0.561626 0.742267 0.759691 0.764037 0.386484 -0.14575 -0.684085 -0.945117 -1.27135 -1.07918 -0.936152 -1.06466 -1.11716 -1.09097 -0.682313 0.360438 -0.525729 -1.79143 -2.20861 -2.58596 
-0.595805 -0.138002 0.242513 -0.314366 -0.726241 -0.853361 -1.361 -0.977548 -0.731885 -0.787941 -1.21431 -0.983031 -0.537222 0.415038 0.772404 0.0110555 0.162638 0.0970572 -0.840929 -1.28553 -1.63651 -0.999464 -0.91439 -0.729784 -0.248468 0.295383 1.09399 1.86477 1.86837 1.68225 1.17691 0.914841 0.957935 1.49654 0.914024 0.70462 1.20546 
-0.969162 -0.956583 -0.814481 -0.676045 -0.967287 -1.17357 -1.1296 -1.049 -1.05921 -1.04124 -1.01169 -1.00743 -0.963687 -0.941328 -0.964335 -1.1045 -0.887597 -0.552209 -0.25374 0.155152 0.591443 0.977727 1.04096 1.07742 1.15167 1.30751 1.30014 1.49305 1.3407 1.05054 1.1478 1.22963 0.77027 0.790187 0.800709 0.584154 0.713603 
-1.40464 -1.24143 -1.27889 -1.46035 -1.10592 -0.863779 -1.17467 -1.3735 -1.14244 -0.887366 -0.957889 -0.766388 -0.797016 -0.824352 -0.80119 -0.197058 -0.00985823 0.103864 0.65176 0.364009 0.0718616 0.0695578 0.256773 0.453406 0.826875 1.27206 1.30431 1.49775 1.68209 1.4433 1.08866 1.10838 1.07004 0.783222 0.744719 0.609786 0.884299 
0.914548 0.462973 0.391255 0.212078 0.531128 0.573981 1.06262 1.27876 1.01632 0.662881 0.507882 0.725378 0.377011 -0.175783 0.449648 0.684254 0.43785 -0.537937 -1.00138 -1.90787 -1.33154 -0.920686 -1.00823 -1.27417 -0.856396 -0.225127 -0.919187 -1.17875 -1.02993 -1.1855 -1.02975 -1.03039 -0.810952 1.22135 1.47907 1.87393 1.56064 
1.16085 0.979462 0.92564 1.16172 1.47397 1.36383 1.69687 1.24937 0.979742 0.680363 0.763824 0.319587 0.199285 -0.426498 -0.490256 -0.601569 -0.583493 -0.236247 0.173066 0.650691 -0.0120729 -0.264806 -0.302659 -0.80341 -0.160215 0.0764924 -0.935816 -1.80227 -1.81127 -1.90499 -1.89054 -1.8507 -0.204874 -0.238619 -0.053142 0.347964 0.370728 
1.30083 1.93076 1.93923 1.8504 1.54728 1.48126 0.901353 0.925255 0.949965 0.698979 0.176792 0.216199 0.211432 0.733329 -0.0849846 -0.26047 -0.0813336 -0.266053 -0.780171 -0.819536 -0.719624 -0.874642 -1.35781 -1.35577 -1.27983 -1.05307 -1.3741 -1.32956 -0.837805 0.154971 0.0774785 -0.285347 -0.334484 -0.923169 -0.637965 -0.165912 -0.273861 
-0.566476 -0.579006 -0.364386 -0.86315 -1.28869 -1.41845 -1.26235 -0.77518 -1.03534 -0.30398 -0.380636 -0.119976 0.0280937 0.183166 0.778526 0.658796 0.242195 0.741658 1.06933 2.01555 1.91325 1.54788 1.37656 0.560181 -0.0590584 -0.22599 -0.216902 -0.135427 -0.175068 0.439459 1.26958 1.48376 0.426539 -0.188044 -1.30094 -1.82382 -1.65165 
0.216035 -0.532588 -0.389122 -0.547695 0.174739 0.48061 0.861694 -0.046748 0.11958 0.606806 1.19544 1.18771 1.3328 0.597225 1.06 1.1842 0.396932 0.518755 1.02134 -0.0282128 -0.307901 -0.843736 -1.2202 -1.20521 -2.06776 -2.61242 -1.8177 -1.24446 -0.469371 -0.692328 -0.3928 0.845795 1.19032 1.43568 -0.154379 -0.122818 0.269796 
-1.54402 -1.2133 -0.981152 -1.22594 -0.803181 -1.15231 -1.3588 -1.01359 -0.626207 -0.518069 -0.790099 -0.847197 -1.19579 -0.553432 -0.148198 -0.125968 -0.0472868 -0.732758 -0.0979097 0.167546 0.549761 0.598079 0.631019 1.5243 0.600864 -0.788078 0.648868 1.12605 1.38769 1.39147 0.128548 1.10924 2.10797 1.31687 0.860204 1.54745 0.067346 
0.147681 0.426196 0.336645 0.238543 0.741453 0.601044 1.13648 1.27608 0.428276 -0.171477 0.945668 1.31642 1.49611 1.27619 0.991923 0.522746 0.301499 -0.376992 -1.06002 -0.616402 -1.1953 -0.23081 0.0484568 -0.111565 -0.348847 -0.695072 0.0776576 1.21245 0.419719 -0.344669 0.0830342 0.140956 -0.62464 -2.06111 -2.34413 -1.74225 -2.24194 
0.135229 -0.265954 -0.101614 -0.296505 -1.26384 -0.828154 -0.775558 -0.970522 -0.645557 -0.305783 -1.07331 -1.09873 -1.0406 -0.986327 -1.33297 -1.70921 -0.809309 -0.617877 -0.985696 -0.560941 0.503861 0.76276 1.58719 1.71204 1.19919 1.08622 0.866257 1.09965 0.567246 0.998034 0.625399 -0.358559 -0.252639 0.740671 1.08462 1.47176 1.83954 
0.255587 0.255587 0.471304 0.327922 0.386044 0.227151 0.313062 0.139512 0.581133 0.905226 0.410358 0.168456 -0.0522552 0.267142 0.722577 0.486287 0.482503 0.525268 0.693434 1.27014 1.19584 0.74429 0.240992 0.285575 0.335679 0.275938 0.0395703 -1.00663 -1.07133 -1.07722 -1.7857 -2.3292 -2.92424 -2.5968 -0.38178 0.60929 0.60929 
-0.129625 -0.129625 -0.264471 0.520345 0.804005 0.545275 0.213495 0.561551 0.755265 0.13024 0.0279798 0.198642 0.230858 -0.0760453 0.458965 0.708724 0.0019132 0.356264 0.656325 0.368726 -0.275614 -1.15096 -1.41325 -0.970825 -0.624814 0.114511 0.880034 0.356905 0.0379198 0.290289 1.0426 2.70095 0.588654 -3.17722 -2.41213 -0.962933 -0.962933 
0.965349 0.965349 -0.364931 -1.40378 -0.840352 -0.965901 -0.296525 0.691077 0.114868 -0.766193 -0.389481 0.753978 1.6992 1.58325 -0.663346 -0.933135 -0.0209614 -1.44942 -1.94633 -1.17675 0.241332 0.813013 0.219846 0.739332 1.21031 1.62629 1.9238 0.881526 -0.373 -1.04025 -1.13981 -0.42079 0.628917 -0.191281 -1.17195 0.248366 0.248366 
0.202672 0.202672 0.590722 -0.74539 -1.80823 -0.774709 0.109829 -0.0572085 -0.250328 -0.127725 -0.170027 -0.126258 -0.0704257 -0.276248 -0.777341 -0.0376485 1.4286 1.6801 1.90673 2.33167 2.26196 1.11172 0.03314 0.0671136 0.435171 0.18351 0.297826 -0.149177 -1.63862 -0.869032 0.277915 -1.43827 -1.62916 -0.180399 -0.909503 -0.542822 -0.542822 
0.0180941 0.0180941 -0.915556 0.146015 1.29349 -0.508763 -1.70332 -0.235232 0.994342 0.177382 0.00517657 0.113249 -0.479557 -0.333847 1.37673 1.82109 0.492627 1.46971 0.382165 -1.89342 -1.12018 0.178364 0.717263 1.2218 1.89511 0.970784 0.288829 0.700817 -0.470056 -1.93007 -1.22978 -0.372983 -1.20336 -1.2038 -0.79236 0.0555681 0.0555681 
-0.704456 -0.704456 -0.365991 0.119551 0.39543 0.606155 0.821464 -0.111779 -0.819493 -0.685998 0.023409 -0.216858 -1.17397 0.0360086 1.01438 -0.0689054 -1.57286 -1.84253 -1.75643 -0.46449 1.17236 0.347487 -0.493457 0.134408 1.24922 -0.132267 -1.23915 -0.191853 -0.0626345 -0.0540175 0.138479 0.217619 2.74363 2.79119 0.756604 0.0471057 0.0471057 
-0.28931 -0.28931 0.308929 0.833532 0.337396 0.367169 -0.116282 -0.979911 -0.76765 -0.261665 -0.469252 -0.761253 -1.02141 -0.940383 -0.20313 -0.0858592 0.571274 1.13193 1.31877 -0.217558 -1.26419 -0.368667 -0.724086 0.251881 1.30869 -1.06371 -2.64458 -1.2068 -0.0994492 -0.0658508 0.125552 2.46338 2.35793 0.265192 0.888349 0.655174 0.655174 
1.31392 1.31392 -0.0152118 -0.591413 -0.54924 -1.06108 -0.89479 0.223284 -0.285049 -1.29639 -0.759382 0.197444 1.08968 -0.414754 -1.70437 0.140139 0.123064 -1.15892 -0.89013 0.245353 0.0314848 -1.04677 -0.756319 0.277595 0.693132 -0.0409423 -0.377899 1.12513 2.87863 1.82596 -0.680861 -0.628426 -1.04609 -0.427818 1.53373 0.806699 0.806699 
0.331023 0.331023 -0.267144 -1.05467 -0.600723 0.114818 0.873764 0.36168 0.662083 0.887826 0.308773 0.585232 0.455337 1.0056 0.667532 -0.577386 0.184348 1.09995 1.64955 1.1206 -0.492918 -0.577821 -1.13266 -1.6837 -0.88474 -0.11177 0.193822 0.133875 0.789637 1.85962 1.36711 -0.954698 -1.97425 -2.04274 -1.92993 -0.349032 -0.349032 
-0.699102 -0.699102 -0.0259465 0.634567 1.16442 0.774997 -0.610345 -0.85535 0.736892 1.21868 0.654015 0.147987 -0.682369 -0.319925 0.660933 -0.765174 -0.767879 0.703636 -0.632717 -1.52517 -0.939098 -1.0495 -0.421092 -0.975653 -1.61413 0.276568 1.55191 1.52953 0.621191 0.0786435 1.74605 1.79738 0.66426 -1.5428 -1.78672 0.475206 0.475206 
0.554939 0.554939 -0.153328 0.081252 -0.0471618 -0.821566 0.0329488 0.763816 0.472058 -0.339476 -0.54283 -0.637059 0.223758 1.15149 0.388302 -0.0135843 -0.884547 -0.200077 0.970222 0.65931 0.392079 -0.0377719 1.00211 -0.174887 -2.9836 -0.0786964 2.21793 0.771488 0.188876 -1.68739 -0.48511 2.29829 0.117749 -1.67339 0.145997 -1.11354 -1.11354 
0.349483 0.349483 -0.0830749 0.597387 0.548796 0.58615 0.907756 -0.680943 -1.53012 0.726693 1.84135 0.764652 0.0862399 -0.446625 -0.732902 -0.660523 -0.900928 -1.4313 -0.14252 -0.0229304 0.575316 1.56095 0.269408 -0.323866 -0.537726 0.622306 2.3233 0.52532 -1.65595 -0.254243 0.690208 -0.680336 -2.39669 -1.84244 0.498664 0.249824 0.249824 
-0.472625 -0.472625 -0.189093 -1.74449 -0.877811 0.524004 -0.342777 0.0315721 0.766526 -0.735017 -1.23695 -0.102148 0.00738677 -0.548942 -1.14065 0.572628 1.35285 -0.389532 -0.0688501 1.90017 1.67221 1.34184 1.15761 -0.680383 -1.00725 -0.604689 -0.128641 -0.558069 -0.286767 -0.0671781 -2.01163 -1.35389 1.3637 1.69085 0.857718 0.890471 0.890471 
0.180917 0.180917 0.0227272 -0.151144 -0.168256 -0.137597 -0.153768 0.238678 0.787716 -0.245489 -0.869939 -0.567469 0.0518003 0.797776 0.184699 -0.321945 -0.0140703 0.175636 0.764719 0.497214 -0.637235 -1.11054 -0.563167 0.0473885 -0.0677097 -0.383768 -1.4721 -1.28271 -0.134956 -0.845229 -1.43837 -1.3132 -0.352316 2.74796 3.48013 1.03635 1.03635 
-0.0876891 -0.0876891 0.461438 0.754262 0.0241052 -0.406512 0.0180496 0.385732 -0.295122 -0.502212 0.0545216 0.148613 -0.185534 0.166266 0.555756 -0.313133 -0.239951 0.464546 0.015381 -0.645406 -1.05664 -0.789329 0.132698 0.55832 0.766059 1.05959 0.176262 -0.582556 -0.0399493 0.709628 1.69337 -0.310963 -4.10623 -2.09296 1.55597 1.02065 1.02065 
-0.921258 -0.921258 -1.66089 -0.312625 0.337616 0.413049 1.20558 0.31876 -1.01167 -0.333221 1.10818 1.51294 0.616276 -1.6562 -1.76573 0.483219 -0.34172 -1.34494 0.219996 1.58341 1.44251 0.0105629 -0.026598 0.731044 0.657349 0.533844 -0.50439 -1.60939 -1.34238 -0.520087 0.466894 1.28514 0.189264 -1.2563 0.338876 1.03708 1.03708 
0.374509 0.374509 -0.852083 -2.18405 -0.0086482 1.77911 0.676956 -0.312368 -0.0464682 0.0919867 0.0196143 0.109705 -0.119428 -0.630703 0.237309 2.04339 1.59521 0.457208 0.61643 0.344386 -1.10168 -2.02786 -0.940716 0.387344 0.125124 -0.107819 -0.28715 -1.75945 -0.642582 1.77771 -0.504306 -1.73249 1.17303 0.678939 -0.314448 0.354893 0.354893 
-0.647482 -0.647482 0.0889422 1.53265 -0.454025 -2.07872 0.189954 1.8716 0.286437 -0.685994 -0.0442877 -0.336064 -0.309954 1.28793 1.49511 -0.613111 -0.243554 -0.0764268 -2.33284 -1.04199 1.43742 1.27486 0.724049 0.81729 -0.173934 -1.1141 -0.187077 -0.526245 -1.82487 -0.52683 1.08037 0.01853 -0.576145 0.28532 0.87384 0.58842 0.58842 
0.215928 0.215928 0.556472 0.512576 0.319828 0.277346 -0.524995 -1.17237 -0.424198 0.569723 0.307579 -0.861262 0.155893 1.51338 -0.0950429 -1.83606 -1.26542 -0.150209 0.945054 2.03269 0.548034 -1.18981 -0.170907 1.2008 -0.208496 -1.76672 -0.0632513 0.803711 0.0752132 0.119594 0.169057 1.8057 1.78356 -1.41509 -1.94607 -0.519078 -0.519078 
0.394152 0.394152 0.778975 -0.0238056 -0.386789 -0.377484 -1.03284 -0.522501 0.482183 0.174203 -0.411161 -0.449728 -0.17609 0.555566 0.58215 0.523378 0.848624 0.503637 -1.03461 -1.93942 -0.155535 0.351505 0.410517 1.44646 -1.00974 -2.94461 -0.149654 1.8223 0.79226 0.120363 1.81063 1.59287 -1.65717 -1.1227 0.241385 -0.215733 -0.215733 
-0.820403 -0.820403 -1.19975 -0.296944 -0.254568 -0.172858 0.9002 0.456062 -0.945845 -0.257643 1.03811 1.27197 -0.348407 -1.78484 0.419953 1.25774 -0.800607 -0.612404 0.979147 0.661385 -0.79604 -0.464018 0.926539 1.00889 -0.155074 -0.650481 0.822323 2.19859 0.51603 -2.28877 -1.56122 -0.185814 0.186708 1.75307 0.867386 -0.424008 -0.424008 
-0.457367 -0.457367 -1.06997 -0.251549 0.917655 1.1549 0.199962 -0.156728 0.417211 -0.266898 -0.227447 0.121943 0.334925 0.172996 -1.22343 -0.367924 1.3127 1.14769 0.0239978 -1.65865 -1.31323 -0.489707 -0.8523 0.200785 1.2307 0.846923 0.199016 0.471405 1.35035 0.457139 -2.18126 -2.59123 -0.838431 0.0424107 1.32543 1.23768 1.23768 
0.34587 0.34587 0.776623 0.683171 -0.00154717 -1.25054 -1.15636 0.785472 1.25945 -0.147177 -0.791381 -0.964651 -0.398278 0.782905 -0.383498 -1.02493 0.864756 -0.00498346 -1.54664 -0.292935 0.217074 0.244688 -0.044967 -0.871166 0.723507 1.9716 0.723989 -0.7001 -1.03932 0.640446 1.02775 -0.798616 -2.27143 -1.69154 1.22292 1.38199 1.38199 
-0.325601 -0.325601 -0.190391 0.143832 -0.437738 0.128814 0.99644 0.335737 -0.55329 -0.502335 -0.088886 0.524494 1.11354 0.17748 -0.588902 -0.651021 -0.0248541 1.15171 0.577981 -0.250598 -0.319153 0.434258 0.00360618 -2.21469 0.138082 3.08076 0.572678 -1.08689 -1.33464 -0.305842 2.37995 0.430122 -2.20661 0.0989202 0.405333 -0.643348 -0.643348 
-0.254877 -0.254877 0.169422 0.408842 0.0078356 0.23867 -0.775247 -1.50528 0.892567 2.11711 0.0385116 -1.07955 -0.740443 -0.495929 -0.118533 -0.0899298 -0.465769 0.487744 0.893021 0.462445 1.00246 -0.175905 -1.16043 -0.488442 0.604823 1.79882 -0.0456328 -2.4664 -0.47125 1.47778 -0.250846 -1.90998 -0.709784 1.82023 1.31947 -0.140321 -0.140321 
0.142083 0.142083 -0.955742 -0.544146 1.5431 0.319597 -0.405605 0.724925 -0.599109 -1.47212 0.388651 0.820231 -0.373393 -0.86834 0.733583 1.70191 -0.737146 -1.06149 1.55807 1.17083 -0.452114 -0.421255 -1.48536 -1.58603 -0.00461259 0.562097 -0.0251333 -0.169646 0.28844 -1.27547 -0.966222 2.32432 2.09099 -0.415167 -0.622958 -0.0349211 -0.0349211 
