39
0.63503 0.655909 0.824224 0.943948 0.963643 1.01632 1.01064 0.998254 1.00748 0.943882 0.846911 0.837623 0.858685 0.824417 0.718715 0.616003 0.555251 0.478866 0.584754 0.616839 0.518327 0.493037 0.337929 0.148594 -0.13356 -0.309046 -0.486313 -0.682896 -1.01695 -1.17335 -1.3012 -1.36286 -1.36445 -1.47626 -1.48687 -1.59873 -1.63092 -1.75608 -1.65579 
0.346079 0.62685 0.438484 0.430745 0.371034 0.278657 0.326939 0.341361 0.250495 0.375891 0.517564 0.552044 0.534213 0.616885 0.650808 0.675111 0.371755 0.262879 0.0776039 0.00407549 0.359856 0.35886 0.520559 0.437059 0.512342 0.741907 0.973276 0.990484 0.879559 0.604341 -0.0696853 -0.512662 -0.931275 -1.78346 -2.3469 -2.38116 -2.42425 -2.34345 -1.63486 
-0.566609 -0.820142 -0.617025 -0.849669 -0.924856 -0.880216 -0.925882 -0.801092 -0.713042 -0.724008 -0.640926 -0.601843 -0.696793 -0.756925 -0.676508 -0.872852 -0.764498 -0.737318 -0.670486 -0.464411 -0.364548 -0.533292 -0.737809 -0.758348 -0.372082 0.109755 0.391317 0.697577 1.31061 1.35803 1.52509 1.70544 1.82442 1.55583 1.4158 1.30427 1.80661 1.14947 1.31696 
-0.646253 -0.734138 -1.00177 -0.74065 -0.330408 -0.466878 -0.632112 -0.789184 -1.00348 -0.879391 -1.13439 -1.11166 -1.65951 -1.53849 -1.1375 -1.41142 -0.790695 -0.302125 -0.209929 -0.0252811 -0.0782349 0.556243 1.38741 1.32613 1.06242 0.604708 0.733498 0.571657 1.02524 1.2889 2.10725 1.84861 1.31964 1.06771 0.0545625 0.356828 0.71662 0.438213 0.157865 
-0.929167 -1.16892 -1.09615 -1.11163 -1.37631 -1.3838 -1.25593 -1.00004 -0.894942 -0.973831 -0.845047 -0.836337 -0.58474 -0.513001 -0.700739 -0.852746 -1.13486 -0.907274 -0.450924 -0.201067 0.145903 0.470092 0.481985 0.568193 1.29896 1.40674 1.28297 1.31072 0.951631 1.02932 0.973648 0.889253 0.761476 1.08334 1.26969 0.936277 0.911807 1.15092 1.29451 
0.0534718 -0.343219 -0.452127 -0.397856 -0.0539145 -0.0919573 -0.24923 -0.185443 -0.426033 -0.902141 -1.76004 -1.22083 -0.596021 -0.373825 0.215787 0.115245 0.165964 0.747848 1.25364 0.211214 -0.879383 -1.79475 -1.95069 -0.90154 -1.07794 -1.48032 -0.627053 0.204838 1.25172 1.04117 1.53533 1.96802 0.947876 0.383179 0.859773 1.31891 1.4964 1.12765 0.866285 
0.493982 0.99062 1.14411 1.36428 1.18134 1.43076 1.18353 0.838355 0.732631 0.81855 0.855749 0.347615 -0.275644 -0.39255 -1.08811 -0.712378 -0.418929 -0.799175 -0.878854 -1.02721 -1.1697 -1.04788 -1.66012 -1.94196 -1.18861 -1.74501 -1.46636 -0.916926 -0.622478 -0.151656 0.395017 0.541815 0.609295 0.585085 0.776711 0.484711 1.08379 0.661171 0.984435 
1.81316 1.12179 1.21374 0.980979 0.94744 0.39339 0.445325 1.01079 0.805613 0.956189 0.703349 1.05939 0.93856 0.449875 0.639756 0.135631 0.502251 0.508366 0.00406335 -0.0643268 1.31804 0.327046 -0.17966 -0.6058 -0.582926 -0.379337 -1.1729 -0.914768 -1.25036 -1.15181 -0.320179 -1.55222 -1.63036 -2.33413 -0.0967476 -1.02513 -1.45232 -1.37381 -0.187973 
-1.02448 -0.52889 -0.281152 -0.134094 -0.0653721 0.446723 0.574898 0.648354 0.81033 0.906244 1.38932 1.36136 0.677915 0.588508 1.04525 1.16275 1.39959 1.43588 1.01018 1.20565 0.472705 0.761052 0.803328 0.509191 -0.0154415 -0.528247 -0.567045 -0.743447 -0.723594 -0.922682 -1.60151 -2.16042 -1.35916 -1.15251 -1.16972 -0.944971 -0.834045 -1.17711 -1.27534 
-0.921333 -1.77729 -1.59748 -1.1921 -1.10277 -1.86448 -1.82627 -1.39132 -0.948221 -0.553018 -0.116969 0.438745 0.906345 0.880534 0.767193 0.271554 -0.321091 -0.673525 0.304594 -0.192277 -0.0840524 0.519458 1.37531 0.780511 -0.342796 -1.06389 -0.115113 0.0640925 0.6902 0.292973 -0.0802605 0.837817 1.03158 1.72789 1.54664 1.49884 0.583732 0.817332 0.828925 
1.82128 2.13476 1.76851 1.07832 0.590714 1.11261 1.15449 1.1436 0.704634 -0.114538 -0.589775 -0.944818 0.31207 0.321173 -0.299521 0.311459 0.847147 0.363287 0.52104 -0.0785344 -0.571577 -0.199814 0.390609 0.101135 -1.67591 -1.63642 -1.80654 -1.52794 -0.960829 -0.890953 -0.784894 -0.693542 -0.111155 0.0148827 0.855305 0.093119 -0.683698 -1.56063 -0.509059 
-0.573901 -0.969342 -0.285868 0.0774608 0.242169 0.228985 0.224693 -0.0656209 -0.046361 0.792646 0.711409 0.803162 0.141997 0.159856 -0.358771 -0.279351 -0.775758 -0.0183327 -0.266775 0.698842 1.39359 1.9238 1.36605 1.97999 1.6605 1.25757 -0.217257 -0.946768 -0.992183 -0.520418 -2.4218 7.84294e-005 0.922058 0.0379583 -1.49588 -1.62667 -0.129726 -1.65769 -0.97434 
0.541411 -0.0750612 -0.732862 -0.896802 -0.879578 -1.21867 -1.22978 -1.22155 -1.21321 -1.22468 -1.06623 -0.911099 -1.08341 -1.35585 -0.974379 -1.22571 -0.546273 -0.427018 -0.751536 -0.532654 -0.333442 0.00708143 0.562631 1.07733 0.582401 0.943543 1.46659 1.33297 1.27915 0.593905 1.00788 1.2446 1.24424 0.724528 1.2484 0.674827 0.76715 1.24224 1.35892 
1.57975 1.57975 2.09077 1.32242 0.975811 0.844623 0.508214 0.585278 0.320533 -0.2285 0.0522809 0.662502 0.533361 -0.122 -0.475854 -0.243468 -0.107358 0.754166 1.31494 0.258205 -0.0384155 -0.33101 -1.17911 -1.83593 -1.76434 -1.22208 -1.33115 -2.14174 -1.93399 -0.867919 -0.378094 0.274647 0.0153617 -0.0312881 -0.0315474 -0.143083 -0.211861 0.473059 0.473059 
0.402493 0.402493 -0.187716 0.075477 -0.0976686 0.123253 0.341734 0.0570777 0.284098 0.759807 0.573819 0.247517 0.346105 0.45198 0.332573 -0.357402 -0.629848 -0.388289 -0.315977 0.790866 0.939246 0.542211 0.373432 0.196651 0.837091 1.1564 0.721977 0.0217416 -0.576476 -1.72842 -2.07161 -1.5491 -2.38624 -2.68249 -1.00926 0.0552144 0.290606 1.82832 1.82832 
-0.389126 -0.389126 -0.329077 -1.12908 -0.33201 -0.247149 -0.0167519 0.367625 -0.0226166 -0.0368983 0.106973 -0.404795 -0.689995 -0.185889 -0.57744 -0.497132 0.145403 0.0260447 0.540292 0.635242 -0.442204 -1.31717 -0.891139 0.807113 2.25123 1.95025 1.44554 2.39838 1.65433 0.372334 0.754458 0.616247 -0.674266 -1.41881 -0.967333 0.879213 -0.689202 -1.65174 -1.65174 
-0.63074 -0.63074 -0.0556115 1.06145 0.406265 -0.542058 -0.576008 -0.65685 -0.193534 -0.260616 -0.427643 -0.910219 -0.748247 0.815333 0.164515 0.526614 1.78312 0.912162 0.411329 0.172136 0.913411 2.37034 1.22381 -0.580426 -1.23371 -0.58691 -0.0993466 0.435886 1.13706 1.73814 0.877454 -1.34278 -1.33171 -2.1296 -1.21634 1.04612 0.089232 -0.965652 -0.965652 
-0.817268 -0.817268 -0.183074 -1.13732 -1.11471 -0.00464601 0.740109 0.675703 -0.27097 -0.203987 0.0437228 0.391013 0.569242 -0.673099 -1.3058 -1.57267 -0.49927 1.58893 1.65192 1.34261 1.55281 0.605286 -0.0676698 1.96515 2.02616 -0.390295 -0.616621 -1.28204 -1.1408 -0.282819 -0.741168 -0.945054 0.203767 1.09203 -0.760949 -1.35709 0.261891 0.737121 0.737121 
-0.575414 -0.575414 -0.0904175 0.39661 0.29733 -0.241714 -0.132198 -0.221804 -0.802446 -1.46634 -0.374396 1.22021 0.879272 0.841422 0.494325 -0.0852399 0.648691 1.13811 -0.608792 -2.32567 -2.18902 -1.18382 0.92897 0.906969 -0.654124 0.453259 1.78069 1.98891 0.867792 0.273359 0.965156 -0.663445 -1.73612 -0.126409 0.974696 0.65302 -0.237349 -0.70933 -0.70933 
1.21531 1.21531 0.683569 0.0365095 0.0927588 -0.0308951 -1.17449 -0.90233 -0.0731947 0.201695 -0.940867 -2.21115 -1.45869 -1.59775 -0.65024 1.25196 -0.202041 -0.919691 -0.473685 -0.594494 -0.0748613 -0.978349 -1.75471 0.871772 0.343685 -0.569304 1.55759 1.58796 1.43677 1.92188 1.29867 0.377027 0.0481211 0.286896 -0.228154 0.555515 0.304289 -0.226197 -0.226197 
-0.667947 -0.667947 -0.056718 -0.223965 -0.652169 -0.538254 0.953794 0.611124 0.058174 -0.00534689 0.26849 0.444426 -0.681394 -0.267289 -0.287866 -0.0523159 0.627713 -0.533019 -0.632317 1.88217 0.652553 -1.86514 -1.11231 -0.406511 0.432766 -0.655343 -0.582656 0.0277006 -0.184974 1.37066 -0.402706 -1.61521 -0.911146 2.17489 1.87553 -1.67571 -0.333758 1.81602 1.81602 
1.37611 1.37611 0.743899 0.419178 1.08133 1.18917 0.393513 0.454825 0.495563 1.07802 0.853309 -1.26268 -1.37412 0.69408 1.0694 0.670519 0.523211 -0.678582 -0.38986 -0.947177 -0.778693 0.627495 -0.429089 -1.45742 -1.85407 -0.972801 -0.362588 -0.256199 -0.297351 -1.56471 -2.21739 0.467377 1.85603 0.371394 0.40424 0.636663 -0.393314 -0.772701 -0.772701 
-0.942883 -0.942883 0.588725 0.478845 -0.938313 -1.00038 0.452683 0.94433 0.896059 0.8875 1.0824 1.12071 0.414589 -0.290827 -0.861324 -1.44333 -1.26944 0.637887 0.462503 -0.593781 0.742375 1.6502 0.195127 -2.2081 -2.36145 0.154607 1.24781 0.856004 0.156061 -1.0574 0.539725 1.2282 0.958919 0.503562 -0.39998 -1.29108 -0.949395 0.175869 0.175869 
0.114295 0.114295 -1.04896 -1.18962 0.21519 0.828867 0.211369 -0.345933 -1.28273 -1.32477 -0.786842 1.22069 1.64273 -0.533382 0.164192 1.50443 0.235518 -0.202507 -0.33662 -1.09089 0.0348869 1.29062 0.524249 -2.21964 -1.83837 0.0240527 0.30117 1.15562 0.91372 0.379359 0.404249 0.956311 0.996512 1.29557 0.266126 -1.60825 -1.74124 0.377856 0.377856 
0.304779 0.304779 1.00509 0.526293 0.178789 0.0228084 -0.23297 -0.211232 0.83108 0.738326 0.0486449 -0.486603 -0.554804 -0.423248 -0.36643 -0.345922 0.279847 0.508707 0.700859 1.57138 1.16952 0.013514 0.0907973 0.31071 -0.627822 -1.69415 -1.99556 -0.676283 0.43244 -1.28054 0.519334 3.12517 0.0738999 -2.19271 -1.49744 1.29983 0.0103083 -0.740602 -0.740602 
-2.39812 -2.39812 -1.57066 -0.336364 -0.656623 -0.708442 -0.07337 -0.0377906 -0.0738112 0.200656 0.505297 -0.0995011 -0.881332 0.131276 0.16988 0.714707 1.39233 -0.443419 -0.261247 0.6964 0.918823 1.57039 1.88887 -0.0319418 -0.312722 1.54867 0.64398 -0.410832 -1.41948 -0.564115 1.12171 0.364104 -1.01904 -0.060496 -0.158969 -0.948059 0.969435 1.01396 1.01396 
0.676047 0.676047 -0.291061 -1.37054 -0.568552 -0.555716 -0.293594 -0.203393 -0.991443 -0.304805 1.15432 0.638359 -0.954595 -1.23743 -0.120052 0.496653 1.28853 1.82305 -0.591415 -1.6706 -0.708793 -1.40293 -1.86137 -0.703769 0.805477 0.578077 -1.12471 -0.725947 1.63616 1.99121 1.47095 0.528069 -0.352235 -0.0262067 -0.107876 -0.194119 0.808358 0.894927 0.894927 
-0.70144 -0.70144 -0.432959 -0.00751525 -0.0506358 0.34886 -0.166876 -0.158166 0.617478 0.196171 -0.621956 -0.331662 0.1092 -0.113176 -0.925018 -1.08113 -0.130879 0.220806 1.10348 1.18107 -0.353024 -0.676556 -0.451875 0.373604 0.87966 -0.216798 -1.25683 -1.42392 -1.8847 -1.62455 0.0835475 -0.420322 -1.25554 1.30527 2.69335 1.22661 1.70936 1.46924 1.46924 
0.1285 0.1285 -0.566388 0.0737947 0.842393 0.350177 0.610339 0.0712475 -0.27503 0.188904 -0.243216 -0.61591 0.266485 0.174107 -0.194006 0.704207 0.530776 0.419345 0.605494 -0.77706 -1.61953 -0.313606 1.92151 2.80582 1.06928 -0.623485 0.465588 0.257702 -1.68349 -0.705297 0.288207 -1.16466 -1.69132 -0.178219 2.07241 0.317928 -2.12206 -0.759721 -0.759721 
0.427948 0.427948 1.21862 0.347787 -1.11413 -0.674404 -0.0603878 0.291585 0.301324 -0.144842 -0.438935 -0.206064 1.24224 0.666931 -0.183496 1.16654 0.293761 -0.950112 -0.502938 0.376245 1.57679 0.240568 -2.06774 -1.7186 0.0162744 0.823782 0.744814 0.896013 0.942622 -0.162891 -2.15986 -1.54282 -0.536059 0.102525 2.26868 0.944971 -1.4031 -0.725799 -0.725799 
0.381391 0.381391 -0.310469 -0.753882 0.742807 1.26638 0.414855 -0.811481 -0.71622 0.149743 0.352974 0.302599 -0.849932 -1.43788 -0.730634 0.506341 2.21384 1.48126 -0.257008 -0.150273 -0.613004 -1.25332 0.907525 1.43967 -1.78619 -1.99451 -0.724958 -0.458464 0.646045 0.211326 -0.558559 0.606688 1.39853 -0.777866 -1.85411 0.663171 1.43995 0.266137 0.266137 
0.334108 0.334108 0.665156 0.268005 -0.429447 -0.287522 0.0179746 -0.451147 -0.841511 0.2954 1.83058 0.856598 -0.253035 -0.257219 -0.625439 0.109368 0.835992 -0.850309 -2.35 -1.06969 0.780589 2.12384 1.42562 -1.07164 -0.30396 1.65946 1.04827 -0.616084 -1.16167 0.0706223 -0.632334 -1.8317 0.369481 1.84706 0.534243 -0.819423 -0.921591 -0.316379 -0.316379 
-0.36575 -0.36575 -0.915387 -0.415927 0.028673 -0.99052 -0.6543 1.02141 1.02373 -0.651104 -1.96363 -0.353927 0.60697 0.772654 2.50659 0.466645 -1.75875 -0.144815 0.362163 0.424705 -0.240132 -1.341 1.65749 1.86839 -1.13817 1.11706 1.91839 -0.0167017 0.369572 -0.0313732 -1.22633 -0.976337 0.00936822 -0.148749 0.314104 0.538205 -0.578086 -0.364685 -0.364685 
0.237815 0.237815 0.141522 -0.456933 -0.295053 0.810535 0.547655 -0.629756 -0.469035 0.00698883 0.144857 -0.660998 -0.523872 0.112473 0.00966984 0.413045 -0.390867 -0.839565 1.27645 0.625665 -2.27162 -1.13023 0.725705 0.775482 -0.257366 -0.698732 0.279162 0.114865 0.65911 -0.239461 -1.83322 -0.406836 2.06806 1.49033 -2.33109 -1.3861 1.89626 1.12363 1.12363 
-0.365951 -0.365951 -0.605495 0.349345 0.668443 -0.406972 -0.441297 0.175706 0.560151 0.36433 -1.62629 -1.54273 1.5439 1.90299 0.0830433 -0.302494 -0.894793 -0.573138 -0.0977155 -0.186414 1.26204 0.358324 -1.4376 -0.95077 0.457923 1.20068 0.629055 0.148549 -0.864849 -1.31597 1.59947 3.10534 0.0296191 -0.970545 0.296111 -0.487923 -0.939249 -0.179445 -0.179445 
0.875812 0.875812 0.807372 -1.0293 -0.99952 0.78823 1.13312 0.197994 -0.113564 0.0378993 0.0670928 -0.494122 -0.957361 -0.872884 -0.796014 -0.332365 1.21814 1.00059 -0.845325 0.0961545 1.31952 -0.419027 -2.48135 -1.67056 1.39347 2.1699 0.358706 -0.758175 -1.26995 0.160802 1.34545 0.182933 -0.529519 -0.924573 -1.19598 -0.420377 0.83554 0.622716 0.622716 
-0.727979 -0.727979 -0.813219 0.743036 1.20017 -0.025359 -0.734977 -0.928473 -0.616221 0.277466 1.51951 1.44929 -1.08602 -0.919044 1.21188 0.0201809 -1.05746 -0.369761 -0.561407 0.202092 1.42016 0.273512 -2.15028 -1.4548 1.33664 1.27353 0.662693 0.348165 -0.493462 -0.331785 0.326593 0.335871 0.182551 -0.465661 -1.78277 -1.23952 1.18055 1.26114 1.26114 
0.473149 0.473149 0.173179 -0.483285 -0.281037 -0.22357 -0.112228 0.701034 0.629304 -0.455801 -0.733027 -0.343666 0.0740923 0.152417 0.0828442 0.439296 0.569831 0.298166 0.700173 0.328017 -0.941616 -0.641426 0.220595 -0.41582 -1.22166 -0.8225 0.6721 1.55556 -0.344169 0.0888387 2.79461 -0.244668 -3.29729 -0.950054 2.2225 0.979012 -1.24395 -0.436051 -0.436051 
0.512603 0.512603 1.51669 0.583029 -0.463217 0.313941 0.385039 -0.160892 0.0334422 0.310569 -0.404709 -1.28855 0.027203 0.694624 0.314085 0.833921 -1.10266 -1.50571 0.766704 0.799448 0.550456 0.628599 -1.46402 -1.95152 1.12528 0.61774 -1.75458 -1.83915 -0.285228 1.90671 0.594569 -1.90202 -0.505943 0.539135 -0.882561 0.757418 1.43556 -0.124308 -0.124308 
