38
0.730244 1.22652 1.43308 1.49183 1.52949 1.59944 1.62195 1.7455 1.73487 1.47351 0.784231 0.0261666 -0.412122 -1.22772 -1.36604 -1.09239 -0.35451 0.0265565 0.107941 0.172435 0.132404 -0.0102095 -0.204322 -0.390208 -0.528884 -0.519083 -0.515956 -0.463774 -0.546018 -0.569159 -0.623374 -0.740293 -0.904913 -1.05324 -1.09279 -1.09352 -0.952732 -1.17491 
0.484592 0.904837 1.30191 1.47598 1.54962 1.42177 1.27682 1.12734 1.07662 1.09785 1.05211 1.25651 1.33718 1.09736 0.898633 0.315121 -0.225934 -0.574093 -0.753852 -0.754295 -0.832574 -0.858983 -1.15783 -1.06245 -1.21096 -1.09946 -1.0788 -0.940416 -0.866429 -0.887458 -0.903248 -0.824978 -0.827794 -0.920836 -0.757197 -0.618139 -0.271238 -0.24729 
1.34216 0.655031 0.0299231 -0.500341 -1.56642 -1.66721 -1.80605 -1.71329 -1.8946 -1.8037 -1.70479 -0.983976 -0.899829 -0.710525 -0.176596 0.203554 -0.0675392 0.318663 0.439385 0.0228488 0.0176403 0.173295 0.400991 0.488281 0.499643 0.295493 0.565776 0.989021 1.02216 0.418695 0.678401 0.904702 0.823665 1.06054 1.08033 0.957262 0.973853 1.13356 
0.445663 0.559844 0.774148 0.842511 1.43268 1.20342 1.34057 1.53618 1.5127 1.59309 1.43241 1.28102 1.44013 0.719503 0.75758 0.246356 0.305491 -0.557822 -0.374928 -0.793407 -0.882123 -0.948648 -0.864831 -0.992461 -0.769043 -0.883139 -1.19139 -0.908507 -0.637679 -0.975421 -0.963165 -1.02679 -1.24918 -1.00043 -0.891814 -0.749699 -0.491896 -0.270922 
0.349232 -0.484015 -1.90376 -1.4505 -0.779234 -0.841155 -0.958335 -0.845519 -0.6989 -0.492341 0.883168 1.61195 1.68044 1.46979 2.22946 1.3562 0.886144 0.458837 1.05238 1.15607 0.3961 0.252281 -0.390442 -0.644464 0.0113049 0.530912 0.294837 0.189864 0.648178 -0.232231 -0.186528 -0.783718 -1.0199 -0.784548 -1.54142 -1.39011 -0.429495 0.399466 
-0.778509 -1.35878 -1.75033 -2.05508 -1.98364 -1.03486 -1.52135 -1.26162 -1.18681 -0.350513 0.576345 0.308805 -0.659052 1.00572 0.945777 0.264255 -0.392491 -0.625478 -0.578203 -0.192851 0.601478 0.914724 0.647659 0.0205549 0.615777 0.30291 0.995547 0.262591 1.69447 0.71389 0.973348 0.758439 0.261448 1.33181 0.397475 1.0212 -0.2624 1.37775 
0.412168 0.666222 2.64674 0.951903 0.733811 -0.605815 -0.934706 -1.55381 -1.61178 -2.20507 -1.07704 -0.348509 -0.556318 0.529096 -0.815268 -1.12438 0.320978 -0.403462 -0.0549775 0.794843 0.993145 -0.591036 0.920336 0.937881 -0.258988 0.331409 0.707632 -0.744293 -0.72525 -0.147406 0.523397 -1.01615 -0.752826 1.43652 0.27866 1.21416 -0.19554 1.32373 
-0.0113616 -0.429304 -1.5538 -0.859372 -0.919182 -1.07432 -1.92057 -1.76135 -1.4326 -1.03384 -0.539029 0.0276577 -0.923988 -1.93492 -1.5095 -0.241403 0.569225 1.10744 1.0615 0.681692 0.488404 0.579338 -0.165742 0.538569 0.197552 1.06044 0.637085 0.841902 0.468061 0.958765 1.05895 0.896626 1.05311 0.454541 0.491836 1.11327 0.622082 1.40225 
-1.32084 -2.55784 -1.40955 -0.910343 -0.667036 -0.604733 -0.718823 -1.50014 -1.63427 0.100317 1.04449 0.882401 0.238123 -0.690008 0.27347 -0.678385 -0.372828 -0.235833 -0.480932 -1.25582 0.997143 -0.166232 0.640182 0.824577 0.0319875 0.654252 0.73841 1.07607 1.85205 0.758409 1.39606 0.95527 0.358477 -0.658142 0.568557 0.184496 1.3068 0.980192 
0.389991 0.20129 -0.0310525 -1.42948 -1.06115 0.326761 1.45201 -0.608772 -1.10846 -0.248298 1.21703 0.215314 1.13672 1.56444 0.930091 -1.19561 -2.39145 -1.58412 0.00433867 -0.673324 -0.179365 -0.542164 -0.597782 -0.84814 -0.901891 1.04783 1.29754 1.77326 1.2725 0.14635 0.70119 1.01097 -0.599316 -0.794985 0.196947 0.179284 0.614971 -0.883462 
1.85029 1.48184 0.923934 0.859726 0.973476 1.1833 0.579214 -0.613619 -2.60502 -2.33598 -1.55064 -1.58548 -0.548226 -0.714494 -0.663041 -0.427254 0.398853 -0.148242 -0.945856 -0.905106 -0.531031 0.876006 0.229799 0.296333 -0.107463 0.455311 -0.133018 0.79487 0.908836 -0.174897 0.730129 0.308157 -0.065239 -0.552101 1.13138 0.975271 0.0419668 -0.391974 
1.74481 0.473309 1.26981 0.774778 -1.11563 -1.23224 -0.541126 -1.16266 -1.97987 -1.97158 -1.54641 -0.878701 -0.441096 -0.737588 -0.899489 0.709671 0.645044 1.70394 1.02863 -0.101981 0.588053 0.00354064 -0.488948 -0.188116 0.765571 -0.644615 -0.866684 0.837421 1.18521 -0.459573 0.674118 -0.0724736 -0.424841 0.243715 1.16406 0.0576657 1.70961 0.174654 
-0.324469 -0.331332 -1.21113 -0.640634 0.889795 1.16841 1.61945 2.10962 2.21335 2.27713 1.67565 0.646412 0.226376 0.0205698 -0.234202 -0.380531 -0.761634 0.0979118 0.153555 0.222993 0.660469 -0.939091 -1.18725 -0.0129446 -1.10887 -0.396961 0.425562 -1.47407 -0.735383 -0.53404 -0.807368 0.21652 -0.794534 -0.109696 0.0959837 -0.822196 -1.34439 -0.569033 
1.45404 1.45404 0.652766 0.343451 0.363962 0.336215 0.434373 0.373683 -0.331213 -1.57406 -2.4837 -2.02405 -2.12942 -1.58006 0.414721 2.01935 2.21608 1.0138 0.434047 0.211691 -0.167596 -0.449772 -0.529019 -0.427496 -0.0691243 0.190568 0.268181 0.111837 -0.0261058 0.0252247 -0.146515 -0.348705 -0.406228 -0.177186 0.0931291 0.423395 0.0178453 0.0178453 
2.05869 2.05869 1.45266 0.656426 -0.0868065 -0.624931 -0.67821 -0.446225 -0.0259564 -0.0136973 0.437206 0.748411 -0.345159 -1.03299 -1.87907 -2.72181 -2.14242 -1.25299 -0.396989 -0.147167 -0.211088 -0.754084 -0.454249 -0.0841693 -0.0445011 0.371998 0.438171 0.569434 0.177002 -0.0440089 0.200445 0.232383 -0.189353 0.220424 0.791807 1.24296 0.959579 0.959579 
-2.09256 -2.09256 -1.83716 -2.55512 -1.85588 -0.346209 -0.0310762 -0.100228 -0.103249 0.352988 1.37857 1.35454 0.489164 1.22147 1.5322 0.221507 0.231361 0.869292 -0.437679 -0.642712 0.288895 0.668097 0.55679 0.204567 -0.269938 0.151622 1.17311 0.787003 -0.884623 -0.515738 0.835234 0.280457 0.297681 0.461841 -0.12421 -0.129419 0.330984 0.330984 
0.938225 0.938225 0.816712 1.81351 1.0242 -0.177197 0.949582 0.523567 0.217994 -0.145869 -0.760547 0.087548 -1.42209 -1.74306 -1.18773 -1.13188 -2.06563 -1.73742 -0.557705 -1.27802 -0.344632 0.11293 -0.0491211 0.321107 0.356999 -1.053 -0.000203577 1.53553 -0.110386 -0.796126 -0.0691478 -0.691444 0.136967 1.01482 0.732022 1.12767 1.3368 1.3368 
-2.19497 -2.19497 -0.93632 1.10941 0.605381 -0.165989 0.0049643 0.263051 0.354764 1.55704 2.06796 0.789237 -0.129855 0.546374 -0.101897 -1.305 -0.868694 0.171872 0.69137 -0.632837 -0.874985 -0.760276 -0.868093 0.402281 1.15916 0.286627 -0.32443 0.354923 -0.403721 -0.807397 -0.530311 -0.806088 0.00842262 -0.500997 -0.58322 1.09708 1.76006 1.76006 
-1.33585 -1.33585 -0.982377 -0.38837 1.21986 0.504048 -0.379968 0.340161 1.07987 2.17302 0.756836 -1.67401 0.805068 1.96989 -1.04031 -1.80599 -1.23053 -0.327304 0.466 1.42444 1.33193 -0.0297944 -1.23623 -0.129946 0.273207 0.398187 -0.14077 0.807642 0.489956 -1.01421 -0.0318887 -1.00238 0.646568 0.0854742 -0.48754 -0.935637 0.368395 0.368395 
1.78971 1.78971 0.183525 -1.62846 -1.33572 -1.42703 -0.833216 -0.609935 -0.588656 0.388787 1.47817 0.377236 0.671359 -0.265335 -1.41463 0.884519 0.542223 -0.361765 0.935665 0.811892 -1.1941 -0.111926 1.20814 -1.02386 -0.551745 0.744721 -0.938463 -1.23283 0.440005 0.977155 -0.767897 -1.10372 1.96945 0.798181 -0.23518 -0.442733 0.038384 0.038384 
-1.86969 -1.86969 -0.548618 0.715823 -0.293143 -1.22713 -0.853788 0.541653 0.82614 1.02336 1.22279 -0.495047 -2.36865 -0.733226 1.97338 2.43086 1.56404 0.546774 -0.543488 -0.718485 -0.159421 -0.814737 -0.0862811 0.393589 0.581914 0.484132 -0.297399 -0.238599 0.100924 0.663885 -0.111661 -0.0447968 -0.562891 -0.704444 0.744451 0.116817 0.305329 0.305329 
-0.288512 -0.288512 1.56966 0.601111 0.133514 -0.248988 -1.15187 -1.17331 1.51931 2.67336 0.643456 -1.05658 -1.87642 -0.155733 -0.181124 -0.885258 0.280075 -0.30926 -1.28519 1.38834 0.972557 -0.575598 0.866843 -0.844478 -0.375852 0.56248 0.257888 0.998306 -0.533541 -0.681584 0.0171258 -1.30403 -1.9203 0.0312735 0.708263 0.596533 0.658024 0.658024 
-0.251051 -0.251051 -1.09615 -0.676527 1.26997 1.79874 -0.610465 -1.74562 0.294905 1.66764 0.366956 -0.0130198 0.985559 -0.101265 -1.88504 -2.27729 -0.228324 1.71675 0.679349 -0.0852489 0.13471 -0.249216 -0.170666 -0.169362 1.36758 1.57957 0.549855 0.0255884 -1.09345 -0.356022 0.647092 -0.86543 -1.21853 0.599341 0.723692 0.335108 -0.699334 -0.699334 
-0.724026 -0.724026 -0.437614 0.194679 0.452648 -0.223117 -1.54357 -2.84958 -1.47339 1.14063 0.854556 1.09171 0.967988 0.0399537 0.418447 1.1477 0.410701 -1.11786 -0.564468 0.538556 1.82477 0.864283 -0.397661 -0.169457 0.297701 0.123983 0.4677 1.12884 -0.764895 -0.0201939 0.602786 -0.600716 -0.661804 1.27453 1.5859 -0.877529 -1.13908 -1.13908 
-0.421008 -0.421008 0.294628 -2.18175 -1.83297 0.546272 0.0809044 -1.30923 -0.728755 0.416276 1.02403 1.03549 0.146837 -0.405695 1.35064 1.44029 0.933142 0.370311 -1.64764 -0.389275 0.114034 -0.975832 -0.159858 1.173 -0.40395 -1.48758 1.38269 1.9079 -1.17859 -0.454266 0.373549 -0.996069 0.308194 1.48119 -0.154691 0.519582 0.124602 0.124602 
-0.870596 -0.870596 -0.269988 2.2373 1.93367 0.810812 1.03088 0.669581 0.226023 -0.507578 -1.64462 -1.45587 -0.599275 -0.427355 -0.365483 -0.496901 0.54948 1.00381 0.181889 0.579099 -1.15711 -1.87036 1.01521 0.133304 -0.347711 1.648 -1.06871 -1.15593 1.02965 -0.0231135 0.832556 0.0651218 -0.287582 0.978149 -0.689422 -1.44661 0.315128 0.315128 
-0.650189 -0.650189 -0.940009 -0.17002 0.0938019 0.166555 0.135688 -0.616752 -1.7244 -1.91624 -0.321048 0.432539 0.516589 2.48437 3.47314 1.78841 -0.841593 -1.56914 -0.650974 -0.463141 -0.519192 -0.238062 0.121455 0.531491 0.679691 0.416628 0.0268133 -0.175157 0.019428 -0.012238 -0.249781 -0.142763 0.261291 0.568466 0.663309 0.0300429 -0.279407 -0.279407 
-0.601464 -0.601464 -1.51403 -1.67127 -1.37546 -0.58469 0.297944 0.840683 0.588852 0.623963 0.96659 -0.803553 -1.94856 -1.66491 -1.84246 -0.208709 1.77656 2.09359 1.36052 0.306189 -0.60247 -0.185564 0.860924 0.562744 0.615946 0.646324 0.31941 -0.206204 -0.609949 0.119995 0.409903 -0.353627 0.0794196 1.21765 1.26507 0.285412 -0.231657 -0.231657 
0.111035 0.111035 -0.620284 -0.168189 2.10089 1.70964 0.101442 -0.22263 0.312532 1.36028 0.871073 -1.05507 -0.284662 0.913322 -1.16768 -1.47415 0.51072 -0.830603 -1.68925 0.590976 1.18608 0.123764 -0.621269 -0.991224 -0.203045 1.32078 0.498087 -2.24513 -1.47609 1.60274 0.661892 -0.696669 0.0356431 -0.578855 -0.751375 0.314547 0.319853 0.319853 
-0.148158 -0.148158 0.871784 0.188486 -2.06075 -0.100179 0.693211 -0.772399 -0.708804 -1.02509 0.215012 -0.700729 -1.89694 0.215983 0.601546 -0.922112 -0.643421 1.51911 0.446237 0.194197 1.39943 0.278548 0.189186 0.391725 -1.42984 -0.389321 2.62481 -0.136565 -2.40962 0.0183715 0.0832876 0.187076 1.72205 0.585047 0.0916476 0.595 0.190168 0.190168 
0.807308 0.807308 2.45897 1.03583 -1.23861 -0.693648 0.137504 0.073528 0.83584 1.17429 -0.828794 -1.98334 -0.40497 -0.186318 -1.70363 -0.827978 0.983489 1.05066 -0.858587 -1.47352 -0.311781 -0.203325 0.729723 1.42785 -0.302266 -1.40669 -0.153749 -0.272907 -1.14731 -0.311095 -0.207833 0.226067 0.0374312 -0.686564 1.08135 1.683 0.326381 0.326381 
0.139108 0.139108 0.514438 1.30727 0.479649 -1.09511 -0.187791 0.838182 1.07388 -0.288353 -2.51503 -0.0537608 2.2182 -1.25026 -2.47007 -0.204433 0.850087 0.987739 1.02262 0.462912 -1.00311 -1.70696 -0.147519 0.869517 0.24947 -0.345813 0.174482 0.314295 -1.2354 -0.413971 -0.0767644 0.344454 0.603138 -0.800837 -0.729439 0.456596 0.739732 0.739732 
-0.9443 -0.9443 -2.097 -0.888994 0.205612 0.397137 0.597268 0.233048 0.712808 1.39228 0.0701231 -0.435781 -0.3313 -1.24953 0.808951 1.32233 -0.715352 0.327759 0.824093 -1.27737 -0.510215 1.60565 -0.502657 -1.04208 1.20256 -0.168539 -1.18055 0.954383 1.48335 -0.690935 -1.24628 1.81884 1.28737 -1.32501 -0.711936 0.251499 0.383534 0.383534 
0.78463 0.78463 1.63487 0.0680993 -1.41017 -0.480678 1.08568 1.02593 0.220221 0.163025 -1.1247 -2.51865 -0.263845 2.81599 2.02391 -0.378938 -1.37059 -1.52084 -0.954476 0.154567 -0.16841 -0.0545068 0.708817 0.345621 -0.0428045 -0.694957 -0.589668 0.164154 0.503162 -0.246635 -0.580221 -0.407105 -0.547249 0.775398 0.448547 -0.398964 0.0230713 0.0230713 
1.09284 1.09284 0.490696 -0.955222 -0.59088 -0.861492 -0.637023 1.59828 2.32908 -0.606893 -2.38126 -1.62897 0.497672 0.99158 -0.51592 0.224348 0.295717 -1.0355 0.993009 1.34125 -1.28334 -0.128099 -0.22954 -0.834955 0.812321 0.331615 0.208573 -0.554406 -1.10676 0.279969 -0.449351 -1.26687 0.767775 1.57179 0.289041 -0.0936112 -0.0241495 -0.0241495 
-0.449059 -0.449059 -0.204986 1.41875 1.48223 -1.05126 -2.01909 0.569103 2.02782 0.0844016 -0.935064 0.402304 -0.00883537 -1.6272 -1.2232 1.00612 2.36563 0.570443 -1.00564 -0.274298 -0.052879 -0.13513 0.0889398 0.937217 1.05976 -0.433139 -0.861384 -0.913339 -0.179471 1.05488 -0.253805 -1.04265 0.894479 1.17219 -0.111199 -0.785213 -0.559192 -0.559192 
0.201174 0.201174 0.614696 0.596094 -0.259382 -1.29168 -1.70386 0.0597597 2.62347 1.53634 -0.0181355 0.088044 -0.673993 -0.345543 0.738332 0.00879264 -1.46783 -0.623906 1.09716 1.57643 0.226886 -1.43962 -0.662211 0.468629 0.205769 0.125038 0.671038 -0.792263 -0.737613 0.908328 -0.365805 -0.813188 1.24028 1.48387 -1.3936 -1.76829 -0.157196 -0.157196 
0.414768 0.414768 -1.09909 -1.32335 1.64497 1.14727 -1.15702 -0.517672 1.03212 1.04879 0.355822 -0.558955 -0.903734 0.713193 1.10577 -0.277936 -0.676811 -1.60039 -0.487062 1.05423 -0.381286 -0.190149 1.29091 -0.171931 -1.64917 1.06949 2.053 -1.58847 -1.46675 0.926135 -0.353927 -0.0626656 1.49168 -0.305683 -0.610559 0.148024 -0.264172 -0.264172 
0.324342 0.324342 2.03266 1.41656 -1.0568 -0.699981 -0.181103 -0.633262 -0.886924 -1.35942 -0.730986 0.627358 0.615891 0.0744149 -0.132261 0.538525 0.937621 -0.335332 -0.374253 -0.997193 -1.75379 1.39522 1.2803 -1.01349 0.947147 -0.576124 -1.99531 1.34482 0.686955 -0.219167 -0.0247588 -0.848073 0.537206 -0.358667 -1.73697 0.599564 1.11547 1.11547 
