24
1.97458 2.01514 1.89475 1.68243 0.658563 -0.0635855 -1.03989 -0.505688 -0.0414196 0.152389 0.113912 0.0173178 0.104298 0.039521 -0.0139339 -0.205652 -0.238681 -0.62479 -0.669541 -0.728347 -0.893339 -0.931329 -1.23894 -1.45777 
1.47541 1.48827 1.38999 1.27904 1.34111 1.37205 1.31738 0.671077 0.522483 0.0101896 -0.595974 -0.666617 -0.732544 -0.749487 -0.876151 -0.89913 -0.900286 -1.02433 -1.01709 -0.872673 -0.900871 -0.753937 -0.489189 -0.38872 
-1.16678 -1.73544 -1.68828 -1.7857 -1.20305 -1.02672 -0.695857 -0.644054 -0.815369 0.171286 0.475444 0.749543 0.440785 0.723063 0.591123 0.685285 0.911948 0.679645 0.802393 0.836127 0.914358 0.889139 1.18836 0.702744 
0.795107 1.24935 1.77548 1.84655 1.35214 1.57933 1.41547 0.313916 -0.395296 -1.08488 -0.192066 -0.217939 -0.397765 -0.556624 -0.794044 -0.521814 -0.688997 -0.488711 -0.827081 -0.896132 -1.00888 -0.730334 -0.524355 -1.00243 
0.0691873 -0.143147 0.123499 0.346572 0.789757 1.31851 2.28041 1.05837 1.15401 0.329223 0.50074 0.710827 1.02197 -0.113361 -0.449478 -1.07935 -0.906373 -0.450388 -0.415017 -1.10962 -1.39616 -1.87255 -0.671195 -1.09644 
-1.81967 -1.58381 -1.72703 -1.12463 -0.720848 -0.571104 -1.1849 0.485614 0.695514 -0.65309 -0.922839 0.0937702 0.373053 0.537665 0.162372 0.532974 0.749665 0.087046 0.860102 1.00985 1.11202 1.11268 1.14736 1.34824 
-0.0503714 -0.903503 -1.03837 -1.79208 -0.146251 -0.0119841 2.13871 1.03817 -0.531417 -1.33195 -0.963786 0.0284972 -0.192724 -0.474109 -0.513868 1.18744 0.799738 -0.124199 -0.508601 0.380472 -0.453735 0.0819361 2.08205 1.29993 
-1.82052 -1.67501 -1.57346 -1.4604 -1.32639 -1.01509 -0.782914 -0.1146 -0.265453 0.536555 0.609271 0.357985 0.711735 0.311032 0.352363 1.20755 0.514455 0.0413054 1.42655 0.750575 0.679425 0.366393 1.07589 1.09276 
-1.68422 -1.64053 -1.62646 -2.22544 -0.177378 0.124608 -0.749786 0.907697 0.452769 0.641149 -0.451168 0.695284 -0.192562 0.281533 -0.379129 0.24744 0.597642 0.623428 2.02228 -0.0954953 0.237658 0.875262 0.732097 0.783324 
0.401517 1.26958 0.871615 1.08583 1.49012 1.90578 1.81326 -1.4399 -1.37508 -0.286956 -0.999729 -0.461609 -1.20905 -0.510951 -1.11003 -0.500009 -0.357168 0.00353573 0.8382 0.101812 -0.565416 -0.552803 -0.464004 0.0514438 
-0.567057 -1.14391 -1.61606 -1.75826 -1.35316 -1.619 -1.49628 0.384558 0.257356 0.348708 -0.387552 0.492206 0.167367 0.0688918 0.841312 0.480796 0.435593 0.126751 1.10374 1.5023 0.642511 1.04144 1.04367 1.00408 
1.09657 0.640906 0.120832 0.226751 0.538486 1.79561 0.478806 0.517923 0.0765168 0.349352 -0.354723 0.478303 -0.0191266 1.47217 0.241864 -1.94805 -1.91922 -1.84454 -0.546921 0.993557 0.126735 -0.450376 -1.22167 -0.849759 
0.562404 0.623078 0.781439 0.323323 0.456727 0.156194 -1.459 2.76366 0.381143 -0.601826 -0.15876 -0.000199256 0.957698 1.47955 0.813979 -1.03594 -0.510103 -0.803107 -1.06855 -1.37806 -1.04198 -1.07209 -0.0118694 -0.157706 
0.372956 0.372956 -0.048034 -1.5521 -2.40083 -2.32165 -0.230135 2.16807 1.6014 0.764448 0.280998 0.489855 0.542822 0.309031 0.0977042 0.131709 -0.191904 -0.21142 0.333462 0.13329 0.167942 -0.0694858 -0.370539 -0.370539 
0.16393 0.16393 -0.158278 0.259045 0.628294 0.324474 -1.43809 -1.68253 -1.33376 -2.52461 -1.37519 0.0308066 0.170565 0.0124944 -0.00321626 0.323427 0.0604128 0.0822414 0.780926 0.688718 0.695257 1.45767 1.33674 1.33674 
-1.64415 -1.64415 -0.524062 0.748732 1.39938 0.800921 0.504952 -0.688674 1.53336 2.6635 0.96984 -0.48699 -0.467546 -0.0472704 -0.494402 0.357954 -0.418014 -0.665006 -0.0326679 -0.138482 -0.278606 0.246668 -0.847646 -0.847646 
1.60644 1.60644 1.04668 -0.444181 -0.216104 0.26678 -1.67431 -2.47098 -1.86916 0.471153 1.44073 -0.12623 -0.320501 -0.404638 0.225116 0.327721 0.222623 -0.0274543 -0.420915 -0.0913171 0.41647 0.88208 -0.223224 -0.223224 
0.112279 0.112279 0.653778 0.873333 1.2535 1.89861 -0.27879 -1.35613 -0.862084 -0.767718 0.51932 0.69297 -0.980277 -1.78525 -1.15663 -0.523491 0.826946 0.655815 -0.775129 -1.17548 -0.904099 0.94635 1.00995 1.00995 
-0.22374 -0.22374 0.267831 1.00145 0.39438 -0.970359 1.06923 2.17394 -1.87517 -2.51845 0.653665 1.39 0.247342 -0.630545 -0.354281 0.439661 -0.946047 -0.199877 0.889633 -0.0101312 -0.210083 -0.300595 -0.032059 -0.032059 
-0.837165 -0.837165 -0.76652 0.498697 1.12962 1.48834 0.610985 -2.03235 -1.81919 -0.442377 0.83145 0.412682 -0.492283 -0.36335 1.04539 0.798169 -1.06711 -1.06477 0.223407 -0.0961885 -0.347287 1.66655 0.730236 0.730236 
-0.054373 -0.054373 -0.114175 -0.0543545 0.310973 0.491882 1.14985 0.443948 0.690334 1.10235 -0.838781 -0.320858 -0.596223 -1.17199 1.14252 -0.210969 -2.65899 1.17123 0.797435 -1.88659 -1.21771 0.220953 0.828949 0.828949 
-0.158478 -0.158478 -0.873297 1.38902 2.39113 -0.859397 0.648268 1.11482 -0.519201 -1.22814 -0.162517 0.0649065 -0.682929 -0.430241 -0.260651 0.863693 0.195467 1.36183 -1.02236 -2.20769 0.857004 0.327214 -0.32499 -0.32499 
0.449139 0.449139 -0.124257 0.579288 0.75594 0.320262 -2.89715 -2.75917 1.04797 0.366045 -0.116284 -0.146684 -0.00639045 0.123716 0.0464765 0.697111 0.478469 1.08517 0.123065 -1.19404 -0.537191 0.125815 0.566781 0.566781 
-1.47441 -1.47441 -0.922106 0.192581 0.0354572 -0.323351 2.40435 2.08679 -0.187038 -0.960941 0.040852 0.563626 -0.679372 0.714865 0.381902 -0.657014 -0.591353 0.707505 1.60636 -0.727555 -0.727075 0.368251 -0.188953 -0.188953 
-0.592768 -0.592768 -0.154605 0.494395 1.3926 0.121966 -0.828359 -0.145347 0.0370063 -0.167935 0.269141 0.430371 0.943976 0.372162 -2.50002 -1.51761 0.249288 1.23924 2.38289 0.694135 -0.958067 -0.883533 -0.14308 -0.14308 
0.170526 0.170526 -0.217029 -0.235673 -0.117952 -1.42421 1.95477 1.38155 -2.50724 -0.396428 0.456336 0.840933 1.11232 -0.100465 -1.87226 -0.982238 0.180835 -0.410283 -0.422608 0.026746 0.235463 0.776431 0.689979 0.689979 
-0.239287 -0.239287 -1.3334 -1.64455 -0.492848 1.646 3.33294 1.39928 -0.954088 -0.893551 -0.132794 0.257415 -0.0645822 -0.256839 -0.0620348 -0.143716 -0.182649 0.449125 0.31771 -0.0534493 -0.0805509 -0.324755 -0.152042 -0.152042 
-0.422749 -0.422749 0.0166834 0.744774 -0.0145745 -2.25932 -2.1968 0.0263818 -0.970165 -0.127094 2.60733 1.54418 -0.102752 -0.266458 0.243936 -0.0164698 -0.337433 0.675215 0.555137 -0.173678 0.726218 0.591999 -0.210803 -0.210803 
0.759204 0.759204 1.67719 1.33862 -0.0110068 -0.693746 -1.123 0.69308 2.36907 -0.45508 -2.3209 -1.08534 0.268495 -0.0680166 0.243616 0.00644693 -0.786445 0.229279 0.331102 -0.226027 0.229138 -0.45906 -0.837908 -0.837908 
-0.2431 -0.2431 -1.31567 -0.748881 0.67109 -0.889472 -1.81002 0.0194259 2.27626 2.54084 -0.270169 -1.10748 -0.0406897 0.552137 0.686485 0.157812 -0.0959184 -0.303375 0.11366 0.762043 0.859895 -0.300609 -0.635582 -0.635582 
0.30107 0.30107 0.450797 0.340773 0.630983 -1.11316 -2.28779 -0.465989 0.33306 0.873848 0.927916 -1.09087 -1.75825 -0.188472 0.792258 1.2845 0.736026 -1.16075 -1.31707 -0.15616 1.37879 1.23709 -0.0248337 -0.0248337 
0.238142 0.238142 0.631686 0.0423276 -1.08332 0.336461 1.66118 -1.60506 -2.54276 1.33102 2.0711 -0.243528 -1.10947 -0.348295 0.548546 -0.343007 -0.368634 0.95918 0.0762291 -0.615494 -0.181376 0.0699411 0.118496 0.118496 
-0.0150571 -0.0150571 0.781943 1.13488 0.563846 -0.386261 -2.27735 -1.5904 0.942013 1.61016 0.47907 -0.893418 -0.548405 0.909067 0.672119 -1.39029 -1.23308 0.75338 0.550581 -0.419056 1.05085 0.619207 -0.649372 -0.649372 
-0.0953259 -0.0953259 -0.0588309 0.200528 0.2744 0.45293 -0.0880854 -0.339178 0.342832 -0.991709 -0.927101 0.089135 -0.578089 1.00191 0.527445 -2.37803 0.784399 2.04982 -1.92433 -1.28822 1.22691 1.18976 0.312078 0.312078 
-0.386508 -0.386508 0.971298 2.00177 -1.30695 -1.00352 1.22741 -0.658181 -1.36369 0.25659 0.81858 -0.269829 -0.254665 0.295959 0.819112 0.316268 0.341489 -0.688405 -2.09985 1.17048 1.56392 -0.666899 -0.348928 -0.348928 
-0.354275 -0.354275 0.0771886 0.53717 -0.161482 -2.24296 -1.89115 2.41679 1.91397 -0.716629 -0.31707 0.064766 0.1632 0.0297935 0.349018 0.2623 0.235358 -0.220587 -1.4004 -0.407544 0.806798 0.674405 0.267803 0.267803 
0.288274 0.288274 1.00974 0.550573 -0.403134 1.46404 1.49074 -1.74645 -2.04182 0.0782985 0.917562 -0.53536 0.0286869 0.617699 -0.957138 -0.699132 0.813971 1.35325 -0.998031 -1.5795 0.640049 0.279093 -0.429847 -0.429847 
0.21519 0.21519 0.612419 0.893994 -0.280944 -1.41236 -0.216607 0.476665 -0.0668194 0.089087 0.313207 0.360048 -0.0886223 -2.16094 -1.20966 1.62976 1.63437 1.25291 -0.386633 -2.09788 -1.01863 0.44583 0.400211 0.400211 
-0.245022 -0.245022 -0.256134 0.0450234 -0.722431 1.22137 1.65828 -2.67351 -1.07375 1.75234 0.723472 0.376958 -0.575128 -1.79292 -0.539589 1.20967 0.326872 -0.373697 0.246452 0.378199 0.432804 0.256875 -0.0655566 -0.0655566 
