62
-0.461516 0.117023 0.540625 0.66741 0.839694 0.877375 0.959373 0.948136 1.09889 1.0852 1.08422 1.10366 1.18309 1.21785 1.17202 1.17491 1.15037 1.15075 1.13739 1.14793 1.06505 1.05114 1.06705 0.930172 0.987791 0.959802 0.905347 0.823468 0.822238 0.773768 0.677344 0.518477 0.0989086 -0.0964126 -0.349394 -0.661727 -1.38377 -1.55743 -1.38945 -1.28846 -0.999406 -0.807353 -0.701879 -0.710395 -0.94885 -0.931254 -0.880054 -1.17016 -1.1646 -1.1549 -0.982616 -0.965993 -1.02223 -0.946431 -0.969101 -0.971471 -1.00615 -1.03704 -0.988915 -1.02829 -1.31175 -1.44947 
-0.681357 0.548927 1.07916 1.35469 1.42547 1.44786 1.3329 1.3269 1.13362 1.06024 0.992291 1.0063 0.897554 0.80589 0.835113 0.838645 0.753678 0.6248 0.611175 0.589733 0.730051 0.667436 0.516452 0.561397 0.559978 0.53031 0.559397 0.463804 0.480116 0.575255 0.536963 0.705081 0.893576 0.642118 0.603351 0.574505 0.0600855 -0.134625 -0.187469 -0.39332 -0.523033 -0.849766 -0.889383 -1.08733 -1.11123 -1.04754 -1.0754 -1.32223 -1.44121 -1.57409 -1.52446 -1.44249 -1.53146 -1.51478 -1.43374 -1.30203 -1.36183 -1.40827 -1.22894 -1.05271 -1.23422 -0.971926 
1.42394 1.47204 0.538657 -0.189001 -0.658858 -0.821115 -0.908859 -1.05032 -1.08724 -1.09941 -1.07629 -1.2028 -1.29674 -1.19058 -1.21458 -1.26621 -1.19846 -1.15922 -1.19989 -1.12267 -1.2068 -1.24455 -1.20505 -1.06509 -0.906644 -0.900408 -0.866016 -0.703816 -0.56775 -0.732027 -0.502039 -0.425346 -0.215885 -0.199906 -0.371852 -0.0648919 0.324145 0.413873 0.629713 0.937999 1.11696 0.74819 0.803589 0.542934 0.775329 1.16523 1.16249 1.02919 1.07248 1.19357 0.884086 1.16211 0.936555 1.12209 1.08542 1.10749 1.08163 1.30508 1.07038 1.35179 1.22437 1.23896 
-0.712923 -0.729013 -0.484656 -0.0684718 0.144594 0.210717 0.356057 0.440493 0.499247 0.543262 0.432672 0.551036 0.705588 0.805234 0.923421 0.850494 0.953857 1.05071 1.12925 1.1589 0.934072 0.891772 1.04821 1.13664 1.137 1.18023 1.13491 1.2437 1.21865 1.21794 1.38781 1.31893 1.15205 0.901263 0.78989 0.683092 0.175415 0.0312624 -0.124342 -0.439545 -0.519392 -0.821443 -1.1861 -0.975923 -1.47451 -1.55965 -1.42253 -1.29272 -1.2317 -1.10353 -1.39599 -1.09196 -1.13159 -1.05596 -1.19097 -1.30204 -1.21106 -1.30431 -1.21295 -1.02343 -1.18145 -1.09021 
1.36051 1.63192 0.495094 0.919664 1.43524 1.59014 0.752165 0.887936 0.740324 -0.026131 -0.154072 -0.603244 -0.560886 -0.645965 -0.731087 -0.584103 -1.12113 -1.13562 -0.485291 -0.421227 0.594675 0.259965 -1.0131 -1.35648 -0.699242 -0.326762 -0.292371 -0.279102 -0.147218 0.254022 -0.499035 -0.799276 -0.364037 -0.418379 1.06461 1.16453 0.596149 2.13995 2.61959 1.58016 1.36959 0.755257 0.792098 1.70012 -0.000153495 -0.101841 0.396651 0.228493 0.145406 -0.592625 -1.80953 -0.480665 0.12229 -0.904115 -1.2405 -0.608361 -1.42745 -0.682737 -1.43694 -1.09658 -1.21051 -1.34079 
-0.103043 -0.089666 -0.16126 -0.446136 -0.730572 -1.26517 -0.669578 -1.08611 -1.20938 -1.35317 -1.11812 -1.02545 -0.843209 -1.02773 -1.3409 -1.40881 -1.25437 -1.2854 -1.06244 -0.807334 -0.763398 -0.820409 -0.828076 -1.20442 -0.787234 -0.519713 -0.423954 -0.725125 -0.574146 -0.204266 -0.361728 -0.141778 0.14336 -0.276825 -0.479737 -0.181491 -0.218579 0.121274 0.374858 0.442986 0.0991626 0.675503 0.70405 1.15758 1.15723 0.796232 2.00943 1.41654 1.78382 1.26416 1.39381 1.19523 1.60379 1.33884 0.833263 1.07313 0.785567 1.2223 0.68425 0.977926 1.57928 1.96514 
1.15322 -0.0112998 -0.187817 -1.89555 -1.93365 -1.75844 -1.80707 -1.87713 -1.16044 -0.961656 -0.592839 -0.23678 -0.788014 -0.943823 -0.782015 -0.824129 -1.80538 -1.54852 -0.820849 0.161407 0.314449 0.2106 -0.223954 -0.0413059 -0.0210755 -0.181243 0.327217 0.508959 0.466288 0.883063 0.611574 1.01218 -0.271052 1.09313 1.03812 0.0505073 -0.00264152 1.17769 0.944245 -0.206512 -1.6669 -0.784624 -0.514437 0.312817 0.632691 1.04375 1.19375 -0.236677 1.90093 1.4486 0.249063 0.359304 0.465708 0.69478 0.799994 0.727412 -0.116375 -0.216387 1.03255 0.0683651 1.0471 2.48912 
1.69147 -0.240275 -1.61054 -2.9644 -2.92967 -1.64912 -0.706265 0.0778027 -0.726961 -0.365822 -0.762984 -1.57298 -1.23312 -0.456296 -0.258219 -0.388056 -0.0144712 -0.427706 -0.143689 0.125576 -0.00535087 -0.215638 0.1987 0.951828 0.680465 0.212032 -0.199721 0.893526 -0.01943 -0.769863 -0.14429 0.342893 0.157686 1.42081 -0.0360653 -0.344486 -0.541723 -1.869 0.712903 0.779244 0.318516 0.893655 0.482859 -0.221369 1.18844 1.33468 0.627829 -0.611529 0.174738 2.63354 0.618533 0.484325 1.00144 1.29501 1.07236 -1.13329 0.266326 0.559964 0.235575 0.0596703 0.621768 0.448174 
-0.293656 -0.485563 -0.474712 -0.726923 -0.860511 -0.735004 -0.562506 -0.466021 -0.488528 -0.583725 -0.743213 -0.554501 -0.486918 -1.44094 -1.06435 -1.26741 -1.07453 -0.918647 -1.79491 -1.5377 -0.929909 -0.506019 -0.798889 -1.23966 -0.910553 -0.159385 -0.485956 -0.388383 -0.604238 -0.481364 -0.680615 -0.812465 -0.296957 -0.648577 0.273966 -0.0394523 1.20238 0.0861472 0.0890589 -0.169841 1.10079 1.59576 1.34775 1.20733 2.18278 2.14091 1.25319 0.325831 1.13855 2.08857 0.374668 0.852166 1.45889 1.14737 1.96601 0.760675 0.918044 1.13902 0.887117 0.19624 0.353047 -0.373725 
0.452187 -0.645165 -0.69552 -0.444332 0.364479 0.478891 0.570898 1.09373 1.29865 0.775803 0.753299 0.616117 0.990263 1.22339 0.0119461 -0.117079 0.144884 0.363314 0.738541 0.473112 0.604953 0.768805 0.788418 0.782147 0.964646 1.04921 1.07528 -0.0301909 0.368322 0.156222 0.0337014 -0.10935 0.997634 1.46867 1.30948 0.192457 0.90965 -1.14857 -2.03687 -2.15248 -2.92052 -1.02327 -1.39623 -0.653843 0.177483 1.5772 -0.667429 -1.37227 0.723935 0.495235 -1.72387 -1.09579 -0.66217 -0.949791 -1.10992 -0.836241 -1.11324 0.409021 -0.0176506 0.00983082 -0.538241 -1.75176 
0.994364 0.899 0.765667 0.935258 0.598422 -0.0481125 -0.257835 -0.619985 -0.521464 -0.265011 -0.427531 -0.645466 -0.584378 -0.689155 -0.889064 -1.14914 -1.41821 -1.21955 -1.13329 -1.23386 -1.39925 -1.17757 -1.18174 -1.49707 -1.41466 -0.921503 -1.28388 -1.71885 -1.56784 -1.30436 -0.981818 -0.994335 -0.904998 -0.266133 0.192039 0.381026 0.211464 -0.290279 0.0824769 0.50688 0.495288 0.655289 0.937832 1.51643 1.34451 0.826499 1.01611 1.33534 1.60282 1.11127 1.18929 0.926778 0.739542 1.03833 0.654847 0.933555 0.865833 0.929639 1.45961 1.21998 0.786849 0.854087 
-0.960022 -0.00807446 0.446176 1.17562 0.177835 -0.434014 -0.572084 -0.273861 0.557558 0.565211 0.0345707 0.0459718 -0.406243 -0.337029 -0.1759 0.16907 0.528554 0.499815 0.467496 0.79854 0.980169 0.519371 1.15882 1.29801 1.12508 0.35803 0.29378 0.633349 0.204558 -0.448684 0.159219 0.641769 1.61446 2.05772 1.3617 1.45352 1.41681 0.0608679 -0.539031 -0.9949 -0.72678 -2.69381 -0.359655 -0.223216 -0.538403 -2.44124 -2.39492 -1.20836 0.290069 -1.42357 -0.712974 -1.47777 0.310408 -0.7877 -0.276216 0.169624 -2.48908 -0.594256 0.684333 0.431909 0.535779 0.272034 
-0.0888368 -0.321808 0.0722391 -0.384135 0.281085 0.72828 1.06477 1.28522 1.12126 1.35167 1.73283 1.17225 1.17004 1.23752 1.84812 1.37626 0.65383 1.18127 1.23222 0.848374 0.893708 1.31907 1.2349 1.55019 0.68422 0.107542 0.156153 0.652089 -0.135326 0.0218409 0.0699221 0.418719 -0.0592149 -0.0815954 -0.148815 -0.727399 -0.205122 -0.0411532 -0.301286 -0.168726 -0.77667 -1.80402 -0.632477 -0.796077 -1.04175 -1.03684 -1.48248 -1.28497 -0.72655 -1.56482 -1.66426 -1.71402 0.508174 -0.61211 -1.071 -0.767864 -0.76597 -1.15785 -1.45373 -1.41755 -0.546136 -0.993191 
3.02771 3.02771 1.70202 0.964518 0.703039 0.438093 0.294539 0.496305 0.489121 0.0438429 0.141052 0.377013 0.421981 0.0544085 -0.0391161 0.0233771 0.0159993 0.0487766 0.0785891 -0.125399 -0.197128 0.0927619 -0.2681 -0.145692 0.173839 -0.155045 -0.313187 -0.156998 -0.0589589 -0.338307 -0.662272 -1.61055 -1.71753 -1.22867 -1.57205 -2.94852 -2.54159 0.0702026 0.876202 1.2315 1.49871 0.959993 0.371416 -0.637855 -0.56123 0.288772 -0.614203 -0.748121 0.131693 0.620928 0.641236 -0.0293636 0.144295 0.2428 0.0134083 -0.0218382 -0.105525 0.137472 0.112578 -0.860492 -1.14908 -1.14908 
4.44164 4.44164 2.03799 0.881295 0.243998 -0.223628 -0.295086 -0.492242 -0.661901 -0.346378 -0.126357 -0.229067 -0.495106 -0.147762 0.091901 -0.195578 -0.528931 -0.349322 -0.0788447 0.308713 0.205057 -0.52831 -0.257521 0.119016 -0.0688262 0.00797574 -0.157994 -0.190156 0.290021 0.152552 0.336281 0.907229 -0.149076 -0.721219 -0.160781 -1.35826 -1.77584 -0.613795 -0.641843 -0.835365 -1.13969 -0.912869 -0.588642 -0.549066 0.109604 0.0996402 -0.682099 -0.911519 -0.624646 -0.200153 0.340759 -0.00817372 -0.172571 0.255443 0.545059 0.190488 -0.258019 0.343994 0.904563 -0.00386332 0.212821 0.212821 
-2.22387 -2.22387 -4.22478 -3.02921 -1.57088 -0.585301 -0.531655 -0.400576 -0.0671029 0.0877726 -0.20715 -0.509087 0.0910294 0.271439 -0.135525 0.101092 0.335454 0.0558407 0.153799 0.0416882 -0.254823 0.0640515 0.522399 0.829185 0.484273 0.164311 0.566589 0.828834 -0.0132425 0.229008 0.850537 0.797593 0.640996 -0.342761 0.40776 1.85469 1.29439 0.847667 1.41139 1.31627 -0.430049 -0.748754 -0.469891 -0.0133695 1.66461 1.05812 -0.291384 -0.172632 0.483506 -0.426408 -0.0216112 0.194852 -0.0437118 0.443496 0.0218837 0.0497272 0.569147 0.030513 0.180003 0.456709 -0.231493 -0.231493 
0.854854 0.854854 2.40071 2.28881 1.03696 0.794757 0.860247 0.550608 0.406057 -0.199537 0.0663444 1.01452 0.947586 0.817539 0.200398 0.147387 0.754552 0.665767 0.425446 -0.659431 -0.916751 0.446713 0.914235 0.356068 0.194408 0.0310545 0.265509 0.338027 -0.0535636 0.643458 0.399713 -0.804537 -1.4551 -1.25659 -0.741659 -2.15889 -2.29247 -1.03342 -1.64511 -1.3742 -1.32717 -2.3457 -0.513891 -0.99283 -2.04894 0.224439 0.99313 0.720971 0.715106 -0.54899 0.079917 0.984066 0.167283 -0.173777 -0.841452 -0.0333209 0.0304179 0.0317801 1.043 0.151186 -0.200283 -0.200283 
-0.87753 -0.87753 -0.700238 1.21247 0.900316 -0.666468 -0.688607 0.110511 -0.933846 -0.911077 -0.54381 -0.346683 0.0747663 -0.0727962 0.195825 -0.32727 -0.514179 0.860222 0.951149 1.37431 0.91272 -1.73683 -1.74687 0.487515 1.31615 0.595184 0.179385 0.292238 0.741327 -0.283022 -1.09501 0.280481 0.565119 1.77793 1.95649 -0.418043 1.2533 2.46642 -0.523756 -1.32271 -0.830635 -0.544244 1.21792 -0.79284 -1.96161 0.583532 0.50659 -0.166608 -0.826255 -2.13868 0.253815 2.36036 -0.36594 -1.45326 0.466563 -0.0921797 0.0381258 0.113232 -0.354818 0.386311 -0.158465 -0.158465 
-0.321053 -0.321053 -1.03844 -1.5504 -2.15106 -0.034315 0.249676 -1.47941 -0.82339 0.0384856 0.607236 0.48021 -0.186496 -1.37812 -1.09766 0.0271135 0.115822 0.280622 0.968878 0.53826 -0.212474 -0.336595 -1.10469 -0.0827853 1.46591 0.692776 -0.675105 -0.542282 1.0718 0.329909 -0.0307216 1.03387 -0.505852 -1.67977 0.0482828 0.447143 0.547219 1.24638 0.592795 -0.844158 0.378252 1.27392 0.978524 0.909005 -1.05018 1.86878 1.31102 -0.723679 -0.547546 -1.11913 -0.346819 0.324059 0.164387 -2.03439 -0.820131 -0.295748 0.177763 -0.424723 -0.768809 1.9718 2.19354 2.19354 
-1.35036 -1.35036 -1.87541 -1.74163 0.07836 0.0681898 -0.16888 0.570852 0.830709 0.494467 0.646482 -0.24281 -0.737564 -0.0483613 0.061533 -1.04331 -0.754329 0.89746 1.5986 1.04318 -0.00661101 -0.574562 -0.297644 0.141936 -0.189418 0.282489 0.612967 0.0802624 0.307438 0.0862696 0.0706416 -0.907278 0.0240879 1.21125 -1.06193 -1.06013 1.03534 0.861071 -1.39209 -2.57801 -0.612943 1.05977 1.00659 1.05462 0.652335 0.488143 -1.29178 0.629375 1.57477 -1.6508 -1.10704 0.155243 0.270101 0.268951 -0.0226176 -0.939893 -0.966406 1.05635 0.221073 -0.0400882 2.28567 2.28567 
-2.49982 -2.49982 -2.05517 -0.974104 1.05292 1.75167 1.36966 0.0249647 -0.300455 0.0131718 -0.88795 -0.320856 0.900114 0.791021 0.0933957 0.228439 0.0103812 -0.0585362 0.466607 0.147332 -0.221655 0.197895 0.939187 0.41158 -0.528341 -0.636363 0.565259 0.179613 -1.23899 -0.0551829 0.897091 0.273242 0.870281 -0.108191 -1.3174 -0.348185 -1.13214 1.00625 2.07856 -0.262569 0.128922 0.167342 -0.817058 0.583793 1.23818 -0.390468 -1.4566 -0.307738 2.53778 0.382364 -1.61281 0.335511 0.664665 0.095462 -1.82755 -0.579309 1.34375 0.0172279 -0.344058 0.338042 0.339821 0.339821 
-0.259309 -0.259309 -0.345619 -0.552348 -0.0117396 0.426345 0.384808 0.105707 -0.168637 -0.36469 0.0416528 0.366647 -1.26889 -0.826624 0.248197 -0.0147462 0.498993 -1.03121 -0.886191 1.23786 1.47642 0.187348 -1.0502 -0.159992 1.54597 0.60753 -0.327927 -0.169464 -0.133252 -0.109489 -0.474061 0.548936 0.23439 0.816959 0.871635 1.32862 0.17959 -1.59362 -0.366556 1.44787 2.52684 0.353283 -0.556109 1.19495 1.33601 -1.33064 -2.59801 -0.164261 2.52274 -1.09348 -1.76977 1.55161 0.422337 0.725645 -0.55363 -1.50007 0.54133 -0.0444391 -1.34952 -0.76456 -0.815934 -0.815934 
-0.965972 -0.965972 0.254928 1.03278 0.908945 0.259986 0.629745 0.731973 -0.214726 -0.420628 -0.0714682 0.28764 0.622902 -0.812615 -1.14049 0.19346 0.508028 0.610571 0.17251 -0.0478392 0.340811 0.239205 0.0851829 0.232653 0.314889 0.173268 -0.90413 -0.566941 0.241873 -0.229844 -0.167332 0.9458 1.50176 0.355436 -1.08231 -0.288882 -1.141 -2.59453 -0.835779 -0.726907 1.09544 1.45312 0.407561 1.49787 2.09298 -0.691837 -2.5972 1.33278 1.76385 -2.14301 -1.36733 1.03431 0.205282 -0.332269 0.175907 0.0700987 1.2005 1.065 -0.288302 -0.398212 -1.52175 -1.52175 
-0.473453 -0.473453 0.10991 -0.338153 -2.13506 -1.85519 -1.22904 -0.550366 0.811643 0.236896 -0.807589 -0.31526 -0.0661135 -0.640763 -0.982698 -1.13496 -0.124939 0.657385 -0.00141894 -0.555486 0.154006 0.508979 -0.673377 -0.482744 1.29733 0.318027 -1.72548 -0.595149 0.942669 1.32036 0.712687 0.199218 1.6334 2.44548 1.45496 0.07285 -1.44797 -0.253919 1.78523 0.938987 0.35684 1.00445 1.9261 0.925488 -1.48898 -0.692978 1.15042 1.32186 -0.463259 -0.880405 -0.376134 -0.960156 0.275695 -0.156398 -0.200616 0.494618 0.0214577 1.33743 0.669331 -1.45117 -0.77552 -0.77552 
1.21959 1.21959 1.01968 -0.284884 -1.48995 -0.717553 0.100093 0.971122 0.710062 -0.513669 -0.510301 -0.43984 -0.387899 0.163155 0.410905 0.589115 0.25336 -0.0986517 0.224592 0.416811 -0.294613 0.116713 0.655767 -0.074113 -0.888312 -0.790666 0.203563 -0.123956 -1.01594 -0.0845292 0.935913 1.26365 1.22835 -0.270885 -0.586631 0.00571699 -1.29501 -1.801 -0.99234 -0.212477 -1.57017 0.286045 2.17589 -0.20439 -2.03656 -1.71177 1.06388 2.36851 -0.237156 -0.94497 -0.0924873 0.875653 0.576193 -0.570842 0.816304 -2.03193 -0.730097 2.80733 0.878154 -0.177262 -0.187433 -0.187433 
0.254762 0.254762 -0.0803497 0.326418 1.6818 1.1887 0.848573 0.097884 0.112817 0.930508 -0.255999 -0.831048 0.11106 1.03027 0.221256 -1.77832 -0.279346 0.880746 -0.486214 -0.494634 0.719197 0.52494 0.359828 -0.812892 -2.15087 -0.778974 0.82998 -0.424083 -0.932248 0.321021 0.608473 -0.180566 -0.737344 -0.121259 -0.955583 -0.0713188 1.04253 -0.131106 -0.17822 -0.699948 -2.43984 0.229438 1.52508 -0.600779 -0.348004 -0.64796 -0.359072 1.14706 -0.406636 -1.39345 -0.210662 3.27186 1.66605 -2.35567 -0.220493 0.470698 -0.571853 -1.01852 -0.376414 1.37456 0.6497 0.6497 
-1.26174 -1.26174 -2.06054 -0.90788 -0.396045 -0.268318 0.237186 0.38489 -0.315935 -0.202865 0.534997 0.478413 -0.175284 -0.325287 0.140524 0.233831 0.201645 0.241927 -0.0145174 -0.124499 0.410428 0.0972638 -0.0841385 0.652806 0.164005 -0.353371 0.172018 0.449493 -0.0222431 -0.479323 -1.20386 -0.968831 0.587756 0.331706 -1.68866 -0.875986 3.44376 3.87599 1.43195 0.848379 -0.119939 -1.04685 -1.55652 -0.836028 1.17778 0.116758 -0.94894 0.982027 1.65697 0.726028 -0.530207 -0.36411 0.468919 0.0323697 -0.112499 0.045316 0.346686 0.410366 -0.906776 -1.19239 -0.138441 -0.138441 
-2.5246 -2.5246 -3.83296 -1.83502 -1.0556 -0.415568 -0.109635 -0.220713 0.359187 0.79996 0.32689 -0.222899 0.286164 0.858171 0.140112 -0.508035 0.0202962 0.703298 0.938512 0.515324 -0.752572 -0.329032 0.926398 0.407634 0.068599 0.0933383 -0.0299126 0.700956 0.581841 0.246523 1.04783 -0.354798 -1.64777 0.180958 -0.526372 -1.63262 1.03628 1.47687 -0.0564236 -0.368924 0.106532 0.817498 0.605701 0.983995 0.92796 -0.701311 -0.949541 0.259184 0.998836 1.28618 0.411349 -0.386439 0.492379 1.00592 0.120726 -0.714177 0.367831 1.50921 -0.199269 -0.588243 0.439293 0.439293 
-2.04852 -2.04852 -0.837151 2.6678 2.45503 1.03178 0.165992 0.449517 0.473628 -0.163072 -0.62592 0.280946 0.769666 -0.250722 -0.193772 0.456028 -0.0670229 -0.205229 -0.0355132 -0.435195 0.00148519 0.766319 0.754071 -0.059803 -0.694834 0.0622295 0.652131 -0.608667 -0.628925 0.85402 0.554924 -0.233484 -1.1766 -0.257491 2.20532 0.877174 -1.04151 0.0973689 0.453626 -1.88694 -2.11349 -0.0615427 0.723929 2.14153 1.06447 -2.00301 -1.26819 0.763956 -0.278303 -0.532965 0.608296 -0.0435663 0.230756 0.0452886 -0.420146 0.533321 -0.0406418 -0.41546 0.410654 -0.438107 -0.718469 -0.718469 
1.5271 1.5271 1.4176 -1.32 -1.4475 -0.158457 -0.224448 -0.429975 -0.719569 -0.317957 1.20243 0.87676 -0.178298 -0.716676 -0.641296 0.5567 0.521696 -0.307579 -1.28227 -1.2989 1.09683 1.8061 -0.0742427 -0.689904 -0.303574 0.0840275 0.314831 -0.297761 0.313323 0.457991 -1.40242 -1.8005 -0.427881 0.712562 -0.868456 -1.50303 1.11574 0.647902 -0.318999 0.325567 -0.936166 0.810257 1.33825 -1.48761 1.20557 2.99115 0.500317 -0.257594 -1.22822 -0.607085 1.51457 0.0999437 -1.11851 -0.972603 0.151893 0.867589 0.0781569 1.00527 0.131295 -1.20211 -0.329462 -0.329462 
0.0975287 0.0975287 1.26325 0.964953 -1.15567 -0.978913 0.463015 -0.159989 -0.633144 0.227188 0.333453 0.366475 0.156399 0.0632559 -0.165616 -0.443245 0.713207 0.882538 0.302795 -0.0339451 -1.90665 -1.63144 1.34513 1.85627 0.0550958 -0.703338 -0.195159 0.331958 -0.361124 -1.1297 0.33291 1.00126 0.902112 0.837462 -1.34889 -0.439092 1.74745 -1.09357 -2.31986 -0.197556 0.463922 1.238 -0.162035 -1.94833 0.828323 1.49375 -0.467707 -0.822844 -1.21243 0.647738 2.73147 -0.388242 -2.33478 0.496855 0.819003 -0.271641 0.114666 -0.250009 0.155907 0.109145 -0.342545 -0.342545 
-0.557854 -0.557854 -0.919132 -0.836755 1.01828 1.64256 -1.07138 -0.808848 1.01955 0.957971 0.260118 -0.611726 -1.363 -0.694595 0.940054 0.804735 0.127297 0.550389 0.130211 -0.885264 -0.668974 -0.681227 0.127509 1.76244 0.495702 -1.56249 -0.923164 1.18117 0.563892 -0.829637 0.445174 -0.386894 -1.96658 0.339444 1.44933 0.300491 0.512407 -0.0194385 -1.52686 -0.203001 1.44309 0.372002 -0.309114 -1.48323 0.625702 1.61466 -1.88107 -1.36316 -0.330663 0.0900492 0.966835 0.30915 -1.71592 -0.74636 1.17533 0.652599 -0.142616 -0.719583 1.63959 2.03889 0.104877 0.104877 
-0.448284 -0.448284 -0.358957 1.20683 1.11071 -0.26279 0.23792 0.569719 -0.14871 -0.220716 -0.589989 -1.02184 0.0321254 0.43585 -0.762039 -0.64246 1.19815 1.47334 -0.000408179 -1.16951 -1.17788 -0.292031 0.380699 -0.0254454 -0.00386103 0.438046 -0.232735 -0.301711 -0.0936971 -0.255817 -0.761101 -0.128792 1.31683 -0.822843 -1.61431 1.30264 1.18508 -1.7185 -2.39399 0.422527 2.33124 0.983658 -0.101151 -0.334246 -0.475944 -1.39579 -0.00340761 1.81629 -1.62018 -1.88836 1.10819 0.821808 -0.0217851 -0.293156 -0.904855 -0.727877 1.23519 0.695173 -0.829802 1.28082 1.4552 1.4552 
0.226746 0.226746 0.935501 1.97292 1.72227 0.142879 -1.19682 -1.15972 -0.0725071 -0.449943 -0.283767 1.1075 0.664183 -0.593669 -0.43361 -0.119201 -0.25292 0.234331 0.0701939 -0.516007 -0.0316263 0.696284 0.0753184 -1.0269 -0.751818 0.6522 0.470187 -1.24766 -0.21871 1.33566 0.150543 -0.0823524 -0.314847 -1.49904 -0.222118 0.0566854 0.823208 2.04019 -0.896628 -1.34298 0.217078 -0.684969 0.208254 1.28266 -0.703511 -1.8315 -0.0105371 2.55399 0.387663 -2.78595 -0.0954928 1.42836 -0.222154 -1.6987 -0.507162 2.01436 0.32632 -1.17132 0.145554 0.383582 -0.0636099 -0.0636099 
-0.0385002 -0.0385002 -0.158848 0.206115 0.581494 0.242597 -0.174915 -0.310444 -0.262097 0.134167 0.437495 -0.751192 -0.68292 0.894923 0.484382 0.157747 -0.579991 -0.794642 1.33269 1.38714 -0.59981 -1.45913 -0.190459 1.52311 0.45856 -1.07915 -0.440583 0.125076 0.0466604 -0.186657 0.395049 0.424172 0.167776 0.382719 0.309613 -0.39113 -1.68944 -0.306195 1.78236 1.69614 -0.625471 -1.783 0.501726 1.11325 -1.45853 -2.27845 0.690754 2.9928 -0.529199 -2.48715 1.55159 1.28789 -0.469092 -0.556416 -1.28396 0.649179 0.859144 -1.08902 -0.407474 0.322376 -0.0181616 -0.0181616 
0.780958 0.780958 1.27193 0.42314 -0.47746 -0.165906 0.308243 -0.522705 -0.717196 0.10075 0.457384 0.448612 -0.684156 -1.10273 0.64536 1.05087 0.273606 -0.201454 -0.405263 0.116557 0.191507 -0.151027 0.00618941 0.155316 -0.0271586 -0.75912 -0.456895 0.733683 0.223101 -0.247965 0.752392 1.06386 -0.362313 -1.62074 -0.396368 -0.026717 -1.445 0.202979 1.18917 1.22931 1.38636 -0.423861 0.0385677 1.07416 -1.37182 -2.95011 1.28826 2.76302 -2.18359 -1.96607 2.01585 1.00296 -0.85226 -0.00821602 0.2643 0.65705 0.638306 -0.929408 -0.913254 -0.768228 -0.698853 -0.698853 
0.381113 0.381113 0.0829942 -1.50072 -1.01638 0.59579 0.861133 1.35074 0.516776 -1.08438 -0.374404 0.486312 -0.223601 -0.616876 -0.335843 0.563681 1.18551 0.075156 -0.81401 0.0963842 0.701213 -0.557527 -0.66687 1.30418 0.525765 -2.01825 -0.614609 1.76822 1.26746 -0.160047 -0.752981 0.605568 1.48752 -0.12575 -1.58566 -1.93849 -0.224444 2.14418 0.786671 -0.957403 0.0365288 1.03707 -0.0595657 -2.27924 -1.08387 1.74909 1.33354 -1.08069 -1.4723 0.0509407 -0.0600899 0.426666 0.527752 -0.32394 0.426125 0.140728 0.553734 0.424034 -1.86242 -0.968358 0.442516 0.442516 
-0.09174 -0.09174 -0.883632 -1.49378 -0.23303 0.994793 1.05466 0.399869 -0.871684 -0.711172 0.0744229 0.103908 0.395636 0.514495 0.288173 -0.066024 -0.387877 0.0121452 0.342502 -0.285558 -0.152556 0.606504 -0.0862266 -0.907673 -0.405351 0.692394 0.434312 -0.710649 0.0535405 1.21441 0.847975 0.207125 -0.90188 -1.07212 0.19751 -0.400393 -1.0671 0.213336 0.993867 -0.321142 0.332219 2.30353 -0.268094 -2.52742 -0.885393 1.91163 2.5064 -0.760142 -1.98173 0.117424 1.13476 0.435508 -0.848438 0.17536 -0.857294 -0.909082 2.96712 1.00584 -1.78209 -0.61722 0.0234338 0.0234338 
-0.192971 -0.192971 0.0443475 1.03063 0.505616 -0.483584 -0.633866 -0.426717 0.488316 -0.212635 -1.02519 0.216693 1.08848 0.0668331 -1.63606 -0.289522 1.55391 -0.11815 -0.799891 0.705809 0.597387 -0.207124 -0.777984 -1.46226 0.0223307 1.74164 0.209594 -1.02559 0.437254 0.901437 -0.290097 -0.782642 0.0371427 -0.124784 0.0316783 1.16829 -0.0323399 -0.709677 -0.329335 -1.31695 0.544769 2.31578 -0.481828 -1.09027 -0.0249846 -0.00391565 1.0498 -0.0252084 -1.47965 0.116878 2.7244 1.09746 -3.2807 -1.09811 1.65152 -0.202451 -0.866306 0.116566 1.39873 0.601202 -0.420363 -0.420363 
