17
0.802076 0.847132 0.847767 0.917842 1.10365 1.10267 1.00995 0.743098 0.277019 -0.222283 -0.635341 -1.0701 -1.33338 -1.44326 -1.60374 -0.847642 -0.495467 
0.851867 0.740229 0.661552 0.568748 0.320969 0.0151741 0.0993292 0.355059 0.304611 0.578318 0.670535 0.278238 0.018391 -0.231998 -0.225595 -2.23851 -2.76691 
0.139421 -0.414598 -0.785479 -0.986758 -0.941052 -1.10215 -1.22143 -0.930432 -0.688234 0.202547 0.532087 0.294935 0.712862 0.468563 0.907561 2.07589 1.73626 
-0.613167 -0.37303 0.164101 0.630497 0.575648 0.666286 0.999207 1.32564 1.17983 0.778823 0.354475 0.100319 -0.391976 -0.59991 -0.795578 -1.6513 -2.34986 
-1.001 -0.572786 -0.27649 -1.01001 -1.43446 -1.08079 -0.444651 -0.110144 0.932451 1.72402 1.31369 0.700807 0.394734 1.33313 0.969579 -0.425842 -1.01224 
-1.17712 -1.11057 -0.990585 -1.21672 -1.00222 -0.528024 -0.204816 -0.141651 0.227012 0.556419 -0.345713 -0.14383 0.280798 1.2241 0.944645 1.91653 1.71174 
-0.102278 -0.668083 -1.15832 -0.607305 -0.118789 -0.356381 0.322933 0.128679 -0.0504814 -1.39667 -0.0249237 2.37599 1.37073 0.519387 1.35082 -0.183735 -1.40157 
-0.567116 -0.443189 -0.137442 -0.580791 -0.574897 -1.08901 -0.263469 -0.206995 0.0558814 -1.1163 -0.112237 -0.0891275 -0.213845 -0.0100254 0.533779 2.79816 2.01663 
-1.59515 -1.18471 -1.03047 -0.778862 -0.766426 -0.532629 0.615866 1.59829 1.16501 0.780085 1.10004 -0.0667986 -0.795259 0.0010345 -0.452685 1.55181 0.390857 
-0.110581 -0.917785 0.0147814 -0.229495 -0.403491 0.0646832 0.755349 -0.589282 -0.0788958 0.721884 1.95903 0.41581 0.852185 0.886526 0.554736 -2.12465 -1.7708 
0.609258 0.628793 -0.204574 -0.22808 -0.100271 -0.113961 -0.645836 -1.30296 -0.301176 -0.345675 -0.581693 -0.858405 0.014529 -0.809966 -0.416946 2.18271 2.47426 
0.535211 -0.319991 -0.712175 -0.596003 -0.428628 0.479191 -0.706672 -0.420464 0.737665 1.22678 0.730774 0.150048 1.70552 0.826528 0.48444 -2.29924 -1.39298 
-1.83004 -0.25997 -0.230893 -0.493745 0.126316 0.534334 0.890643 1.52481 -0.389215 1.27043 -0.459275 0.251161 0.816095 1.04835 -1.78703 -1.32953 0.317554 
0.239888 0.239888 0.278905 0.567667 0.45687 0.0225256 -0.392103 -0.974333 -1.33682 -1.25414 -1.15348 -0.919916 -0.413282 -0.252975 1.09746 1.89692 1.89692 
0.389189 0.389189 0.409636 0.226037 -0.0052112 0.355178 0.96484 0.818697 0.838215 0.993111 0.270013 -0.112232 0.0418411 0.330916 -1.58271 -2.16336 -2.16336 
-1.60334 -1.60334 -1.11565 -0.539685 -0.484127 -0.712232 -0.0871821 0.41259 1.24185 1.3626 -0.196858 -0.0746556 -0.0845368 -0.0554037 1.89767 0.821154 0.821154 
1.21897 1.21897 1.49469 0.773313 0.315423 0.787951 1.07528 0.491912 -0.394521 -0.733942 -0.554996 -0.637795 -0.58147 -0.220007 -1.00938 -1.6222 -1.6222 
0.653491 0.653491 -0.306905 -0.902742 -0.00397154 0.87281 0.856967 1.19298 1.57083 0.369708 -0.791341 -0.70515 0.57728 0.529762 -1.39959 -1.58382 -1.58382 
-0.414048 -0.414048 -0.971082 -0.791202 0.541643 0.748537 -0.0337237 0.0527849 0.559487 -1.85905 -2.10175 0.423299 1.83435 0.494355 0.548753 0.690848 0.690848 
-0.494098 -0.494098 0.209682 0.826456 0.329504 0.449739 0.477049 -0.0639315 -0.789842 0.187487 2.54878 1.05087 -0.998585 0.158833 -0.271701 -1.56307 -1.56307 
-0.0281997 -0.0281997 -0.656035 -0.987898 -1.06622 -0.159069 0.47243 -0.150301 -1.51012 -0.689808 0.633088 -0.616199 -0.416197 0.323692 2.60422 1.13741 1.13741 
0.215024 0.215024 0.0476452 -0.101784 -0.120553 1.07663 1.86553 0.198651 -1.24226 -0.448497 -1.27248 -2.3773 -0.308551 -0.019029 1.25417 0.508892 0.508892 
0.31394 0.31394 0.731301 -0.0891166 0.439102 1.08017 -0.263862 -0.397523 1.19311 1.73193 -0.00593152 -0.599629 0.569989 0.000463048 -2.01152 -1.50318 -1.50318 
-0.835873 -0.835873 -0.867511 -0.160985 -0.15377 -0.638679 -1.11165 0.0156926 0.466014 -0.443853 -0.614543 0.200607 -0.202049 -0.554816 1.96215 1.88757 1.88757 
-0.62934 -0.62934 0.103905 0.52629 1.12387 0.102372 -0.366854 1.40252 1.55568 0.307053 -0.500519 1.04804 0.822897 -0.609483 -2.04724 -1.10492 -1.10492 
0.919433 0.919433 -0.359338 0.0529731 0.521017 0.337005 0.494781 -1.08916 -0.373709 -0.245119 -0.907354 0.693544 0.359935 -2.01236 -1.85521 1.27206 1.27206 
-0.24283 -0.24283 0.0988014 -0.0784417 -0.933943 -1.2934 -1.46837 -1.40668 -0.620025 -0.0720877 0.106423 0.586736 0.500062 1.49836 2.25454 0.656846 0.656846 
0.429348 0.429348 0.206482 -0.0990462 0.561289 1.58205 0.967184 0.250821 0.616245 -0.285201 -0.937224 0.127555 0.942455 -1.56748 -2.62321 -0.300308 -0.300308 
0.235456 0.235456 0.80744 0.378292 -0.42022 0.145335 0.86818 1.07097 0.694579 -1.67762 -1.67619 -0.137321 -0.229747 1.71964 0.621632 -1.31794 -1.31794 
0.948866 0.948866 -0.137967 -1.24323 0.555524 1.67829 0.087453 -1.68096 -1.31342 0.291695 0.678328 0.493585 1.16292 -0.11123 -1.5791 -0.389809 -0.389809 
-0.491635 -0.491635 -0.956719 0.494463 1.64393 0.930018 0.50792 0.81522 -0.384604 -1.5858 -0.580979 1.32629 1.22193 -1.28505 -1.39176 0.114207 0.114207 
-0.421315 -0.421315 -0.30694 0.894716 0.911893 -0.432971 -0.509517 0.310054 -1.28275 -1.75925 1.38407 2.43559 -0.0219515 -0.884562 0.0578061 0.0232182 0.0232182 
0.572051 0.572051 0.980366 0.185463 -0.143254 0.203815 -0.233919 -0.732563 0.272581 2.31636 0.677713 -2.24227 -0.484405 0.587347 -1.03379 -0.74877 -0.74877 
-0.470067 -0.470067 -0.713149 -0.310641 0.596905 1.11683 -0.00377009 -1.46237 -0.405369 1.55966 0.0437245 -0.778769 0.678255 2.20219 0.585833 -1.0846 -1.0846 
-0.107558 -0.107558 -0.21596 -0.108152 0.868731 1.45465 -0.623053 -2.24064 -0.455601 -0.00805981 -1.38536 0.713137 1.72465 1.14752 0.39684 -0.526788 -0.526788 
0.436913 0.436913 -0.184657 -0.100668 1.00659 -0.411875 -0.998832 1.22455 1.73404 -0.787715 -1.64574 0.557042 0.575356 -1.83511 -1.01849 0.505842 0.505842 
-0.340029 -0.340029 0.354719 0.392924 -0.778651 -1.25083 0.334544 1.24244 -0.760803 -1.37146 0.324797 0.0966988 -1.05175 1.8192 2.09275 -0.382262 -0.382262 
0.488782 0.488782 0.787716 0.6917 -0.330177 -1.08519 0.889993 1.33048 -0.805449 -1.48539 0.494264 0.906464 -1.20324 -2.06144 -0.380796 0.63675 0.63675 
-0.782625 -0.782625 -0.556812 0.399877 0.0732854 -0.0966409 -0.863347 -0.557924 0.379987 -0.374537 0.431811 0.611792 -1.56423 -1.29545 1.71653 1.63046 1.63046 
