35
1.56433 1.68687 1.62162 1.65899 1.52358 1.28885 1.30324 1.12022 0.762309 0.265537 -0.595503 -1.01406 -1.20097 -0.592587 0.00781062 0.600245 0.65439 0.601178 0.164228 -0.189532 -0.184556 -0.144196 -0.160885 -0.460704 -0.338605 -0.445299 -0.693975 -0.622311 -0.839486 -0.991998 -1.04388 -1.25269 -1.27718 -1.23791 -1.53709 
1.13649 1.1683 1.30225 1.24614 1.23595 1.1006 1.01463 1.089 1.14162 1.12586 1.19097 1.28362 1.19526 0.676045 0.201436 -0.0228114 -0.738781 -0.992305 -1.20882 -1.37821 -1.12758 -1.06895 -1.30636 -1.31516 -0.883899 -0.761528 -1.00064 -0.56887 -0.721917 -0.711884 -0.393323 -0.318128 -0.410181 -0.55602 -0.622822 
-1.58605 -1.24916 -1.29335 -1.29011 -1.09747 -0.535367 -0.683601 -0.21969 -0.673298 -0.401507 -0.155917 0.0435335 0.093381 -1.05202 -1.66783 -1.43265 -0.985379 0.191135 -0.0236792 -0.863347 1.03247 1.25005 1.29463 0.726043 0.607745 0.615538 0.793752 0.452765 0.885919 0.684702 1.39609 1.33564 1.2218 1.30284 1.28239 
1.57207 1.40128 1.38224 1.35687 1.36341 1.68763 1.61687 1.45031 1.21752 0.823334 0.790682 0.769034 0.331425 -0.0370486 -0.600376 -0.67336 -0.54339 -0.463673 -0.527361 -0.540115 -0.60044 -0.688939 -0.648806 -0.788696 -0.696267 -0.756381 -0.711188 -0.90662 -1.27419 -1.31329 -1.10412 -0.807492 -0.81036 -0.809426 -0.461117 
-0.884524 -0.93471 -1.22461 -1.23052 -1.03261 -1.40812 -0.546952 -0.666316 -0.272711 -0.393242 -0.110999 0.424653 0.230814 1.38632 1.06222 -0.0177323 0.454537 -0.0836989 -0.201394 0.83655 1.45581 1.83916 1.79705 1.72992 0.876804 0.131436 0.820189 0.236187 -0.379034 -0.184119 0.179885 0.0536015 -0.395479 -1.01413 -2.53422 
0.561171 -0.486423 -0.724155 -0.112492 -0.254004 0.107959 0.109257 0.133071 0.476528 -0.156357 1.22378 1.26169 2.17894 1.79186 1.02861 -0.5168 -1.31531 -1.13313 -0.70595 -0.552267 -0.586172 -0.38158 -0.798393 -0.261669 -1.6206 -0.950819 -1.32821 -0.917975 -0.193562 -0.589454 -0.278384 0.537284 0.568176 1.49036 2.39502 
-0.797757 -0.477043 -0.745532 -1.09708 -0.99331 -1.14904 -1.07163 -1.31387 -1.30528 -1.54527 -0.709191 0.0167115 0.196884 -0.518269 -0.477579 -1.00498 -1.01914 -0.926056 -0.485196 0.0769652 0.35919 0.652888 0.653915 1.57691 1.15738 1.47873 1.4904 1.24115 1.13597 1.2386 0.826979 1.43676 0.876065 0.803239 0.417488 
-0.712047 -0.230867 0.077483 0.121533 0.695399 0.713216 0.698188 1.87366 1.59553 1.6429 2.35652 0.0927092 -0.0242212 0.903519 0.837345 -0.769621 -0.749204 0.216393 0.863383 -0.00206064 -0.121604 -0.680494 0.444586 -1.14218 -0.929227 -1.00673 -0.0843077 -0.23118 -0.529477 -2.01742 -0.787922 -0.526688 -2.2149 -0.277846 -0.0943534 
0.128327 -0.212601 0.322838 0.428905 0.411379 0.495519 0.423634 0.715796 0.649051 1.13829 1.90893 1.17125 -0.0370697 0.976214 0.490379 0.535158 0.584511 -0.182719 0.805095 -1.00367 -0.856397 -1.04645 -0.867111 0.309721 -0.0897924 -0.836348 0.861424 0.828264 -0.433901 -0.9482 -0.349408 0.2782 -2.53238 -2.90452 -1.16232 
-1.08889 -1.0043 -0.863578 -0.658933 -0.952518 -1.03281 -1.31672 -1.76671 -2.39143 -1.97272 -0.93599 -0.945678 0.0901643 0.16096 0.814046 0.216475 0.848979 1.07742 1.09102 0.437076 0.420072 0.26724 0.291378 0.736543 0.870818 0.307831 0.601073 0.623844 0.813677 0.590972 0.381826 0.728665 1.26119 1.21664 1.08238 
0.533453 0.413634 0.597077 1.26873 1.15696 1.1044 1.22104 0.984292 1.11267 2.13186 1.59948 0.939119 0.633372 -1.52142 -1.62198 -1.29555 -0.277371 -0.889029 0.100488 -0.493085 -0.961339 -0.63465 -0.265278 -0.726851 -0.391804 0.166485 0.311257 0.44381 -0.550801 -1.13287 -1.41889 -1.20708 -1.13289 -0.562649 0.365414 
-2.27205 -1.45863 -1.23643 -1.62994 -1.18865 -1.55772 -1.06545 -0.427264 0.401009 1.46293 0.342021 0.735053 -0.0897826 -0.784634 -0.927405 -0.0107884 -0.0714891 -1.01385 -0.340401 0.0529831 0.41059 0.0758848 1.65973 1.26873 1.3963 0.330982 0.184649 0.641142 0.346594 0.345406 0.998705 0.888674 0.263565 1.30681 0.962735 
1.96969 2.12218 2.02346 1.50177 0.899711 1.34759 -0.049612 -1.13732 -0.205045 0.137335 -0.220799 0.803372 1.7753 -0.630773 0.197421 0.809183 -0.372591 -1.08181 0.039178 0.0520928 -1.14063 0.3245 -0.489333 -0.90925 -0.667441 -1.1087 -0.858344 -0.832093 -0.327908 -0.793026 -0.964211 -0.605299 -0.831485 -0.853059 0.0759353 
0.452033 0.452033 0.288387 0.153564 -0.369246 -0.0814097 0.0179295 -0.697408 -1.30025 -2.26697 -2.11668 -0.821398 1.15176 2.66451 2.63387 1.58429 0.343739 -0.59986 -1.17734 -0.328211 0.429057 0.387429 -0.266197 0.00047207 0.371546 -0.340867 0.00183367 0.0623596 -0.368376 -0.0507806 -0.158947 -0.106313 0.370339 -0.157447 -0.157447 
0.688266 0.688266 0.461319 0.0892388 -0.115282 -0.31092 0.230434 0.588211 0.35553 0.387764 0.667627 0.271479 -1.30799 -2.30506 -1.54362 -2.16666 -2.24224 -0.95295 -0.735777 0.47009 1.05871 -0.201101 -0.375163 1.35091 1.68951 -0.040966 0.757712 0.979879 -0.108787 1.10861 1.27682 0.216873 -0.353699 -0.288518 -0.288518 
0.178036 0.178036 -0.286997 0.0430863 0.822018 0.346918 0.210061 -0.215563 -0.483335 0.491191 0.390364 0.117543 -1.75688 -2.68466 -0.760434 0.721268 2.03327 1.11047 -1.69963 1.24211 2.71568 0.135477 -0.960269 -1.18729 -0.383942 0.0293302 -0.456792 -0.101462 0.0933462 0.481146 0.677341 -0.47285 -0.275641 -0.14547 -0.14547 
-0.2155 -0.2155 0.21301 0.288396 1.31851 1.09074 -0.355431 -0.83288 -1.5036 -0.913871 0.183869 -1.0094 -2.03137 -2.40182 -1.53112 0.511791 0.961751 0.391105 0.118622 0.128533 -0.0946583 0.201356 0.0499245 0.204023 0.439092 0.299906 -0.0988271 -1.3151 -0.854451 0.844995 1.83429 1.2095 0.338174 1.37297 1.37297 
-0.247796 -0.247796 -0.197891 0.351894 -0.0646623 0.682866 0.971552 0.444584 0.443269 0.31776 1.05731 0.520741 1.21934 1.07253 -1.44693 -0.549382 0.0611544 -0.603764 1.17267 2.00325 1.2655 0.520096 0.0123813 -0.90166 -1.66607 0.0716944 0.253562 -1.21608 -0.338203 0.76543 0.403424 -0.512961 -1.06788 -2.27496 -2.27496 
-1.43448 -1.43448 0.253975 0.35189 0.0977955 0.243118 -0.100981 0.247199 -0.421056 0.633863 1.31647 0.845439 0.412961 -1.29711 -2.47582 -2.51171 -0.753711 0.493548 0.46455 -0.00464902 0.0471556 -0.342491 -0.00451422 -0.963211 -0.827812 0.170997 -0.0931128 1.02808 0.207766 -0.21285 1.02003 0.734921 0.843312 1.73245 1.73245 
-0.013659 -0.013659 -1.24369 -0.562573 -0.204289 -0.252523 -0.41079 -0.536719 -0.532619 0.981446 2.74873 1.54862 -1.08806 -1.34327 -0.999747 -1.1001 0.0351915 0.86773 1.726 1.43575 0.944546 0.43004 1.58146 0.811964 -0.28886 0.500112 -0.543922 -0.757706 -0.11387 -0.67458 0.253358 -0.0194018 -1.26837 -0.948271 -0.948271 
0.600481 0.600481 0.220107 0.451149 0.428323 -0.0841118 0.923235 0.694294 -0.287338 0.575644 -1.43546 -2.15817 0.618998 0.663164 -1.54244 -1.46709 0.771454 1.31667 -0.276629 -0.943638 -0.676886 0.406139 -0.488283 -1.28198 0.0313235 0.648679 0.58832 -0.473909 -1.64086 -0.311428 1.21064 -1.32824 0.129995 1.75868 1.75868 
0.234577 0.234577 0.632361 0.140273 0.120761 0.0723851 0.257506 0.26208 0.437465 1.18266 0.090805 -1.67029 -0.112082 0.530861 -0.331021 0.145249 -0.577366 0.257779 -0.669089 -1.4171 0.0234042 0.0519452 1.26835 0.753223 -0.958418 0.907976 1.54283 -1.09124 -1.51941 0.136671 1.15287 -1.88117 -2.77085 1.28071 1.28071 
0.168637 0.168637 0.374182 -0.369415 -0.857278 -0.840706 -1.47368 -2.05721 -0.569864 2.2748 1.54132 1.5398 1.6776 1.02226 -0.122086 -0.157326 1.25694 0.197273 -1.3135 -1.3659 -0.507923 -0.437479 0.586384 0.774954 -0.951158 -0.678982 0.323927 0.146875 -0.273417 -0.956531 0.0186158 1.28846 0.618344 -0.523279 -0.523279 
0.0545961 0.0545961 0.890512 0.578721 -0.186153 0.0550762 -0.139459 -0.127055 1.19941 0.501547 -1.27233 -1.03296 -2.61132 -2.39461 0.225951 1.40751 0.416751 0.386477 0.405578 -1.13406 -0.162117 0.722549 -0.10998 -0.146232 0.930902 0.729942 0.280297 -0.923072 -1.67783 -0.929442 -0.0909705 0.289463 0.668015 1.56984 1.56984 
0.982877 0.982877 -0.47335 -0.209001 -0.179508 -0.117992 1.0973 1.5027 2.01396 -0.337819 -1.14487 -0.78764 -2.10022 -1.27728 0.667034 0.766056 -1.47689 -0.591103 1.02054 0.63946 -0.239016 1.2405 1.17258 -0.584493 -1.39808 -1.72856 0.107576 -0.0712522 -0.623468 0.520156 0.388832 -1.15363 0.237852 0.576935 0.576935 
0.169414 0.169414 -0.521042 -1.03653 -0.0435552 -0.857894 -2.43056 -0.0448378 1.41977 0.0982121 0.796464 2.15864 -1.35442 -1.50163 1.58907 -0.469426 -1.8223 0.536057 1.27562 -1.09395 0.393331 0.781371 -1.14919 -0.0680604 -0.0899222 -0.081165 0.397636 0.657589 0.154358 -0.537316 0.306607 0.250277 -0.139395 1.04367 1.04367 
-0.0880218 -0.0880218 -0.196833 -0.486704 -0.145588 0.35653 -0.453102 -1.01982 -1.2227 -0.614865 1.21073 2.68192 2.85742 1.24022 -0.827756 -1.80425 -1.71871 -1.18356 0.263291 1.34052 0.621624 -0.517067 -0.268249 0.558755 -0.231433 -0.254331 0.369485 -0.254733 -0.0472601 0.213077 -0.000766717 0.471223 0.00278341 -0.381908 -0.381908 
-0.150815 -0.150815 -0.487827 -0.467514 -0.307702 0.367874 0.869129 0.168047 -0.126813 0.337424 -0.050583 -1.73467 -2.27895 -0.158687 0.180092 -0.578028 1.15406 1.41922 1.34366 1.68009 -0.553188 -1.24398 1.46047 1.92481 -1.20595 -0.789231 0.979371 -0.730089 0.17134 1.30975 -0.752949 -1.4221 -0.403015 0.11378 0.11378 
-0.265586 -0.265586 -0.0649689 0.691083 0.201712 -0.354882 -0.324812 -0.404379 0.446598 0.548064 -0.210044 -1.288 -1.68606 0.622669 2.08709 1.715 0.2536 -2.25172 0.097055 2.70057 -0.655534 -2.2171 -0.786894 0.367328 0.756482 -0.0272264 -0.0624423 0.351411 0.371146 0.371988 -0.562766 -0.562149 0.216024 0.0961652 0.0961652 
0.232072 0.232072 0.29119 0.762974 0.525238 -1.41669 -1.61249 -1.00437 -0.167483 1.21936 -0.178883 -1.84118 -1.19592 0.288336 2.18092 1.85096 -0.198612 -0.765159 -0.309881 -0.271226 -0.0468608 0.0094139 -0.101878 0.20122 -0.0287768 -0.525811 -1.37047 -0.696537 1.58999 2.00457 0.181875 -1.27724 0.0242303 0.707529 0.707529 
0.161546 0.161546 0.608296 0.229255 0.389939 0.96301 -0.0726306 -0.308282 0.017939 0.619956 0.285935 0.252661 0.569374 -2.04558 -1.19695 1.34644 0.0768047 1.0242 2.23942 0.196428 -1.0842 -0.897272 -1.03431 -1.24289 0.911931 1.68086 -0.925435 -0.359867 1.73115 0.723633 -0.91781 -1.07457 -1.31079 -0.859865 -0.859865 
1.19826 1.19826 1.28009 -0.3433 -0.303681 -0.378898 -0.209369 -0.480268 0.110355 1.23927 -0.0359664 -0.967842 -2.00331 -2.62694 -1.22782 1.22639 2.29871 0.805322 -0.629124 -0.561598 -0.495115 -0.255961 -0.731517 -0.900812 0.735079 0.401209 0.503487 0.0386645 -1.24983 0.466031 0.579273 -0.360465 0.620858 0.530275 0.530275 
-0.861533 -0.861533 -0.351545 0.837708 0.291604 -0.0951636 -0.153337 -0.0317646 1.19618 2.51636 0.484127 -2.81334 -2.10585 0.125582 0.241533 0.834364 1.53286 1.32545 0.484758 -0.525662 -0.69357 0.536346 0.34542 -1.34095 -0.174045 -0.131523 -0.882336 0.381455 0.121695 0.334416 0.550018 -1.07994 -0.636036 0.299126 0.299126 
-0.292043 -0.292043 -0.15212 0.0644178 -0.385845 0.238047 0.409735 -0.794827 -0.133538 -0.757002 -1.71733 1.18253 1.64697 -1.37069 -1.3518 1.33966 1.62422 -0.69642 -1.43057 -0.304085 0.755768 0.05254 -1.08404 0.253002 1.10756 0.275646 -0.741541 -1.41171 0.0367196 1.66524 -0.677481 -0.71614 1.80781 0.92468 0.92468 
0.113792 0.113792 -0.151741 -0.376916 -0.137487 -0.0270657 0.00150644 -0.00374737 0.395895 -0.287913 -1.64032 -0.210333 1.08689 -0.218994 -0.308932 -0.233783 -0.0401321 -0.150348 -1.00463 0.272818 0.691848 0.570925 0.277559 -1.30243 -0.0173485 1.24883 -1.17964 -1.75326 0.561733 1.34112 -1.18969 -2.21811 1.60531 2.08539 2.08539 
0.191779 0.191779 -0.332842 -0.822053 -0.28574 -0.388117 -0.8115 0.68442 3.10308 1.53625 -0.471796 0.142907 -0.318367 -1.22295 -0.785456 1.01969 0.29694 -1.76673 -1.05608 0.615117 0.701782 0.818817 0.902157 -1.038 -0.979014 0.946359 0.62942 -0.374673 -0.731709 0.252798 1.63065 0.469883 -1.23145 -0.758672 -0.758672 
0.510369 0.510369 0.282938 -0.884727 -0.481337 -0.0653143 -0.232227 0.877241 0.359148 -1.90234 -1.21869 -1.07608 -1.0926 1.97022 2.67401 0.039801 -0.844151 -0.107524 -1.2085 -0.513468 1.25489 -0.0613445 -0.73309 0.659878 0.539734 -0.573946 -1.30513 -1.52769 -0.104021 1.05813 0.789733 0.454253 0.834574 0.558447 0.558447 
-0.915416 -0.915416 -0.742704 0.227991 0.0954705 0.870213 1.09489 0.634909 -1.16649 -2.02781 -0.25788 -0.588172 -0.283896 1.844 1.37102 -1.36472 -0.850689 1.66771 0.839996 -0.786922 0.428701 0.958272 -1.15635 -1.64353 -0.711468 1.01973 1.11881 -0.441618 0.422406 0.697395 -1.05756 -0.062633 1.16667 0.257549 0.257549 
-0.448827 -0.448827 -0.755481 0.245954 0.0681766 -1.45806 0.445577 2.25238 0.0470056 -0.408884 1.18761 -1.3176 -2.2155 1.71292 0.57594 -2.06743 0.560047 1.80479 -1.00774 -0.562947 1.07749 -0.9557 -0.543399 0.592041 -0.045887 0.251946 0.401376 -0.182812 -0.748913 0.0524777 0.43043 -0.303407 0.433882 0.665689 0.665689 
