29
1.91799 1.85914 1.72187 1.67518 1.25336 0.949102 0.466704 -0.538561 -1.16164 -1.50551 -0.29207 0.658391 0.606028 0.638808 0.413113 -0.0693436 -0.246629 -0.39701 -0.528009 -0.457666 -0.354322 -0.456385 -0.612112 -0.597717 -0.655116 -0.801415 -0.913879 -1.14261 -1.4297 
1.27145 1.26636 1.27726 1.23997 1.13779 1.08832 1.07117 1.1883 1.07327 1.00662 0.879103 0.945753 0.367702 -0.543978 -0.840553 -0.954911 -1.19717 -1.09877 -1.04842 -0.838224 -0.85839 -0.926949 -0.975022 -1.02716 -1.04503 -0.687819 -0.678245 -0.656585 -0.435853 
-1.56441 -1.59969 -1.56849 -1.3679 -0.315731 -0.291968 -0.563557 -0.942704 -0.958654 -0.777656 -0.973883 -1.3055 -0.167323 -0.226617 -0.0694093 0.468058 0.662428 0.700126 1.31275 1.21099 0.467044 0.69085 0.783018 1.28393 1.37393 1.35633 0.560381 0.836851 0.986822 
1.87621 1.93595 1.7848 1.62118 1.57535 1.39027 1.01386 0.613866 0.410108 0.353381 -0.336984 -0.916001 -0.618636 -0.263856 -0.655278 -0.713539 -0.777494 -0.67385 -0.434166 -0.598325 -0.608839 -0.804457 -0.69849 -0.693802 -0.750937 -0.771566 -0.681951 -0.825376 -0.751433 
-2.58207 -2.35933 -1.19289 -0.466537 -1.37928 -1.72335 -0.456876 0.0648194 0.680749 0.491546 0.622865 -0.755479 0.293577 1.0085 0.502997 0.730751 0.227798 0.901257 1.40432 0.702494 0.364469 0.941477 0.79313 -0.0150014 0.185842 0.179653 0.608463 0.264198 -0.0381029 
1.13394 1.06585 0.896468 0.23607 0.656405 1.16785 -0.256941 0.771595 1.66417 2.03914 1.56536 0.608616 -0.31079 -0.823612 -0.191139 -0.329597 -1.05417 -1.58633 -1.02567 -1.36269 -1.26451 -1.14895 -1.17516 -0.219585 -0.494355 -0.50101 0.229633 0.0985584 -0.38917 
-1.11304 -1.10247 -0.779136 -0.777913 -1.19124 -1.32856 -2.00018 -1.03623 0.132065 0.779022 -0.197225 -1.03216 -0.988781 -0.996691 0.302184 0.470615 -0.0442491 0.199227 1.29591 0.783604 1.02102 1.07976 0.752328 0.860709 0.383996 0.372429 1.37818 1.09578 1.68106 
0.56629 0.212281 0.337367 1.54148 1.81609 1.13225 -0.286603 1.20198 1.53395 0.327461 0.133194 -1.33293 -1.11181 -0.222595 -0.317406 -0.837868 -2.07927 -0.602179 0.306603 0.251268 0.50384 0.192202 0.296109 1.2258 -1.09908 -1.4709 0.0318609 -1.30838 -0.941006 
-0.114626 -0.51773 -1.5843 -1.59 0.256167 0.485325 1.01046 0.553298 1.01005 0.204889 -0.45609 0.717545 1.54482 0.154489 -0.249611 0.435244 -0.481678 -0.728128 0.592011 -0.0514196 0.262313 -0.703176 0.599194 1.55282 0.2734 1.53318 -0.868127 -2.81551 -1.02481 
-1.43887 -1.62169 -1.81667 -1.35485 -1.78425 -1.83095 -1.15857 -0.771382 -0.337631 -0.308291 -0.138399 0.466699 0.915599 1.03098 0.462015 0.936964 0.649538 0.790079 0.762987 0.670397 0.238632 0.737816 0.721883 0.468314 0.827872 0.735479 0.694379 0.53878 0.913135 
1.18651 1.21627 0.966912 0.368971 0.839755 0.957092 2.36547 1.43007 0.823532 -0.137234 -1.97619 -1.40406 -1.0446 -1.61233 -0.833774 -0.250974 -0.675292 -0.362476 0.131145 0.0586974 -0.11504 -0.645131 -0.333148 0.626258 -1.33641 -0.397291 0.364987 0.136247 -0.347962 
-1.90082 -1.54222 -0.76143 -1.12337 -1.14855 -0.291712 1.39959 1.53967 0.33728 -1.10928 -1.5295 0.714884 0.911079 0.818729 -0.820624 -0.0941788 -0.592588 0.645142 0.799342 0.987796 0.30724 1.58687 0.382252 0.565029 -0.390967 0.303954 0.468509 -1.23709 0.774945 
1.31519 1.98003 1.98885 1.11741 0.225335 0.227191 -0.0809298 1.59283 0.943472 0.408025 -0.214591 0.812755 -0.647428 0.176814 -0.237228 -0.436157 -0.443823 -0.103565 0.0373951 -0.709949 -0.119901 0.371001 -0.817855 -1.10324 -1.96734 -1.24447 -1.49026 -0.342171 -1.2374 
0.0673751 0.0673751 0.0846777 -0.320032 -0.686371 -0.772521 -1.76955 -1.96964 -1.02895 1.58309 3.42398 1.62366 0.318467 0.0719408 -0.660868 -0.592016 -0.119714 -0.0538806 0.260051 0.59335 0.348142 -0.0203281 0.145306 0.285155 0.0566045 -0.0217123 -0.138952 -0.387327 -0.387327 
0.304545 0.304545 0.224428 -0.0568348 -0.0871188 0.124363 0.538761 0.295301 -0.161819 -0.192879 0.138673 -0.981941 -3.41536 -2.71524 -0.732043 -0.596947 -0.067751 0.660075 0.938138 0.762732 0.0693887 -2.32103e-005 0.0408158 0.115948 1.13413 1.20238 0.367764 0.892981 0.892981 
-0.329256 -0.329256 0.0781259 1.84154 1.53614 -0.750267 -1.44618 -1.00463 -0.0371498 -0.348525 -1.23392 1.07087 1.54123 -0.153105 0.877622 0.94181 0.0786074 0.80102 0.560137 -1.78293 -1.2206 0.223529 0.702147 0.698409 -0.197177 -1.72739 -1.21946 0.41433 0.41433 
0.277317 0.277317 -0.342323 -0.0501416 -0.109675 -1.02673 -1.62292 -1.14398 -0.19172 -1.54161 -2.99049 -0.25044 2.34 0.429241 -0.716572 0.191853 0.640992 1.48331 0.740401 0.0463307 -0.0409389 0.28219 0.837856 0.385397 0.315165 0.722263 0.381617 0.338141 0.338141 
1.29473 1.29473 1.84479 -0.426177 -1.59534 0.784887 1.73052 1.01997 0.243493 -0.285819 -1.58465 -0.582259 1.70409 0.00614241 -0.525963 -0.52318 -0.0363618 1.06245 -0.439694 -1.35837 0.0384314 0.245606 -1.2673 -0.885901 -0.00998643 0.239008 -0.130252 -0.928802 -0.928802 
-0.140768 -0.140768 -0.823775 -0.14375 1.20755 -0.92014 -0.323866 2.34838 1.59474 0.0191417 -1.51652 -2.03039 -1.51848 0.27105 0.702744 -0.862118 -1.31611 0.165941 0.390955 -0.142341 0.379553 0.236109 1.20476 0.918135 -0.191447 0.967935 0.824462 -0.58049 -0.58049 
0.162154 0.162154 0.151315 -0.703177 -0.863884 -1.16349 0.11393 2.24815 1.88046 -0.607118 -2.32604 -1.14333 -0.184015 1.27231 1.47685 -0.627003 -0.539954 1.32937 0.452694 -0.544016 0.118366 -0.536825 -0.47924 -0.652405 -0.79154 0.928052 0.613894 0.12617 0.12617 
-0.0664354 -0.0664354 1.17968 1.29926 -0.210639 -1.56499 0.172414 1.57264 -0.582752 -1.00361 -1.21125 -0.879049 1.00464 0.751974 -0.375419 -1.2924 0.30514 2.02475 0.799192 0.274387 0.0694088 -0.0494871 0.943266 -0.999159 -2.04004 1.02112 0.246625 -0.661406 -0.661406 
-0.954206 -0.954206 -0.663173 1.46991 1.6419 0.674471 0.171858 0.121776 -0.13307 -0.951615 0.497511 1.5874 -0.290261 -1.19203 0.327684 -0.04787 -0.729889 0.908371 0.617651 -0.119367 -0.35522 0.368787 1.7742 -0.116508 0.1077 -0.713892 -3.06259 0.00733891 0.00733891 
-1.18876 -1.18876 0.262823 -0.265043 -1.41012 1.07086 2.0479 1.51056 0.704749 0.110593 1.40708 2.03535 0.932619 -1.35941 -0.549749 0.0842266 -0.668791 -0.0825709 -0.607534 -1.51877 -0.18622 0.750147 -0.944899 -0.0993706 0.263566 -0.638634 -0.780962 0.154558 0.154558 
-0.0944386 -0.0944386 -0.703742 -0.00470306 0.689617 1.59974 0.577845 -1.37803 -1.40265 -2.59896 -1.11098 1.02302 -0.0834326 0.323378 1.44019 0.272566 0.0104932 0.901537 0.527561 -0.120244 -0.564479 -0.0929887 1.35287 -0.855139 -0.874831 1.77027 0.636634 -0.573332 -0.573332 
0.771412 0.771412 0.208116 -0.421978 0.530832 1.87274 1.3124 -0.949824 -2.19022 -1.57873 1.30675 1.78865 -0.038151 -1.47314 -0.833024 0.0589382 0.458648 0.968843 0.148544 -0.504048 0.34901 -0.0606916 -0.918188 -0.723819 -0.323437 0.552583 -1.32408 0.12023 0.12023 
0.978275 0.978275 -0.877603 -1.96592 -0.910956 -0.205509 1.81422 1.40199 -1.26682 -1.23452 0.653402 -0.358413 -0.603771 0.660011 -0.576023 -0.0851044 0.566256 0.745804 -0.568065 -0.0255486 1.4703 -0.678685 -1.61647 -1.22415 -0.00613783 0.740808 1.25448 0.469935 0.469935 
0.0415443 0.0415443 -0.255358 -0.536804 -0.303103 -0.765789 -0.849374 0.572171 2.63519 3.2956 0.0586174 -2.24941 -1.10952 -0.689606 -0.45824 0.425851 0.423637 0.307453 0.50367 0.0934757 -0.421354 -0.119953 0.252958 -0.0362223 -0.196272 -0.114613 -0.23937 -0.153361 -0.153361 
-0.117757 -0.117757 -0.361207 -0.318074 0.108427 0.493327 0.099546 -0.654807 -0.47096 0.211684 -0.731393 -3.12464 -1.54869 2.27416 1.7851 0.526574 1.03962 0.822248 0.0404445 -0.800367 -0.708622 -0.0731425 0.0519694 0.89792 0.891963 -0.711748 -0.316215 0.406196 0.406196 
0.174031 0.174031 1.24814 0.813981 -1.6528 -1.89066 -0.229046 0.784141 0.325534 -0.803072 0.790458 1.61626 -0.819643 -0.47832 0.592814 -0.560795 -0.159864 0.219195 -1.64802 -1.15877 1.14804 1.09706 0.215146 -0.621894 -1.55169 -0.696789 1.23043 0.921047 0.921047 
-0.404729 -0.404729 -0.207956 0.169253 -0.645118 -1.00654 -0.0663888 0.976432 -0.255213 -1.87229 0.882124 3.60245 0.470313 -2.0459 -0.147297 0.92684 0.88232 0.0795227 -0.955175 -0.513627 0.171416 0.604408 0.0820806 -0.339438 0.23944 0.0573271 -0.246116 -0.0167047 -0.0167047 
0.446952 0.446952 -0.978687 -2.05796 0.861913 2.18951 0.249222 -0.831861 -0.718085 -1.046 -0.0844496 2.16621 0.471025 -1.29831 -0.230646 0.409002 1.09706 -0.151553 -1.41807 0.401798 1.10857 -0.718052 -0.608678 0.890948 0.807827 0.0261469 -0.631468 -0.399659 -0.399659 
-0.363005 -0.363005 0.0621023 1.33382 -0.421382 -0.893377 2.10723 1.26335 -1.39212 -1.88099 -1.21727 0.0627406 1.50268 1.45253 -0.644417 -1.19809 0.706642 1.13111 -0.128752 0.0568391 0.300549 0.579833 0.490325 -0.808853 0.0950979 0.699047 -0.904008 -0.814318 -0.814318 
0.00525378 0.00525378 -0.502875 -0.591995 -0.262027 0.593162 2.04045 1.06218 -1.6862 -2.48972 -0.30716 1.28547 1.44817 0.999344 -1.11774 -1.18761 1.17507 0.601983 -1.10232 -0.187111 0.0159753 -0.343671 -0.0570316 -0.174012 0.951528 0.847449 -0.465145 -0.278329 -0.278329 
0.727307 0.727307 0.795495 -0.776034 -1.6165 0.235174 1.80588 -0.41386 -1.45228 -0.341634 0.0877787 1.28029 0.946789 -0.770185 -1.14899 0.404817 1.90825 0.298468 -0.981339 -0.399386 -0.167929 0.515039 -0.524771 -1.68439 1.16875 1.32065 -0.942657 -0.501026 -0.501026 
0.0664772 0.0664772 1.3695 1.29678 -0.59721 -1.0093 -0.448928 -0.297575 -0.767004 0.273896 1.4397 -0.592529 -1.80917 0.266177 0.587626 -0.757342 0.472831 0.711862 -0.739117 -0.705599 0.186892 1.18949 -0.407756 -1.12932 -0.476227 -2.04793 0.329271 1.76401 1.76401 
0.880505 0.880505 0.51643 -1.27452 0.80072 2.26437 0.182592 -1.04706 -1.08624 0.363738 1.20686 -0.447913 -2.46208 -1.14308 0.875024 -0.202774 -0.235712 -0.0784206 -1.11124 0.169916 1.44423 -0.64394 -0.706592 0.712823 -0.492606 -0.841093 0.426404 0.52457 0.52457 
-0.329225 -0.329225 0.118919 0.954652 1.08998 -0.0102646 -1.84762 -1.20828 -0.721331 0.248375 2.38339 0.720138 -0.387141 1.03816 0.0288158 -0.855169 0.464614 0.392875 -0.593658 -0.6387 0.0788634 1.29057 -0.427213 -1.36675 1.7445 1.03037 -1.44106 -0.7143 -0.7143 
-0.32058 -0.32058 -0.68867 0.197013 1.34902 0.465063 -1.64041 -2.03768 -0.358911 2.05135 1.97565 -0.77718 -1.89699 -0.455863 0.9035 0.76306 0.540038 -0.17267 -0.85195 0.125597 0.267489 -0.731787 -0.3789 0.355931 0.75414 -0.576072 -0.244085 0.85223 0.85223 
-1.02392 -1.02392 -1.66813 0.0549052 1.1167 1.68778 1.02619 -1.74914 -1.486 1.2113 0.593246 -0.669521 0.677491 0.0910727 -0.366414 0.750805 0.566494 -0.5968 -0.381945 1.28124 -0.311969 -1.75253 -0.248236 1.02787 1.23778 0.820857 -0.0856919 -0.389757 -0.389757 
