40
2.39852 1.6406 1.17203 1.07051 0.999434 0.659304 0.700015 0.550399 0.312715 0.545875 0.435928 0.638815 0.922182 1.17051 1.33794 1.2031 0.671794 0.407216 0.119604 0.137156 -0.434707 -1.27833 -1.90727 -1.69352 -1.08444 -0.35905 -0.59235 -0.54378 -0.582164 -0.781394 -0.747368 -1.11749 -1.07364 -0.617724 -0.286075 -0.29775 -0.39898 -0.771158 -1.16331 -1.36314 
0.871527 1.06364 0.850762 0.935023 1.05077 0.950167 0.96667 0.883271 0.815513 0.896835 0.938298 0.81751 0.72168 0.620107 0.691945 0.455453 0.475855 0.634985 0.62633 0.64443 0.616547 0.63158 0.929799 0.974642 -0.895416 -1.37384 -1.23789 -1.02546 -1.21066 -1.42032 -1.13864 -1.11019 -1.3388 -1.32564 -1.15888 -1.18541 -1.30659 -1.35519 -1.16528 -0.815132 
-0.841265 -0.49601 -0.034885 0.276315 -0.0452029 0.889639 1.02791 1.59864 1.92174 1.27448 1.06595 0.772325 0.640098 -0.396201 -0.779565 -1.02452 -0.862593 0.0158011 -0.961398 -1.25949 -1.53178 -1.75609 -2.40104 -2.32635 0.715346 0.163425 -0.178484 0.567044 0.0675678 -0.748425 0.533934 0.471268 -0.0168836 0.250245 0.632642 0.852016 0.626714 0.727411 0.592883 -0.0232131 
0.809231 0.775701 0.953004 0.95306 0.994231 1.07368 0.851211 0.724216 0.838856 0.763405 0.695414 0.831702 0.954267 0.894519 0.893859 0.956433 0.983319 0.850914 0.843793 0.85422 0.904652 0.361085 0.113131 0.0340314 -0.9987 -1.11492 -1.13402 -1.09589 -1.19793 -1.24867 -1.19984 -1.11208 -0.9383 -1.2474 -1.18687 -1.3606 -1.28773 -1.39459 -1.1803 -1.21008 
0.0129123 -0.43057 -0.369509 -0.900569 -0.570851 -0.727203 -0.995612 -0.547869 -0.347102 -0.339315 -0.543201 -1.69149 -1.75019 -1.44268 -1.49961 -0.968249 -0.742102 -1.26233 -0.744964 -0.185588 0.667465 0.201804 -0.00831942 -0.0464999 -0.269338 0.711733 0.84907 1.10043 1.58498 1.25331 1.51948 0.809573 2.10248 1.40494 1.55062 0.938965 -0.0980775 0.677463 1.03192 0.0640824 
-0.231865 0.837645 1.44613 1.65904 1.34267 0.801416 1.30669 1.03788 1.29967 1.32432 1.32865 1.19824 0.615652 -0.23434 -0.148111 -0.349517 -0.275688 1.05165 0.382914 0.0709859 0.473476 0.280814 0.00995619 -0.0703987 -1.01261 -1.5922 -1.6191 -1.27183 -1.27328 -1.47313 -0.962779 -0.967121 -0.506893 -1.6691 -0.397958 -1.11046 -1.15333 -0.138067 -0.192995 0.182976 
-2.26033 -1.88277 0.0906229 1.13857 0.906466 0.259586 0.418049 0.774916 0.538219 -0.315542 0.0873705 0.597833 1.0161 -0.0342712 -0.907391 -1.48675 -1.02509 -0.870618 -0.767087 -0.69839 -0.325387 0.881186 2.05535 1.52653 2.17755 0.815118 -0.737112 0.624302 0.862124 -0.757405 0.173738 -0.160311 1.02719 0.202944 -0.258059 -0.727735 -0.545604 -0.343921 -0.667208 -1.40277 
0.386582 -0.368204 -0.268744 -1.11722 -1.36586 -1.73632 -1.45173 -1.16375 0.425477 1.33633 1.6921 0.400611 -1.02625 -1.05895 1.01538 -0.623494 -0.162748 -1.12019 0.745862 0.205886 1.42452 1.28104 1.58171 1.86984 -0.666995 -0.132157 -0.40701 0.835078 0.203647 -1.11888 1.21251 -0.386446 0.790834 -0.788094 -0.93298 -0.683255 0.211591 -0.622555 0.337556 1.24529 
0.571551 1.45607 0.738923 0.0403391 -0.743791 0.541869 0.741811 1.34519 0.519864 0.446111 0.364887 1.27431 0.704195 0.125004 0.435017 0.0460871 0.10702 0.727501 -0.803733 -0.787222 0.131486 0.636756 -0.360833 -0.186583 -1.70741 -0.552316 0.82637 1.53357 -1.06716 -0.816455 -0.244051 -1.71098 -0.582635 -2.31855 -2.38683 -0.331271 -0.100853 -0.1832 2.13222 -0.562282 
-0.726851 -0.726207 -0.856778 -1.51637 -1.38878 -1.43931 -0.712709 -0.358893 -0.642392 -1.24675 -0.779144 -0.363968 -0.371222 -0.610959 -0.592618 -0.094565 -0.452278 -0.429217 -1.03417 -0.67825 -0.274753 -0.0540285 -0.533914 -0.300508 1.26307 0.286106 0.156885 1.07037 0.59437 0.177823 0.531659 0.289571 0.897859 0.4866 0.804539 1.49641 1.91934 2.14251 2.38654 1.68097 
-1.04873 -0.387948 -0.109083 1.20592 0.719076 0.993469 -0.446433 -1.216 -1.18259 -0.234779 0.971552 1.66799 1.43735 0.64757 1.47787 1.54399 1.19947 0.531097 1.15778 0.828714 0.849944 0.845887 -0.0172838 1.17895 0.222173 -0.852217 -1.38931 -0.161451 -0.676624 -1.32208 -0.804612 -1.28334 -0.918016 -1.71231 -1.22517 -1.06685 -0.598155 -0.130169 -0.469673 -0.225959 
-0.718653 -1.30431 -1.3727 -1.05122 -0.600898 -0.278525 -0.982845 -1.89544 -1.71041 0.240906 -0.0841284 0.684739 0.12066 0.600461 0.524986 1.17456 0.515044 0.00400736 -0.13216 -0.996034 -0.726801 0.565001 0.70733 0.852638 1.76615 0.148871 -0.629986 -1.43377 1.05121 0.713308 2.57803 -0.701477 0.110768 -0.362023 -0.47544 -0.633663 1.20464 0.728054 1.6868 0.112315 
0.778917 0.559726 -0.802741 -1.1414 -0.75448 -0.908758 -0.797928 -0.995409 -1.7882 -1.59782 -2.25256 -1.17651 -1.80378 -0.74864 0.0963591 0.45495 1.20281 1.60911 1.37192 0.613648 -0.161797 -0.154273 0.236684 -0.611466 0.835825 0.696928 0.323199 -0.125197 1.33666 0.228939 0.987431 0.92355 1.09216 1.10749 -0.212567 -0.370406 -0.595454 0.755493 0.889736 0.897866 
-1.67455 -1.67455 -0.59362 0.0609437 -0.331992 -0.147906 0.16582 -0.292621 0.337705 0.548054 0.498204 1.14589 1.22071 1.0298 0.398821 -0.751806 -0.965443 -0.564151 -0.0995601 -0.567644 -1.98576 -2.07976 -0.338549 1.70014 2.54267 1.15549 0.0409565 0.361929 -0.0461292 0.07311 -0.208309 -0.192119 1.16814 1.64206 0.872066 0.159234 -0.434418 -0.913483 -0.629685 -0.629685 
0.124254 0.124254 -0.0846724 0.551927 0.193815 0.00156396 0.0348899 -0.128337 0.190756 0.402335 0.0108146 -0.255145 -0.217923 0.106878 -0.154485 -0.254123 0.512263 0.455974 0.182776 0.145527 0.139588 0.771301 0.829046 -3.37127 -4.38492 -0.498955 0.839349 0.217243 -0.600439 0.303994 0.765248 -0.22327 -0.25288 0.513011 0.436136 -0.121655 -0.164422 0.438209 1.21067 1.21067 
0.780645 0.780645 0.74554 -0.0612151 0.581641 1.0556 0.680268 0.870784 -0.384731 -0.932737 -0.568203 -0.48955 -1.25511 -1.51398 -0.698257 -0.136165 1.02179 -0.152429 -1.36517 -0.638532 -0.562471 -0.946628 -0.638408 3.16183 2.5159 -0.971948 0.365475 0.203053 -1.40658 0.430155 1.20669 -0.618367 -0.278412 0.618958 0.569732 -0.0566906 -0.179023 -0.0854524 -0.82433 -0.82433 
0.743282 0.743282 0.849539 0.41887 0.67003 -0.164012 -0.817114 0.249358 0.412422 -0.165351 0.50451 1.10735 0.487172 0.0973381 0.484316 0.57146 -0.0453767 -0.152962 0.298903 0.480979 -1.27164 -2.21561 -0.746222 -3.22895 -3.34639 -0.139654 0.34866 0.0862454 -0.194889 0.282399 0.720559 1.11587 -0.139672 -0.497928 -0.0696556 -0.0306488 0.180907 0.628319 0.872154 0.872154 
-0.57791 -0.57791 -0.705922 -0.313226 0.234486 -0.639797 0.243209 0.929005 0.285921 -0.305562 -1.9954 -1.78319 0.344765 0.347355 0.674547 1.08833 -0.448784 -0.0231069 1.55495 2.04563 0.547329 -1.00672 -0.381871 -0.400456 1.08939 1.61586 0.54924 1.05676 0.204542 -0.114674 -0.667541 0.833257 0.851324 -0.82559 -0.70004 -2.42882 -0.401161 1.63279 -0.915504 -0.915504 
2.18331 2.18331 1.0453 -0.183388 -1.18531 -0.0937526 0.268203 -0.0552658 0.334606 -0.00744158 -0.213449 -0.99317 -1.94915 -1.06061 -0.198956 -0.215431 1.81553 0.829025 -1.34877 0.0743712 0.23282 -0.661737 -0.512535 -1.40445 -2.06768 -0.851667 0.379679 0.413487 -0.313379 0.366561 0.626302 0.559713 -0.978535 0.0987808 0.696223 -1.04947 1.2459 1.22989 0.380569 0.380569 
1.818 1.818 2.35564 0.586834 -0.772416 -0.459184 0.345822 0.0289036 -0.942021 -0.429054 0.665054 0.677369 -0.574421 -1.61011 -1.23236 -0.161866 0.426668 0.139443 0.0706536 0.286771 1.19935 1.84188 0.450093 0.0305247 -0.638026 -2.40503 -0.220507 1.21512 -1.1756 -0.619559 0.411397 0.616994 0.223858 -1.09824 -0.813878 -0.298084 0.240346 -0.164999 -0.916672 -0.916672 
-0.570549 -0.570549 -0.644306 -0.918345 -0.542033 -0.122252 0.396095 1.42315 1.9135 0.942481 -0.791282 -2.19464 -1.20367 1.55258 0.288155 -0.982115 -0.445671 0.660637 0.989281 0.479613 0.791746 0.0690861 0.408868 -1.82491 -1.63069 0.150016 0.706788 0.426077 -1.59288 0.739561 0.521946 -0.386613 -0.370844 -1.4117 0.0278786 0.846393 -0.00686769 0.0445106 1.41578 1.41578 
0.149097 0.149097 -1.13296 -1.18721 0.419712 1.21665 0.664114 -0.166188 -0.714558 -0.111955 0.684261 0.288338 -0.917201 -0.204439 -0.0503575 -0.252072 0.565389 -0.724011 -1.21313 0.770931 1.16675 -0.385147 -0.653221 -1.07696 -0.282632 2.06551 1.70279 -1.5199 -1.88959 0.68014 -0.710867 -0.260646 -0.478482 -1.44756 1.62293 1.86483 0.133466 1.82198 -0.293443 -0.293443 
-0.399667 -0.399667 -1.44201 -1.03444 -0.0728844 0.872798 1.51116 -0.0835318 -1.59625 -0.410442 1.19915 0.449461 -0.58448 -0.544074 0.620709 0.0270162 -0.722875 -1.11321 -0.587706 1.00438 0.790942 -0.603693 -0.583674 2.64244 0.73157 -1.94093 1.04361 0.496132 -1.60365 -0.293549 -0.0181232 0.383591 0.116513 -0.341873 1.3997 1.56545 0.825477 0.543043 -0.923201 -0.923201 
0.932405 0.932405 1.61016 0.816902 -0.261142 -1.24848 -2.32999 -0.803692 0.975466 2.19059 1.93016 0.441501 -1.09817 0.000935475 0.887616 -0.329469 -1.09038 -0.084238 0.267275 -0.359953 -0.0232569 -0.939472 0.303995 0.207022 -2.14528 -1.7105 0.674567 0.697278 -1.24343 -0.173641 -0.000912271 -0.158531 -0.485451 -0.359254 0.627634 0.608526 0.929325 0.0920555 -0.140284 -0.140284 
-0.605449 -0.605449 0.159644 0.597134 0.597883 -0.375955 -1.41754 -0.667453 1.74801 1.31781 0.320519 0.118905 -0.124897 0.287199 0.430386 -0.0622009 -1.04107 -0.599676 -0.897264 -0.555344 1.26278 1.15575 0.188781 0.839211 -0.647382 -2.07475 -1.38864 1.36413 1.75706 1.23392 -1.24706 -2.13474 0.232485 -0.548231 -0.282921 1.36318 1.09467 0.352843 -0.573138 -0.573138 
-1.65863 -1.65863 -1.78591 0.07779 0.274223 -0.0199105 -0.0659367 -1.0286 -0.615399 -0.46833 0.475219 0.504484 0.482199 2.05067 1.30861 1.20512 1.25595 0.20654 -1.03413 -1.60755 -0.79172 0.450894 -0.46069 0.664665 1.42026 -0.519745 -0.849467 1.10606 0.403652 -0.345677 0.766372 0.137943 0.222334 -1.3636 -1.54808 -0.381529 1.22584 1.60861 0.178051 0.178051 
0.784368 0.784368 1.30059 0.138225 -0.232819 0.324493 -0.18224 0.0674492 0.594894 0.0584693 0.403374 0.5017 -0.159662 -0.716297 -1.47318 -1.14404 0.0798861 0.614774 -0.0708641 -1.55567 -1.26065 1.23098 2.91293 2.20418 -0.497656 -2.0411 -0.693953 -0.13679 -0.295888 -0.196013 -0.277284 1.01744 1.37842 -0.30161 -1.23754 -1.09847 -0.914112 -0.222107 0.15571 0.15571 
-0.178205 -0.178205 0.230849 0.134988 -0.3976 -0.146076 -0.127427 0.0561964 0.297033 -0.15958 -0.466429 -0.190935 0.188665 -0.00319378 -0.275922 0.38447 0.412324 -0.255673 -0.243438 -0.0717081 0.358141 0.399063 -2.70581 -3.39425 1.80168 3.31296 0.416245 -0.96911 0.0117861 0.833582 -0.382757 -0.698168 0.429149 0.398778 -0.451769 -0.429853 0.31579 0.839624 0.452397 0.452397 
0.0430225 0.0430225 -0.495147 -0.0428935 0.811444 0.132232 -0.056847 -0.643999 -1.13665 -0.0559508 0.362081 -0.391779 -0.616938 0.437903 0.985554 1.21385 0.0555903 -1.52585 -0.25783 0.601901 -0.139084 0.0157844 2.80711 2.17061 -2.69112 -1.36806 0.850259 -1.11566 0.217935 1.8097 -0.633008 -0.924242 0.891834 0.632219 -0.384272 -0.433039 0.0472535 -0.364031 -0.42645 -0.42645 
0.0757661 0.0757661 -0.282569 -0.162003 -0.497628 -1.25001 0.331299 1.01038 -0.3577 0.0639778 1.0463 -0.0270694 -0.85302 -0.0150206 0.381847 -0.453371 -0.615395 0.273812 0.514823 -1.31941 -2.25633 0.424528 -0.85578 -2.1761 2.55778 3.0618 0.175314 -0.4649 0.150565 0.749049 0.680838 -0.728394 -1.35539 0.0456134 0.376154 0.195835 0.535646 0.562505 0.190238 0.190238 
-0.0283248 -0.0283248 0.223185 0.655967 -0.155496 0.0592501 1.05843 0.0810197 -0.73704 -1.40745 -0.892713 1.55247 1.41821 0.26488 0.528234 -0.665797 -0.658177 1.337 1.37863 -0.59169 -1.90127 -0.541462 0.441958 0.995961 1.34505 -0.292286 -0.304419 -0.167105 -0.696608 -0.50488 0.660785 1.02645 -1.00878 -0.939939 -0.973161 0.245086 2.65501 -0.275758 -1.57845 -1.57845 
-0.75165 -0.75165 -1.67687 -1.57439 0.172783 1.1998 0.134267 0.155288 0.141298 -0.307405 -0.636978 -1.20172 0.0544995 1.4232 0.741719 1.62222 0.891773 -2.27747 -0.462976 1.29624 -0.449011 -0.455974 -0.453982 -1.06576 0.521534 1.94818 1.05796 -0.416594 0.0699505 0.812877 0.250732 -1.10317 -0.241801 1.3664 -0.75936 0.519201 1.82167 -0.546319 -0.534258 -0.534258 
0.486385 0.486385 -0.779299 -2.13664 -0.646817 0.901833 0.450924 -0.819857 -0.226026 1.25163 0.89338 -0.785247 -1.53516 -0.369127 1.13798 1.2888 0.317273 -0.15308 0.207091 0.909316 1.21444 -0.434467 -1.19446 -0.676943 -1.64111 0.400428 2.69209 -0.581758 -1.21115 1.23726 0.986495 -0.0325258 -1.12568 -0.640891 0.674229 0.856028 0.196899 -0.726244 -0.436196 -0.436196 
-0.132773 -0.132773 -0.30982 -0.0190471 0.429206 0.52097 0.913308 0.895217 -0.395666 -1.83258 -2.1119 -0.351553 2.33582 0.878696 -1.7227 -0.559221 0.976202 0.841949 -0.202074 -0.212742 -0.350349 -0.332485 -1.30877 -1.40281 1.19081 1.42504 0.0932313 -1.57086 0.117409 1.28119 -0.812703 -0.661922 -0.747394 0.172479 1.37375 -0.10757 -0.60319 0.834001 0.800807 0.800807 
-0.686707 -0.686707 -0.718409 0.970007 1.46747 0.205409 -0.745606 -0.74317 0.0942679 0.880088 0.296516 -0.873375 -0.225423 0.569183 0.0347333 0.422434 -0.213245 -0.976853 0.936265 1.45345 -0.613078 -1.00108 -0.341747 0.279156 1.89914 1.22292 -2.03286 -2.03693 1.34835 0.751458 -0.487255 0.198385 -0.631098 1.29071 1.99844 -0.807919 0.0375323 -0.186928 -1.17375 -1.17375 
-0.557868 -0.557868 -0.319396 0.853091 1.16794 0.978839 -0.507541 -1.76614 -0.139265 1.68761 0.555142 -0.991596 -0.52931 0.757171 0.386157 -0.734124 -0.615138 0.131098 1.29102 0.858662 -0.88888 -0.752282 1.95133 0.821564 -2.62974 0.234585 1.47795 -1.49691 -0.410034 0.979706 0.448208 0.130787 -0.372461 0.802805 1.16799 -0.283967 -0.546201 -0.971146 -0.805894 -0.805894 
0.470005 0.470005 -0.0476393 -1.1934 -1.32005 -1.32231 0.317986 2.18474 1.98167 0.65073 -1.11365 -1.94843 -0.259762 1.32357 -0.187875 -1.26302 0.18776 0.913679 -0.152187 -0.161856 -0.350437 0.241284 0.775888 -1.57056 -1.22356 1.86785 1.59895 -1.22387 -0.540592 0.838547 0.0375931 -0.288457 -0.10325 0.754086 0.659266 0.224604 -0.309294 -0.670249 -0.123882 -0.123882 
0.467281 0.467281 0.733641 0.268281 -0.590986 -1.2256 -0.176009 1.92876 1.21017 -0.86764 -0.728472 -0.26972 0.103928 0.339541 -0.211262 -0.894412 -0.325769 0.0890222 0.0284562 1.31658 1.04324 -0.652425 -0.191255 -0.507621 -1.77266 -0.449837 2.09518 1.91668 -0.0778067 -1.82755 -2.0495 0.902268 0.967387 -0.312332 1.1652 0.840195 -0.613667 -1.01396 -0.562305 -0.562305 
-0.135329 -0.135329 1.26456 1.50771 -0.113112 -0.295232 -0.797389 -0.452447 0.381113 0.779476 0.690989 -0.0344835 1.12167 0.581019 -0.67485 -0.0792828 -0.789793 -1.75988 -1.40236 0.142354 1.50645 0.208922 0.120845 1.37312 -0.929378 -1.7446 1.18147 0.901536 -1.13018 0.232725 0.323537 -0.448372 -1.16759 -1.36955 0.69794 2.04387 1.45514 -0.826758 -1.11427 -1.11427 
