35
1.14997 1.13401 1.18301 1.20687 1.42029 1.44016 1.48161 1.48641 1.50381 1.25616 0.77181 -0.111451 -0.925384 -1.59577 -0.814782 -0.368436 -0.00801616 0.576673 0.387854 0.165885 -0.0563404 -0.23147 -0.335092 -0.455136 -0.49003 -0.552203 -0.795957 -0.687307 -0.776585 -0.780951 -1.25919 -1.24802 -1.21046 -1.23885 -1.22309 
1.01235 1.26598 1.25656 1.2467 1.17394 1.23789 1.1741 1.158 1.06967 1.06411 1.13666 0.944137 1.0814 0.802764 0.488726 0.307719 -0.00580151 -0.459822 -0.858204 -1.02524 -0.96676 -0.960867 -1.02113 -1.1856 -1.13545 -1.13033 -1.1011 -1.0545 -1.11384 -0.890997 -1.02549 -0.843912 -0.719162 -0.640515 -0.281995 
-0.506166 -1.10002 -1.07088 -1.00371 -1.11302 -1.29081 -1.23861 -1.40512 -1.36511 -1.01381 -0.657577 -0.279343 -0.324405 -0.552567 -1.63209 -0.776286 -0.507931 -0.228524 0.47004 0.725017 0.749031 0.469635 0.675406 1.01062 0.740589 0.807303 1.11601 1.09949 0.774752 1.49434 1.23347 1.2795 1.02572 1.14865 1.2464 
0.853441 1.07512 1.2478 1.34122 1.34287 1.37309 1.46236 1.52967 1.54829 1.49729 1.05974 0.925157 0.656213 0.282742 -0.408954 -0.611548 -0.615837 -0.696721 -0.478844 -0.561728 -0.65899 -0.479486 -0.671809 -0.733985 -0.746194 -0.974126 -0.657368 -0.896916 -1.06242 -0.925159 -1.15268 -1.05763 -1.05104 -1.02312 -0.730444 
0.290292 -0.705188 -1.26932 -1.22893 -1.37259 -1.54452 -1.53038 -1.27079 -0.841079 -0.32671 0.649398 0.616629 -0.0820042 -0.530275 1.04299 0.255317 0.787892 -0.000589818 0.464861 0.49151 -0.358165 0.924868 1.00802 1.12755 0.375952 1.03028 1.67296 0.542022 1.8199 1.15114 0.908426 -0.713817 -0.671929 -0.994273 -1.71944 
-0.802636 -1.32606 -1.34615 -1.8294 -0.686194 -0.136612 0.18395 0.344877 0.0461331 -0.589878 -0.535032 0.847907 0.876206 0.636047 2.44731 2.35656 1.33514 -0.210167 -0.042676 -0.63524 -0.407326 0.208454 -0.490406 -0.470543 -1.20376 -1.00541 -0.771476 -1.00829 -0.00895029 0.189212 0.304075 0.645985 0.228965 1.23259 1.6228 
-0.699045 -0.166956 -0.448715 -0.581539 -0.739783 -0.679321 -1.00626 -1.22526 -1.4288 -1.64596 -1.72515 -1.94609 -0.792791 0.39647 -1.18459 -0.774149 0.08926 0.128492 0.459428 0.763917 0.192243 1.06303 0.869183 0.550006 1.26268 1.00082 0.696415 1.07901 1.00393 0.96185 1.66763 1.21285 1.0873 0.670893 -0.111006 
-0.869519 -0.847938 0.0107838 0.479874 -0.337257 -0.296058 0.00215921 0.12075 1.08243 2.03567 2.20338 1.23384 1.17834 0.126391 1.66613 1.04634 0.878108 -1.94035 -0.767178 0.379644 -1.87504 -1.4813 -0.599511 -1.14672 -0.336768 -1.22311 0.0214863 -0.22712 -0.118597 -0.127804 -0.726145 0.443159 0.159294 -0.126615 -0.0207598 
0.34719 0.735831 0.867176 1.18099 1.05647 1.11895 1.04636 1.00113 0.97556 1.61385 1.06357 0.823241 0.556504 0.640902 1.60669 0.818784 0.29524 -0.213062 -1.12752 -0.322983 -1.13575 -0.426604 -1.20861 -1.28515 -0.868321 -0.218838 -0.781227 -0.241816 -1.00555 -1.25175 -1.71729 -0.490549 -0.917493 -1.25264 -1.28327 
-0.361701 -0.550025 -0.522764 -0.74292 -0.753723 -0.886035 -1.18379 -1.40718 -1.83859 -2.09033 -1.88457 -1.28648 -0.975053 0.0281181 0.233167 0.345904 0.684229 1.11041 0.911737 0.737857 0.318893 0.222519 -0.00126199 -0.124194 0.520993 1.02267 0.534025 0.578368 0.337089 0.98674 1.01011 1.15169 1.62126 0.858089 1.39476 
0.572724 0.0390752 -0.849937 -0.874753 -0.301404 -0.251627 0.418276 1.04955 0.855389 0.404616 1.57364 2.1297 0.526362 0.898552 -0.405741 -2.62656 -2.00666 -1.00019 -1.36466 -0.43139 -1.04817 -0.810879 0.869413 -0.537875 0.412158 1.25137 0.247302 0.275265 -0.0818698 -0.0181451 -0.479744 -0.84583 0.621036 0.844189 0.946809 
-1.84329 -1.47721 -0.685137 -0.903161 -0.521372 -0.908598 -1.01084 -0.789175 0.349519 0.852742 1.15537 1.70314 1.1892 1.94144 -1.12506 -0.930095 -0.622787 -0.377896 -0.973215 -0.607665 -1.34027 -0.498689 1.24228 0.384269 0.774874 1.44488 0.371146 0.575322 0.604891 1.54031 0.527832 0.105221 0.0583711 0.214002 -0.420349 
0.349771 1.27454 1.24105 2.03476 1.00228 0.765773 0.630308 0.756583 0.247248 -0.502618 -1.03944 0.444405 -1.24792 0.583593 2.10702 0.878058 -0.0932071 -0.681739 -0.552493 -1.38502 -0.214855 -0.389711 -0.0215504 -1.41522 -1.7803 -0.265054 -0.0451655 -0.251058 -0.245809 -1.48426 -1.08527 0.0804185 1.19631 0.511532 -1.40296 
0.28884 0.28884 0.357288 0.639903 0.633051 0.337452 0.31155 0.270238 -0.163679 -1.02611 -2.11859 -2.68507 -2.31917 0.422165 2.34159 1.61873 1.85651 0.912485 -0.473998 -0.531418 -0.450909 -0.247054 -0.152373 -0.034244 0.065225 -0.293763 -0.000154275 0.265359 0.0711092 -0.597439 -0.570735 0.315817 0.247823 0.21036 0.21036 
1.04108 1.04108 0.173524 -0.0350055 0.208027 0.237541 -0.0260347 -0.106831 -0.0721164 0.457579 -0.158017 0.0550691 -0.228463 -1.71439 -1.39294 -1.39124 -2.29014 -2.56955 -1.62465 -0.120415 0.44897 0.0579864 -0.502921 -0.139371 0.41899 0.350103 0.486679 0.195056 0.775349 0.527924 0.39204 1.2456 0.906704 1.6764 1.6764 
-1.3494 -1.3494 -0.0165074 -0.295675 -0.78961 -0.463947 -0.441208 -0.465787 0.57835 1.21599 1.27031 0.461119 -0.761641 -2.84756 -0.661817 2.05609 0.893827 1.76132 1.71205 0.351867 -0.725664 -0.35916 0.880156 -0.0792643 -0.620672 0.546302 0.378472 -0.898819 0.585495 0.714281 -0.64392 -0.62963 -0.474543 0.234301 0.234301 
1.40761 1.40761 1.03081 0.52837 0.342683 0.600104 0.709067 0.501514 0.153933 -1.18622 -1.43176 -0.936447 -1.63825 -2.88022 -2.37821 -0.35873 -0.0011652 0.65152 0.645646 -0.280177 0.490674 0.211398 -0.498617 0.0305267 -0.456437 0.510015 0.47589 -0.940913 0.166086 -0.0161002 -0.140123 0.547647 0.350436 1.19092 1.19092 
-1.56628 -1.56628 -0.423246 0.040724 -0.193573 -0.0194486 0.45672 0.915277 1.19641 1.79933 1.19559 -0.652391 -1.11087 1.39604 1.02153 -0.12682 -0.127708 -0.201776 0.697675 -0.753493 0.632856 1.66218 0.378318 -0.542781 0.0473371 1.58584 -0.384095 0.31681 0.826801 -0.851086 -1.90321 -1.58916 -0.154798 -1.0012 -1.0012 
-0.71357 -0.71357 -0.673204 0.49559 1.53331 0.706777 0.316282 -0.305956 -1.10667 -0.751403 1.2771 1.25043 -0.38035 1.41106 1.56117 -1.28493 -2.74636 -1.55182 -0.594572 -0.533862 0.680202 -0.25096 -0.849697 -0.884222 -0.704882 0.266848 -0.170385 0.598649 1.03569 0.147021 0.291449 -0.242952 0.421897 1.23294 1.23294 
0.326846 0.326846 -0.591393 -0.420819 -0.153894 -0.386855 -0.772795 -0.602385 -0.599842 -0.428109 -0.433333 1.26872 3.2162 -0.55993 -1.63547 1.74032 1.22768 0.492342 0.85866 -0.387837 0.394211 0.915993 -0.727334 0.52456 0.60371 -0.800865 0.0891327 0.405823 -0.180659 0.897707 0.32777 -0.82029 -0.767294 -1.67371 -1.67371 
0.738744 0.738744 1.14416 -0.374073 -0.761721 0.248728 0.318841 0.919902 1.67606 0.956758 -0.785183 -0.987394 -1.06206 0.383144 0.77466 -0.772674 -2.76455 -1.54931 2.04303 -1.06243 -1.74469 1.0968 0.244346 0.179266 -0.127969 0.265794 0.843546 -0.185674 0.0312103 -0.609174 0.458497 0.743397 -0.574952 -0.221886 -0.221886 
0.987176 0.987176 0.867837 0.459769 0.0589317 0.141759 -0.0300277 0.0449605 1.13507 0.298245 -1.10302 -0.650822 -0.132925 1.83276 0.441572 -1.93368 -1.48776 -2.11122 -0.0174302 0.144752 -0.00738237 0.041682 -1.21138 0.700589 1.85849 0.296778 0.12123 -0.199879 -1.45281 -0.977243 1.37188 1.43343 -1.05754 -0.425481 -0.425481 
-0.424379 -0.424379 -0.480571 -0.547764 -0.392695 -0.899248 -1.06002 -1.29595 -1.34599 -0.221228 1.27893 1.46548 2.18055 1.99276 0.420913 0.65618 1.20949 0.26155 -0.79772 -1.18658 -1.04976 -0.705218 -0.752099 0.781854 1.88446 -0.117057 -0.924377 -0.487705 0.58082 1.04799 0.151121 0.938781 -0.658346 -0.539889 -0.539889 
-1.20642 -1.20642 -0.77564 0.462397 0.525548 0.607291 1.09958 0.36807 -0.547991 0.606085 1.45847 -0.888621 -1.04428 -0.791111 -2.98635 -1.35733 1.37489 0.541523 0.479557 0.265957 -0.323267 1.62143 0.229134 -0.389104 1.51279 -0.141558 -0.828363 -0.280669 -0.250392 -0.338831 -0.70271 0.92993 1.42878 0.273809 0.273809 
1.00913 1.00913 0.447638 0.0532336 -0.109419 -0.57472 0.010608 1.20352 1.47417 0.67047 0.71329 -0.0716759 0.124887 -2.32888 -2.86458 0.378641 0.426632 -0.441057 -0.325068 -0.457043 0.000566055 2.3784 0.744589 -0.553511 0.915367 -0.492293 -0.940094 0.120504 0.823443 -0.178269 -1.48373 -0.555482 0.00037746 -0.564383 -0.564383 
0.75943 0.75943 0.661077 -0.0886223 -0.86176 -0.188584 0.0836678 -0.196906 -0.854413 -0.875043 0.801265 -0.0658877 0.195019 2.6083 0.311548 -1.56061 -1.08 -0.254111 -0.437215 0.343948 0.837498 0.235631 -0.679036 -1.22931 0.953714 1.39271 0.101067 -0.0600104 -0.8349 -0.539417 1.26479 1.8028 0.414097 -1.86008 -1.86008 
0.0575356 0.0575356 0.283226 0.223092 -0.238656 -0.253869 -0.0508018 -0.376632 -1.03236 -1.55827 -1.32194 -0.157306 2.48424 3.72486 0.958424 -0.3845 -0.561118 -1.85822 -1.15019 0.0213125 0.229961 0.241278 0.172819 0.176643 -0.204372 -0.0493362 0.449376 0.0597836 -0.686136 -0.509688 0.73218 0.656556 -0.0813408 -0.0270424 -0.0270424 
-1.04086 -1.04086 -1.28174 0.00114846 0.276126 -0.309083 -0.436509 -0.0919383 0.613271 -0.137935 -0.503666 -0.120083 -2.0827 -1.38385 0.334584 -1.07511 -1.39984 0.730028 2.79041 2.35664 0.167374 -1.13828 -0.266684 1.02624 0.526709 0.0394843 -0.21781 0.29475 0.345807 -0.481486 0.790312 0.555807 0.458934 0.850406 0.850406 
0.789762 0.789762 0.603559 -0.614924 -0.211507 0.133111 -0.100498 0.580767 1.02247 0.362261 -0.602766 -1.45457 -2.30614 -0.0326883 3.17143 0.938333 -0.295883 0.446482 -1.03936 -1.72521 -0.57352 0.9718 0.0874182 -1.10031 0.317978 0.567152 -1.06316 0.0388124 0.976656 -0.919282 -0.99565 0.0137028 0.476966 0.373524 0.373524 
-0.377611 -0.377611 -0.879975 -0.688889 0.0708573 0.365464 -0.099441 -0.555917 -1.68835 -1.58633 0.24887 -0.207322 -1.94435 -0.740721 2.52025 2.37583 1.00923 0.645849 -0.932425 -0.155814 0.490637 -0.990009 -0.18171 0.041308 0.478551 0.931322 -1.45158 -0.310624 0.92381 -0.307029 0.562798 0.48962 0.642311 0.839494 0.839494 
0.794817 0.794817 1.12938 0.136218 -0.0727836 0.439516 0.644614 0.503975 0.608072 -0.0299819 -1.79727 -1.69253 1.44768 1.50823 -1.12749 -0.85808 -0.0834435 0.565769 -0.427225 -0.0761337 1.71249 -0.212936 -1.61934 -0.268057 1.5055 -0.34049 -0.944462 0.843753 -0.871536 -1.99794 -0.561604 1.23134 0.394568 -0.639718 -0.639718 
-0.0661884 -0.0661884 0.746513 1.44001 0.052589 -0.940498 -0.798443 -1.08368 -0.40399 1.56326 1.29769 -1.24674 0.0174329 1.25575 -1.96887 -3.08942 -0.279835 1.40195 0.613564 0.792137 0.102455 -1.15805 -0.534584 0.00643867 0.706121 0.277398 0.136456 0.744364 -0.408288 -0.611748 -0.365417 -0.00355061 0.931982 0.46969 0.46969 
-0.500553 -0.500553 -0.386983 0.40212 0.133439 -0.301249 -0.0326781 0.225981 0.226861 0.22169 1.2406 2.54075 -1.10672 -3.1195 1.64237 2.01716 -0.720101 -0.134876 -0.475213 -0.198413 0.978938 -0.635918 -0.149797 0.997057 -0.771665 -0.231789 0.914259 -0.0688064 0.43833 0.449346 -1.03305 -0.618287 -0.457396 -0.492681 -0.492681 
0.266381 0.266381 -0.655621 -1.13724 0.398392 0.676383 0.427768 0.844389 0.0425573 -1.47449 -1.16048 -0.147968 0.852481 1.13559 -0.681734 -2.12913 -0.451464 2.93974 0.315851 -2.28004 1.33144 1.22808 -0.537026 -0.205926 0.0727228 0.61016 -0.253994 -0.473143 -0.237009 0.279659 0.841569 -0.607421 -0.566025 0.234587 0.234587 
-0.03416 -0.03416 -0.295867 -0.476401 -0.161574 -0.0146771 -0.0197048 0.789587 0.204815 -1.39298 -0.566291 0.664526 1.63518 0.410818 -2.37316 -1.19497 -0.0714821 0.985345 1.4892 0.0488193 -0.0237267 -0.729783 0.464953 2.01117 -0.216601 -1.07178 -0.276146 -0.967108 -0.456172 1.85394 1.58841 -1.51569 -1.1498 0.447736 0.447736 
-0.0420774 -0.0420774 -0.0971151 0.0759286 -0.283953 -0.542659 -0.32099 -0.230289 0.884258 2.15403 1.38553 0.742471 0.435849 -1.43738 -1.09085 0.649879 -0.319294 -1.64017 -1.18222 -0.202501 0.398238 0.247768 1.22201 2.16356 -0.732351 -2.29678 -0.29965 1.23686 1.26184 -0.348019 -0.0855033 -0.659087 -1.20723 0.100978 0.100978 
0.252387 0.252387 1.10405 0.851158 0.0557219 0.350937 -0.208518 -1.17735 0.119782 1.33633 -1.07219 -1.76564 0.0231262 -1.37994 -0.433466 2.95623 1.2623 -0.659871 -0.23352 -0.59623 0.888504 0.336054 -1.42704 0.839094 0.126338 -1.65447 -0.13965 0.353643 -0.0839646 -0.355111 0.828851 1.42234 -0.495311 -0.83848 -0.83848 
-0.296064 -0.296064 -0.561812 -0.293077 -0.340847 0.16314 1.28044 1.06841 -0.276898 -0.430414 -0.417789 -0.314198 -1.43863 -1.93203 1.90658 2.29988 -0.470044 -0.424227 0.0714946 0.301678 1.99278 0.583586 -1.89325 0.197336 0.123515 -1.16794 0.495167 1.27053 -0.119046 -1.4723 -0.171899 1.08225 0.0762686 -0.298268 -0.298268 
0.0730883 0.0730883 -0.386903 -0.800928 0.0721011 0.713518 0.128328 -0.442141 -0.282648 1.1493 0.629906 -0.238538 1.77423 0.204933 -2.42447 -0.720372 0.93506 0.527825 0.500383 0.915557 0.066975 -0.797061 -0.765403 1.13524 1.74222 -0.389722 -0.757909 -0.440845 -0.160714 1.42173 1.57054 -0.388522 -2.11399 -1.26193 -1.26193 
