22
0.499283 0.717955 0.75908 0.801328 0.772259 0.812035 0.917971 0.993524 0.99257 0.917719 0.87392 0.746403 0.325953 -0.404764 -0.843748 -1.10402 -0.978392 -1.13207 -1.20882 -1.18935 -1.38442 -1.88442 
1.12503 0.829778 0.822989 0.819876 0.688109 0.52525 0.468121 0.447673 0.416087 0.412371 0.388909 0.381978 0.450478 0.280823 0.295562 -0.214902 -0.0277041 -0.435176 -1.40374 -2.33486 -2.20376 -1.73289 
-0.861917 -1.00827 -1.36224 -1.20074 -0.492704 -0.307562 -0.485645 -0.303605 -0.230776 -0.384232 -0.576337 -0.583353 -0.171195 0.759875 0.329035 -0.0687962 -0.376559 0.416446 0.798521 1.59947 2.27501 2.23556 
0.369884 0.668459 1.02865 0.870474 0.708985 0.668394 0.788339 0.711806 0.77589 0.862409 0.917853 0.788217 0.407404 0.109156 -0.459866 -0.609759 -0.938915 -1.11452 -1.57648 -1.51571 -1.90033 -1.56034 
0.745685 0.00948008 -0.923453 -1.04314 -0.913557 -0.377785 -0.535769 -1.15408 -1.38334 -1.34297 -0.876425 -0.403879 0.400933 0.969906 0.875542 1.76175 1.11553 1.14488 0.343826 0.399325 -0.578508 1.76606 
-1.18915 -0.684491 -0.426189 -0.231334 -0.156118 -0.197603 -0.696627 -1.18225 -1.37106 -1.1239 -1.03668 -0.795753 -0.173642 0.192 1.0183 1.88196 1.58075 1.22437 0.244759 0.745216 1.18592 1.19152 
-0.779805 -0.753063 -1.11505 -0.74002 -0.646485 -0.778627 -0.247481 0.273899 0.208997 -0.00562717 -0.320578 -0.340941 -0.578842 -1.06744 -0.380489 0.174792 0.687335 0.181978 0.0105044 1.5872 1.53425 3.09549 
-1.10586 -1.32713 -1.09838 -0.896716 -0.352028 -0.477334 -0.444679 0.18149 0.62684 0.873467 1.50601 1.48437 0.851472 1.24941 0.859419 0.465687 0.697987 0.314419 -1.84069 -1.46234 -0.519559 0.414118 
-0.321558 -0.660705 -0.434982 -0.441394 -0.552691 -0.155886 0.213271 0.20038 0.603034 0.806763 0.427046 0.945896 1.63293 1.88187 0.544547 0.121111 0.66193 -0.171992 0.238719 -1.80019 -2.25494 -1.48316 
-0.314337 -0.00933169 -0.0253773 -0.365383 -0.758573 -0.646906 -0.392877 -0.632765 -0.517098 -0.853777 -0.925037 -1.24123 -1.09331 -0.240453 0.208842 0.388485 0.217044 0.0437659 0.778937 1.87343 2.07883 2.42712 
-0.963244 -0.761592 -0.399743 -0.337761 0.268661 1.10719 0.292223 0.441028 0.454874 0.750084 1.20469 2.14506 1.48 -0.172649 -1.39702 -0.326438 -1.42645 -0.121129 0.985437 -1.23748 -0.902641 -1.0831 
-1.08502 -1.20042 -1.79841 -1.49888 -1.08307 -1.06285 -0.787289 -0.492816 -0.361558 -0.0706277 0.402392 0.725347 1.37753 0.675105 0.297902 0.317657 0.254221 0.641 1.61403 1.12612 1.02205 0.987587 
1.00519 0.927366 1.0473 0.811172 0.231972 -0.381756 0.252556 0.875616 0.858645 0.674512 0.140637 -0.624382 -1.35863 -0.450201 1.13437 1.27109 0.45803 -1.36807 -1.36691 -1.08947 -1.58219 -1.46687 
1.15105 1.15105 0.731041 0.563929 0.558046 0.87945 0.964624 0.710151 0.352086 0.250085 0.124703 -0.771987 -2.20802 -2.25214 -1.13215 0.212007 0.465764 -0.0160175 0.396181 0.114493 -1.12218 -1.12218 
-0.0879011 -0.0879011 0.44844 0.21899 -0.0742933 0.0627384 0.324195 0.371089 0.401807 0.416722 0.41082 0.579656 0.280907 0.182205 -0.443497 -0.126874 0.0622133 -2.05968 -3.02107 -1.00217 1.5718 1.5718 
-1.16599 -1.16599 -0.715343 0.83926 0.873865 -0.423264 -0.427804 -0.0605102 -0.551623 -0.939443 -0.725078 0.159465 1.53267 0.298658 -1.64664 -1.46647 0.276718 1.28653 1.29816 1.72775 0.497537 0.497537 
2.02497 2.02497 0.917769 -0.346832 -0.0618017 0.620425 0.533296 0.397885 0.79314 0.772194 0.248212 -0.809321 -1.21805 -1.67429 -1.31467 -0.733203 -0.795523 -1.11747 -0.544468 -0.356968 0.319868 0.319868 
-1.70336 -1.70336 -1.07642 0.0040548 0.670595 0.378166 -0.795428 -0.867908 -0.198084 0.509478 0.948953 1.29294 1.391 0.476624 0.799223 0.238038 -0.633311 -0.790757 -0.76416 -0.943933 1.38383 1.38383 
0.678925 0.678925 0.27032 0.0288482 -0.28286 -1.04023 -1.626 -1.21686 -0.250386 0.113664 0.105442 0.810911 0.975401 1.2447 1.90155 0.414473 -1.19465 -2.08939 -0.959303 0.913951 0.261284 0.261284 
-0.864364 -0.864364 -0.414154 0.174672 -0.480918 0.0847517 0.929517 0.159045 -0.792338 -1.11556 -0.864451 -0.764854 -1.3701 -0.174616 1.17473 0.949292 -0.421724 -1.30591 1.38543 1.53863 1.51864 1.51864 
-0.176293 -0.176293 0.229031 0.531817 0.218462 -0.272255 0.447936 0.843451 0.47971 0.659115 0.402015 -0.810757 -0.408647 -0.175845 -0.934558 -0.338173 -0.328433 -2.61645 -1.88625 1.08267 1.61488 1.61488 
0.0028645 0.0028645 0.371369 -0.00188195 0.444684 0.976789 0.523048 0.560146 0.800054 -0.0664256 0.282573 1.464 1.16508 -1.07691 -1.82157 0.258485 -0.19613 -0.340227 -1.67476 -2.63326 0.4796 0.4796 
0.0471097 0.0471097 -0.929035 -1.4998 -0.816246 0.163242 -0.368794 -0.578189 -0.724669 -1.00756 -0.976551 -0.64486 1.12435 1.58046 0.561627 -0.377783 -0.911886 0.460161 2.37878 1.57704 0.447749 0.447749 
0.44755 0.44755 0.332374 0.534056 1.17442 0.00230079 -0.566466 0.116997 0.237727 0.601194 1.13321 0.209898 -1.92838 -2.38961 -0.143948 -0.0413959 0.152175 1.97178 -0.937705 -1.57409 0.110179 0.110179 
-1.40192 -1.40192 -0.733228 0.900617 0.450478 0.224447 0.666443 0.433882 0.428171 0.978955 1.03057 1.31931 -0.333199 -1.99216 -0.828291 -0.322623 0.268872 1.93923 0.529596 -1.20625 -0.475491 -0.475491 
0.247411 0.247411 0.109398 -0.500115 -0.82931 0.228642 1.30689 0.739092 0.0353721 -0.415269 -0.921692 -1.09638 0.362551 2.38412 1.71134 -0.378947 -2.09015 -1.3803 0.453583 0.023013 -0.11833 -0.11833 
-0.129654 -0.129654 -0.2866 0.102338 0.561137 0.646655 0.105809 -0.310468 -0.167271 0.0512586 -0.695091 -1.92601 -1.12531 1.27523 2.57907 1.76552 0.0506551 0.199459 0.387381 -1.16119 -0.896633 -0.896633 
0.159572 0.159572 0.00956541 -0.532814 -0.293221 0.0694482 0.0105195 -0.140329 -0.161236 -0.185177 -0.0845488 -0.276002 -0.450909 -0.664659 -0.393135 0.139546 -1.45467 -2.20681 0.500296 2.81159 1.4917 1.4917 
0.224717 0.224717 1.26801 0.988807 -0.924989 -0.951259 0.165734 -0.160804 -0.667561 -0.194116 0.659767 1.43746 0.0157021 -2.21134 -1.26229 1.21305 1.76983 0.607779 0.218392 -0.615007 -0.903303 -0.903303 
-0.974702 -0.974702 -2.29635 -0.841311 1.19333 0.804388 -0.0501311 0.454011 0.57364 -0.387062 -1.47041 -1.34996 -0.721543 0.0814766 1.16599 0.725006 -0.219159 0.444826 0.977258 1.08577 0.889814 0.889814 
0.174862 0.174862 1.06615 1.09882 -0.0336943 -1.55162 -1.37018 0.15045 0.793907 0.603892 0.303981 0.0223456 -1.01568 -0.830455 -0.539108 -1.524 -1.19095 -0.450236 -0.468653 1.42958 1.57787 1.57787 
-0.239928 -0.239928 -0.419631 -0.347521 -0.73145 -0.935411 -0.0672922 1.08789 1.05433 0.328962 0.583046 0.711578 0.386983 0.753392 -0.553702 -2.24003 -1.79922 0.2393 2.29924 0.972516 -0.421559 -0.421559 
0.167372 0.167372 0.627861 -0.236926 -0.255036 0.918312 -0.126612 -1.53128 -1.18151 -0.241109 0.0895536 -0.580157 0.27688 1.80546 0.694234 -1.43321 -1.94838 1.22856 2.03985 -0.0805349 -0.200345 -0.200345 
0.144999 0.144999 0.364655 -0.15671 -0.732356 0.0174289 0.660346 -0.125992 -0.28277 -0.205406 -1.21536 -0.737137 0.311554 -0.530565 -0.266803 0.290671 -1.80182 -1.27916 2.53449 2.39085 0.237048 0.237048 
0.102214 0.102214 -0.126346 -0.078545 0.475849 -0.0754535 -0.378571 0.046185 -0.507121 -0.440319 0.813717 0.416964 -1.67936 -1.95232 0.694286 0.871899 -0.49006 -1.02888 -1.52758 1.19578 1.78272 1.78272 
-0.640727 -0.640727 -1.03959 0.120246 1.2036 0.354116 -0.476703 -0.207267 -0.258628 -0.134595 0.294889 1.50959 1.59653 -0.351819 -1.32704 -0.988299 0.627001 2.34102 0.821925 -1.30802 -0.747747 -0.747747 
-0.0959646 -0.0959646 0.0282383 0.493527 -0.35251 -1.09714 0.045599 0.470217 0.273151 0.526435 -0.26601 -1.91047 -1.62591 1.07388 1.42108 0.157328 1.21475 -0.696223 -2.20872 0.62029 1.0122 1.0122 
0.365207 0.365207 1.5108 0.726319 -0.577762 0.0477724 0.0431934 -0.270723 0.278532 0.318724 0.134988 -1.05988 -2.42554 -0.450796 1.06697 0.665638 1.48228 0.0791555 -2.30916 -0.808387 0.40873 0.40873 
-0.0551163 -0.0551163 -0.420011 -0.534465 0.463789 1.30638 0.333096 -0.733706 -0.66357 -0.545454 -0.380249 0.796339 2.11116 0.83498 -1.62665 -2.24831 -0.571969 1.55035 0.867623 -0.314878 -0.0571105 -0.0571105 
