45
0.30196 0.125691 -0.0749403 -0.106335 -0.271188 0.264089 0.742171 1.10626 1.25409 1.19838 1.30738 1.41974 1.3227 1.39469 1.34386 1.14751 0.578229 0.0955464 -0.361161 -0.631836 -0.63768 0.131826 0.701174 0.92192 0.925016 0.787228 0.688222 0.616682 0.509503 0.389501 0.00651945 -0.511231 -0.657743 -0.922422 -1.02332 -1.01704 -1.12263 -1.4318 -1.32453 -1.31728 -1.33818 -1.65814 -1.48993 -1.44584 -1.93668 
-2.77234 -2.81977 -2.63436 -2.05054 -2.03844 -0.206854 0.139784 -0.126416 -0.202026 -0.387948 -0.441202 -0.409823 -0.150651 0.127128 0.516853 0.772949 1.08534 0.303808 0.453845 0.125423 -0.398887 -0.186756 0.194051 0.366782 0.668926 1.07805 1.09182 1.14194 1.14325 0.889332 0.607737 0.834711 0.842221 0.498207 0.559799 0.45876 0.502024 0.248131 0.518488 -0.0104054 0.414852 -0.157087 -0.0810844 -0.289963 -0.219648 
1.07122 1.34996 1.8143 1.72537 1.52242 1.09816 -0.20782 -1.02071 -1.22318 -1.36205 -1.6755 -1.65318 -1.79337 -1.73442 -1.28395 -0.800424 -0.531623 -0.0978477 -0.324644 -0.134045 0.124601 -0.0223219 0.129978 -0.413326 -0.633193 -0.622832 -0.59908 -0.572932 -0.475025 -0.538209 -0.505494 -0.2205 0.0841914 0.0477939 0.473439 0.409042 0.552209 0.816692 0.743467 0.616949 0.816029 1.1709 1.01236 1.01131 1.85527 
-2.0963 -2.6295 -2.33106 -1.01501 -1.29929 -0.222247 0.0126202 -1.17102 -1.2678 -1.05397 -0.435205 -0.689427 -0.136882 0.228952 -0.0994683 0.195187 -0.316143 -0.187211 -0.85762 -0.195317 0.349701 1.0538 0.43788 -0.158748 0.296312 -0.00931566 0.186153 0.804194 1.31476 2.13207 1.91528 0.545739 1.17317 1.19476 1.04668 0.910048 0.642738 0.135562 0.77768 0.022034 -0.000630658 -0.17529 0.533834 0.408912 0.0293837 
1.01579 0.929069 1.1164 1.5813 1.31334 1.24064 0.241957 0.310113 0.266566 0.127741 -0.452369 -0.788152 -0.542355 -1.06141 -1.12306 -1.6739 -1.70706 -0.776914 -0.0186481 -0.953223 -0.739487 -0.833983 -1.43526 -1.47525 -1.85359 -1.23426 -1.10729 -0.54208 -0.864339 -0.694176 0.321373 1.13636 1.08097 0.624599 0.611841 0.134032 0.824403 0.891284 0.454734 0.933204 1.31831 0.96379 1.2342 0.361801 0.842979 
1.34562 1.45067 0.533699 1.14321 1.82536 -0.500396 -1.52998 -1.69539 -1.45383 -1.28087 -0.675062 -0.062682 -0.434572 -0.601579 -1.11211 -1.27983 -1.00362 0.459318 1.08375 -0.150593 -0.372903 -0.134484 -0.886386 -1.04423 -1.39985 -1.44741 -1.15603 -0.330123 -0.567187 -0.215643 0.350803 0.686762 0.538967 0.008896 0.0799634 0.52367 0.768925 1.16557 0.425288 0.939034 1.325 1.65501 1.10493 0.931173 0.989154 
-0.344068 -0.0294894 -0.797997 -0.631619 0.0165296 -0.0122379 -0.470188 -0.252823 -0.148853 0.582298 0.665409 1.15099 1.91832 1.64197 1.71631 1.35004 1.32761 1.03399 0.990221 1.13881 1.66786 1.52172 1.08996 0.608042 0.541001 0.448443 0.225663 -0.273328 -0.603074 -0.866727 -1.19303 -0.98984 -1.26635 -1.0419 -1.02376 -1.04402 -0.94114 -0.844159 -0.724297 -1.03203 -0.839661 -0.792778 -1.06486 -1.15167 -1.25529 
0.535795 0.73922 0.499608 0.311548 0.786521 0.638316 0.877769 0.731133 0.986421 0.66639 1.18627 1.05354 0.048615 -0.264628 -0.531708 -0.538845 -0.395633 -0.307953 -0.532219 -0.727264 0.206201 -0.288377 -1.31802 -1.63852 -1.69146 -1.67787 -1.6749 -1.14486 -0.871588 -1.35882 -1.73635 -1.08456 -1.14443 -0.779225 0.0796539 0.655838 0.86274 0.938717 0.921735 0.682852 1.26525 0.949611 1.42572 1.74504 0.912729 
0.908845 1.52478 0.534482 0.854388 0.209717 -0.547933 -0.744635 -0.940225 -0.534345 -0.947702 -1.17645 -1.12451 -1.25967 -0.49964 -0.272126 -0.557565 -0.747866 -1.35677 -1.88004 -0.561016 -1.40903 -1.79727 -0.877171 -0.991307 -0.224629 -0.464499 -0.658326 -0.619646 0.470037 1.23019 0.719689 0.35971 0.633316 1.26024 0.75367 1.60734 1.72684 0.996374 1.12287 0.969553 0.763159 0.477705 0.997029 1.18823 0.884199 
0.295356 0.020054 0.791788 0.680202 0.508094 -0.126199 1.00059 1.5174 1.8366 1.83341 1.75343 1.66713 1.00199 0.496999 -0.126487 0.0994993 0.531732 1.16326 1.10174 1.34309 -0.577975 -0.767669 -1.22998 -1.02573 0.0632558 0.254976 0.193945 -0.126642 -0.765989 -0.737098 -0.324688 -0.00262426 -0.0985886 -0.330141 -0.608683 -1.31179 -1.09145 -0.994816 -1.72642 -1.48039 -1.5817 -0.735911 -1.19118 -1.35234 0.159918 
-0.865248 -1.05305 -0.995501 -0.113584 -0.716216 0.397781 0.863856 -0.251849 -0.281418 -1.06952 -1.9096 -1.63865 -1.88793 -0.799423 -0.284471 -0.642296 0.386222 1.15154 -0.18612 0.613603 0.214492 0.0391791 0.950904 1.3205 1.64281 1.88283 1.96282 1.52818 1.62759 1.77683 0.89882 -0.0082964 -0.212216 -0.432583 -0.720697 -0.651044 -0.771926 -0.613158 -0.994022 0.00300458 -0.0417748 -0.0663447 -0.401065 0.629356 -0.282327 
-0.917469 -1.55028 -1.91395 -0.203092 -0.969194 0.528084 0.0706872 -0.606569 -0.451547 0.00329538 0.101906 -0.842212 -0.153644 -0.0476821 0.548475 1.67761 1.61644 0.904527 1.48913 1.69474 -0.719771 -1.24826 -0.990339 -0.594232 -0.00170363 0.279402 -0.738668 -0.52004 -0.0638335 0.441643 2.32272 1.43156 1.48621 0.690313 0.051642 0.276851 0.931614 0.475431 0.564907 0.255048 -1.15507 -0.195 -1.45194 -1.08269 -1.42506 
1.71487 0.73052 1.9209 1.28588 1.50973 2.24798 0.46205 0.15114 -0.85061 -0.783703 -0.0984382 -0.877164 -1.04466 -0.848227 -0.508695 0.140701 -0.461925 -0.341566 -0.128285 0.144867 1.27846 1.42782 1.71102 1.6216 0.785562 0.715717 -0.0849925 -0.136137 -0.0803743 -0.0859004 -0.257826 -1.00915 -1.7279 -0.571471 -0.0258862 0.151068 -0.762452 -1.41462 -0.74219 -0.92966 -0.82492 -1.0115 -0.515284 -1.43447 -0.441875 
-0.542654 -0.542654 -0.255655 -0.184778 0.937808 2.21147 1.87234 1.21811 0.386497 0.309558 0.642508 0.234342 0.154363 0.245918 -0.285668 -1.31274 -1.87997 -1.65696 -1.23696 -0.343795 1.71682 2.85628 1.76918 0.647428 -0.0628338 -0.2651 -0.133863 -0.150054 -0.246055 -0.792425 -1.58037 -1.11192 -0.610582 -0.520229 0.0165577 0.00726968 -0.61766 -0.19597 0.430856 0.176939 -0.471251 -0.096617 0.624559 -0.681023 -0.681023 
0.0436958 0.0436958 1.14464 0.842355 3.01855 3.60202 -0.0566717 -0.793102 -0.65309 -0.6141 -0.235113 0.30978 0.73952 0.967212 0.929394 0.794521 -1.01517 -1.29833 -0.508076 -1.68418 -0.741423 0.837163 0.768447 0.631255 1.04353 0.540603 -0.0855351 -0.107274 -0.637518 -1.13093 -0.292224 0.211995 -0.783847 -0.689523 -0.265758 -0.297725 -0.564313 -0.168246 -0.647866 -0.37771 -0.452783 -1.06191 -0.428707 -0.438625 -0.438625 
1.13384 1.13384 0.53654 -0.547503 -1.09228 -2.88421 -3.51556 -1.72285 -0.627862 -0.808157 -0.546292 -0.264816 -0.20531 0.754243 1.44399 1.14886 1.06804 0.262914 -0.132141 0.656487 0.108164 -0.0646005 -0.708544 -1.31315 -0.413691 -0.0179188 0.00772953 0.128199 -0.0169269 -0.122835 0.442801 0.884641 0.362521 0.559018 0.513532 0.0546295 0.588914 0.237374 -0.39783 0.0445456 0.826587 0.245609 -0.332592 1.29603 1.29603 
-0.439554 -0.439554 2.00077 1.23179 0.916388 1.60148 -1.38179 -1.81944 0.0247109 0.968959 0.351298 0.263916 1.08216 -0.0803886 -0.174318 -0.41569 -0.634383 -0.844309 -0.140457 1.46346 1.51861 -0.0133967 -1.72987 -0.316577 0.0674357 -0.275129 0.943771 1.35958 1.62254 0.662704 -2.22312 -1.10907 0.72671 -0.296688 -0.505478 -0.662809 -1.1518 0.048314 -0.279574 -1.15684 -0.390154 0.575535 0.64117 -0.795448 -0.795448 
0.184035 0.184035 1.00595 0.327573 -0.473447 -1.56224 -1.35236 0.0707959 -0.237607 -1.03708 -1.33055 -0.0999529 -0.373026 -0.831115 -0.878479 -0.836041 1.37063 2.54986 -0.228573 -1.03992 0.211795 -1.00257 -0.921364 -0.589189 0.393209 1.14612 1.06547 0.396124 -0.192495 1.80084 2.76162 1.16593 -0.728392 -0.664876 -0.696817 0.350844 1.16243 -0.516679 0.0965881 1.32085 0.0797006 -0.0911981 -0.862836 -0.548789 -0.548789 
-0.803409 -0.803409 -0.278318 1.38621 -1.66911 -3.45086 -1.20215 0.120983 0.473202 0.852344 1.30973 0.292048 -0.519219 -0.663529 -0.664269 0.154642 1.852 2.21448 -0.593137 -1.47452 0.058488 -0.492765 -0.905239 -0.492743 -0.377946 0.295507 1.20471 0.654653 0.160883 0.997259 0.981037 0.237581 -0.663872 -0.436058 0.57755 0.758863 0.709872 -0.315972 -0.194077 0.978235 0.786982 -0.187351 -0.711723 -0.0787919 -0.0787919 
-0.799848 -0.799848 -1.10038 1.77244 1.37671 -0.866337 -0.367208 0.772302 1.8142 1.77191 1.27391 2.66143 1.11633 -0.288972 -0.471327 -0.667585 -0.520233 -0.563508 0.333233 1.49484 0.897168 -1.05125 -1.73217 -0.992547 -0.202977 -0.518798 -1.343 -1.55991 -1.08268 -1.0757 -0.128988 -0.0280092 0.0150987 0.612623 0.116382 0.288208 0.525958 0.560404 -0.260307 -0.113273 0.605846 -0.336 -0.607122 -0.265511 -0.265511 
-0.0873711 -0.0873711 -0.712555 0.428606 0.492252 0.116137 0.118643 0.14393 -0.132975 0.289573 0.588679 -1.84637 -2.13464 -0.956332 -0.467494 0.187724 0.339142 -0.247705 -0.699203 1.14964 0.671302 -2.4637 -2.1857 -0.625947 -0.0924171 -0.00313209 0.821602 1.25327 -0.371268 -1.41056 0.408404 0.915678 0.458026 1.92523 2.26215 1.22097 0.422164 0.0646309 -0.438188 0.518991 0.396422 0.226693 1.24068 -0.848812 -0.848812 
-0.512127 -0.512127 -0.938576 -0.44068 -1.99295 -1.34763 -0.537956 0.330091 0.0163885 -0.897819 -0.227534 -0.0927295 0.927306 1.44976 -0.0562848 -0.658166 -1.12413 -1.60379 1.17347 0.705666 -1.75372 0.793327 1.18818 0.967176 0.786049 -0.597602 -0.196337 1.65262 2.69193 0.386794 -1.2268 -0.097266 1.32441 0.200534 0.527171 1.42906 -0.852965 -0.842896 -0.0114785 -0.491014 -0.681369 0.364059 1.05071 -0.135379 -0.135379 
0.581436 0.581436 0.776145 -0.34638 -0.968041 0.576759 1.94578 0.9853 0.366857 -0.107895 -0.206735 -0.902679 -1.40063 -1.35109 -0.48173 0.773851 1.25617 0.668938 0.2049 -2.00668 -2.51934 -0.784411 -0.315889 1.52908 1.51418 0.146453 -0.462842 -1.15064 -0.735003 0.515867 0.864542 0.259925 -0.398499 -0.615641 -1.17646 -0.583134 0.368 -0.764158 -0.586477 0.163136 0.876441 0.455467 -0.742101 1.59791 1.59791 
-0.226476 -0.226476 1.11693 0.287841 0.579298 1.92143 -0.878736 -1.50119 -1.08977 -2.10765 -0.777634 -0.035682 0.991038 1.9508 0.134428 0.77939 2.18989 -0.781673 -0.738467 0.440208 -0.784289 0.861923 1.54624 0.80603 0.643314 0.33899 -0.508289 -0.483901 0.249367 -0.978123 -2.30475 -1.45819 -0.595738 -0.701474 -0.337253 -0.127235 -0.015319 -0.341818 0.710907 1.13298 -0.149991 -0.514113 0.810796 0.086218 0.086218 
-0.920025 -0.920025 1.29367 0.913552 0.711817 1.0034 -1.05054 -0.47208 0.597234 0.543951 -0.777425 -0.220187 0.771657 0.684372 1.6508 1.02993 -0.70902 -0.0990613 0.767581 -2.06521 -2.75859 -0.234371 0.638947 0.954998 0.846374 -0.674902 -0.733914 0.658601 0.929541 2.27539 0.956208 -0.768922 -0.678946 -1.33382 -0.36934 0.852362 0.208758 -0.325179 -0.186969 -1.6034 -0.403898 -0.259214 -0.817266 0.046575 0.046575 
0.359914 0.359914 0.784876 -0.390916 1.27969 -1.16524 -2.44155 -1.48759 -1.02797 1.02431 -0.00441947 -1.04181 0.144481 0.761287 1.31232 0.166174 -0.477407 0.515156 0.701031 1.8206 1.67001 0.635496 0.345017 -1.01655 -0.992742 -0.949763 -0.927014 0.114896 0.170392 -0.106594 -1.01386 -1.67908 0.641717 2.1798 0.988256 -0.786764 -1.7954 0.133927 0.699238 0.00863599 0.00971649 0.485955 -0.405265 0.19858 0.19858 
0.270664 0.270664 0.331414 1.04761 2.07854 0.825679 -0.826757 -1.24887 -0.754066 0.244104 -0.0397967 -0.393726 0.0345939 -0.352487 -1.31128 -1.34184 -0.270363 0.575808 1.15021 2.55641 2.76752 0.0695537 -1.86858 -1.54558 -0.757473 -0.0362084 0.12328 -0.0714898 -0.525916 -1.119 -0.249175 0.855898 0.531824 0.562205 0.476801 -0.518927 -0.149529 0.923374 0.3443 -0.74854 -0.209798 0.963911 -0.476233 -1.09437 -1.09437 
0.866244 0.866244 0.627793 1.47599 2.17469 -2.42805 -3.46923 -0.472689 0.138987 0.327498 0.726571 0.766606 0.516389 0.147563 -0.13844 -1.53615 -1.65313 0.397799 -0.306587 -0.186287 1.9867 1.18882 -0.164642 0.214782 -0.0737251 -0.892862 -0.513282 -0.437637 -0.809707 0.270163 1.05713 -0.390023 -0.713362 0.40647 0.306848 -0.237725 0.0999222 -0.0681248 -0.167448 0.151672 -0.541932 0.0167764 0.489449 -0.0100392 -0.0100392 
-0.579091 -0.579091 -1.57962 -1.53114 -2.1845 -2.26441 1.04409 2.63743 0.81642 0.0474803 0.473678 0.286908 0.912747 1.49443 0.336413 -0.374791 -0.845502 -1.13553 0.335448 0.193987 -0.693342 -0.781597 -1.18017 0.244333 1.16764 0.361149 0.107056 -0.0505626 -0.259501 0.396506 0.902056 -0.101901 -0.328343 0.111572 -0.493337 0.0417685 0.14086 -0.938532 -0.205779 1.10228 0.157768 -1.09768 0.94169 1.47535 1.47535 
1.49238 1.49238 1.02086 -0.668897 0.222704 -1.41318 -2.10161 0.858462 1.70581 0.196279 -0.436296 0.444172 -0.215098 -0.774424 -0.209578 -0.28608 -0.266798 0.298887 1.4111 1.01333 -0.909553 -1.99588 -0.189882 1.0981 0.0214371 0.533373 0.998395 0.412228 -0.43129 -2.36206 -1.09039 1.8048 0.494158 -0.75953 -0.228476 -0.400286 0.432068 0.53085 -0.742954 -0.0717831 1.05828 0.628409 -0.844636 -0.884882 -0.884882 
0.557204 0.557204 0.101373 -0.98915 -1.26493 -0.585659 1.10223 0.753976 -0.739512 -0.729476 0.634624 0.648328 -0.486378 -0.334713 0.00161311 1.5162 2.28006 -1.06966 -2.40721 0.300826 0.0300189 -0.756497 0.282695 0.888244 1.17095 0.456646 -0.499032 -0.840361 0.948813 1.98993 -0.421701 -2.34017 -1.22528 0.0261398 0.687432 1.25424 -0.578005 -0.711266 1.23964 -0.00642452 -0.943899 -0.62841 -0.302553 0.215945 0.215945 
0.30034 0.30034 1.3705 -0.931415 -3.14709 0.262964 2.25915 1.03987 0.432955 0.500571 -0.397474 -1.21312 -0.651608 -0.130505 0.488767 1.5805 1.28706 -1.60927 -2.40897 0.381691 0.593935 -0.656847 -0.0372355 0.301756 0.46953 0.980265 0.193651 -0.708343 0.183018 0.490042 -0.525661 -1.09479 -0.470345 0.760883 0.730986 0.0478221 -0.728281 -0.618415 0.794818 0.59349 -0.786626 -1.00079 0.0325446 0.369672 0.369672 
-0.250501 -0.250501 1.96246 1.88913 -2.05167 -1.36235 1.24326 1.66137 0.751007 -0.435193 0.666216 -0.140383 -2.29172 -1.24198 -0.310646 -0.0566696 0.0611751 0.638436 1.56657 0.415408 -1.98027 -2.0444 0.0262193 1.15896 0.345936 -0.897166 -0.820978 0.181531 0.354001 0.715639 0.788046 0.0919946 0.474488 0.0590231 -0.268897 0.296503 0.190679 -0.624664 -0.537937 0.648209 -0.190565 -0.953357 0.0353017 0.244149 0.244149 
-0.363894 -0.363894 0.418119 0.89016 -0.149597 -0.191495 0.0835772 -0.107897 0.164337 0.559065 -1.39918 -1.8017 0.674456 1.20699 0.848528 0.617302 -0.233859 -0.647024 1.0221 1.00371 -2.41162 -1.89331 1.32391 1.49901 0.491333 0.690889 0.925518 -0.752917 -1.76094 0.598823 1.65865 0.0985361 0.756356 1.30086 -0.418081 -1.19637 -0.727885 -0.525049 0.375895 0.636472 -0.135774 0.643085 -0.672489 -1.36735 -1.36735 
-0.261431 -0.261431 0.0581031 -0.664411 -0.5698 0.946019 1.08896 0.368012 -0.775783 -0.144291 0.528932 0.753391 1.00217 -0.618986 -1.34055 -0.673056 -0.594619 1.48678 1.49439 -1.86633 0.0685095 1.90027 0.123822 -0.245827 -0.991974 -0.618213 1.45637 1.86585 -0.800114 -2.50266 -0.298403 1.64954 0.20337 -0.499393 0.800678 -0.873476 -1.44582 0.55229 0.238078 -0.417664 0.56101 1.12384 -0.308272 -0.74894 -0.74894 
0.0632107 0.0632107 -0.698076 -1.25173 0.557226 1.90729 0.20823 -1.13965 -0.810234 -0.457844 -0.607854 -0.87853 -0.372947 0.554353 1.37228 1.10979 -0.13999 -0.781799 -1.88342 -1.91639 0.760096 1.42552 1.50015 1.1723 -1.00652 -1.40964 -0.948516 -0.253415 1.06137 1.01596 -0.242417 -0.925422 -0.662639 -0.596447 -0.0467924 0.978602 -0.191608 -0.716157 0.560044 0.923299 0.129418 -1.16652 0.705953 1.51813 1.51813 
0.975159 0.975159 0.360688 -0.418952 1.19023 -1.1011 -2.55713 -0.176898 -0.469963 0.210844 1.51512 1.29034 1.45177 -0.65536 -0.88867 1.50289 -1.17746 -2.19081 0.885093 -0.0544524 0.292057 1.70676 -0.0619164 -0.689687 -0.366634 -0.873991 -0.630369 0.541037 -0.38678 -1.91345 -0.376289 1.24612 0.540341 0.171082 0.4051 0.218106 -0.179528 0.517743 1.07254 -0.658538 -1.24122 0.691585 0.424437 -0.557505 -0.557505 
1.34933 1.34933 1.10536 -0.444911 -0.0137984 -1.20258 -1.01846 0.986104 0.580642 -0.953749 -0.561905 0.922764 0.509097 0.492787 0.150322 -1.58605 -0.796077 0.876245 -1.33338 -2.33463 1.1036 2.10914 0.691894 0.0616648 -1.11757 -1.08573 0.784401 0.996171 0.966217 -0.054351 -2.02536 -1.12094 -0.434028 0.127245 1.33167 0.299568 -0.827234 -0.325451 -0.891851 -0.210696 0.791255 -0.336774 0.124795 0.482963 0.482963 
0.273251 0.273251 -0.511772 0.319888 -0.527457 -2.49498 -0.225696 0.93331 1.6666 0.672902 -1.38993 0.0889373 1.19337 0.769238 -0.407806 -1.2054 0.222523 0.776313 0.861107 0.636464 -0.801716 -0.895112 -1.11348 -0.903638 0.0341161 0.0334068 0.700348 0.722211 -0.158356 -0.801151 -1.06036 1.09488 2.56592 0.220892 -1.99112 -1.869 0.604227 1.65508 -0.0941281 -0.470839 0.308207 -0.287541 -0.202344 0.392683 0.392683 
