28
1.23987 1.33425 1.31917 1.12252 0.758736 0.454824 0.214002 0.228354 0.51626 0.694692 0.693012 0.631806 0.676581 0.712786 0.710678 0.571659 0.325433 -0.134693 -0.502384 -0.750094 -0.917734 -1.0763 -1.07404 -1.1522 -1.44428 -1.62583 -1.71239 -1.81469 
-0.927437 -1.27657 -1.03485 -0.0276995 0.622479 0.483313 0.201915 0.69259 0.845383 0.755156 0.49153 1.33608 1.10374 0.665836 0.562237 0.559092 0.375293 0.36713 1.01743 0.799901 0.829289 -0.307583 -0.988408 -0.583748 -0.787308 -1.36048 -1.74312 -2.67119 
-1.00044 -1.01331 -1.03365 -1.2471 -0.581471 -0.631495 -0.955349 -0.97515 -0.456341 -0.3382 -0.543742 -0.682944 -0.593183 -0.485519 -0.281314 -0.472744 -0.613677 -0.394121 0.404222 1.02518 1.20991 1.1685 0.839822 0.924237 2.11001 1.75399 1.49735 1.36653 
-1.37421 -1.45935 -1.11621 -0.352686 0.593983 0.242578 1.22572 1.61208 0.993498 0.0935881 -0.634113 -0.937872 -0.771031 0.384781 0.609701 1.80986 1.50404 1.2267 -0.0997169 0.269663 0.391335 -0.401571 0.0470086 0.265706 -0.489142 -0.230215 -1.46943 -1.93468 
-0.860999 -1.25657 -1.25488 -1.32815 -0.737198 0.193357 -0.253208 -0.733264 -0.776615 -1.00197 -1.15809 -0.952264 -0.919556 -0.413534 -0.342786 -0.528715 0.129234 0.61342 1.15748 1.20436 1.32177 1.05759 0.37815 1.00819 1.24256 1.7795 1.29699 1.13522 
-0.278693 -0.46649 -0.530846 -0.899012 -0.951031 -0.666341 -0.376521 -0.568701 -1.12853 -0.959405 -1.48825 -0.989256 -0.728243 -0.686967 -0.724338 -0.157782 -0.134248 0.217953 0.357527 0.256761 0.487984 1.50044 0.755 1.22291 1.77178 1.7904 1.61246 1.76144 
-0.0549498 0.00957853 0.0406319 0.259891 1.0452 1.12437 1.28422 1.68171 1.58328 1.34298 0.892191 0.918807 0.797528 0.598768 0.115754 -0.530855 -0.206085 -0.359785 -0.597757 -0.681755 -1.31662 -0.980446 -1.51731 -0.513881 -0.638181 -1.46237 -1.28682 -1.54809 
2.63756 2.64739 1.78165 0.709596 -0.140704 -0.379548 0.453678 0.0191126 -0.151394 -0.415322 -0.255518 -0.538253 -0.346003 -0.74235 -0.186662 -0.666725 -1.09636 -1.00105 -1.49479 -1.24917 -0.546266 0.00710794 0.167691 0.665785 0.308498 -0.580428 0.131843 0.260621 
-1.08782 -1.60307 -1.05101 -0.855616 -1.17394 -1.00738 -1.10126 -1.25044 -0.873854 -0.681705 -0.413024 0.0898728 0.384063 0.0671016 -0.163097 -0.246876 0.0222914 0.0758219 0.087818 0.66133 0.939586 0.716567 1.54023 1.86633 0.996568 0.848405 1.51661 1.6965 
2.36647 2.40706 2.2289 0.931665 0.0740412 -0.493518 -0.621659 -1.24706 -1.02306 -0.42624 -0.249306 -0.135802 -0.0624616 0.26099 0.312588 0.82522 -0.424859 0.239369 -0.223587 -0.0288626 -0.62346 -0.698911 -1.1996 -1.55227 -0.567114 -0.10076 -0.174802 0.207018 
0.534486 1.87453 1.86603 1.33968 0.0445326 0.0777676 -0.744106 -1.46838 -1.20752 -0.784493 0.172113 0.392046 0.91738 -0.668411 -1.25645 -0.471609 -0.2215 -1.98825 -1.36767 0.679763 0.299102 0.700373 -0.222741 -0.627883 -0.42829 0.781966 1.13992 0.637621 
-0.527625 -0.671082 -0.825124 -0.628416 -0.555576 -1.43323 -1.77567 -0.56467 -0.333962 0.466774 0.785921 0.827661 0.636972 1.15106 1.75044 1.51081 1.47255 1.0007 0.971466 0.960764 0.856895 -0.704007 -0.861909 -0.212234 -1.16478 -0.24956 -0.493189 -1.39099 
-1.10878 -1.49427 -1.14125 -0.019625 0.973018 1.25338 -0.0337213 1.62108 1.91597 0.875388 1.03336 0.258395 -0.254574 -0.135736 -0.680468 -0.235113 0.645452 -1.05313 -0.755952 -1.05712 -1.03633 0.562067 -0.712169 -1.9272 0.183576 1.18377 0.524414 0.615567 
0.954906 0.954906 0.0319807 -1.07386 -1.41402 -1.02407 -0.0147692 1.66196 2.1823 1.26395 0.503997 0.651317 0.960233 0.811554 0.255875 -0.518287 -1.5366 -1.92179 -1.24817 -0.61376 -0.331056 0.207752 0.462711 -0.470714 -0.798575 -0.146826 0.10452 0.10452 
0.0282332 0.0282332 1.75498 2.27501 0.815579 -0.370459 0.431425 0.984216 0.244639 -0.285525 0.904587 0.944414 -0.688337 -0.524428 0.0290819 -0.0730249 -0.0794135 0.982517 0.715966 -0.0745442 -1.24501 -2.14922 -0.186618 0.421014 -0.823911 -1.05191 -1.50375 -1.50375 
-0.350809 -0.350809 -0.716575 0.534287 0.832303 -0.972038 -0.916926 0.619688 0.871229 -0.449641 -0.918913 -0.380421 0.0697466 0.278436 -0.266969 -0.896333 -0.146893 1.5659 2.29785 1.17893 -0.0289173 -0.965134 -0.735675 2.02596 1.22281 -1.40746 -0.996811 -0.996811 
0.304434 0.304434 1.08726 1.64396 0.615531 0.649175 1.3297 -0.147759 -1.33424 -1.43489 -0.884992 -0.0598484 1.28649 1.34006 1.38097 0.891402 -0.47147 -1.41289 -0.816345 0.519405 -0.552712 -0.251166 0.681957 -0.428108 -0.390999 -0.837794 -1.50579 -1.50579 
-0.821513 -0.821513 -0.311645 0.620554 2.20859 0.56726 -1.66431 -1.02643 -0.623499 -0.801896 -0.119764 0.178955 0.653857 0.714036 -0.38062 0.548322 1.60843 1.42826 0.736448 0.0614959 -0.430595 -1.69119 -0.276556 1.16907 1.0218 -0.112295 -1.21763 -1.21763 
-0.826792 -0.826792 -1.20993 -1.18373 0.203077 0.929213 -0.0837591 -1.88859 -1.1211 -1.05527 -0.354577 1.32324 0.350959 -0.282872 0.832933 0.96231 0.506973 0.753466 -0.208729 -0.0140476 2.35067 0.276032 -0.880701 1.86869 0.914301 -0.629592 -0.352682 -0.352682 
0.357862 0.357862 0.642034 2.02726 1.76997 0.621284 1.2059 0.731572 -0.439772 -1.0869 -0.596687 0.00846858 -0.405445 -1.06979 -1.89229 -0.40875 0.496501 -0.537004 -0.408992 -1.1379 -0.36624 -0.186262 1.03919 1.79689 -1.55963 -1.00893 0.0248916 0.0248916 
-0.833254 -0.833254 -2.15771 -2.13881 -1.11878 0.942205 0.702602 -0.526176 -0.317281 0.0870879 0.0640643 0.103785 -0.0352995 0.409624 0.30714 -0.899101 -0.19472 -0.273209 -0.0891983 1.37575 1.7525 1.08859 1.02092 0.386935 -1.31107 -0.00170495 1.24418 1.24418 
-0.399006 -0.399006 0.979812 -0.708955 -0.764887 -0.329414 -0.94203 -0.0292086 0.633046 0.42369 1.02662 1.07611 -0.514615 -1.53206 -1.07963 -0.110735 0.15568 -0.343296 0.665596 1.18221 -0.363259 0.694959 1.76039 -1.52527 -2.44546 0.538568 1.17507 1.17507 
0.0324814 0.0324814 -1.65936 -2.51862 -1.59586 -0.673341 -0.746488 -0.301164 1.24448 1.18495 0.573745 0.44274 0.708243 0.680747 0.919988 -0.726134 -0.534423 0.460986 -0.132757 -0.299233 -0.6409 -0.522142 -0.872713 1.00631 2.04205 0.702578 0.595675 0.595675 
1.0357 1.0357 -0.437985 -1.4539 -1.01206 -0.63837 -1.23649 -0.381581 0.524318 1.07367 0.91331 0.572783 -0.852995 -1.7321 0.139721 0.801513 -1.21319 -0.920669 2.09096 1.30039 0.000602594 -0.427712 -1.06445 -0.17797 1.09753 1.22257 -0.129644 -0.129644 
-0.266134 -0.266134 0.142342 0.414785 -0.875322 -1.374 1.13408 1.82234 1.32968 1.43588 0.524465 -0.0877533 0.479457 1.42818 0.523091 -0.242584 -0.521438 -0.510605 0.0431535 -0.0464717 -1.90798 -1.97286 0.681635 -0.272579 0.0462856 0.897559 -1.27953 -1.27953 
-0.117103 -0.117103 1.10263 1.62029 0.939441 -0.905604 0.206758 1.4871 -0.69433 -0.805148 -0.590174 -1.13318 -0.409807 -0.435513 -0.171256 0.982268 -0.752865 -1.22502 -0.0940591 -0.317741 1.21962 0.17152 -2.10545 0.634118 2.42695 0.18502 -0.550685 -0.550685 
-0.690539 -0.690539 -1.60157 -1.12147 0.11082 1.22255 2.28265 1.87983 -0.258093 -1.31285 -0.434911 0.445665 0.20181 -0.510476 -1.02577 -1.40691 -1.08646 0.307421 1.14741 0.825354 0.746594 0.723736 -0.489145 -0.969293 0.336632 0.813805 0.276869 0.276869 
1.2907 1.2907 1.66554 -0.631068 -1.8608 -0.230843 1.02251 -0.08858 -0.869175 0.521747 0.932597 -1.10213 -1.01269 0.563172 0.371427 -0.0321479 0.806891 0.619366 -0.715875 -1.36742 -1.44937 0.808946 1.89868 -0.413306 -1.01563 -0.443974 -0.279634 -0.279634 
-0.193692 -0.193692 0.560551 0.960797 -0.881425 -1.02789 0.986633 1.10508 -0.617926 -1.05256 0.0685947 0.622997 0.424134 -0.176176 -0.681505 0.09926 1.51153 1.50099 -0.206473 -1.37614 -1.26597 -0.399303 1.83042 1.20778 -2.04342 -1.31153 0.274472 0.274472 
0.737436 0.737436 1.18955 -0.281427 -0.706219 0.681677 -0.545534 -2.06178 -0.943641 0.466524 1.21839 1.8652 1.23859 0.17841 -0.262692 -1.40274 -1.7697 -0.178404 1.67095 0.315782 -0.524124 1.10439 -0.0420205 -0.769701 -0.231039 -0.803674 -0.44082 -0.44082 
0.370551 0.370551 0.988013 1.70217 -0.0024724 -2.53247 -1.02279 0.722229 0.181551 0.366488 0.682517 0.545253 0.387251 -0.652381 -0.0769362 1.35032 0.615674 -0.544751 -0.872479 -0.740189 -1.1281 0.134859 1.92739 0.89282 -0.815916 -1.45051 -0.699318 -0.699318 
-0.27756 -0.27756 -0.259956 0.928937 1.39909 -0.21287 -1.91295 -0.716996 0.539552 0.494686 1.57748 0.453718 -1.09904 0.303549 0.816205 -0.239151 -0.160482 -0.500945 -0.535747 1.69898 0.174651 -2.19075 1.04961 1.18553 -1.69832 -0.871247 0.165805 0.165805 
0.190583 0.190583 1.20253 0.806978 -1.04412 -0.42908 0.0635562 -1.21922 -1.34546 -0.131643 0.783185 0.122695 -0.804711 -1.10319 0.465897 1.72806 -0.110705 -0.6785 -0.455983 0.0142199 0.678185 1.00969 1.43173 -1.91552 -2.06674 1.14052 0.738221 0.738221 
-1.11114 -1.11114 -1.09685 0.675239 2.21877 1.26667 -1.21993 -0.880925 0.353501 0.178203 -0.0974182 -0.185144 0.121132 0.148796 -1.09925 -0.489374 0.363046 -0.0302793 1.13634 1.28203 -0.327093 -0.663015 -0.640391 -1.87268 -0.403795 1.82136 0.83167 0.83167 
0.732393 0.732393 -0.303133 -1.1829 0.119651 -0.221699 0.0710041 0.852736 0.164633 0.128254 0.286978 -1.05814 -1.71237 -0.459535 0.758456 0.644395 -0.25568 0.199596 0.822338 -0.743957 -0.411851 1.18911 -1.47449 -2.69205 1.15244 2.10698 0.277218 0.277218 
-1.31515 -1.31515 -1.99272 0.0690096 1.47401 0.688698 0.312413 1.5889 1.1908 -0.509965 -0.566332 0.124992 0.206614 0.185905 -1.09045 -1.12793 0.95503 0.335666 -0.58053 -0.381758 -0.156838 -0.163859 1.22418 2.31735 -0.220567 -1.12159 -0.0653627 -0.0653627 
-0.78339 -0.78339 -1.40056 -0.236872 0.60732 -0.0244637 0.267881 1.18158 0.995956 0.348195 -0.192414 -0.961159 -1.28835 0.714961 1.65107 -0.710021 -0.934355 2.11917 1.46118 -1.15802 -0.93795 -0.535142 0.2636 1.42529 0.962715 -0.633633 -0.709596 -0.709596 
0.368506 0.368506 0.553051 -0.597515 -1.11985 1.45293 2.25692 0.22431 -0.169955 -0.453611 -0.940244 0.0613301 1.11866 0.121374 -1.0399 -0.615713 -0.0897312 0.474254 0.406207 -1.22982 -1.21306 1.84594 1.24354 -0.338548 0.884432 -0.806251 -1.38288 -1.38288 
0.726499 0.726499 1.03141 -0.0880629 -1.47972 -0.4235 1.41739 -0.522692 -1.3421 0.0694086 -0.185154 0.114298 0.418993 0.148569 0.843149 -0.334515 -1.29206 0.396104 0.542455 0.781829 0.29624 -1.95044 0.280535 2.67769 -0.256464 -1.7458 -0.425279 -0.425279 
