53
-0.222817 -0.376558 -0.276882 -0.290729 -0.143457 -0.106366 -0.18303 1.19718 1.46029 1.53053 1.41499 1.67424 1.64083 1.77921 1.57759 0.81823 0.284326 0.0812567 -0.302462 -0.493331 -0.343546 0.388004 1.0838 1.14723 1.16201 1.29465 1.22843 0.982766 0.84717 0.411673 0.0223815 -0.248912 -0.39146 -0.381022 -0.273766 -0.305366 -0.388553 -0.4196 -0.448822 -0.489894 -0.639981 -0.784406 -0.922392 -1.06396 -0.746425 -1.24517 -1.55168 -1.51997 -1.4923 -1.48882 -1.51044 -1.51913 -1.45554 
-2.31524 -2.30703 -2.34519 -2.43151 -2.48083 -2.36149 -1.68673 0.341863 0.648541 0.653037 0.713086 0.858159 0.86403 0.826825 0.878912 0.827356 0.688662 0.430101 0.22177 0.165417 0.000460412 0.0951396 0.515151 0.773112 0.763088 0.682702 0.601996 0.897225 0.841166 0.765506 0.672694 0.694811 0.468804 0.417722 0.692345 0.770493 0.518022 0.485475 0.423883 0.392721 0.236178 0.100524 0.0469213 -0.053643 -0.466448 -0.489366 -0.548883 -0.431031 -0.343829 -0.488375 -0.363363 -0.411951 -0.448997 
1.77947 1.67484 1.87108 1.44352 1.10431 0.908343 1.1997 0.0561768 -0.898502 -1.13418 -1.47098 -1.52879 -1.47324 -1.89861 -1.81331 -1.60285 -0.84643 0.0827031 0.543938 0.585418 0.887951 0.307474 -0.735085 -1.00059 -1.31379 -1.2327 -1.27397 -1.39742 -1.20959 -0.642998 0.162748 0.145053 -0.174551 -0.144717 -0.134964 0.0130081 0.26443 0.102484 0.156587 0.11571 0.259426 0.435492 0.833648 0.73078 0.681435 0.678891 0.648887 0.529939 0.661956 0.570201 1.00586 0.836889 0.648904 
-1.27969 -1.46547 -0.912654 -1.18272 -1.73905 -1.45371 -0.0857667 -0.107487 0.377138 0.418147 0.532776 0.107924 -0.536404 0.872774 1.01174 0.550132 0.331903 -1.24571 -0.167122 -0.683337 -1.44822 -1.09941 0.689831 0.419708 2.2798 2.49607 2.02789 1.5042 1.37849 0.951655 0.538043 -1.16775 -0.0877861 0.998884 0.0699297 -0.896797 0.374805 1.41231 0.255972 1.05936 0.124523 0.304623 -0.518315 0.431395 -0.18233 -0.789803 -0.435506 -0.693274 -0.305602 -0.845346 -0.743807 -0.610351 -0.836582 
0.870549 0.80816 1.15939 1.16928 0.542938 0.514305 1.64143 -0.0924078 -0.770538 -1.21225 -1.16233 -1.68169 -1.87793 -1.9428 -2.68108 -1.9607 -0.839533 -0.591928 -0.0142354 -0.308252 0.200776 0.324449 -0.614998 -0.967552 -1.20777 -1.42301 -1.18403 -0.658593 -0.393824 -0.320203 0.15596 0.773634 1.12214 0.835984 0.879933 1.0009 0.606369 0.691179 0.948247 0.857074 1.08919 0.332691 0.313992 0.920269 0.760443 0.664168 0.923774 0.474603 -0.0698039 0.250043 0.0986348 0.684282 0.360665 
0.6292 -0.402861 -0.000648317 0.395168 1.03468 -0.316765 -0.605302 -1.87019 -1.48417 -1.00261 -1.78336 -0.926733 -1.05198 -1.48893 -1.94007 -0.54021 -0.00978804 -0.0114245 0.397325 0.84822 0.393961 -0.576902 -2.06045 -2.08717 -1.22549 -0.415761 0.421843 -0.523688 -0.358892 0.119109 0.287957 0.649474 1.02782 1.228 0.618951 0.0792996 0.120149 -0.518083 0.887078 0.469117 0.95996 1.08281 1.04523 -0.394967 1.19056 0.467894 1.52691 0.473891 0.872723 1.61132 0.0332907 1.23335 1.49115 
-1.06079 -0.734752 -1.02428 -0.359094 -1.58538 -0.911521 -2.62863 -0.449231 -0.538421 1.59989 1.04172 -0.0480974 0.388057 0.646651 0.0485661 0.414578 1.2956 1.22838 1.08236 1.76011 0.911582 1.02545 1.18682 1.07179 1.48316 -0.539503 -0.425461 -0.322106 -0.585107 -0.893235 -1.41066 -1.57513 -0.521266 -1.0632 -0.674153 -0.859106 -0.298748 -0.423868 -0.445353 -1.69342 -0.396651 0.269937 0.336188 0.652615 1.59436 1.06821 0.0968702 0.939725 0.0494462 0.663695 -0.575553 -0.108095 1.29505 
1.28603 1.10534 1.89406 1.90226 1.3051 1.83078 0.92922 -0.336524 -0.274571 -0.150273 0.803258 0.66854 -0.363365 -0.460791 -0.753143 -0.920623 -1.29656 -0.285933 -0.81134 0.150984 0.056984 0.535595 -0.137928 -0.949451 -1.21554 -1.25176 -1.52884 -1.68959 -2.14371 -2.18929 -1.86406 -1.07679 -0.318827 0.258306 0.526909 0.807455 0.630193 0.867527 0.83129 0.528497 0.621569 0.933343 0.480307 1.0891 0.839565 0.274617 -0.185018 -0.199439 -0.222625 0.0693404 -0.199039 -0.426927 0.0257803 
-2.0026 -1.55302 -0.316803 0.612167 -0.579373 0.0247397 -2.15685 -1.65709 -0.987678 0.0605249 0.822238 0.973289 0.680604 -0.15352 -0.0860298 0.460797 -0.449377 -0.356745 -0.151676 -0.173186 -0.489635 -1.98368 -2.35005 -1.70113 -0.683632 -1.28682 -1.23182 -0.219756 0.42875 0.55366 0.341996 1.14874 0.079287 -0.242723 0.901143 0.865051 0.981996 0.586914 1.31449 0.809722 0.751661 1.19108 -0.410256 1.65426 0.818036 1.16862 0.866145 0.329242 0.748975 -0.163627 0.424768 0.855571 0.932623 
-0.180843 0.566799 0.331696 2.03783 1.51967 1.52915 0.276614 1.14104 2.0326 1.11954 1.59237 0.978515 1.26175 -0.836737 -1.09537 0.129516 0.418242 0.979546 0.973443 0.310472 -0.404766 -1.5427 -0.932437 -0.765382 -0.688921 -0.204492 -0.146736 -0.681511 0.0129339 0.156916 -0.651754 0.0244737 -0.314427 -1.26561 -1.1323 -1.11488 -0.989222 -0.874451 -2.01877 -1.80242 -1.60253 -1.40357 -0.366809 0.0191795 0.290677 1.096 1.00688 -0.0658221 0.122367 1.00262 0.21441 0.00200929 -0.0648005 
-1.59363 -0.46169 -0.671443 -0.0689111 0.0226806 -0.655093 -0.90226 -0.702693 0.108439 -0.283237 1.28141 1.36902 1.90842 2.18036 2.83275 0.996246 1.43271 1.42074 1.76468 0.729421 1.7246 0.0450239 -0.561363 0.861656 0.773151 -0.0193807 0.305894 0.211506 -0.243954 0.233411 -1.05768 -0.169651 -1.05329 -1.587 -1.09969 -0.733802 -0.647317 -0.894284 -0.0271841 -0.300296 -1.10521 -0.829455 -0.264238 -0.342154 0.0484291 -0.0907493 0.0330073 -0.238643 -1.26167 -0.240082 -0.800504 -1.0008 -0.37621 
-2.05758 -2.01348 -1.25059 -1.14553 -0.902508 -0.366632 -0.349327 -0.480443 0.297342 0.651759 0.973617 0.704085 0.569521 0.265731 0.637026 0.88386 0.638533 0.87949 1.02384 0.0782597 -0.329064 -0.429719 0.783118 1.05549 1.3136 1.15945 1.72987 1.40336 1.64546 1.86114 1.28052 1.19044 0.33335 -0.122878 0.210626 0.712192 0.713312 -0.323589 -0.617523 -0.99356 -0.911672 -0.579868 -0.597426 -0.939629 -0.903391 -1.21966 -0.523921 -1.22563 -1.32691 -1.43441 -0.938398 -0.752484 -0.25919 
1.78766 1.15553 1.41017 1.64242 3.27557 2.63101 1.51652 0.365087 -0.415066 -0.617849 -1.03129 -1.17619 -0.899292 -0.662673 0.0988888 -0.812498 -0.747555 -1.06847 -1.74922 0.22296 0.297872 0.810396 0.118663 0.614735 0.210352 0.291044 0.0805589 0.470517 -0.350776 -0.437203 0.108041 -0.639728 0.109266 -0.791386 -0.789221 -0.210889 -1.01127 -0.48691 -0.570823 -0.860214 -1.21767 -1.13219 0.573675 0.336925 0.0260748 -0.0582363 0.692746 -0.384856 -0.263951 -0.943908 -0.503399 -0.392825 1.37887 
-0.0173614 -0.0173614 0.2448 0.333995 0.42945 0.00979766 2.52678 3.16353 0.70866 -0.000952248 0.353271 0.507182 0.280673 -0.034553 -1.71691 -2.3396 -1.29712 -1.01568 -0.992813 0.006966 1.73557 2.7588 1.50674 0.23052 0.360211 0.208429 -0.500506 -0.630529 -0.986265 -1.46169 -1.15397 -0.691577 -0.163615 0.304516 0.225734 -0.131152 -0.130116 -0.0289864 -0.0477718 -0.274272 -0.467955 -0.445278 -0.439933 0.413717 -0.255626 -1.42509 -0.431011 0.19525 0.142332 0.0499612 0.02715 0.186829 0.186829 
-0.17804 -0.17804 -0.348508 -0.368641 0.00221296 1.30794 4.75087 4.08711 0.437092 -0.00765218 0.245849 0.148152 -0.180548 -0.0972067 -0.123085 -0.467118 -0.840407 -0.965982 -0.601343 -0.523127 -0.250774 0.804088 1.09853 0.323057 -0.287079 -0.414537 0.262802 0.307247 -0.36157 -0.427845 -0.251527 -0.491716 -0.623712 0.279064 0.512101 -0.438396 -0.638012 -0.293804 -0.291304 -0.462529 -0.650958 -0.465326 -0.40205 -1.04979 -0.909776 -0.272696 -0.0188479 0.245726 -0.227452 -0.159269 0.0137716 -0.278465 -0.278465 
0.198314 0.198314 -0.280473 -1.07436 -0.731002 0.203922 -1.20098 -3.04844 -1.70241 -0.786303 -0.522578 0.0591494 -0.485838 -0.441716 0.501016 1.49604 2.5616 2.12394 0.80785 0.572548 -0.349606 -2.34392 -1.87693 -0.795539 -0.281658 0.121539 -0.18173 0.157946 1.18105 2.09721 1.23091 -0.437609 -0.36714 0.121187 0.296345 0.654659 0.195155 -0.097403 0.0821014 0.214967 0.536622 0.913871 0.500304 -0.163188 -0.0144407 0.0142338 -0.158354 0.0818695 0.122187 0.572386 0.4579 -0.466754 -0.466754 
0.32963 0.32963 0.24728 -0.836442 -0.293768 1.58639 1.28637 0.423303 0.484595 0.123081 -0.3321 -1.07366 0.718326 1.48367 -0.344234 -0.693245 -1.78366 -0.516574 0.520493 -1.28072 -0.435527 2.06005 1.4553 1.52453 1.99977 -0.275128 -0.998117 -0.663503 -0.568869 -0.850164 -2.09981 -0.640471 2.08798 0.125111 -1.88121 0.268896 2.22718 -0.145097 -0.37385 -0.157425 -0.766419 -0.65709 0.0948757 0.299294 -1.22219 -0.276362 0.0653268 0.0979362 -0.177574 -0.457148 0.200618 -0.119637 -0.119637 
0.396895 0.396895 0.495673 -0.840359 -0.893004 1.50343 -0.827045 -3.29425 -1.52833 -0.533316 -0.639434 -0.975864 -0.354712 -1.0955 -0.0223237 2.51894 1.87281 1.13005 0.389832 0.295989 0.866837 -1.11276 -1.76361 -0.807998 -0.620327 0.0345825 1.04685 1.0821 0.464608 0.753516 1.49706 1.3226 0.0873501 -0.328885 0.22753 -0.371737 -0.421157 0.469374 0.228863 0.194765 -0.714527 -1.05731 0.805169 0.612292 -0.347871 0.225359 -0.256937 -1.35576 -0.304764 0.232339 0.595603 0.360249 0.360249 
-0.705921 -0.705921 0.749405 0.991269 -0.789584 -1.73548 -1.64725 -0.959732 0.820298 -0.368904 0.0133687 0.681477 -0.63697 -0.969128 0.902994 1.90343 0.474986 0.350975 0.812205 -0.0673933 -1.51648 -2.56555 -1.60327 0.787044 1.63958 1.61503 -0.173966 -0.859708 0.591189 0.59532 0.476596 0.690122 0.525679 -0.480694 -1.23474 -0.572355 -0.67283 0.717707 0.942212 0.0103185 0.561527 0.0229455 -1.57015 0.0841606 0.815484 0.27885 -0.0578527 -0.730728 1.09533 -0.919533 -0.449194 1.42192 1.42192 
-0.0584869 -0.0584869 0.297339 -0.685484 -0.67639 -1.19135 0.388231 2.09621 2.0531 1.56106 -1.82583 -0.782608 0.632122 -0.452981 -0.340281 1.21157 0.757032 -0.320515 0.461087 -0.275975 -0.867584 0.191979 -0.0481751 0.214123 -1.78733 -2.09928 0.131294 -0.264292 -0.696011 -0.96295 -0.812227 0.836343 0.44031 -0.2572 0.117343 0.297073 0.359848 -0.250609 -1.42878 -0.0456963 1.96312 0.672085 0.304703 1.22326 0.339239 -1.66793 -0.231597 -0.14655 -0.386399 -0.75253 -0.90654 1.86581 1.86581 
0.868791 0.868791 1.12322 -0.743494 -0.0464784 -0.456491 -2.86946 -1.57165 0.300675 1.50159 1.15271 -1.52158 -1.47135 -0.475209 -0.569568 -0.682155 0.904701 0.703374 0.638311 1.2194 0.567855 -0.212733 -1.95048 -1.40169 -0.357397 -0.37219 -0.539928 -0.778396 -0.623265 0.426469 1.54828 2.13116 1.84812 1.18897 0.789483 0.188922 0.130718 0.320672 -0.406854 -0.232681 0.595112 -0.14047 0.2596 0.533707 -1.04727 -1.33026 -0.588728 -0.000850753 0.411837 0.081573 -0.618646 0.352624 0.352624 
1.54034 1.54034 2.01872 -0.403936 -0.72811 -1.71608 -1.82022 1.0248 1.57209 1.66419 0.768928 -0.283254 -1.26636 -0.906941 0.471108 -0.504501 -0.957741 0.155158 0.0412557 -0.479166 -1.94861 -1.99842 0.140033 1.52099 0.271522 -0.688954 0.922908 1.51516 0.629873 -0.228489 0.451913 -0.404074 -1.53046 0.678211 0.963528 -0.0612342 -0.419471 0.189881 0.0804223 -0.703567 0.238635 -1.30139 0.320297 1.08379 -0.626539 -0.0939102 -0.979533 -0.258841 -0.633751 -0.465443 0.875139 0.36487 0.36487 
0.548001 0.548001 1.56475 1.26449 -0.535282 -1.3143 -0.407389 1.86702 -0.0184922 -0.462673 -0.145288 -0.34641 -1.92127 -2.49607 1.02929 1.60992 0.906005 0.593256 -0.705427 -1.45766 -1.96149 -0.55543 0.828875 0.262628 0.599292 0.57945 -0.5017 0.173686 0.893696 -0.700775 -0.13618 0.36214 -1.36418 -0.863273 0.164208 0.156089 0.259349 -1.08781 -0.980062 0.445843 0.427412 1.31514 1.51353 0.701759 1.14658 0.764043 -1.22812 -0.93396 1.13769 0.101949 -1.05711 -0.291869 -0.291869 
1.08963 1.08963 0.437067 0.808518 -0.769646 -1.18722 -0.105765 1.19874 0.469949 1.39876 1.98956 0.725796 0.953007 1.09227 -1.50669 -1.77284 0.476162 0.36211 -0.899246 -0.096491 -0.890711 -2.86488 0.959528 1.59789 -1.1331 -0.623054 0.237511 -0.724861 -0.0200903 -1.05012 -0.543924 -0.0416816 -1.79419 -0.104293 1.0046 0.510527 -0.244909 0.717314 0.685086 -1.37592 -0.699357 0.989529 0.553579 0.338317 0.262801 -0.066101 -0.229392 -1.64297 -0.0488649 0.521359 -0.984785 0.475913 0.475913 
1.08046 1.08046 1.17178 0.392968 1.03837 0.700231 -0.298983 0.840284 1.56766 0.884637 -0.0500962 -0.733857 -0.785178 -0.0273558 0.797528 -0.126227 -0.135031 0.448741 -1.3288 -2.15526 -0.889482 1.53766 2.09649 0.666227 0.0272528 0.495117 0.236912 -0.254927 0.55732 -0.675209 -1.13325 -1.54742 -2.09596 -0.312335 1.12253 0.624584 -1.68018 -2.1222 -1.13216 -0.569147 0.491263 0.342284 -0.667438 -0.586848 -0.547994 0.439996 -0.137432 -1.33143 -0.441253 0.453535 0.8931 0.88903 0.88903 
-0.389979 -0.389979 0.523657 1.98074 1.05397 -1.85029 -2.38606 -2.03266 -1.02994 -0.642324 -0.581147 0.148541 0.551812 1.0641 -0.149342 -0.885668 -0.261543 -1.04974 1.37406 2.1728 0.629941 -0.180402 -0.197791 0.105937 -0.333119 -0.12817 0.198724 -0.446899 -0.950437 0.493991 -0.205048 0.0103161 -0.15128 -0.940678 0.622607 -0.22568 -0.282733 0.474569 -0.38556 -0.674694 -0.278457 1.90247 1.56188 -0.569791 -0.408664 0.713693 -0.336215 -1.00221 -0.581895 -0.244075 0.591516 1.99858 1.99858 
0.202775 0.202775 0.27615 0.139012 -0.27958 1.71244 2.58146 -1.50852 -2.61608 -0.305239 0.405119 -0.0726074 -0.458532 -1.65616 -1.90908 0.332447 1.07621 0.237447 0.828368 2.23156 2.25085 -0.201123 -2.09272 -0.956056 -0.0310585 -0.720936 -0.703037 -0.412485 -0.696619 -0.150845 0.620627 0.801807 0.806528 0.307404 -0.371279 -0.305618 0.0711586 0.0548522 -0.214665 -0.358541 -0.15356 0.0101661 0.693747 0.13873 -1.52554 -0.157163 1.32005 0.458762 -0.132405 -0.107638 0.0997051 0.11847 0.11847 
-0.123368 -0.123368 -0.139093 0.283715 1.3193 3.7188 2.1805 -3.35957 -3.1885 -0.139595 0.131472 -0.323266 -0.181862 0.0546613 -0.279147 -0.550498 -0.379868 0.196505 0.355678 0.283597 1.04642 1.06368 -0.365939 -1.07248 -0.566332 0.439273 0.573541 -0.477898 -0.564377 0.0957302 -0.0401081 -0.280923 0.61181 0.896926 -0.550606 -0.888537 0.122716 0.280581 -0.122007 -0.271135 0.00759402 0.204193 -0.44673 -0.386789 0.616744 0.705654 0.414702 -0.153155 -0.306549 0.198191 -0.0833213 -0.218478 -0.218478 
-0.351421 -0.351421 -1.00447 -0.328175 1.09394 -0.344179 -2.63295 -0.370041 1.90325 1.01295 0.737892 0.0726485 -0.369582 0.854209 1.63642 1.73745 0.558933 -1.4002 -1.23374 -0.909691 -2.35665 -1.21394 1.31612 1.35469 0.79681 0.124628 0.0723754 1.16344 1.63765 0.083439 -2.0427 -1.27212 0.50209 0.588206 0.481258 -0.0408117 -0.576215 -0.0505702 0.299381 0.416314 0.617342 0.0125514 -0.843557 -0.380999 0.188373 -0.0759558 0.0980638 0.273199 0.445924 0.318583 -0.812365 -0.718189 -0.718189 
-0.0363641 -0.0363641 -0.718165 -0.324944 1.53972 1.00956 -0.71629 -0.488977 -0.173433 -0.498362 -0.737459 0.676299 1.62433 -0.653043 -1.35411 -0.890142 0.126593 1.46506 -0.4653 -0.586015 2.11722 1.20502 -0.321464 0.357984 -1.11677 -1.87061 -0.228893 0.285497 -0.101989 -0.947714 0.147369 2.6501 0.497095 -2.48169 0.105905 2.60015 -0.24501 -1.62094 0.00768916 -0.231532 -0.298909 0.557311 0.617134 -0.81316 -0.346717 0.82546 0.250927 -0.137371 -0.333775 0.253377 0.227783 -0.186037 -0.186037 
0.073681 0.073681 -0.884485 -0.993082 1.68374 0.050144 -3.43793 -0.500106 1.98291 0.640335 -0.314543 0.207035 -0.0829613 0.24122 2.59502 1.36198 -0.993229 -1.06071 -0.59533 0.344935 -1.00748 -1.88365 0.22141 0.822774 0.607116 1.19849 0.754092 -0.414728 -0.232812 0.743288 0.41097 -1.00817 -1.18156 0.103373 -0.0278922 -0.462381 0.606062 0.469017 -0.194103 -0.673734 -0.895116 1.09272 1.20024 -0.82409 -0.274658 0.0680554 -1.1311 -0.0314602 1.14179 0.648559 0.0945735 -0.16595 -0.16595 
0.842096 0.842096 0.997302 -1.07939 -1.84158 -0.642178 0.406 1.49165 0.287338 -0.609618 0.582238 -0.509132 -1.15101 0.896409 1.75155 -0.36646 -1.08803 0.124594 -0.360274 -1.58615 -1.6949 -0.147493 2.0596 1.98916 0.439527 -1.25557 -1.67987 0.399205 0.841904 -0.165338 -0.0309671 -0.0603052 -0.843127 -1.22148 -0.150622 0.268783 0.736044 0.944587 -0.545741 -0.336092 -0.0836996 -1.45972 -0.0525201 1.43908 0.0331315 -0.652232 -0.739659 0.648206 -0.212961 -1.08294 1.41073 1.10891 1.10891 
0.142769 0.142769 -0.483116 -0.703923 -0.405979 0.594146 2.00977 0.976398 -0.424624 -2.55402 -1.57633 1.48145 0.126085 -0.703078 0.976192 0.614965 -1.05949 -0.272294 -0.0554652 -0.929958 0.214174 0.437989 -0.0697281 -1.19136 -1.55706 1.138 1.08473 -0.610676 -0.528751 -0.157838 1.062 0.713815 -0.780223 -0.289502 0.269145 0.0706036 -0.432607 -1.22287 0.0466639 2.07621 0.37327 -1.13995 0.267171 -0.0618363 -1.92501 -0.447351 0.885023 -0.182411 -0.469731 -0.415067 1.58359 1.68166 1.68166 
0.184935 0.184935 -1.19165 -0.865269 0.208956 -2.08446 -0.825047 2.33508 2.26363 0.62563 -2.23209 -1.93777 0.768946 0.662319 -0.1553 1.08449 1.01905 -0.199136 0.377843 -0.0546473 -1.0588 -1.85981 -0.879474 1.17211 0.756504 -0.137296 -0.302242 -0.0641458 0.885822 1.59869 1.25441 0.218419 -0.697498 -0.783367 -0.740164 -0.488488 0.0944668 -0.399116 -0.410753 0.736197 0.0653097 -0.250109 0.494472 -0.966423 -1.37725 0.335454 0.977667 0.735164 0.0580919 -0.762607 0.197193 0.71356 0.71356 
0.354248 0.354248 -1.28565 -1.8289 -0.85776 -0.708814 1.88574 2.32669 0.463238 -0.513229 -1.28779 -1.34725 -0.391741 1.20652 0.302844 -0.936755 0.476955 0.706653 -0.398941 -1.3165 -0.997949 1.44423 2.41272 0.119438 -1.46548 0.471356 1.5224 -0.167923 -1.14984 -0.090028 -0.0884206 -1.31143 0.763031 1.71861 -0.470097 -0.905719 0.200412 0.36881 -0.574342 0.137527 -0.374235 0.0857102 1.64496 -0.61048 -0.766754 -0.208509 -0.0812091 0.264493 -0.109416 1.0518 0.592472 -0.314968 -0.314968 
0.653352 0.653352 0.460044 -1.35327 -1.6615 0.0810976 2.04693 0.249134 -1.50113 -0.0828748 0.0736094 -1.14464 -1.38522 1.89837 2.64225 -0.0806155 -0.655784 -1.0387 -1.32165 -0.809913 0.579627 1.79523 0.525434 -0.14905 0.202732 -0.710075 -0.262478 0.897132 -0.564231 -0.664289 0.683076 -0.791845 -0.790179 0.982754 0.655036 0.0600106 -0.802077 -0.799191 0.98614 0.904907 0.558422 0.698014 -0.396144 -0.237491 0.0388576 -1.5301 -1.09444 1.5219 0.665689 -1.41428 -0.254787 0.491431 0.491431 
-0.416901 -0.416901 -0.176682 -0.775269 -1.28553 0.43445 1.54812 0.377433 0.134471 0.987855 -0.430095 -0.665226 0.242119 -1.58558 -1.84777 1.28743 1.3858 -0.884365 -0.291463 0.0106359 -1.78521 1.20167 2.8912 -1.34819 -1.43118 0.891494 -0.0607224 -0.161475 -0.205232 -0.333649 0.657279 -0.803432 -0.0353743 1.8151 0.402723 -0.802947 0.138846 0.606547 -1.34858 -0.890208 1.53486 0.815395 -0.416024 -0.182931 -0.256422 -0.313187 -1.01465 0.121864 1.40479 -0.600147 -0.0242735 0.949755 0.949755 
0.0686795 0.0686795 -0.483327 -0.0906046 0.221735 -0.943936 0.103219 1.32699 0.0353894 -1.14267 -1.1432 -0.517057 0.504707 1.12574 -0.0661249 -0.657024 0.411479 -0.842166 -1.84171 0.315333 2.62142 2.12035 -0.613703 -1.46268 -0.117326 0.152555 -0.527662 0.231051 -0.293934 -1.19429 -0.614254 -0.67839 0.879358 2.28515 0.668022 -1.98254 -1.94291 0.392375 1.10472 1.1546 0.649956 -0.81731 -0.654596 0.0886129 0.731758 0.294951 -1.25159 -0.211389 1.2691 0.949714 0.312623 0.00106842 0.00106842 
0.541334 0.541334 1.55295 0.275201 -2.75275 -2.48129 -0.219593 0.848535 0.872296 0.218607 0.456097 0.693603 0.542667 -0.579768 -1.44664 -0.170875 -0.206887 1.04258 2.14434 -0.6096 -1.72673 -0.667648 0.105819 -0.186931 -0.255511 0.276266 -0.314262 -0.890806 0.560255 0.424525 -0.428779 -0.0556479 -0.753225 0.444309 0.403425 -0.721528 0.393185 -0.164367 -0.890877 -0.0186187 1.69627 1.18471 -1.8094 -1.46107 0.798108 -0.0426783 -1.28428 -0.263546 0.43337 0.721688 1.46403 0.883903 0.883903 
