39
0.689806 0.894092 0.93818 1.02876 1.04699 1.07195 1.00795 0.924384 0.692527 0.338732 -0.0899538 -0.520373 -0.647078 -0.709559 -0.652382 -0.318571 0.163702 0.503229 0.676636 0.727575 0.758389 0.827681 0.82773 0.853083 0.803172 0.556049 0.306471 0.00685901 -0.120578 -0.256996 -0.264478 -0.319351 -0.58716 -0.932106 -1.37026 -1.72888 -2.14021 -2.40347 -2.58255 
-0.250925 -0.968577 -1.35926 -1.59884 -1.42404 -1.4296 -1.07922 -0.650687 0.430319 1.32914 1.36466 1.38385 1.24259 0.735235 0.571713 0.891309 0.82724 0.246834 -0.178813 -0.393571 -0.275422 -0.310847 -0.115702 0.155193 0.165859 0.568613 0.289594 0.200086 -0.134643 0.503242 0.630257 0.682273 0.69349 1.06112 0.643144 1.00474 -0.826577 -1.66132 -2.96244 
-0.630098 -0.833121 -1.25689 -1.10441 -1.25008 -1.08369 -1.07805 -0.721409 -0.528485 -0.31483 0.0588923 0.796493 0.537368 0.299165 0.0894734 0.272134 0.139199 -0.125081 -0.487981 -0.50927 -0.697067 -1.02601 -1.26504 -0.886881 -0.604088 -0.700962 -0.274631 0.396447 0.226204 0.270931 0.265536 0.259878 0.444223 1.13122 1.82542 2.30344 2.18027 1.91928 1.96251 
-1.75969 -1.90683 -1.62373 -1.55324 -1.46309 -1.31456 -1.07732 -1.17985 -0.898698 -0.485173 -0.134528 0.115598 -0.120492 0.0552334 0.255165 0.253278 0.324398 0.324228 0.324001 0.336154 0.667156 0.660029 0.852636 1.24089 0.983219 1.04407 1.47585 1.05349 1.2121 1.48885 1.40446 0.854923 -0.0475786 0.286391 0.640868 -0.0357966 0.0637832 -0.954262 -1.36194 
-0.31632 0.129097 0.175517 -0.113522 -0.290566 -0.221232 -0.0954545 -0.353503 -0.442288 -0.104368 0.345755 0.52995 1.20068 1.60951 1.43126 0.703471 -0.116624 -0.997475 -1.10906 -1.2087 -1.57183 -1.59936 -1.43156 -1.3656 -0.698385 -0.307589 0.344652 -0.183537 -0.557185 -0.376543 -0.168594 -0.513358 -0.175641 -0.551375 0.635946 1.37206 2.24224 2.14359 2.00595 
-0.253701 -0.211753 0.169631 0.092862 -0.0423474 -0.0707457 -0.213284 -0.31595 -0.484864 -0.535625 -0.545716 -0.232792 0.223964 0.21763 -0.164733 -0.963285 -1.47148 -1.65813 -1.31519 -1.37232 -1.22868 -1.00486 -0.729121 -0.966658 -1.01583 -0.862691 -0.24953 0.348653 0.735675 1.19565 0.833657 1.12995 1.46432 1.36829 1.51192 1.36786 1.74507 1.73121 1.77295 
-3.10529 -1.82738 -0.51331 -0.090403 0.259236 0.358551 0.351341 0.12187 -0.215965 -0.210824 -0.0403069 0.360533 0.469524 0.854328 1.12464 1.52948 1.54556 1.78829 1.5397 1.14245 0.989611 0.593347 -0.0961255 0.136198 -0.00559092 0.286168 -0.705602 -1.83403 -1.21525 0.0508584 -0.0766382 -0.578164 -0.633112 0.166979 0.318019 -0.56894 -0.33805 -0.509455 -1.42224 
1.25827 1.36246 1.02063 0.958828 0.68142 0.319284 0.0796719 0.0118203 0.149395 0.26001 0.627341 0.628803 0.18978 0.399775 0.263088 0.0299651 -0.0696295 -0.41082 -0.614029 -0.93343 -1.05323 -1.25901 -1.55948 -1.78772 -2.18823 -2.436 -1.95525 -0.683849 -0.0535065 0.0488177 0.588486 0.949551 0.905424 1.27845 1.23218 0.688901 0.51263 0.229421 0.329779 
-0.11433 -0.382337 -0.595318 -0.301711 -0.150016 -0.0622529 -0.275806 -0.345477 -0.558816 -0.880848 -0.880921 -1.08464 -1.14352 -1.12133 -1.26915 -1.53261 -1.36489 -1.0489 -0.817574 -0.665096 -0.511051 -0.774248 -0.23953 0.119176 0.0646468 0.0585351 0.607688 0.697067 0.90428 1.27445 1.34694 1.66307 2.11707 2.21867 1.09128 0.751979 1.31109 1.09406 0.800372 
2.00654 1.65928 1.05542 1.02361 1.54233 1.30744 1.3177 1.1305 0.570384 0.254411 0.15161 0.203268 -0.0447524 -0.682748 -0.823444 -0.358631 -0.188051 -0.531693 0.136074 -0.109449 -0.023527 0.849084 1.12539 -0.175425 -0.509256 -1.60596 -1.44738 -0.826992 -1.26886 -1.16345 -1.79998 -1.65139 -0.883229 -1.06198 -0.579471 0.036922 -0.0786098 0.816139 0.628187 
-0.247198 0.180523 0.0447487 -0.0713494 -0.247959 0.219564 0.271851 0.222639 -0.291847 -1.04668 -2.17772 -2.06672 -1.1918 -1.32012 -1.97282 -1.73061 -1.16617 -0.463864 -0.0610676 0.0145266 0.0691829 0.0730094 0.942258 1.58176 1.06117 1.30876 0.55509 0.552161 1.02629 0.710011 1.30227 1.61137 1.01885 0.63921 -0.0254319 0.730476 -0.728802 0.785115 -0.110696 
0.395835 -0.379017 -1.51352 -0.839808 -0.92388 -0.827087 -0.0587825 0.149267 0.482269 0.698788 0.717246 0.882142 1.03188 0.258588 0.354504 0.853111 0.905329 1.32562 1.27007 1.43596 1.80889 1.6338 0.688748 0.173074 0.292378 0.470204 0.376773 -0.915276 -0.330269 0.299976 -0.329273 -0.920403 -1.22834 -1.80616 -2.07075 -1.16596 -1.41017 -0.920491 -0.865277 
-0.830087 -0.94115 0.351854 -0.312178 -0.240913 -0.0209436 0.240568 0.262101 0.545519 0.808475 -0.152782 -0.322334 -0.708927 1.30636 1.27464 2.01358 2.48793 2.14617 0.606344 0.693913 -0.293309 -1.00997 -0.263777 0.268757 0.0549321 -0.19643 -1.03539 -1.03922 -0.321864 -1.49175 0.0562898 -0.672906 -1.63472 -0.626935 -1.3986 -0.35699 0.0391526 -1.01656 1.73116 
0.978946 0.978946 0.715057 0.655045 0.502749 0.311896 0.0600263 -0.329532 -0.956695 -1.4135 -1.59134 -0.890487 -0.0365609 0.390201 1.30993 2.29651 2.30978 1.59295 0.923183 0.592245 0.634841 0.563441 0.461464 0.345515 -0.28686 -0.750256 -0.872073 -0.588603 -0.209856 0.0685411 0.257793 -0.346386 -1.0196 -1.41495 -1.44668 -1.38441 -1.1631 -0.624087 -0.624087 
-1.01473 -1.01473 -0.497473 0.114354 0.367554 0.557531 1.0272 1.81771 2.32655 1.19537 0.243633 0.0523642 -0.517328 -0.541413 0.353312 0.460917 -0.512852 -0.904067 -0.508448 0.0799195 0.27395 0.357257 0.688684 0.489085 0.631751 0.318322 -0.214287 -0.274562 0.512451 1.01204 0.37815 0.252863 0.594343 0.129974 0.123449 -1.40574 -2.70014 -2.12649 -2.12649 
-1.37484 -1.37484 -0.716296 -0.201136 -0.175379 0.104902 0.457328 0.804262 0.539392 0.874306 1.84487 0.672574 -1.13502 -1.04345 -0.263834 -0.121648 -0.949568 -1.37556 -0.92544 -0.601076 -1.17099 -1.26589 0.0439715 1.0106 0.130638 0.39653 1.8191 0.713992 -0.446269 -0.140902 -0.234236 0.11724 1.40033 2.34479 1.95766 0.443563 -0.925386 -0.617151 -0.617151 
0.240103 0.240103 0.628895 0.28421 0.423604 0.68637 0.237875 0.31631 1.2382 1.36235 1.07045 0.0223002 -0.11061 0.668303 0.351014 0.120905 0.123973 -0.0034815 0.0185314 0.61024 0.575799 0.32857 1.03489 0.230501 -0.354389 0.877259 0.0140647 -0.473928 0.774963 0.340851 -1.13523 -2.5967 -1.0184 1.22707 -0.578332 -1.03368 -1.64353 -2.5497 -2.5497 
0.486696 0.486696 -0.468853 -0.759586 -0.293332 0.100648 -0.325286 -0.604438 0.170933 0.872067 0.672067 0.959084 1.25134 0.146789 -1.33198 -2.16704 -2.36618 -1.44439 -0.428008 -0.755278 -0.661463 0.0293044 0.150935 0.800682 1.2233 1.20382 0.00819644 -1.32651 -0.404305 0.352369 -0.331199 -0.162367 -0.202659 0.9027 2.34925 1.93663 0.850588 -0.460614 -0.460614 
0.608724 0.608724 0.375589 -0.638878 -0.543888 -0.558281 -0.704126 -0.75592 -0.65399 -0.342101 0.372089 1.28887 0.661921 -0.98591 -2.54164 -2.78875 -1.5871 0.0843156 0.338658 -0.0527092 0.499003 0.758417 -0.147586 -0.78564 -0.0184345 1.28224 2.15619 1.71211 1.44071 -0.0301882 -0.351621 1.01588 0.245435 -0.129139 -0.223446 0.235255 0.490932 -0.167846 -0.167846 
2.50138 2.50138 1.63775 0.663571 0.336711 -0.0237431 -0.355848 -0.689812 -0.452832 0.0606551 0.46035 0.398203 0.382005 0.544953 0.565195 0.308395 0.144643 -0.122701 -0.769136 -0.672418 -0.671429 -1.21348 -0.578543 -0.0253284 0.0347073 -0.823857 -2.25839 -0.631574 1.78715 1.03333 -0.752152 -0.678871 0.635891 0.84396 -0.860128 -0.779472 -0.0566911 -1.21191 -1.21191 
-0.282639 -0.282639 -0.552292 -0.447654 -0.935525 -0.874126 -0.396077 0.216643 0.506554 0.879781 0.702467 -0.607413 -0.268663 0.222466 -0.497355 -0.4371 -0.612651 -0.780967 -0.74557 -0.610077 -0.4255 -0.718998 -0.755488 -0.917988 -0.949715 0.481842 2.94966 3.19267 1.29356 1.14627 1.56658 0.61823 0.637667 0.634187 -0.854317 -1.0655 -0.643019 -0.19365 -0.19365 
-1.03022 -1.03022 0.089182 0.816051 0.405766 -0.322244 -0.636039 -0.635611 -1.13861 -0.713535 -0.477726 -0.594928 -0.144632 -0.32192 -0.891292 -0.26235 0.89262 1.01938 0.693466 0.539439 -0.28908 0.469673 1.70924 0.534762 -0.192388 1.01086 1.2012 0.519646 1.07931 0.81079 0.703078 1.46349 1.03589 -2.11612 -2.99491 0.366601 0.610307 -1.08947 -1.08947 
-1.20178 -1.20178 -0.774818 0.744629 0.469752 -0.218465 -0.153908 -0.925933 -1.10023 -0.481241 0.0163554 -0.180203 -1.11366 -0.968396 0.524277 0.945594 -0.148666 0.524287 0.657093 -0.130446 1.38297 1.64065 -1.30111 -2.12694 -1.85068 -1.18419 1.13993 0.327209 -0.369831 -0.633297 -0.574847 1.32641 0.883349 0.49672 1.57296 0.763502 1.14026 1.04224 1.04224 
0.330756 0.330756 -0.389855 -0.443965 0.329387 0.632695 -0.0520255 -0.803053 -1.73806 -2.55506 -1.40775 1.25034 0.933207 -1.09103 -0.600032 1.01279 1.62245 1.40826 0.577811 0.116493 0.0213945 1.1008 1.94314 0.101466 -0.417855 -0.7267 -1.05866 0.568281 0.153065 0.309605 1.13829 -0.431667 -1.34431 -1.43987 0.064835 -0.988131 0.0163008 0.762946 0.762946 
-2.24894 -2.24894 -0.466955 0.825255 0.115546 1.16412 1.30098 0.765484 0.775902 0.38896 0.325454 0.486954 -0.667181 -0.733394 0.831263 0.777506 0.68117 0.548595 0.23563 0.762739 0.343271 -1.27807 -1.69704 -0.387706 0.465419 0.203718 -1.60448 -0.769886 1.59487 0.101123 -1.40138 -1.00611 -0.989733 -0.936406 0.887447 0.912513 0.40187 0.770215 0.770215 
1.01545 1.01545 0.477866 -0.709884 0.149525 0.334479 0.141563 0.16286 0.397567 -0.812481 -1.23296 -0.674281 1.44977 1.79477 0.553938 1.04593 -0.00470357 -1.96284 -1.54546 -1.00823 -1.79009 -0.104897 1.10955 0.176236 -0.585853 -1.19359 -0.952952 0.560064 -0.573543 0.234026 0.662452 -1.77758 -0.0889146 0.095945 0.128828 1.26415 -0.774826 1.51133 1.51133 
-0.231073 -0.231073 -0.304546 -0.167922 -0.328113 -0.450022 -0.693301 -1.15278 -1.23512 -0.684996 0.732349 1.99555 1.65998 1.74055 2.42594 1.31614 -0.769375 -1.60562 -1.13317 -0.261011 0.0567444 -0.120259 -0.1748 -0.824174 -1.24956 -0.624476 0.289925 0.902773 0.896562 0.664561 -0.415991 -1.47192 -1.21625 -0.43087 0.129397 0.439193 1.02289 0.751938 0.751938 
0.566891 0.566891 1.20178 0.927764 0.490015 0.714646 1.33781 1.37845 -0.615663 -2.13128 -1.15595 -0.759506 -0.586021 0.933589 1.07024 -0.868673 -1.38629 0.0347045 1.05121 0.842022 0.317925 0.4605 0.166932 -0.0289436 -0.147063 -0.847789 -0.585094 0.784263 1.36523 -0.109227 -0.757654 0.254476 -0.0973854 -0.458507 -1.56346 -2.89987 -0.717775 0.625405 0.625405 
0.478027 0.478027 0.891979 0.383507 0.194773 0.457265 0.510823 0.0147997 0.0051413 0.997863 -0.213241 -2.4456 -1.43003 0.64889 0.689562 -0.602157 -1.05871 -0.031753 0.571188 -0.248449 -0.585346 0.925127 1.77811 0.0184985 -0.544574 1.3056 0.203952 -1.87145 -0.738083 0.119236 0.156286 1.2623 1.73879 0.396696 -1.57886 -2.36779 -0.903468 0.196537 0.196537 
0.475797 0.475797 0.174948 -0.0427317 0.487465 -0.0256571 -0.186546 1.00955 1.04945 -0.00996294 -1.03317 -0.894402 0.700296 0.539366 -0.34133 -0.0617151 0.0278835 0.0444189 0.67212 0.622846 -0.109397 0.537154 0.0508545 -1.07614 0.700955 0.458045 -1.04289 0.80058 0.847608 -1.53081 -2.42751 0.238422 3.47392 0.520555 -1.83679 -0.793275 -1.18676 -0.654478 -0.654478 
-0.673993 -0.673993 -0.904838 0.224087 0.767756 0.0593503 -0.475122 0.478725 1.25708 0.482627 0.153814 0.544672 -0.560247 -1.96646 -1.75248 -0.736437 0.658511 1.62365 0.631882 -0.100643 0.707688 0.729774 0.697203 0.936193 0.404819 -0.880084 -1.92439 -0.242808 1.41777 0.142769 -0.323983 0.186784 0.930395 2.11096 0.905674 -1.10523 -1.81871 -0.956384 -0.956384 
-0.133341 -0.133341 -0.926989 -0.670288 0.112101 -0.0763113 -0.105572 0.0882696 0.37279 0.851779 1.325 0.275791 -1.73058 -2.45719 -1.36137 0.795808 2.29673 1.55563 -0.0581515 0.17449 0.683615 -0.456798 -1.15891 0.150086 1.66681 1.75032 0.385347 -0.510699 -1.314 -1.35314 0.867413 0.516142 -0.846731 -0.317773 0.334123 0.607926 -0.26631 -0.466334 -0.466334 
-0.50311 -0.50311 -1.29178 -0.857218 -0.360362 -0.364609 -0.343163 0.117557 0.803636 0.935367 0.469345 0.132646 0.314879 0.34438 0.00456053 -0.144398 -0.152934 -0.543704 -0.248967 0.275174 -0.241958 0.271272 1.15798 0.692548 -0.4504 -1.66037 0.351742 3.47126 1.54395 -1.8597 -1.19009 1.31981 1.42893 -1.01507 -1.11822 0.84652 -0.154024 -0.739173 -0.739173 
-0.250537 -0.250537 -0.156515 -0.352595 -0.391447 0.476479 0.971868 0.802815 0.58762 0.167797 -1.34456 -0.880849 0.737446 -0.213732 -0.600893 -0.11184 -0.317222 -0.127675 0.145311 0.279357 -0.106111 -0.304751 -0.187043 -0.182764 1.24957 3.49554 2.42757 -1.49633 -1.84703 0.237076 -0.482707 -0.842911 0.00609657 -1.34886 -1.53549 0.18162 0.775155 0.395539 0.395539 
0.769891 0.769891 1.26193 0.226437 -0.75842 -0.693103 -0.199998 -0.328079 -0.0406193 0.459508 0.0924199 0.237613 0.196939 -0.493309 0.0524555 1.21972 0.879778 -0.122684 -0.312759 -0.652988 -0.0350967 1.36486 0.0561915 -1.27515 0.33442 0.955495 -0.320392 -0.0703777 0.209216 -0.242555 0.453962 0.237424 -2.41102 -2.71646 1.69277 2.45263 -0.973532 -1.1385 -1.1385 
0.227649 0.227649 1.36754 0.841019 -0.815174 -0.56053 -0.623403 -0.802591 0.24095 0.745005 0.13318 -0.940401 -0.683964 1.13613 1.34322 -0.597503 -0.408725 0.511823 -0.583841 0.451894 1.23602 -2.10626 -2.91912 -0.504946 0.614592 2.1509 1.0412 -1.22528 -0.813233 -0.246463 1.37752 1.00128 -0.715097 0.42469 0.107481 -0.417272 0.116451 -0.166195 -0.166195 
-0.504482 -0.504482 -0.5412 0.472567 0.715103 -0.27431 -0.989756 -1.1596 -1.20436 0.208651 2.56676 1.57302 -1.60429 -1.05591 1.4121 1.49263 0.252863 -0.72436 -0.892052 -0.393063 0.652437 1.28856 -0.693619 -1.6176 -0.577466 -0.45033 0.86325 0.806757 -0.191024 0.653056 -0.518502 -1.70012 -0.699632 0.940717 0.291044 -0.0484267 1.17275 0.491163 0.491163 
1.13979 1.13979 2.07671 0.270108 0.0934563 0.707264 -0.441263 -0.532943 -0.425233 -0.478832 -0.0811846 -0.871945 -1.03705 0.934211 0.943243 -0.26106 -0.318207 -0.475273 0.00303017 -0.0741897 -1.63192 -1.63156 0.493325 1.41566 0.276576 -1.65302 -0.858146 2.16745 0.47929 -2.32466 -0.955032 0.146228 -0.101698 1.20881 1.18832 -0.504302 -0.255408 0.114833 0.114833 
-0.431074 -0.431074 -1.2734 -0.282682 0.690808 -0.0554769 -0.171539 0.131722 -0.74152 -1.20616 0.0481786 1.8527 1.70117 -0.685135 -0.580895 -0.446006 -2.18358 -1.1425 0.627159 -0.223314 0.590794 2.00652 0.149542 -1.25217 -1.02128 -0.310169 1.19382 0.219238 -0.281049 0.826709 -1.47641 -0.582682 1.27883 0.104588 0.778633 -0.69068 0.125467 1.57146 1.57146 
