22
1.36243 1.26835 1.35804 1.18621 0.736997 0.241923 -0.203237 -0.595658 -0.663519 -0.557283 0.0990857 0.626942 0.742064 0.713425 0.52086 0.24292 -0.163894 -0.64486 -1.12651 -1.41779 -1.66706 -2.05944 
-1.17613 -0.488161 -0.485943 0.104426 0.753468 0.109812 1.00064 1.32678 1.33855 1.22305 1.22554 0.524973 0.351947 0.0213825 -0.407023 0.181022 0.363546 -0.170944 -0.821274 -1.51939 -2.52962 -0.926647 
0.236169 0.108285 -0.281752 -0.714051 -1.62327 -0.532669 -0.924609 -1.31659 -0.658871 -0.340688 -0.249593 0.139871 0.262516 -0.159443 -0.277652 -0.263291 -0.242757 -0.253877 0.803686 2.02907 2.07852 2.18099 
1.92846 1.93453 1.85865 1.54409 0.774159 0.358635 0.336304 -0.277644 -0.449209 -0.453296 -0.61096 -0.695708 -0.951052 -0.937331 -0.938313 -0.836539 -0.104469 -0.553401 -0.203165 0.155139 -0.883584 -0.995296 
-0.596311 -0.89382 -0.649559 0.286928 1.0196 1.09743 0.74522 1.18416 0.885881 1.3176 0.385389 -0.471341 -1.61328 -1.53023 -1.38436 -1.25622 0.0517001 -0.380135 -0.174346 1.8648 -0.216685 0.327576 
-1.51425 -1.20012 -1.00399 -1.02696 0.610706 0.470179 1.22997 1.32214 0.999179 1.66374 1.45082 0.884477 -0.248707 -0.870799 -0.389963 -0.645214 -0.370844 -0.840627 -0.260719 0.759503 -1.31531 0.296801 
-0.712006 -0.498687 -0.526023 -0.937335 -0.615578 0.477921 0.62245 1.32999 2.03856 1.56912 0.798966 -0.43224 -1.33256 -1.03418 -0.903357 -1.17086 -0.862513 -0.572548 -0.0107712 0.547354 1.16189 1.06241 
0.00664837 0.292607 -0.274374 -0.222741 -0.303288 -0.170003 0.0132851 -0.0670248 -0.0273782 -0.0405064 -0.603765 -0.658074 0.559994 1.54293 2.30558 1.54793 0.365701 0.444426 -0.242944 -1.39885 -0.440104 -2.63004 
0.932361 0.427058 1.03129 1.64416 1.4446 1.75214 0.279078 -0.373349 -0.0595882 -0.954067 -1.19394 -2.01649 -1.5914 -0.396949 -0.827166 0.207244 -0.177198 0.734699 0.133473 -0.205979 -0.53839 -0.251573 
-1.17644 -1.01499 -1.14047 -1.25834 -0.482131 0.0917442 -0.791916 -1.1651 -0.94337 -1.17242 -0.735355 -0.150269 0.737571 1.0017 1.39524 1.40994 0.710515 0.651447 1.11971 0.767688 0.856926 1.28831 
0.451751 -0.432825 -0.839547 -1.44375 -1.9533 -1.12589 -1.3616 -1.12621 0.308635 0.0345508 0.555438 0.140633 -0.285517 0.582742 0.850953 1.38577 -0.122 2.0247 0.0165016 0.43178 0.998646 0.90852 
-1.78521 -1.40362 -1.07974 -0.692716 -0.825866 -0.224533 0.125909 0.0198302 0.629382 0.707591 0.658559 1.46185 1.21045 1.5832 1.58762 1.05252 -0.463604 -0.89736 -0.940213 -0.640101 -0.220117 0.136156 
1.31338 1.48948 1.42351 1.19581 0.249311 -0.466736 -0.168579 0.0306309 0.619001 0.0241849 -0.830154 -0.748589 -1.92137 -1.83427 -1.22366 -0.851263 -0.673252 -0.199312 0.424854 0.878014 0.379864 0.889149 
0.527953 0.527953 0.397198 -0.509071 -1.05265 -1.04584 -0.873212 -0.238713 0.59987 1.8178 2.52683 1.61662 0.680773 0.16334 -0.255905 -0.616205 -0.95763 -1.08349 -0.764485 -0.373691 -0.543723 -0.543723 
0.868244 0.868244 0.749448 1.53675 0.0347202 0.32902 1.50943 0.439452 -0.0980899 -0.10939 -0.821524 -1.03515 -0.584796 -0.895638 0.222474 0.966085 -0.400241 -1.41397 -1.61314 -2.0512 0.749639 0.749639 
-0.843088 -0.843088 -1.22093 -1.86535 0.0249004 0.666956 -1.17325 0.129605 1.01107 0.307768 0.396245 0.435405 -0.571748 -0.870701 -0.329132 -0.156922 -0.188551 1.09863 2.6334 1.38211 -0.0116674 -0.0116674 
0.445014 0.445014 -0.133467 -1.38569 -1.56784 -0.219022 -0.577018 -0.846267 0.254044 0.279126 0.133596 -0.0426394 0.13502 0.59394 0.752805 2.07538 1.08179 0.392888 1.8493 -0.656656 -1.50466 -1.50466 
-0.0480042 -0.0480042 1.05454 1.49092 0.723737 -0.245581 0.0770605 0.125248 0.118793 -0.447604 -1.5988 -1.78619 -0.946521 0.204108 0.2444 1.28266 0.782327 -0.202394 2.00537 -0.0382573 -1.3739 -1.3739 
0.47156 0.47156 0.102745 1.67992 1.5513 0.590827 0.845418 -0.339205 0.28704 0.407431 -0.939284 -1.94613 -2.00713 -0.241248 0.160108 -0.065784 -0.300502 0.0337841 1.66398 -1.24052 -0.592939 -0.592939 
-0.00203254 -0.00203254 -0.630992 -0.279481 1.23576 1.0573 0.668666 1.23662 0.0514861 -1.43749 -2.20454 -2.3356 -0.795413 0.242872 -0.326938 -0.148178 0.413157 0.66834 0.938358 0.991481 0.329326 0.329326 
-0.0588009 -0.0588009 -0.29182 0.191901 0.273099 0.535463 0.323058 0.180218 0.247025 -0.352519 -0.39347 1.37793 2.40938 1.95651 0.225628 -1.70841 -0.876695 -0.384598 -1.61235 0.0245944 -1.00367 -1.00367 
0.221832 0.221832 1.49908 0.580939 0.232167 -1.2225 -2.31903 -0.278017 -0.554504 -1.1869 -1.10474 -0.345174 1.95877 0.981787 0.798976 0.851264 0.711321 0.463697 -0.965673 -0.658616 0.0567489 0.0567489 
-0.270896 -0.270896 -0.676712 0.633348 1.63838 -0.773243 -2.14922 -0.543204 -0.33379 -0.0209296 1.16192 1.81686 1.35054 0.632381 0.26999 -1.318 -1.42518 0.271364 -0.154269 -0.704953 0.433252 0.433252 
-1.43263 -1.43263 -1.13289 -1.24282 0.287625 0.580381 -0.0525116 1.73338 1.18873 0.21167 0.0612337 -0.951193 0.420461 1.16277 0.806304 -1.09231 0.630874 0.0958908 -1.75508 0.997785 0.457484 0.457484 
0.611753 0.611753 0.618447 0.0558711 0.319672 0.914938 0.044168 0.363112 0.589956 -0.22071 0.671816 0.422717 -0.107252 0.207633 -0.909859 -2.78152 -2.65678 -0.843294 0.0600413 0.629758 0.698889 0.698889 
0.207523 0.207523 -0.273128 -1.32125 -1.90254 -0.420996 0.668455 1.0139 0.0687552 -1.64853 -0.843421 -1.22247 -1.21588 0.906922 1.24652 0.731596 0.852459 1.38353 1.35879 0.0228753 0.0896824 0.0896824 
-0.0190217 -0.0190217 -0.895959 -1.29543 -0.411897 0.281134 0.888508 1.53291 2.09746 1.9721 -0.0871614 -1.67881 -1.29875 -0.798862 -0.646813 -0.571512 -0.344658 0.294396 0.794326 0.321119 -0.0570274 -0.0570274 
-0.162541 -0.162541 0.394029 -0.583826 -0.932345 0.963962 -0.000492698 -1.21497 -0.466556 -0.589981 -0.733012 0.0887904 0.0200646 0.492125 1.23755 -0.518779 -1.76111 -0.935998 -0.529039 1.59177 1.90145 1.90145 
-0.270364 -0.270364 -0.737585 0.90685 1.83958 -0.865111 -0.38601 1.58729 0.132759 -0.442184 0.0961255 -0.698238 -0.94338 0.179489 0.521095 0.105511 0.913897 2.04958 0.209118 -1.91417 -1.00695 -1.00695 
-0.281926 -0.281926 -1.33138 -0.999232 1.18063 1.03327 -0.322794 0.899376 1.14605 0.101939 -0.0667799 0.204077 0.736384 0.720634 1.44444 0.478599 -1.20717 0.846115 -0.676712 -2.60799 -0.507806 -0.507806 
0.903571 0.903571 1.22319 -0.146243 -1.17581 -0.377597 0.367647 0.12661 -0.323527 -1.16196 -0.884367 0.573786 1.55378 0.968301 0.885996 0.490034 -0.99164 0.991826 0.216261 -2.37901 -0.882212 -0.882212 
-0.221973 -0.221973 1.00765 1.19492 -0.783533 -0.484767 -0.659519 -0.369764 0.647675 -0.890519 -1.76936 -0.766965 1.39476 1.75523 0.202367 -0.29354 0.143196 1.59715 -0.927927 -1.69401 0.570447 0.570447 
-0.488266 -0.488266 -0.202403 1.54135 1.11036 -0.437955 0.169056 -0.478686 -2.15146 -1.81146 -0.707152 1.16918 2.12015 0.404212 -0.294788 0.625104 0.687254 0.450343 0.28602 -0.47206 -0.515262 -0.515262 
-0.0680772 -0.0680772 0.298667 0.536898 0.369071 0.14647 -0.160745 0.0509453 -0.295315 -0.377014 1.42057 2.23364 0.54726 -1.54707 -2.67005 -0.727159 1.11227 -0.449162 0.41883 0.570076 -0.67101 -0.67101 
0.878624 0.878624 0.207315 -0.981569 -1.37386 -1.92059 0.635323 1.23491 -0.719794 -0.457561 0.560189 2.18467 0.914974 -0.90325 -0.150685 -0.119341 -0.338626 -1.28141 -0.875844 0.692306 0.467797 0.467797 
-0.328788 -0.328788 0.527334 1.44932 -0.982793 -2.53878 0.0867422 1.12279 0.277717 0.913859 1.13741 0.0596701 -0.837645 -0.769724 -1.33816 -1.17138 0.97506 0.766949 -0.70161 0.320356 0.680227 0.680227 
0.105789 0.105789 0.0220316 0.959748 1.26657 -0.381751 0.755917 0.823154 -1.28203 -0.981668 -1.00861 0.151116 1.4881 0.171396 -1.8408 -0.256256 0.782734 -1.94053 0.564591 1.56323 -0.534262 -0.534262 
-0.00393835 -0.00393835 -0.477929 -0.261307 0.714218 -0.241701 -0.474512 0.450269 -0.50147 0.0593919 0.532533 -0.665972 -0.190794 -0.685805 -2.52805 -1.48142 1.62345 2.27944 1.23152 0.528675 0.0486671 0.0486671 
-0.333391 -0.333391 -1.10797 -1.18235 0.687123 1.92183 1.08224 -0.421371 -1.94577 -0.652297 0.336688 -0.253436 1.59548 1.84158 -0.107751 -0.269401 0.503608 0.396009 -0.983729 -0.916079 0.0711904 0.0711904 
