22
1.07464 1.12927 1.20911 1.2675 1.03857 0.505657 0.0487224 -0.18092 -0.216372 -0.0679812 0.20836 0.412723 0.576724 0.592617 0.375967 0.0236985 -0.276999 -0.819429 -1.27934 -1.59315 -2.006 -2.02337 
-1.51844 -1.36992 -1.25838 -1.08554 -0.0432947 0.473042 0.155166 0.4274 0.995912 1.28754 1.69676 1.61035 1.06368 0.426635 0.148175 0.0578178 0.166092 0.494501 -0.649555 -1.45964 -0.929127 -0.689174 
-0.446351 -0.823216 -0.931841 -0.981731 -1.36889 -0.794593 -1.36158 -0.678221 -0.469021 -0.807354 -0.617033 -0.0825309 0.389104 0.465613 0.522907 0.919061 1.34713 1.02981 2.00882 1.85382 0.550383 0.275706 
1.65922 1.66701 1.58387 1.49117 1.05754 0.837367 0.574195 0.568141 0.116642 -0.313754 -0.426112 -1.11354 -1.26686 -0.919664 -1.11196 -0.961627 -0.693608 -0.862095 -0.419075 -0.513605 -0.465337 -0.487911 
-2.22334 -1.96931 -1.31183 -0.846847 -0.362337 -0.15188 0.271975 0.550469 0.716925 0.403315 0.295232 0.485886 -0.130507 -0.919583 -0.291698 -0.00180125 0.933877 1.50138 1.65792 1.15705 0.0171373 0.217968 
-0.535221 -0.884204 -1.71696 -1.55037 -0.711256 0.72598 1.63331 1.6655 0.697998 0.302843 0.192364 -0.242336 -0.285794 -0.664727 -1.21394 -0.815894 -0.0792632 -0.35181 0.928168 0.287517 1.6742 0.94389 
0.577699 0.281245 -0.0241983 -0.578289 -0.669694 -0.196104 0.366187 0.895091 0.919326 1.33528 1.20122 -0.0427604 -1.09808 -1.6031 -1.39769 -1.27473 -1.25296 -0.947481 -0.0118143 0.442808 1.50935 1.56871 
0.0457225 0.689239 0.726934 -0.442385 -2.18466 -1.40849 -1.06727 -0.339691 -0.0435343 -0.484692 -0.69066 0.217737 1.2092 1.02203 0.998046 0.872127 1.38421 -0.0375326 0.548583 0.591655 -2.00829 0.401719 
0.827063 0.966062 1.33483 1.65287 1.75308 0.729928 1.03863 0.0681984 0.47062 -0.154641 -0.75174 -0.573282 -1.08757 -0.807095 -0.471511 -0.244024 -0.48619 -2.07054 -0.382579 -1.06342 0.274977 -1.02366 
-1.72645 -1.37135 -1.30861 -0.816071 -0.462272 -0.55694 -0.327828 -0.521376 -0.783729 -0.905925 -0.771223 -0.299319 0.280501 0.832061 0.774228 1.24658 0.780516 1.01885 1.23144 1.4834 1.20548 0.998029 
1.79704 1.6144 1.13422 1.04804 0.901932 -0.448586 -0.251143 0.919821 0.350086 -0.917964 -0.879859 -0.500144 -0.60832 -0.0954909 0.497825 0.444934 0.0399666 -0.540505 -0.239064 -1.63163 -2.19954 -0.436024 
-1.70777 -1.33622 -1.23293 -0.900822 -0.0535221 -0.641119 0.346506 0.256253 -1.05197 -1.05606 -0.381506 1.04594 1.53443 1.40515 1.08525 0.748001 -0.397699 -0.337764 0.460747 -0.323383 1.15066 1.38782 
1.31047 1.15661 1.18199 0.948454 0.507905 0.249056 0.238159 0.0732166 -0.226811 -1.10071 -1.36471 -1.42692 -1.55806 -1.66587 -1.24437 -0.529615 -0.108705 0.165522 0.772801 1.18448 0.739947 0.697169 
0.897937 0.897937 0.905781 0.262866 -0.968378 -1.44314 -0.811652 0.065964 0.853108 1.50233 1.61887 1.38496 0.992524 0.199926 -0.566663 -0.741668 -1.13763 -1.46915 -0.993097 -0.8951 -0.27787 -0.27787 
0.185968 0.185968 0.21505 1.32816 1.73899 0.11229 -0.179655 0.880459 0.903656 0.713142 0.261005 -0.882227 -1.54078 -1.22001 -0.566171 -0.103639 0.397203 -1.10058 -2.4622 -0.459434 0.796401 0.796401 
-0.629912 -0.629912 -0.20694 -0.567247 0.240197 0.00757459 0.148654 1.15272 -0.16893 -0.193353 0.935744 1.29965 0.707192 0.171202 0.584694 1.06432 0.141385 0.854081 1.06405 -1.88851 -2.04333 -2.04333 
0.307363 0.307363 0.0529931 -0.83416 -1.15682 -0.725342 -0.183377 -0.660067 -1.73416 -0.875729 -1.52632 -1.63001 0.988819 0.890176 0.391867 1.557 0.750019 1.19298 1.38018 0.380986 0.56312 0.56312 
0.799997 0.799997 1.03718 0.842693 0.556515 0.488317 0.564816 0.275404 -0.390339 -0.699022 -0.132043 -0.703572 -1.80515 -0.406121 0.807042 1.15312 1.46525 0.589204 -0.612038 -2.06973 -1.28076 -1.28076 
-1.25034 -1.25034 -0.769759 0.788636 1.97304 2.03663 0.726943 -1.02064 -1.41898 -0.620122 -0.656983 -0.594511 -0.542529 -1.01395 -0.289715 0.908852 0.283778 0.790245 0.447125 0.546588 0.463016 0.463016 
-0.69738 -0.69738 -0.944661 -0.739226 0.247148 0.874569 0.92766 0.41123 0.30282 0.150887 -1.44233 -2.32656 -1.6173 -0.407242 0.19549 0.0192348 0.194424 1.07159 1.21473 1.34035 0.960972 0.960972 
0.65306 0.65306 -0.893874 -2.41276 -0.752631 1.02526 0.983796 0.94534 -0.0519663 -0.480441 0.671166 1.69296 0.758088 -0.108414 -0.0561486 0.40129 -0.704467 -0.641293 0.608667 -2.11007 -0.09031 -0.09031 
0.846917 0.846917 1.10031 0.720235 -1.17791 -0.882853 -0.808232 -0.675586 -0.187084 -1.60168 -0.464196 -0.346994 -0.202614 1.00018 0.92519 0.107519 -2.45672 0.274932 1.55365 1.05891 0.184553 0.184553 
0.381034 0.381034 0.672047 1.28834 0.0449581 -0.219064 -0.428441 -1.4691 -1.31802 -0.477266 0.780724 1.72325 1.89192 0.541707 0.373987 -0.49043 -0.985949 0.45108 0.479912 -0.558719 -1.5315 -1.5315 
-0.405993 -0.405993 -0.31098 0.0180855 -1.2273 -0.888899 1.59478 0.839103 -1.56334 -0.964616 0.658444 0.514357 0.645475 1.33645 0.779211 -0.204106 -0.723776 -0.0279588 -0.827873 -1.68419 1.42456 1.42456 
0.114472 0.114472 0.0773745 0.777017 -0.0878414 0.0441164 0.511801 -1.64713 -1.56611 0.298422 1.64459 1.46963 0.00573934 -0.754449 -0.950022 -1.72657 -1.35307 0.475197 -0.318533 0.316713 1.2771 1.2771 
-0.0796213 -0.0796213 -0.1978 -0.888921 -0.926475 -0.289158 -0.149863 -0.578741 -1.63036 -1.57692 -0.372911 -0.175831 -0.243482 0.576269 1.79641 1.79553 1.14208 1.41853 1.62242 0.0622305 -0.611886 -0.611886 
0.0842985 0.0842985 -0.543536 -1.75356 -1.58935 0.229688 1.55034 1.70235 1.47931 0.824443 -0.0379774 -0.535021 -1.0806 -1.44598 -0.842869 -0.480931 -0.633776 0.217776 0.637218 0.775088 0.67939 0.67939 
-0.0592102 -0.0592102 0.717848 0.984342 -0.928307 -1.41891 0.456742 0.676742 -0.196315 -0.528144 -1.19323 -1.33733 -0.315315 0.600856 0.699819 0.593014 -0.775471 -2.07565 0.368067 2.1953 0.79718 0.79718 
0.469276 0.469276 0.155738 0.490303 0.601414 0.0215467 1.09771 -0.175153 -1.07014 1.06249 1.40041 -0.0976779 -0.880763 -0.00539034 0.878395 -0.284558 -0.0817435 0.904105 -2.28539 -2.60282 -0.0335141 -0.0335141 
-0.265365 -0.265365 -1.1235 -1.18956 0.0859447 0.922289 0.0438265 -1.51938 -0.227923 0.181722 -0.748928 2.41357 2.41845 -0.596743 0.625706 0.327125 -0.371434 0.590233 -0.80475 -0.809648 0.156863 0.156863 
0.329013 0.329013 0.160487 -0.293009 -0.183577 0.130684 -0.0609982 -0.704156 -0.720854 0.347306 0.119549 -1.32626 0.381234 2.38697 1.47458 0.693831 -0.365141 -1.67649 -2.18048 -0.45596 0.807134 0.807134 
0.242256 0.242256 1.47291 2.02871 0.848274 -1.12128 -2.55155 -1.83187 0.179032 0.464486 -0.117027 -0.0468689 -0.468483 0.0623929 1.38117 0.31563 -0.230914 -0.0082585 -0.329667 -0.124704 -0.203248 -0.203248 
-0.346449 -0.346449 -0.153859 1.00266 1.39827 0.523334 -0.548999 -0.700403 -0.358696 -1.75066 -2.43718 -0.27866 1.68468 1.58481 0.285182 -0.115629 0.871926 0.841884 0.137325 -0.352523 -0.470284 -0.470284 
-0.922677 -0.922677 -1.85644 0.115165 2.14193 1.09584 -0.0208011 -0.608423 -0.848195 0.472893 1.36447 0.0817705 -1.0791 -0.472236 0.341683 -0.370234 -0.612616 0.835609 -0.87463 -0.401378 1.27002 1.27002 
0.230151 0.230151 -0.0257475 -1.47435 -1.01979 0.308449 0.199096 0.477758 -0.563979 -0.12703 0.904308 0.235666 0.966584 0.818884 -0.541474 -2.21745 0.172263 2.75968 0.587391 -0.862248 -0.52915 -0.52915 
0.393271 0.393271 0.882049 -0.33487 -1.03304 -0.212979 -0.828927 -0.543047 0.949089 1.82697 1.90768 1.04375 -0.774602 -1.04139 -0.65611 -0.916085 0.909175 1.32503 -0.638395 -1.43277 -0.609036 -0.609036 
-0.124775 -0.124775 0.0644137 -0.706217 -0.700849 1.44309 0.814073 -1.99509 -1.21641 1.09796 0.670901 -0.186857 0.293242 -0.102512 -1.06511 -1.04351 -0.0781287 -0.239248 -1.13161 1.11559 1.60791 1.60791 
-0.128347 -0.128347 0.357677 -0.217348 -0.611704 0.31398 -1.27744 -1.54605 1.24895 2.12781 0.711029 -1.24104 -1.64758 -0.766519 -0.777887 -0.382566 1.42694 0.616093 -0.212671 1.00587 0.564579 0.564579 
-0.0318571 -0.0318571 -0.683686 -0.607646 0.645268 0.812063 -0.193516 -1.31672 -0.861831 1.26556 1.40104 0.201674 0.788944 2.00352 1.22955 -0.537524 -0.275967 0.532635 -1.19959 -2.02768 -0.556189 -0.556189 
