47
0.61495 0.696708 0.746511 0.8341 0.882341 0.819705 0.90465 0.990738 0.972288 0.963293 0.918947 0.874247 0.885576 0.814643 0.893157 0.932721 0.815012 0.84579 0.839262 0.791105 0.706237 0.934199 1.05545 0.241468 -0.578676 -0.822997 -1.0823 -1.37896 -1.48199 -1.43303 -1.07934 -0.486479 0.000344594 0.121048 0.134172 0.0786041 0.0548663 -0.149506 -0.791823 -1.62837 -1.25563 -0.274193 -0.63627 -1.37539 -1.81017 -1.84276 -2.25424 
-0.420214 -0.451938 -0.493627 -0.615915 -0.661091 -0.720176 -0.938323 -1.14003 -1.30034 -1.35746 -1.30555 -1.21705 -1.35566 -1.3436 -1.51857 -1.47089 -1.22228 -1.08461 -0.79282 -0.624402 -0.398927 0.245248 1.13235 1.26903 0.886364 0.936831 0.931334 0.492987 0.394792 0.174595 0.389741 0.842186 1.11646 1.18344 0.898293 0.929893 0.979187 0.857611 0.669372 0.454637 1.02784 2.27262 1.71628 0.705948 -0.0021893 0.152764 -0.224146 
0.72686 0.684738 0.55874 0.507629 0.375155 0.545206 0.681099 0.595286 0.688362 0.489577 0.56678 0.705341 0.908306 0.835867 0.876957 0.684231 0.732732 0.537757 0.282086 0.273334 0.111899 -1.28691 -2.48115 -2.15088 -0.711573 -0.327581 0.157275 0.506362 1.37921 1.23726 0.44794 -0.119674 -0.726328 -0.480152 -0.679461 -0.834586 -0.991484 -0.439562 0.457243 1.9307 0.261312 -2.66296 -2.18272 -0.74759 -0.413679 -0.963864 -0.545079 
0.79207 0.883303 0.917546 0.982626 0.9977 0.950491 0.869493 0.873617 1.00799 1.11844 1.05142 0.922599 0.917631 1.10569 1.13621 1.03024 1.07755 0.957592 0.96052 1.09034 1.03307 0.147531 -0.778375 -0.525108 -0.157824 -0.237951 -0.437925 -0.482043 -0.473517 -0.482486 -0.739209 -0.604669 -0.742765 -0.810195 -0.730132 -0.640308 -0.263637 -0.397771 -0.529026 -0.468351 -1.87778 -2.42394 -1.96693 -1.55406 -1.05383 -1.10837 -1.33744 
0.974728 0.379114 0.134014 -0.234396 -0.301405 -0.106511 0.127789 0.0462147 -0.179314 0.139397 0.0199352 0.166887 0.226323 0.309276 0.746878 0.87323 0.176375 -0.46477 -0.252081 -0.427742 0.0967228 -0.714255 -2.12886 -0.259715 1.59678 1.67055 1.69661 1.97405 1.51006 1.03034 1.55219 0.368245 -0.519869 -1.86711 -1.54644 -0.703146 -1.2424 -0.616616 -0.357014 1.95486 -0.496389 -1.88333 -1.2824 -0.793281 -0.190656 -0.924227 -0.278629 
-1.2975 -1.28204 -1.14635 -1.25121 -1.10112 -1.16612 -1.18432 -1.02648 -0.846222 -0.889567 -0.949355 -1.04065 -1.05086 -0.86508 -0.774429 -0.660106 -1.15476 -0.913861 -0.882217 -1.15971 -1.26101 -0.0102664 0.539593 0.795782 0.425584 0.937619 1.2138 1.08686 1.19443 1.19268 1.19594 0.767752 0.451237 0.451098 0.504507 0.462208 0.438867 0.636039 1.05596 1.55943 1.72279 0.446532 1.01204 0.679182 1.1798 1.01938 0.944148 
-0.484061 -0.457845 -0.487271 -0.563665 -0.625166 -0.458203 -0.214587 -0.126428 -0.0649219 -0.353027 -0.22812 -0.262704 -0.424227 -0.544144 -0.424085 0.016693 -0.303381 -0.301694 -0.502865 -0.977454 -1.01704 -0.00988431 0.266025 -0.30551 0.0983289 0.518029 1.00771 1.3936 0.984644 1.17931 0.992671 0.395477 -1.18728 -1.65475 -1.73116 -0.951899 -1.18128 -1.3512 -1.03816 -0.562984 1.07052 1.89968 1.52471 2.12934 2.22053 1.76709 1.33065 
1.31877 1.49056 1.6752 1.90522 1.48736 0.777744 0.316045 -0.456127 -0.184635 -0.505919 -0.32145 0.00224247 -0.203463 -0.490787 -0.273328 -0.120251 0.417782 0.32276 0.0889277 0.57282 0.739153 0.793354 0.180822 -0.407453 -1.59949 -0.985075 -1.28508 -0.159141 0.465513 0.584164 1.95678 -0.14186 -0.664492 -0.293891 0.159693 -0.130848 0.771564 -0.195143 -1.15528 -3.30976 0.893387 -1.24136 -1.71493 -1.05773 0.0348535 0.300357 -0.357565 
1.91336 1.97985 1.63829 1.84876 1.54974 1.69928 1.13114 0.0231915 -0.923669 -0.820713 -0.930916 -0.971553 -0.915206 -0.78637 -1.00608 -1.4094 -0.287769 -0.699061 -0.396188 0.348777 0.0753381 -1.75505 -1.75542 -0.562021 0.422145 -0.200904 -1.1558 0.446032 0.0731168 -0.21313 0.216412 -0.554372 -1.38409 -0.177954 0.429413 0.889729 0.84957 -0.402989 0.661311 0.302245 -0.463279 -0.60085 0.0770872 0.89104 0.733124 1.13578 -0.961948 
-0.835226 -0.706008 -0.709813 -0.820397 -0.797558 -0.879444 -0.799201 -0.711087 -0.755004 -0.976335 -0.940963 -1.03749 -0.754907 -0.973255 -1.10787 -1.19079 -1.45343 -1.22203 -1.11741 -1.04024 -0.848895 -1.13372 -0.921969 0.0608817 0.359892 0.574323 0.691699 0.740278 0.689087 0.973754 0.682331 0.285762 0.541845 0.635552 1.00932 0.556909 0.567638 1.15467 1.6904 1.80981 1.08876 1.16318 1.32142 1.74241 1.23794 1.38023 0.774943 
-0.58965 -0.503176 -0.249859 -0.232708 0.333254 0.673034 0.566541 0.957338 0.719642 0.911746 1.20048 1.60057 0.990702 0.673276 -0.255283 -1.44402 -1.5425 -1.97587 -1.49127 -1.16667 -1.40485 -1.20337 -0.497085 -0.126977 -1.8207 -0.439497 -0.719708 0.332222 0.116543 0.858977 -0.181417 -0.0344017 0.730748 0.506396 0.851973 1.50629 1.34147 1.72029 1.5004 1.12791 0.281882 -0.94479 -0.143956 -0.559209 -1.35801 0.266565 -0.883269 
-1.71098 -1.6977 -1.55814 -1.41641 -1.41689 -1.05116 -0.245051 0.237282 0.818889 0.528568 0.565677 0.653558 0.77592 0.661102 0.303643 -0.540898 -1.39018 -1.24688 -1.70475 -1.59683 -1.18892 -0.737596 -0.406084 -0.639093 0.403172 0.570043 1.1535 1.47073 1.21283 0.543089 0.223013 -0.0434863 1.17349 1.27436 1.29668 1.22156 0.142614 0.241831 -0.788807 -0.783383 0.894135 1.61664 0.7337 0.109626 0.20862 0.556773 0.572196 
0.764491 0.88394 0.883727 0.905496 0.715096 -0.0125786 -0.189236 -0.152759 0.386788 0.854048 0.402291 -0.19873 -0.152017 -0.0506351 0.694232 0.620888 -0.0223604 -0.039648 -0.0564867 0.0339342 0.021513 0.373778 1.02007 0.187774 0.502579 1.05732 0.656379 1.10989 0.3983 0.187867 -0.0278665 -0.943455 -1.81145 -1.93094 -2.36657 -2.82633 -1.8893 -1.60805 -1.6748 -0.91029 0.800428 1.04458 0.0786082 -0.238786 0.771018 1.52372 0.223537 
0.431672 0.431672 0.441611 0.438948 0.182923 0.245476 0.498944 0.32273 0.160682 0.116549 0.0556984 0.150583 0.105874 0.220377 0.408694 0.0742766 0.0593028 0.248784 0.114258 -0.0192536 0.451327 0.802609 -0.973147 -2.57754 -1.60668 -0.650855 -0.740062 -0.473724 0.115316 0.893684 1.82064 2.04753 1.24285 0.435536 0.135121 0.0722972 -0.181306 -1.23553 -2.31294 -0.582999 2.51535 1.26302 -1.66928 -1.79319 -0.589081 -0.54937 -0.54937 
-0.136567 -0.136567 -0.283511 -0.289169 -0.18662 -0.467277 -0.698683 -0.604849 -0.370246 -0.0258933 0.210368 -0.0987594 -0.222774 -0.28178 -0.223996 0.463308 0.609318 0.679375 0.729279 0.621671 1.39362 2.46716 1.64371 -0.416579 -0.55646 0.05552 -0.737617 -0.888026 -0.534062 -0.0256443 1.06577 1.16171 0.536262 -0.371442 -0.428846 0.113808 -0.134731 -0.520145 -0.671301 0.564191 2.93235 1.0996 -2.55948 -2.80579 -0.915028 -0.377588 -0.377588 
-0.0827078 -0.0827078 -0.0901713 -0.0955492 0.0880894 0.310923 0.0984706 0.0629182 -0.0308864 -0.0440653 0.236044 0.340468 0.165268 0.0308568 -0.0690199 -0.0628664 -0.0647352 -0.317299 -0.162671 -0.0844238 -1.23863 -2.09621 -0.660498 1.52623 1.57083 0.778321 0.749338 1.0715 0.663773 -0.716375 -1.06982 -0.918146 -0.242429 0.0958031 -0.237411 -0.202196 0.384889 1.25981 2.02499 -0.105801 -3.75738 -1.97247 1.64729 1.52578 -0.122691 -0.0522181 -0.0522181 
0.402823 0.402823 0.354167 0.318508 0.109605 -0.069128 0.026372 0.427046 0.62486 0.250185 -0.194958 -0.079512 0.510009 0.576029 0.0290193 0.0602564 0.0342366 -0.0483296 0.416346 0.304364 -1.58461 -3.20063 -1.08199 1.32386 0.703615 -0.351713 -0.284721 0.103174 0.168565 -0.324906 -0.0579208 0.162773 -0.212972 0.19289 0.485445 1.03726 0.620605 -0.324342 0.0380807 -2.33984 -3.4688 0.00353563 1.78771 1.86811 0.998551 -0.358231 -0.358231 
-0.637761 -0.637761 -0.448731 -0.300563 0.168095 0.418778 0.188762 -0.193806 0.139224 0.227469 0.084568 0.233408 0.180163 0.494789 0.530896 -0.412951 -1.05149 -0.29477 0.0925043 0.351896 -0.176677 -1.78995 0.439866 3.16136 1.66765 0.144752 0.314199 -0.0935092 -0.72345 0.0967539 -0.489154 -1.66222 -1.79808 -0.79239 1.0301 0.314656 0.133689 0.798318 2.20111 -0.05426 -3.1316 -0.592253 0.968598 0.970012 -0.0472473 -0.011495 -0.011495 
0.115231 0.115231 -0.131085 -0.101602 -0.0199926 -0.364503 0.0916554 0.49791 0.0860698 -0.4053 -0.503458 -0.401977 0.165211 0.371681 0.225399 -0.972723 -0.713626 0.363707 -0.697452 -0.969578 2.15875 3.49167 1.4558 -0.427563 0.0961556 1.41929 0.111316 -0.233834 0.022421 -0.191095 -1.06401 -1.7186 -0.842379 -0.0851414 -0.171446 -0.328552 0.161649 1.069 1.696 1.17082 -2.4723 -1.64908 0.28205 0.149216 0.502197 -0.676571 -0.676571 
-0.0854961 -0.0854961 -0.210537 -0.249623 0.0469347 0.418753 0.322722 0.100801 -0.357721 -0.280459 0.0284861 -0.320562 -0.42455 -0.0814095 0.60186 0.0655073 -0.469574 -0.324676 -0.905074 -0.70817 1.09751 1.48198 -0.441836 -0.285939 0.921992 1.0266 0.985402 -0.109686 -0.342717 -0.0718018 -1.03678 -2.7381 -2.58002 -0.744356 0.774925 0.588504 -0.568171 0.0928177 0.878943 2.48808 2.91945 0.471899 0.198278 0.766361 -0.523031 -1.16601 -1.16601 
0.363095 0.363095 0.413654 -0.109468 -0.925322 -0.963393 -1.01771 -0.381102 0.0103874 -0.0651716 0.494839 0.156064 -0.374459 -0.00704063 0.375343 0.653686 0.438271 -0.231912 0.270738 0.618188 0.245103 -0.431159 -0.988998 -1.49216 -0.447908 0.326613 0.770749 1.5736 0.699005 1.34843 -0.57676 -2.22234 -0.0783825 0.76923 0.195185 0.584885 -0.00220477 -1.61939 -2.65069 1.8324 1.84954 -2.21109 0.213061 1.57289 1.2328 -0.287102 -0.287102 
-0.148251 -0.148251 -0.00966505 0.0312922 -0.0273638 -0.286413 -1.49684 -1.8614 -0.695802 0.109548 -0.0286718 0.131646 0.294777 0.0290485 -0.483189 0.807957 0.800278 0.0121619 1.12515 0.570406 -1.90858 -1.64572 1.26491 2.2126 0.464128 -1.40238 0.739251 1.29946 -0.517972 0.254457 -0.211949 -1.42409 0.478856 1.86217 1.14425 0.520959 -1.12782 -0.0646906 0.795368 -0.965984 -0.752778 0.636669 1.55259 0.748012 0.352103 -1.51512 -1.51512 
0.122906 0.122906 -0.42341 -0.36271 -0.29733 -0.166554 0.220739 -0.0621205 -0.767096 -0.586462 -0.302133 0.261063 -0.0164709 -0.966939 -0.658392 -0.950062 -0.233991 0.602728 0.251356 0.448913 -0.375788 -0.329288 2.55873 2.75753 1.00691 0.593111 0.21527 -0.16876 0.369094 -0.178202 -1.73019 -0.482864 0.63408 0.902193 -0.341973 -1.16905 1.199 2.39508 1.32973 -1.53347 -1.63595 0.367242 1.15678 -0.352996 -0.987914 -1.21762 -1.21762 
0.381309 0.381309 0.296675 0.678369 1.07225 0.251283 0.313567 0.153388 -0.0891866 0.553506 0.807424 -0.289633 -1.16561 -1.55469 -2.61843 -1.60502 -0.682832 0.029015 0.954391 0.0719757 -0.0783295 1.07473 1.28059 -1.64947 -0.415066 1.31063 0.908629 0.987413 0.609564 -0.39729 -1.12421 1.08009 0.626708 0.114473 1.1872 0.56408 0.227737 0.160499 -0.756729 -1.52115 -2.56399 -0.55341 0.437212 -1.5157 0.974622 0.546059 0.546059 
0.0518089 0.0518089 0.198709 0.0385585 0.294744 1.21719 1.35054 1.09379 0.210148 -0.412565 0.0199641 0.117463 -0.114351 -0.663098 -1.49765 -2.06012 -0.930372 -0.482739 -0.523197 0.466952 0.859676 0.772308 -0.0103281 0.802524 1.25985 0.735128 0.907086 -0.0551254 -1.18387 -1.25498 -0.793816 0.964032 1.38417 0.017905 -0.18336 -1.44283 -1.24344 -1.1882 -1.29546 1.80171 2.6218 -0.306462 -1.84647 -0.723486 0.3884 0.292823 0.292823 
0.144654 0.144654 0.0327303 -0.185191 -1.04392 -1.02817 -0.152592 0.668053 1.16166 0.0257949 -1.19827 -0.627109 0.177722 0.977684 0.777478 -0.813058 -0.748827 -0.0310719 0.0923432 0.0974048 0.397432 1.1522 -0.205097 -0.584922 1.00438 0.184259 0.0682662 -0.287683 -1.04845 -0.480281 -1.28826 -2.03565 -1.12345 -0.628039 -1.01793 0.554905 1.40396 0.253807 0.807547 2.84421 2.24796 -0.819047 -1.46248 0.80141 2.02756 -0.619285 -0.619285 
0.0354192 0.0354192 0.0335566 -0.152507 -0.106883 0.249548 0.0825113 -0.208175 -0.115775 -0.0449784 0.0522757 0.0635681 0.0772928 0.240313 -0.0737433 -0.215962 0.150548 0.0669114 -0.159048 0.264273 0.603425 -0.968068 -2.33622 -0.414743 1.37634 0.634736 0.152383 0.626872 0.985078 1.22147 0.835673 -0.375743 -1.09925 -0.746478 -0.225649 -0.1929 -0.886466 -1.46278 0.484966 3.40624 1.3199 -2.89902 -2.10959 0.784151 0.898616 0.0562472 0.0562472 
-0.0986931 -0.0986931 -0.102544 0.0672756 -0.119905 -0.347213 -0.0923138 0.224878 0.395396 0.396525 -0.048271 -0.293495 -0.123248 0.000494401 0.508475 0.568526 0.148393 0.0829776 -0.037951 0.453516 1.25747 0.171547 -1.96151 -1.49623 0.322663 -0.121979 -0.640905 0.139877 0.588311 1.09026 0.809506 -0.359085 -1.04222 -0.655582 0.331614 0.201517 -0.430178 -0.363894 0.739386 2.45418 0.365754 -3.73673 -2.6569 1.12063 1.6541 0.367138 0.367138 
-0.00613055 -0.00613055 -0.00939434 0.106584 0.245084 0.00469929 -0.152114 -0.080107 -0.0665287 0.160397 0.23177 -0.0445545 -0.189502 -0.143789 -0.058481 0.000999338 -0.156015 -0.0610375 0.139729 -0.654595 -1.22254 0.349265 2.19683 1.35258 -0.455502 -0.500161 0.176327 -0.0535298 -1.08665 -1.05371 -0.124054 0.500535 0.613758 0.00144461 -0.182455 0.376069 0.885684 0.993767 -0.830384 -3.51089 -1.13447 3.27846 2.12146 -1.07579 -0.959277 0.0411687 0.0411687 
0.00867093 0.00867093 -0.014011 -0.115939 -0.206944 -0.0133224 0.355221 0.4203 -0.0728765 -0.481842 -0.170091 0.488028 0.45659 -0.266323 -0.288448 0.0429383 -0.0294486 0.282668 0.263957 -1.23313 -2.1898 0.35932 2.91751 1.17539 -1.02616 -0.589031 0.328959 0.327941 -0.232669 -0.104441 0.349817 -0.0590039 0.0587763 0.483862 0.576695 0.125591 -0.826452 -0.330907 -1.24238 -2.191 1.53017 3.38312 1.22562 -0.46234 -1.37649 -0.823389 -0.823389 
0.0972163 0.0972163 0.188615 0.361106 0.424344 -0.00664028 -0.397269 -0.0499479 0.240479 -0.0531042 -0.0157258 0.0395792 0.141847 0.196965 -0.579339 -0.995503 0.0535118 0.686298 0.379513 -0.185437 -1.34061 0.360932 3.03488 0.737979 -1.88022 -0.854277 -0.166363 -0.659475 0.0979766 0.125139 -1.10443 -0.826814 0.517174 1.7252 0.663504 -0.572348 0.278963 1.25592 -0.545312 -3.30893 -0.351256 2.50986 0.944311 -0.646024 -0.624842 0.00266489 0.00266489 
-0.11682 -0.11682 -0.0979275 0.11221 -0.127448 0.112566 0.593662 0.0374417 -0.537762 -0.336752 0.04315 0.469509 0.536787 0.07959 -0.820483 -0.560713 0.897415 0.0513859 -0.813357 1.87129 2.89982 -0.40943 -2.47045 -0.830252 1.2245 0.0507356 -1.01831 -0.0159432 0.068408 -0.655175 -0.937812 0.183046 1.08775 0.47096 -0.114958 0.254471 0.936584 1.02425 0.106268 -2.63005 -1.766 1.80603 1.19339 0.182093 -0.488149 -0.714342 -0.714342 
-0.0467191 -0.0467191 -0.0758333 0.238205 0.544277 0.251848 -0.190413 -0.460424 -0.23757 0.334096 0.0165491 -0.291034 0.224559 0.810968 0.155855 -0.751663 -0.244217 -0.277972 -0.239234 1.53809 1.67781 -1.1002 -1.27046 1.0623 1.02409 0.0936533 -0.799967 -0.942861 0.07464 -0.470567 -1.93964 -1.1031 1.53151 2.54544 1.03923 -0.954018 -0.322804 1.12434 1.83059 1.56635 -1.45538 -1.98052 0.265758 -0.490863 -1.39295 -0.432519 -0.432519 
0.0655414 0.0655414 -0.247604 -0.766247 -0.475891 -0.0200252 0.383841 0.650702 0.224395 0.325273 0.16771 -0.485093 -0.0623597 0.484115 0.430793 0.0729457 -0.494851 -0.0650105 0.544154 0.0199309 -0.592872 -0.703467 -0.59985 0.359178 1.12401 0.764776 0.781732 -0.00767046 -0.0995082 -0.728408 -2.10222 0.33361 1.82605 0.199036 -0.0750741 -0.0828827 -1.28422 -1.55013 2.10155 2.72915 -2.38519 -0.944334 2.3004 0.645699 -1.07813 -0.874549 -0.874549 
0.14083 0.14083 0.16553 0.0465827 -0.134336 -0.828912 -0.892538 0.540323 1.24583 0.459568 0.0705817 0.252312 -0.00461529 -0.411896 0.526976 0.831249 -0.422648 0.253171 0.393904 -1.77223 -1.27918 1.97102 2.38401 -0.425655 -2.12275 0.223169 1.68659 -0.700912 -0.57293 0.241803 -0.95499 0.473845 2.03903 0.458524 -0.75156 -1.31292 -0.295919 1.21703 -0.486268 -0.876352 1.02373 1.4475 0.124401 -0.666695 -1.30752 -1.06877 -1.06877 
-0.3066 -0.3066 -0.267234 0.129469 0.174915 0.383686 0.115431 -0.592938 -0.292349 0.349245 0.597347 0.232963 -0.748693 -0.368602 0.0586474 0.322939 1.05473 0.362464 -0.0520511 -0.359019 -0.456984 1.95083 2.04959 -0.958701 -1.35598 -0.4657 -0.446393 0.147462 0.0415788 -1.31375 -0.14988 1.581 0.945953 -0.585297 -1.29556 1.04707 2.35914 0.13248 -2.50008 -1.87563 1.28037 1.85887 -0.419393 -1.34319 -0.513031 -0.101268 -0.101268 
-0.0610298 -0.0610298 0.227538 0.589305 -0.319931 -0.570625 -0.0710554 -0.301534 0.305451 0.68081 -0.634474 -1.4887 -0.95345 -1.09541 -0.0350989 1.46631 1.23832 1.24073 0.035434 -0.777801 0.761053 1.03032 -2.05659 -1.27899 2.24084 1.00369 -0.241401 -0.223144 -1.04391 -1.30781 1.11988 1.32668 -0.727072 0.426695 0.342867 -0.722415 -0.302161 -0.74132 -1.2684 -1.36337 0.734585 2.27192 -0.724556 0.409247 1.56168 -0.321047 -0.321047 
0.0932621 0.0932621 -0.0169242 0.0582663 0.803117 0.718601 -0.0927111 -0.792419 -1.04421 -0.138658 0.356862 -0.100219 -0.544849 -0.95954 -0.968983 0.382487 1.07746 0.272336 0.645598 0.943635 0.202283 -0.606387 0.0129814 0.866096 -0.0541771 -0.250514 -0.551517 -1.44643 -0.833331 0.260558 1.51891 1.49069 -0.658761 -1.0863 -1.01282 -0.737166 0.167381 -0.043597 2.04931 2.68734 -1.45827 -3.08206 -0.294728 1.52983 0.691433 -0.0735657 -0.0735657 
-0.0132098 -0.0132098 -0.152152 -0.628299 -0.479317 0.626443 1.13963 0.896086 -0.351339 -1.44649 -0.358127 0.935452 1.08133 0.440543 -1.08359 -0.914989 0.556728 0.594463 0.140064 0.252669 0.730666 -0.32601 -1.0494 0.829287 0.548564 -0.538695 -0.24275 -0.653841 -0.0646458 -0.0947533 -0.933517 0.163231 0.95561 0.125431 0.81237 1.60229 -0.133823 -0.322109 1.70973 0.97653 -2.27746 -2.30755 1.09132 2.28332 -0.847654 -1.62942 -1.62942 
