28
1.00961 1.08521 1.14769 1.19099 1.18817 1.15838 1.13154 1.01629 0.946214 0.818699 0.713245 0.518447 0.0859234 -0.385606 -0.809905 -1.17955 -1.72029 -1.72214 -1.41742 -0.650712 -0.22053 0.0177152 -0.00744336 -0.0753052 -0.545381 -0.92676 -0.97868 -1.38839 
-0.683447 -0.612373 -0.823266 -0.933277 -0.944689 -0.889328 -0.879443 -0.670802 -0.515576 -0.00675295 0.17832 0.751577 1.01377 0.834578 0.753148 0.563419 -0.31153 -0.359305 -0.222699 1.22787 2.07433 1.76379 0.875303 0.584589 0.3349 0.221451 -0.604386 -2.72017 
0.00529137 -0.176408 -0.307927 -0.144641 -0.157378 -0.382684 -0.460075 -0.444547 -0.611648 -1.13041 -1.31541 -1.57978 -1.46733 -0.758398 0.824293 1.27252 2.02274 1.59883 1.45646 0.793598 -0.188334 -0.830778 -1.29378 0.0922359 0.278572 0.346621 1.06647 1.49188 
1.20839 1.21266 1.26914 1.24473 1.18766 1.27845 1.27307 1.20908 1.13231 1.05653 0.814537 0.263612 -0.275371 -0.539695 -0.625509 -0.814337 -0.66347 -0.821931 -0.96116 -1.13965 -1.07842 -0.882803 -0.916714 -0.763307 -0.793343 -1.24326 -0.914463 -0.716744 
-0.952323 -0.964088 -0.831653 -0.744767 -0.85363 -1.0902 -1.00571 -0.939496 -0.814237 -0.698315 -0.188702 0.341218 0.732402 1.3792 1.75783 1.8846 2.11104 0.994854 0.660717 0.980642 0.877795 0.363857 -0.646158 -0.752779 -0.424441 -0.00178109 -0.343002 -0.832867 
-0.95608 -0.859438 -0.859264 -1.00337 -0.979273 -0.936463 -1.07636 -1.32983 -1.49481 -1.37436 -1.18095 -0.607148 0.26385 0.313274 0.891625 0.860521 1.14488 0.80936 0.88969 1.37061 0.866401 0.0715419 0.72713 1.14615 0.504126 0.0704968 1.49807 1.22962 
-0.484353 -0.45683 -0.211844 -0.259281 -0.335985 -0.546728 -0.594159 -0.928592 -0.981642 -1.14848 -1.18501 -1.19861 -0.912542 0.530181 1.15377 1.3443 1.92422 2.36003 1.9916 0.996831 0.367485 -0.0431389 -0.420808 -0.827623 -0.0116118 -0.21145 -0.238988 0.329267 
0.895749 1.13587 0.872192 0.740309 0.702343 0.975486 0.586479 1.19184 0.764716 0.765966 1.23639 1.12592 0.220497 0.123818 0.193443 -0.595858 -0.395668 0.477354 0.241267 -1.21168 -1.0433 -1.72739 -1.20179 -1.02897 -0.611756 -1.96604 -0.920719 -1.54649 
-0.426356 -0.990395 -1.06008 -1.2557 -1.35206 -1.73093 -0.965011 -0.804212 -0.716378 -0.581469 0.346105 1.05405 0.651069 -0.118831 0.225406 0.743673 0.0320715 0.270449 -0.145383 -0.0447899 -0.0119006 0.230858 1.96412 1.03416 1.61425 1.75606 1.32458 -1.04335 
-1.36592 -1.38217 -1.46846 -1.38339 -1.46224 -1.23692 -1.16134 -1.04534 -0.950455 -0.70278 -0.196057 0.0939893 0.3546 0.991356 1.08101 1.31841 0.917181 1.31124 1.15692 0.0932998 0.476264 0.585475 0.271888 0.506818 0.776955 1.18212 0.550501 0.687055 
-0.601173 -0.484705 -0.325596 0.00763114 -0.233294 -0.674078 -1.20949 -1.63979 -0.825443 -0.291334 -0.358958 -0.689199 -1.31344 -0.692344 -1.17345 0.592987 0.0892701 -0.867584 0.722336 -0.0877182 0.665412 0.279737 1.85144 1.28551 1.05381 2.05068 1.35833 1.51044 
-1.07279 -1.03628 -1.39363 -1.17022 -1.08952 -1.40867 -1.48547 -1.28232 -0.977867 -0.687464 -0.131749 -0.12483 0.0797766 0.0385843 0.185889 0.579795 1.85138 0.06643 0.867455 1.06764 1.38766 1.40186 0.597496 1.02355 0.916081 0.404577 0.761421 0.631205 
0.334514 0.606056 0.87185 0.683829 0.502193 1.20824 1.29632 0.932921 0.400203 0.805815 0.318594 0.535438 1.2707 -0.675029 -1.49855 -0.114645 1.32201 0.760195 0.0660691 -1.27438 -1.64844 -1.83507 -1.71575 -1.1321 -0.848745 -0.459966 -0.519646 -0.192615 
0.566105 0.566105 0.506931 0.387293 0.253369 0.209378 0.0528031 -0.0264164 -0.0488799 -0.113702 -0.236971 -0.836205 -1.34321 -1.32814 -1.14148 -1.35481 -0.680962 0.868018 2.27611 2.50598 1.53777 0.703529 0.142701 -0.672442 -1.24685 -0.480733 -0.532646 -0.532646 
0.0384544 0.0384544 -0.124675 0.0550274 0.204002 0.223188 0.36127 0.4922 0.762619 0.789506 0.847551 0.917027 0.239183 -0.0703722 -0.0798625 -0.794704 -0.666824 0.244435 1.59421 2.23369 0.647199 -0.91573 -0.897873 -0.322411 -0.162721 -0.681744 -2.48555 -2.48555 
-0.441281 -0.441281 -0.0956172 0.023398 -0.365957 -0.430738 -0.189431 -0.279317 -0.814657 -0.832588 -0.577698 -0.279664 0.695547 2.16867 1.90746 1.07335 0.199506 -0.69483 -0.934264 -1.77548 -1.75501 -1.23507 0.797379 1.448 0.127438 0.662001 1.02006 1.02006 
0.51032 0.51032 0.430987 0.116902 0.435527 0.578514 0.150408 -0.0470465 -0.0796689 -0.536655 -1.85082 -2.67227 -1.87957 -0.626161 -0.41735 0.23728 0.321271 -0.481095 -0.536489 0.0179523 1.05267 0.789527 0.672785 0.683502 -0.985204 0.00727368 1.79854 1.79854 
0.165727 0.165727 0.302431 -0.0319449 -0.480169 -0.212239 0.207343 0.263845 0.332723 0.865339 1.43903 1.27492 1.43688 1.41949 0.698865 0.487968 -1.23444 -2.01127 -0.0211856 0.299323 -0.856196 -2.11329 -1.54886 0.305751 1.0392 0.111362 -1.15316 -1.15316 
-0.167516 -0.167516 -0.533158 -0.496829 -0.212948 -0.462018 -0.912011 -0.950103 -0.382193 0.162136 0.850683 1.87979 1.08337 0.638901 0.516595 0.0700874 -0.392264 -0.702148 0.537869 -0.349932 -2.28758 -0.526084 1.31755 -0.653257 -1.94826 1.19503 1.4459 1.4459 
0.251381 0.251381 0.160184 -0.231179 -0.429856 -0.394244 -0.544725 -0.55156 -0.34767 -0.327568 -0.141129 0.251333 2.02308 2.43371 0.910296 0.857166 1.15558 0.00182084 -1.73861 -2.05603 -1.34537 -1.03918 -1.03455 0.417673 0.66948 -0.356775 0.577681 0.577681 
0.186961 0.186961 -0.378612 -0.0354549 0.580327 0.046623 0.551713 0.493758 -0.424705 0.939889 0.770025 -1.32174 -1.30076 0.181644 -0.871381 -0.672877 1.85443 1.19114 -2.34514 -1.73021 -0.561281 -0.0181841 1.28462 1.11983 -1.2019 -0.246955 0.860639 0.860639 
-0.543944 -0.543944 -0.193447 -0.218816 -0.393155 0.427173 0.940595 0.295495 0.270864 1.06976 1.61492 0.349086 -1.05687 -0.346003 0.879507 -0.124974 -0.39125 -0.109867 -0.24095 0.185945 0.321196 1.93886 0.823188 -0.273895 0.745733 -0.216624 -2.60429 -2.60429 
-0.457637 -0.457637 -0.250197 -0.234974 0.0521403 0.36828 0.144482 0.184012 0.453568 1.29667 1.38341 0.879579 1.58935 1.23937 0.421833 -0.583088 -0.262395 0.243072 -2.74105 -1.64113 0.759857 -0.666104 -0.408736 0.786248 1.13474 -0.711301 -1.26119 -1.26119 
0.184597 0.184597 0.462868 -0.0506876 -1.04435 -1.4224 -1.40895 0.323848 1.56194 0.42968 -0.679955 -1.39452 -0.173221 0.0105295 1.4809 1.45187 -2.04424 0.643535 0.831993 -0.242262 0.302548 1.35341 1.12201 -1.19316 0.813123 0.221754 -0.862731 -0.862731 
-0.769922 -0.769922 -0.444769 0.317366 -0.626581 -0.900622 0.00808658 0.671412 0.82322 1.26036 0.76715 0.156286 0.0725829 -0.0271118 0.729879 2.68592 -1.10489 -1.92358 1.53019 0.693336 0.369758 -1.58647 -0.869916 0.34255 -1.28863 -0.480809 0.182564 0.182564 
0.51678 0.51678 0.0983835 -0.308966 0.505008 0.750563 -0.223075 -0.788263 -0.0881431 -0.046721 -0.218579 0.894398 -1.07446 -2.49361 0.537763 2.59548 0.82405 -1.11586 -1.82475 -1.53335 -0.482886 -0.0337028 0.667575 0.816914 0.639507 0.327196 0.270979 0.270979 
0.022529 0.022529 -0.0932709 -0.165622 -0.0924025 -0.114327 -0.148424 -0.0186162 -0.00468056 -0.102252 -0.619517 -0.990942 -0.396349 0.275063 0.0539928 0.525547 2.23131 2.942 1.66521 -0.634849 -1.66481 -1.2705 -1.25202 -1.26516 0.265362 0.771088 0.0295571 0.0295571 
0.0742688 0.0742688 0.226965 0.492166 0.355772 0.346516 0.441467 0.553916 0.465509 0.285052 0.32124 -0.304059 -0.626128 -0.0582156 -0.402594 -0.285869 1.09586 2.13413 1.90318 -0.591811 -2.46323 -1.09999 0.717037 0.837555 -0.092449 -1.76087 -1.31984 -1.31984 
0.18475 0.18475 0.286476 -0.34177 -0.498867 0.0401822 0.0187236 -0.645104 -0.583601 0.0918365 0.361903 0.977587 1.98198 0.925165 -1.04691 -1.57055 -1.62203 -1.07977 -1.03437 -0.812223 0.351206 2.07092 2.18261 -0.683324 -0.782519 0.652259 0.195349 0.195349 
-0.196092 -0.196092 -0.461006 -0.125351 0.260166 -0.369661 -0.656806 -0.323237 -0.542137 -1.62305 -1.93045 -0.153425 1.5966 1.10412 0.599087 0.493808 -0.73509 -0.852654 0.291741 1.21119 0.521603 -0.449595 -0.218606 -1.5276 -0.699541 2.21876 1.38166 1.38166 
0.202338 0.202338 -0.0471442 -0.483567 -0.0341787 0.613304 0.455555 0.193889 0.549124 0.925775 0.405936 0.0987333 0.208206 -0.4503 -0.59468 -1.34213 -1.76437 1.00557 1.8243 -0.522671 -1.69975 -0.416464 1.90522 2.03133 -0.0446948 -1.53541 -0.843137 -0.843137 
-0.324595 -0.324595 -0.299863 0.142331 -0.051968 -0.551588 -0.407954 0.285031 0.681542 0.763671 1.09371 0.0827459 -0.920461 -0.461527 -0.462914 -0.694416 -0.601403 0.557564 0.16412 -1.99923 -0.195591 2.3787 -0.162247 -2.29902 1.18264 2.23507 0.0951244 0.0951244 
-0.124746 -0.124746 -0.462329 -0.555039 -0.186738 -0.145166 -0.18178 0.123893 0.147128 0.132076 0.453267 1.82072 1.83639 -1.00594 -1.40598 0.165495 -0.783885 -2.54255 -1.82114 0.293117 0.83103 0.222027 1.21057 1.42378 -0.714105 -0.125266 0.75996 0.75996 
-0.368934 -0.368934 -0.168946 0.519532 0.00850881 -0.0560012 0.22126 -0.608369 0.220674 0.656948 -1.35737 -1.24615 0.836827 0.210912 -0.537329 1.54924 1.047 -2.48678 -1.74185 1.00029 0.95842 1.03644 0.623895 -1.48844 -0.83587 1.16269 0.606166 0.606166 
0.423685 0.423685 0.404842 0.0150152 0.643165 1.15401 0.0655448 -0.334099 0.738442 1.16166 -0.371936 -1.82115 -0.352933 1.60162 0.327521 -0.780516 0.174571 0.274987 0.383067 0.580889 1.46534 0.536209 -1.48019 0.10582 0.205889 -2.32491 -1.61011 -1.61011 
0.211757 0.211757 0.223392 0.284285 0.51427 0.123789 -0.0876177 0.289443 0.9036 0.763877 -0.265562 0.210611 0.328194 -0.839099 -1.33965 -0.469729 0.684634 -1.84117 -1.38684 2.72889 0.798407 -0.83992 1.16322 1.23287 -1.09133 -1.77795 -0.367054 -0.367054 
0.235723 0.235723 -0.0812847 -0.866424 -0.782783 -0.161108 1.14188 1.89783 0.12928 -1.31993 -1.06209 0.376749 0.931265 1.08501 0.953664 -2.11205 -0.435019 1.83939 -0.482834 -0.262864 1.04893 0.569792 -1.508 -0.12672 0.937349 -0.970521 -0.60548 -0.60548 
0.137629 0.137629 0.610511 -0.176928 -0.819843 0.329673 0.911281 0.441647 0.301307 -0.0989083 -0.749164 -0.495077 -0.177912 0.343714 1.61924 -1.20254 -2.92418 1.57087 1.5596 -0.784132 -1.47867 -0.8333 1.13278 -0.32392 -0.574989 0.848715 0.347484 0.347484 
-0.230501 -0.230501 -0.47509 0.264873 0.656902 -0.416449 -0.90325 0.101738 0.465969 -0.0575988 0.585803 -0.493183 -2.01357 0.988759 3.07641 0.192617 -2.20771 -1.56972 -0.229953 0.826424 0.921162 0.7115 0.531463 0.00386679 -0.273326 -0.200558 -0.0130351 -0.0130351 
