36
-0.850936 -0.063456 0.662935 0.92256 1.00961 1.06519 1.14085 1.13239 1.10135 1.09247 1.04758 0.964516 0.765541 0.303502 -0.0547901 -0.261993 -0.396608 -0.383272 -0.101557 0.411775 0.694402 0.826432 0.779207 0.629463 0.545203 0.211872 -0.207266 -0.730634 -0.936176 -1.24759 -1.34918 -1.78417 -1.67399 -1.72843 -1.82906 -1.70772 
-3.42923 -0.471047 -0.331712 -0.424003 -0.497537 -0.525499 -0.957486 -1.02015 -0.933985 -0.849947 -0.460313 0.288573 0.967278 1.35299 1.38598 1.20514 1.61237 1.48388 1.06007 1.11369 0.830555 0.386002 -0.0334864 0.45445 0.651346 0.868496 0.0874149 -0.202919 -0.887714 -0.343205 0.279278 -0.616593 -0.205496 -0.272854 -0.589466 -0.974877 
2.30776 1.43543 0.00868736 -0.0257789 -0.167056 -0.442085 -0.174721 -0.285628 -0.43899 -0.419995 -0.623399 -1.28275 -1.84615 -1.60344 -1.30956 -1.03183 -0.22986 0.133493 -0.275451 -0.242897 -0.395459 -0.389159 -0.486589 -0.758828 -0.929488 -0.314131 -0.274122 0.642709 2.04157 1.50623 0.951018 0.699007 1.53471 1.57905 0.706626 0.401073 
-0.885789 0.254871 0.939706 1.15786 1.29732 1.52249 1.54962 1.56243 1.64157 1.59961 1.56336 1.43064 0.975576 0.257951 0.0302083 -0.438536 -0.733538 -0.992601 -0.948145 -0.938103 -0.764418 -0.795489 -0.606139 -0.175831 -0.139262 -0.148813 -0.309696 -0.717418 -0.749809 -0.828525 -0.825136 -1.06671 -0.91645 -0.851392 -1.07886 -0.872546 
0.74969 2.26311 0.365956 -0.178479 -0.593449 -1.1823 -0.996073 -0.916798 -0.652746 -0.589748 -0.416577 0.058193 0.307535 -0.855148 -0.422643 0.34338 1.14933 0.477084 0.344832 -0.505199 -1.46178 -1.50047 -1.34917 -0.650701 -0.813466 -1.18691 -0.511061 1.61435 0.0789363 1.0676 2.38431 0.643425 0.797571 0.514192 0.292286 1.33093 
-0.637582 -0.682356 -0.875884 -1.24468 -1.4759 -1.15173 -1.00097 -0.82425 -0.983171 -1.56653 -1.67816 -1.43392 0.101816 0.283013 0.693131 1.03581 0.235578 0.791388 0.613792 0.3429 -0.0666566 -1.17011 -0.950069 0.405328 0.698737 0.432415 1.38849 1.25093 0.177914 0.444646 0.695148 1.02592 1.88148 1.32835 0.972458 0.942732 
1.59856 0.698168 -0.0682251 0.0568855 0.0156088 -0.107163 -0.239927 -0.487811 -0.434925 -0.416645 -0.617709 -0.914049 -0.475788 -0.111077 0.22657 0.886439 1.31171 0.738462 0.922825 0.0586682 -0.338587 -1.32229 -1.7656 -1.84036 -1.6445 -2.01728 -1.11127 0.540918 0.0717041 -0.286682 0.712153 1.08656 1.4262 0.898726 1.13619 1.81355 
0.372103 0.442355 -0.852075 -0.318637 -0.551732 -0.28794 -0.809195 -0.742919 -1.10633 -0.814623 0.0043102 -0.0595932 -0.578939 -0.236354 -0.950165 -0.275404 -0.018719 -0.0372473 0.240722 -1.14545 -1.59075 -0.940976 0.724771 0.592557 1.81844 1.61879 2.49179 0.487321 -1.65124 -0.551321 0.425298 0.407562 1.17304 -0.493649 0.981447 2.23275 
0.357074 1.78966 2.48954 1.9863 1.39727 0.680898 0.540178 -0.39357 -0.549444 -0.123196 -0.411587 0.158024 0.836792 0.4739 0.811614 0.333368 -1.35906 -1.71971 -0.763919 -0.919641 -0.293527 -0.0221246 -0.221602 -1.68973 -0.932027 0.348233 1.22411 0.0314752 -0.486456 -0.706313 -1.19984 -1.26624 -0.555077 -0.167163 -0.376336 0.698123 
0.708136 -0.259271 -1.18589 -1.31208 -1.31401 -1.48309 -1.53037 -1.46882 -1.32339 -1.34706 -1.2337 -1.32299 -1.06014 -0.279286 0.269292 0.141036 0.0818027 -0.176911 0.0212617 -0.041109 0.105454 0.342879 0.663088 0.604069 0.992986 1.12038 0.541635 0.722311 0.702453 1.57941 0.99491 1.18065 1.15943 1.06632 1.41845 0.922167 
0.347805 -1.83067 -0.66614 0.320276 0.795654 0.77359 1.04362 0.924646 0.524905 0.100639 -0.566238 -1.15025 -3.11723 -1.95174 -1.20134 0.753027 0.31648 0.132252 0.185396 0.40573 0.540893 0.476056 0.495776 0.905804 0.514114 0.979191 1.44882 0.639923 0.569714 -0.379568 -0.363729 -0.572456 0.507679 0.280179 -0.363855 -1.81895 
-0.450338 -0.903925 -1.66185 -1.1786 -1.15398 -0.844244 -1.01244 -0.706312 -0.269631 -0.419877 -0.145009 -0.348921 -0.604557 0.30637 1.22182 2.04986 1.69973 1.30207 0.582779 0.283918 1.19024 2.09121 1.45455 1.36016 0.434589 -0.55307 -0.151478 -0.444691 -0.29783 -1.34298 -0.692835 -0.429255 0.958986 -0.571504 -0.0998746 -0.653073 
0.692698 -0.585828 -0.925376 -0.615906 0.242086 0.802215 1.226 1.51488 1.4225 1.26665 0.925389 0.808739 0.51471 -0.606207 0.300124 0.378072 -0.0554524 -0.82307 -1.37859 -1.28586 -0.917124 -1.71212 -1.48392 -1.34408 -1.12435 -0.835453 -0.894033 -0.480697 0.118269 -0.226765 -0.437819 1.52673 1.67141 0.458151 1.15635 0.707673 
2.63777 2.63777 1.73603 0.643838 0.295279 0.275821 0.166422 -0.0158547 -0.016592 -0.0402444 -0.166958 -0.430182 -1.07759 -1.34976 -0.914418 -0.532309 -0.155562 0.555656 1.4098 1.41136 0.759981 0.196492 -0.284864 -0.348131 -0.661754 -1.23383 -1.55847 -1.19358 -0.831506 -0.653925 -0.865009 -0.503254 0.146825 -0.213281 0.0870078 0.0870078 
3.10754 3.10754 -0.0884087 -0.311429 -0.244033 -0.61958 -0.655935 -0.113074 0.0406222 0.358564 1.05512 1.35797 0.977485 0.300973 -0.292599 0.099493 0.154337 -0.716337 -0.525548 -0.378158 -0.900082 -1.04294 -0.0659844 0.579795 0.296095 -0.72852 -1.26021 -1.15933 -0.284672 1.08495 -0.424122 -0.645589 0.222435 -0.539977 -0.873198 -0.873198 
-2.22378 -2.22378 -1.34873 -0.00621498 -0.257453 0.169323 0.340728 -0.0986688 0.0369985 -0.0152649 -0.723715 -1.09969 -0.157592 0.737735 0.774303 1.30494 1.39437 0.129714 -0.215765 0.0519938 0.0245752 0.0821543 -0.208747 -0.285226 0.64176 0.861779 1.17663 2.59578 1.07917 -0.961617 -0.665719 0.786925 1.09642 -0.687506 -1.05292 -1.05292 
2.94311 2.94311 1.44478 0.558994 0.570401 0.387962 0.0430449 0.127503 0.0385593 -0.148842 -0.296265 -0.976505 -1.9265 -1.55728 -1.15305 -1.26229 -0.921732 -0.37039 0.0666856 0.276577 0.209801 0.235245 0.984609 0.736463 0.0220521 -0.298645 -0.945347 -0.736652 -0.202287 -0.144175 -0.408684 -0.170141 0.327885 -0.285617 -0.0561877 -0.0561877 
-0.332896 -0.332896 -2.25094 -0.869455 -0.91085 -0.350503 0.272226 0.344768 0.329596 0.244889 0.628685 0.699681 -0.82652 -0.655802 1.14186 1.48994 0.149387 -0.725075 -0.890778 -1.6591 -0.902883 0.129725 0.8168 0.524073 -0.475013 0.306626 2.6357 0.574678 -0.484833 2.17351 -0.370589 -1.45417 -0.0956857 -0.446188 0.786013 0.786013 
-0.368799 -0.368799 -0.753246 -0.797967 0.0242222 0.477436 0.302491 -0.0649421 -0.96676 -0.910651 0.0712865 2.02584 1.95104 0.615521 0.807121 -0.628934 -0.376065 0.362682 -0.618181 -0.893396 -1.88121 -1.13421 1.78316 1.87021 -0.0539213 0.732321 0.885086 -1.52238 -1.04269 0.527626 0.603605 1.3215 0.272766 -1.16459 -0.543583 -0.543583 
-1.8015 -1.8015 -0.691283 0.0937345 -0.174625 -0.27367 -0.409119 -0.208131 0.0800202 -0.194909 -0.535519 0.15662 0.87228 0.763354 1.0829 1.17776 -0.157227 -0.418038 -0.732976 -1.36264 -1.49207 -1.54192 -0.557887 0.134071 -0.188557 0.580255 2.7725 1.28368 -0.892993 0.696331 1.48966 0.776009 -0.200371 -0.310989 0.993376 0.993376 
-0.993338 -0.993338 -0.648064 0.143089 -0.0579127 -0.272716 -0.419952 -0.302293 -0.134245 0.747114 0.482028 -0.515568 -0.212559 -0.35752 -0.109905 0.613534 0.0967338 0.1126 -0.906882 -1.44603 0.071622 1.64527 1.06235 0.734461 0.684193 0.421144 -0.92423 -3.16914 -0.855033 1.46712 0.633987 0.476592 -0.752588 -0.223611 1.95155 1.95155 
1.80242 1.80242 0.14082 -0.965503 -1.14844 -0.763642 -0.950224 -0.96323 0.204111 0.0903652 0.21342 1.04357 0.243166 -0.0495746 -0.148587 -1.89114 -1.79021 0.482872 0.658774 0.375794 0.742413 0.0337736 -1.45934 -0.63775 1.7213 1.82274 -0.299849 -1.49622 -0.661237 -0.640287 -0.508574 0.525461 0.915423 0.125457 0.714748 0.714748 
-2.97889 -2.97889 -1.653 -0.195536 -0.263129 -0.334612 0.0289141 0.332661 0.198316 0.147776 0.044357 0.279959 1.65146 2.10183 0.66891 -0.289104 -0.494728 -0.0890119 0.220459 0.139112 0.611642 0.885338 0.418091 0.526385 0.820198 -0.704994 -0.621007 0.259888 1.35735 0.467372 -0.622111 0.265725 -0.173788 0.414664 -0.220799 -0.220799 
-0.772021 -0.772021 1.91883 1.33289 0.475467 0.300877 0.218482 -0.350967 -0.610532 -0.837655 -0.973476 -2.07885 -0.591383 1.71898 2.38969 1.38053 -0.437741 -0.0213981 0.322568 0.392302 0.149844 0.0516936 0.455432 0.105643 0.152447 0.884756 -0.198399 -0.657379 -0.776736 -0.703576 -0.073944 0.830938 0.814977 -0.65094 -1.69466 -1.69466 
-1.30654 -1.30654 -0.279933 0.57759 0.387447 0.176168 0.172206 0.835037 0.334938 0.15762 0.0988118 -0.482525 0.739138 2.02244 1.9316 0.54476 -0.798386 -1.20292 -1.09465 0.686728 2.00152 0.310692 -0.780043 -1.09664 -2.07549 -0.621167 0.139821 -0.139318 -0.96331 -0.411797 1.02234 1.83116 -0.134822 -1.13926 -0.0683277 -0.0683277 
-1.78235 -1.78235 -0.0447242 1.26566 1.53993 1.06481 0.768008 0.203207 -0.283436 -0.555767 -0.512867 -0.461186 -1.56008 -0.246617 1.06521 -0.400893 -1.32613 -1.45963 -0.518206 0.493138 -0.478238 -0.632015 0.390904 0.381643 0.544743 0.240204 0.376372 1.09587 0.266047 -0.620297 1.9069 2.29616 -1.18107 -0.575402 0.261221 0.261221 
-0.944321 -0.944321 -2.33186 -1.62909 -0.266279 0.0375529 -0.169294 -0.0312499 0.170268 0.0102265 -0.294126 -0.955626 -0.966981 0.408552 1.23974 1.16531 1.58341 2.1899 1.28835 -0.624285 -1.34212 -1.12613 -0.49064 -0.277551 -0.923944 -0.937938 0.252383 1.12479 0.886836 0.158692 0.392666 1.48669 0.569637 0.125261 0.582742 0.582742 
-2.29141 -2.29141 -2.46905 0.13028 0.00878865 -0.073852 0.657682 0.809063 0.629909 1.06231 1.05029 0.192403 -0.587689 -0.757414 0.0937543 0.610233 -0.39559 -0.287306 0.523606 -0.0440876 -0.275278 0.918617 1.54679 0.542643 -0.787866 -0.985393 -0.08891 1.03127 2.04186 0.143163 -1.12418 0.769236 0.338361 -0.61846 -0.0111807 -0.0111807 
0.643755 0.643755 1.7297 0.818655 0.077924 0.419797 -0.280844 -0.309752 0.00339738 -0.679403 -0.941247 0.393865 1.42221 0.689736 0.39474 0.437498 -1.0147 -1.36649 -0.126935 0.130342 -0.0396708 -0.2528 -0.361239 0.623901 0.863736 0.368585 1.33856 -0.142901 -2.94162 -1.4755 1.35031 1.36132 -1.25672 -1.80266 -0.359651 -0.359651 
-1.62059 -1.62059 -2.72784 -0.840645 0.0385532 -0.406858 -0.0732309 0.24674 -0.0930897 -0.16619 -0.782247 -1.78547 -0.47363 1.21917 0.621085 0.541501 1.36724 1.48789 1.06107 0.431245 0.200682 1.22087 0.878879 -0.950867 -1.04156 -0.95692 -0.29517 1.18119 0.992955 -0.00565338 0.21989 1.17307 0.107999 -0.227751 0.539138 0.539138 
-1.29503 -1.29503 -0.38278 0.856449 0.314218 0.752766 0.430648 0.00941665 -0.0944214 0.169033 0.27185 -0.9894 -0.923549 1.27134 1.38845 -0.683841 -1.49113 -0.715331 -0.645243 -0.0364613 1.15277 1.10711 0.231937 -0.881505 -0.172057 2.02567 0.148539 -2.08909 1.02731 0.0469727 -2.42397 0.153062 0.637141 0.553755 0.785206 0.785206 
-0.250283 -0.250283 -0.279637 0.512375 0.839209 0.18471 -0.353945 -0.83105 -0.553046 0.683413 1.92952 1.23589 -0.923647 -0.748782 -0.814774 -0.774559 0.652937 -0.156859 -0.822403 -0.826964 -0.156004 2.40727 1.9741 -1.20376 -0.744827 0.618405 -1.47788 -1.26329 1.34764 1.08266 0.523141 -0.215096 -1.62976 -0.533774 0.409679 0.409679 
0.704618 0.704618 1.32761 0.23357 -0.468025 -0.362546 -0.12444 0.21173 -0.165958 -0.664946 0.102523 0.940782 0.305054 -0.00930627 0.152423 -1.16062 -1.44288 -0.633368 -0.926091 -0.77887 -0.318728 0.564917 1.15362 0.11665 0.177641 2.17345 0.381788 -3.0854 -0.642573 1.71443 -0.113219 -1.51766 -1.0391 0.77091 0.858697 0.858697 
0.0736266 0.0736266 0.595312 0.235098 -0.428229 -0.392775 -0.173549 0.0343481 0.537931 0.252323 -0.986659 -0.612056 -0.0498295 -0.0863568 0.486266 -0.0177895 -0.484363 -0.81583 -1.18181 0.491178 1.88435 0.499238 -0.754632 -0.403403 -0.360647 -1.21464 -2.52148 -0.108418 2.9031 0.827812 -0.807201 -1.06835 -0.61576 1.62906 1.28025 1.28025 
-1.04616 -1.04616 -1.7827 -0.798274 0.19445 0.192025 -0.072817 0.828563 0.761496 0.0662572 0.694662 0.0798632 -0.667709 -0.200752 -1.16597 -1.03286 1.64057 1.69048 -0.0112278 0.115743 -0.167642 -1.40577 -0.387011 2.17759 1.69814 -1.28553 -2.14955 -0.180536 0.629898 0.161696 0.836162 1.00809 -0.206245 -0.0735407 0.452383 0.452383 
1.0551 1.0551 2.38826 1.11363 -0.284915 0.109433 0.45266 -0.00274839 -0.326818 -0.298529 -0.0367921 1.31233 1.50878 -1.05645 -2.34471 -1.22209 0.0253249 0.496486 0.0509659 0.200118 0.524878 -0.334744 -0.486038 0.21011 -1.28406 -1.47598 0.724885 1.65192 0.0320864 -1.96833 -0.34215 0.252383 -0.0214661 -0.200703 -0.738965 -0.738965 
1.81181 1.81181 1.41809 -0.966163 -0.689763 -0.168982 -0.434306 -0.553356 -0.32333 -0.24018 -0.830318 0.260445 2.55564 2.00682 -0.223723 -1.89619 -0.938322 0.514586 0.281684 -0.112363 -0.225172 0.209037 0.0399498 -0.199891 0.527222 -0.232052 -1.03254 -0.384914 -0.0273433 0.475938 1.03481 0.601007 -0.992047 -1.68265 -0.697627 -0.697627 
0.592101 0.592101 1.15653 0.355649 -0.347851 -0.225304 0.350047 0.0234832 -0.529515 -0.239051 -0.504982 0.337842 1.56517 0.701269 -1.05626 -1.88055 -1.23398 -0.278635 1.16016 1.95431 -0.331141 -1.91449 -1.00995 -0.936314 0.229333 1.37452 0.23353 -0.809726 -0.262979 1.22335 1.39271 -0.845289 -2.0388 -0.0398621 0.621276 0.621276 
1.0376 1.0376 1.91333 0.935367 -0.257886 -0.63954 -0.699473 -0.826343 -0.630885 -0.27699 -0.0604533 -0.823517 0.0197352 1.63083 -0.226764 -1.7218 -0.831213 0.416276 1.18137 -0.0969509 -0.875603 0.457187 0.553767 -0.0208509 -0.218185 -0.236184 0.448184 -0.197392 -1.27058 0.972924 1.82541 -2.18736 -2.04273 0.840225 0.435455 0.435455 
