30
1.54975 1.5776 1.46419 1.42441 1.30333 1.25227 1.11625 1.08921 0.878058 0.667792 0.432667 0.289196 0.169888 -0.0410889 -0.526428 -1.00722 -1.43815 -1.41773 -0.964482 -0.908359 -1.0821 -0.64892 -0.584581 -0.445769 -0.337773 -0.336618 -0.600259 -0.74824 -0.902246 -1.22466 
1.40525 1.42967 1.32085 1.2497 1.17718 1.12795 0.918806 0.725187 0.456446 0.522941 0.529235 0.468592 0.417566 0.344103 0.234717 0.320824 0.218395 0.209114 -0.422577 -0.594043 -1.37541 -1.45805 -1.45175 -1.63439 -1.36965 -1.27484 -1.16946 -0.972928 -0.855456 -0.497983 
-1.65022 -1.68219 -1.54813 -1.45142 -1.35081 -1.26553 -1.18424 -1.01012 -0.771424 -0.681234 -0.324603 -0.165716 -0.0943385 0.373892 0.574897 0.270846 0.208286 0.554747 0.91043 1.16771 1.29662 1.02503 1.1187 0.61494 0.858147 1.1673 0.825607 0.876477 0.70834 0.628005 
-0.310907 0.0704268 0.237102 0.363401 0.651441 0.806378 1.07277 1.06174 1.26818 1.25082 1.31519 1.24691 1.24498 1.09654 0.792885 0.49016 0.289625 0.179926 -0.542305 -0.927693 -0.777441 -1.07683 -0.988549 -0.972059 -1.2776 -1.18356 -1.17569 -1.33006 -1.47161 -1.40416 
-1.1733 -1.30622 -0.325219 -1.23018 -0.393117 -0.249252 -0.105446 -0.377273 0.219175 -0.257225 -0.205325 -0.59546 -0.948075 0.0538194 1.13918 0.199753 1.13786 1.65781 -0.0471482 0.927541 1.10006 1.9652 1.65437 1.86483 -0.675329 -1.05673 -1.25312 -0.900107 0.178958 -1.00004 
-2.08283 -1.82065 -1.56622 -1.26486 -1.74641 -1.33108 -1.35981 -0.889868 -0.538231 0.0742382 0.459404 0.751288 0.926611 0.248195 0.361498 0.304391 0.319734 0.613854 0.679275 0.916548 0.487211 0.403877 0.632959 1.00148 1.08823 0.477334 0.0880453 0.756944 1.10946 0.89939 
1.27765 -0.428853 -1.18966 -0.655037 -0.933585 -0.703359 -0.739527 -0.704962 0.0470899 0.534061 0.633144 0.442814 0.191345 0.622148 -0.150068 2.37175 1.8076 -0.0415907 0.750112 0.989223 -1.13393 0.201205 0.118611 0.889293 0.747998 -1.01657 -2.03172 -1.34932 -1.09188 0.546011 
-1.6342 -1.36594 -1.82243 -1.44345 -0.690012 -0.675541 -0.578889 -0.187778 0.0244903 -0.106815 0.0967414 0.562734 0.52076 -0.183459 -0.150947 -0.305641 -1.52874 -1.10677 1.60653 1.26736 -0.327214 0.0465692 0.308968 0.734187 1.20641 1.32127 1.2448 0.538227 1.37909 1.2497 
0.359613 -0.510918 -0.936463 -0.728259 -0.603439 -2.15017 -1.74398 -1.16267 0.0577038 0.233889 0.17997 0.948666 1.4535 2.28175 1.24985 1.77124 0.955825 0.419311 0.206996 0.459266 -0.684518 -0.371166 0.238422 -0.421605 -0.464806 -0.89667 -0.779208 0.40044 0.75627 -0.518828 
3.24905 2.60993 1.0297 0.23179 -1.0681 -0.786823 -0.892832 -0.274987 -0.800555 0.340353 -0.234957 -0.606189 -0.54757 -0.903799 0.0633977 0.517269 0.953089 0.537068 -0.343982 0.177935 -0.686852 -0.306887 -0.443492 0.0379515 -0.434684 -1.53588 -0.481962 -0.250439 0.411456 0.440994 
1.3992 1.1404 0.626237 -0.635871 -0.878715 -0.987143 -1.84843 -1.36017 -1.27411 -1.12027 -1.4707 -1.35451 -0.527393 -0.156454 -0.0658102 -0.688986 -0.570379 -0.364975 0.615074 0.559894 0.575694 0.810434 0.942764 1.71031 0.669472 0.772821 0.459292 0.897607 1.02814 1.09658 
0.555729 0.440446 0.205367 -0.73071 -1.42711 -1.43031 -0.322602 -0.561641 1.11548 0.919816 0.354079 0.467722 0.610852 1.63337 2.46674 1.25239 -0.100745 0.51037 -1.26317 -1.63103 -1.65315 -0.560253 -0.390103 0.190611 -0.730075 -0.607891 -0.683333 0.792189 0.715711 -0.13875 
-0.962145 -0.555161 0.481477 1.0335 0.829571 0.275502 0.540554 -0.105467 0.250626 -0.656145 -1.53429 -0.960072 -0.512089 -0.911968 -0.973488 -1.85012 -1.90758 -0.344483 -0.132141 -0.075696 -0.539973 0.280816 0.0393655 0.597063 1.92328 0.876212 1.77676 1.66369 0.402445 1.04996 
0.294993 0.294993 0.110787 0.0899224 0.0591981 0.0185092 0.0839206 -0.12071 -0.619698 -0.684991 -0.503079 -0.187657 -0.371507 -1.36838 -2.10319 -1.95501 -0.590005 1.81801 1.91526 0.207685 1.23458 1.88297 1.08128 1.20018 0.825277 -0.186859 -0.593024 -0.294439 -0.769506 -0.769506 
0.117631 0.117631 -0.148808 -0.0476003 0.013508 -0.367354 -0.769825 -0.935963 -0.210883 0.555788 0.201384 0.041603 0.00586817 -0.156814 0.287993 0.307386 0.0414894 -1.43385 -1.88595 -2.30317 -2.05556 0.140089 -0.138686 0.581734 1.35515 0.910938 1.19448 1.22817 1.67681 1.67681 
-0.147529 -0.147529 0.24266 0.141206 0.106548 0.0480001 0.317362 0.794604 0.540116 0.897715 1.10601 0.241105 1.17905 1.57209 -0.769511 -1.56866 0.403732 1.67187 1.40148 0.713873 -0.889695 -0.996543 -1.70049 -1.24706 1.21772 -0.555735 -1.33887 -0.81263 -1.21045 -1.21045 
1.57804 1.57804 0.928978 1.23785 1.31074 1.25563 0.833248 0.680678 0.664567 0.30301 0.173422 0.00466261 -0.19935 -0.967216 -1.35988 -1.09744 -0.606189 -1.93391 -2.63553 -0.415066 -0.196186 -0.353912 0.449988 -0.552279 -0.354902 0.442723 -0.189494 -0.569774 -0.00522653 -0.00522653 
0.739717 0.739717 -0.0040279 -0.142689 0.867696 0.199848 -0.200609 0.235444 0.038369 -0.486222 -0.403118 -0.792807 0.548203 1.93347 0.0633054 -0.0785507 1.32734 -1.21885 -0.780782 1.02788 0.922349 0.456722 -0.173968 -2.3216 -2.89177 -0.63389 0.0736058 1.30231 -0.173546 -0.173546 
0.59401 0.59401 0.672218 -0.796981 -0.569466 0.334493 0.443511 1.20281 1.48733 1.55427 0.914296 0.495395 -1.44158 -1.56539 -0.325091 -0.520643 0.180497 0.280464 0.166984 -0.820681 -1.4607 -0.146322 0.755692 0.471568 -1.4836 -2.4339 0.120902 1.60174 -0.152914 -0.152914 
-1.72685 -1.72685 -0.115491 0.231252 0.0123902 0.18666 0.0459812 0.612705 0.937982 0.468502 -0.0184721 -0.270517 0.176074 -0.19834 1.30509 1.45468 -1.68804 -0.713193 0.788282 -1.30748 -0.519446 0.947702 0.541864 0.499659 -1.32317 -1.95146 -0.192115 0.722872 1.40987 1.40987 
-0.387513 -0.387513 -0.278423 0.913691 0.554549 -0.0925659 0.278528 0.392442 -0.122281 -0.130865 0.457638 0.215722 -0.937257 -0.863868 -0.322435 -1.55956 -0.991385 2.88705 2.13712 -2.10732 -1.40486 0.424762 0.47544 0.682174 0.376383 -0.164228 -0.973563 -0.0697424 0.498943 0.498943 
-1.24614 -1.24614 -0.157842 0.397403 -1.37309 -1.08923 1.05768 1.87909 1.47037 0.184777 0.782543 1.34625 1.40633 -0.144032 -0.453611 -0.235202 -1.30249 -0.694042 0.101736 -0.837994 -0.776371 0.992552 0.010541 -0.648038 -0.417852 -0.255764 1.37004 1.61052 -0.865994 -0.865994 
-1.87585 -1.87585 -2.02467 -1.76193 -0.75051 0.368401 0.683832 0.290619 0.780836 0.734218 -0.682965 -0.0888449 -0.0747844 0.776739 1.53597 1.03796 0.222693 -1.01148 -0.132444 -0.117202 -0.250239 0.432215 0.527321 0.212393 -1.27086 0.159828 1.40886 1.04145 0.85215 0.85215 
-0.992135 -0.992135 -2.3373 -1.97353 -0.426765 -1.25592 -0.455938 0.814196 0.365833 -0.219384 -0.269847 1.30891 1.65045 0.663048 -0.669785 -0.632293 0.478602 1.63356 1.28419 -0.00860361 0.380099 0.536333 1.25068 -0.322215 -1.21272 -0.2376 0.211497 0.806865 0.310958 0.310958 
-0.251146 -0.251146 -0.953069 -1.34758 -0.549809 0.993026 0.791342 1.27829 1.31538 -0.60266 -0.338145 0.268061 1.04531 1.63558 -0.277331 -2.14717 -0.586082 -0.945599 -1.7828 -0.285028 0.964175 1.1286 0.690595 -0.242261 -0.634385 0.0884469 1.24579 1.2449 -0.747641 -0.747641 
1.36628 1.36628 1.51675 0.229731 -0.917776 -0.431232 -0.526628 -0.432178 -0.702691 -1.98314 -0.446701 0.929077 -0.0814901 -0.610069 -1.10468 -1.10046 1.43062 1.71051 0.147455 -0.554496 0.238465 0.469633 0.196692 1.82305 0.158205 -0.283401 0.685563 -1.55716 -0.768102 -0.768102 
-0.0783406 -0.0783406 -0.0962508 0.0354976 0.0184806 0.101003 -0.0397241 -0.524203 -0.404596 0.179887 0.506692 0.192723 -0.933744 -1.40669 -0.423786 1.3787 3.31854 2.23029 -1.30252 -0.504512 1.51784 -0.0518085 -0.506326 -0.139971 -1.11085 -1.13769 -0.012565 -0.0717102 -0.328014 -0.328014 
-0.407507 -0.407507 -0.297952 0.0566112 -0.465218 -0.967033 -0.734599 0.485949 1.49569 0.327177 -0.675686 -0.330734 -0.333874 0.186301 0.383394 -0.385927 -2.00394 -2.2055 -1.06012 -0.302693 2.52568 1.95588 0.358977 1.49795 0.237264 -0.293019 0.224304 0.403023 0.366549 0.366549 
0.332769 0.332769 0.259583 -0.046886 -0.0159349 0.203374 0.589874 0.211987 0.125681 0.459516 -0.422355 0.103992 1.01143 -1.35433 -2.21432 0.897637 2.3889 0.771041 -0.639765 -1.60147 -1.18253 -0.533576 -0.129417 2.1564 0.550001 -1.79294 -0.134014 0.143937 -0.235674 -0.235674 
-0.6247 -0.6247 -0.267837 0.566275 0.145746 -0.426468 -0.539077 -0.0696831 -0.311139 -0.442249 -0.219496 -0.305484 -0.997672 -1.21563 -0.0252515 0.99599 -0.841222 -2.21944 1.88003 2.94355 0.19586 0.871774 -0.103981 -0.804739 1.2748 0.316312 -1.0446 0.338102 0.777466 0.777466 
-0.395941 -0.395941 -0.48611 0.654572 0.310451 -0.606997 0.110852 0.243108 -0.381583 -0.199387 -0.111663 0.706333 1.86056 -0.227617 -1.22068 0.909684 -0.653816 -1.28317 1.54872 1.19522 -0.28371 -0.625213 -1.71899 -1.67964 1.18519 2.01604 1.34678 -0.0730143 -0.872019 -0.872019 
0.118298 0.118298 -0.826881 -0.730828 0.795895 0.719663 0.626596 0.739507 0.29409 -0.300667 -0.613219 -1.44762 -1.25778 0.786255 0.740099 0.393244 0.58336 0.0592917 -0.640415 -0.979152 0.50182 1.49386 0.465492 -1.37262 -1.80119 1.10021 2.66423 -0.108169 -1.06083 -1.06083 
0.900819 0.900819 1.13644 -0.107262 -0.224464 -0.171335 0.0953522 0.411987 -0.292154 -0.844109 -0.696354 -0.0619605 -0.145115 0.573046 0.929131 -2.22811 -1.66732 1.4886 -0.598003 -1.08281 1.33832 0.527039 -0.498625 -1.46152 -1.85979 0.574432 1.62315 0.894445 0.272677 0.272677 
0.0154445 0.0154445 0.687377 0.423458 -0.613219 -0.201622 0.22733 -0.27196 -0.341005 0.280826 0.149309 -0.832274 -0.654553 0.300499 -0.43817 -0.423097 2.46028 1.71733 -2.86111 -2.04248 1.38116 1.01379 0.099046 -0.101877 -0.523117 -0.806939 0.00721257 0.783931 0.274494 0.274494 
0.718884 0.718884 1.07873 -0.77403 -0.949911 1.58893 1.93731 0.281026 -1.08451 -0.432212 0.766306 0.417838 -0.952274 -1.19185 -0.0455214 -0.536587 -0.283806 0.923633 -0.079729 -0.555529 1.19993 0.523556 -1.04969 -0.264073 0.267795 1.17228 1.22309 -1.43559 -1.59144 -1.59144 
-0.296687 -0.296687 -0.0526449 1.02504 1.8203 1.17383 -0.230705 -0.0683556 0.253579 -1.51811 -0.92296 0.406451 0.645539 1.33769 0.0841766 -1.37829 -2.06208 -0.488327 0.672194 -0.267872 0.351868 0.563779 -0.362639 -1.8287 -0.207283 2.3306 0.660438 -0.675556 -0.334291 -0.334291 
-1.03595 -1.03595 -0.761011 1.4247 0.523089 -0.0413247 1.54531 0.601816 -0.800452 -0.49972 1.13581 1.43208 -0.507418 -1.7729 -0.998291 0.848671 1.69325 0.589583 -1.26042 -0.702582 0.392586 0.638704 -0.668164 -1.8811 0.044676 1.05714 0.770128 0.0558965 -0.394081 -0.394081 
-0.372784 -0.372784 -0.626784 0.338769 1.5861 0.942613 0.262799 0.416529 -1.13188 -0.985455 0.639735 0.969847 0.95959 -0.77242 -2.35632 -0.119647 0.852749 -0.691346 0.504434 1.84772 0.989275 -0.0970028 -0.803466 -0.773928 0.292057 1.28965 0.8237 -1.2043 -1.20373 -1.20373 
0.188226 0.188226 -0.738345 -1.67281 -0.395957 0.361496 0.0792134 -0.0468598 -1.0367 0.264191 2.1765 0.342822 -1.02819 -0.656734 -0.273154 1.90514 2.10361 -0.8439 -1.55077 0.145416 0.817202 0.0498203 1.05427 0.0521858 -1.43662 0.459559 -0.837132 -0.966652 0.647967 0.647967 
