15
1.36912 1.25372 1.2115 1.0279 0.773777 0.597247 0.307311 0.103243 -0.291371 -0.746707 -1.1435 -1.17377 -1.16429 -1.18337 -0.940812 
1.42149 1.29076 0.945628 0.778586 0.584028 0.640597 0.257445 0.0665075 -0.126356 -0.310265 -0.573949 -0.7893 -0.678545 -1.35493 -2.1517 
-1.2807 -1.39054 -1.27819 -1.1193 -0.826283 -0.335035 -0.0824975 0.114589 0.374256 0.589468 0.373887 0.837704 1.3087 1.36656 1.34738 
-0.348425 0.230617 0.720348 0.59845 0.966583 1.04792 1.22678 1.16505 0.32609 -0.0842261 -0.257294 -1.23028 -1.45243 -1.35652 -1.55265 
-0.686824 0.423018 0.151658 -0.266213 -1.2805 -1.39375 -1.59727 -0.765747 -0.352058 1.06349 1.07683 0.825457 0.379909 1.63664 0.78536 
-1.57523 -1.54229 -1.20968 -0.892104 -0.632812 -0.238377 0.308893 0.881111 0.75138 0.696527 -0.104778 0.183244 0.507771 1.64727 1.21908 
-2.5233 -0.846513 0.293254 1.07425 0.250632 0.105179 0.129501 0.783981 0.604835 0.75316 -0.124402 0.0740904 0.833133 0.375916 -1.78371 
-1.89703 -1.49657 -1.15499 -0.583485 0.880454 0.229164 -0.249681 0.407323 0.717062 -0.132031 -0.666437 0.374093 0.987949 1.27668 1.30749 
-0.601067 -0.273112 -0.914811 -0.278709 0.676303 1.21934 0.743952 1.51237 1.15785 0.730763 0.552895 -1.09691 -0.546592 -1.32149 -1.56078 
0.582537 -1.17844 -1.7665 -0.818286 1.0001 0.658923 -0.150575 -1.1789 -0.677004 -0.772092 0.819432 0.79259 0.665926 1.64064 0.381654 
0.290972 -1.06273 -1.04966 -0.676916 -0.723687 -1.11174 -0.458524 -0.574857 0.20197 -0.33207 0.827914 1.08122 0.76651 0.326414 2.49518 
1.03466 0.919257 0.499298 0.0782356 1.02934 0.552616 0.0168534 -0.11165 0.22327 -0.0909349 1.04517 -0.223999 -0.872618 -2.25744 -1.84205 
-0.264594 -1.71985 -0.555151 -0.676364 1.00306 0.285582 -0.0898839 0.679065 1.36212 -0.324054 0.414913 0.294283 -1.75011 -0.440454 1.78144 
0.461486 0.461486 0.257711 -0.375403 -0.354275 -0.461284 -0.543567 -0.856329 -1.60708 -1.6136 -0.343555 0.870344 0.903769 1.60015 1.60015 
0.171505 0.171505 0.0808044 0.456918 1.01545 0.544383 -0.073841 0.401463 0.419018 0.242122 0.163588 1.09886 -0.0527064 -2.31954 -2.31954 
-1.16228 -1.16228 -0.292832 0.291656 1.36692 1.23597 0.284273 0.307338 0.365979 -1.17159 -0.367281 1.85399 0.540605 -1.04523 -1.04523 
1.57142 1.57142 0.646042 0.485508 0.753812 0.503937 0.315068 -1.02865 -1.48886 -0.609751 -1.35259 -1.41739 -0.00622609 0.0281272 0.0281272 
0.595151 0.595151 -0.981987 -1.74895 -1.43447 -0.597467 0.377861 1.01503 1.61795 1.20466 -0.51619 -0.989927 0.566968 0.148109 0.148109 
-0.175563 -0.175563 0.299611 0.177213 0.30552 0.786276 1.08307 -0.047125 -1.09396 -2.2151 -1.6427 0.23678 1.65824 0.401655 0.401655 
1.65321 1.65321 1.09906 -0.115519 -0.688632 -0.164086 0.330765 0.204897 -0.108218 -0.54027 -0.509235 0.503194 0.0975619 -1.70797 -1.70797 
0.295896 0.295896 0.481451 1.69906 0.372498 -1.73515 -0.315835 0.539668 -1.09424 -2.01002 0.0399612 1.28567 0.470067 -0.162459 -0.162459 
-0.0981461 -0.0981461 0.232953 1.9486 1.8486 0.311655 0.553823 0.683691 -0.60086 -0.411046 -1.72485 -0.942417 -0.00233764 -0.850761 -0.850761 
-1.55947 -1.55947 0.239872 1.83814 0.981775 -0.763566 -1.21994 -0.348965 0.270856 0.994545 1.03987 -0.101284 0.56391 -0.188134 -0.188134 
-1.68129 -1.68129 0.126032 0.0633807 -0.73305 -0.000275504 0.28417 0.413575 -0.0236998 0.377407 1.20164 -0.34214 -1.06803 1.53179 1.53179 
-0.0374881 -0.0374881 -0.401465 1.23118 1.16491 -0.60564 -0.190985 0.845817 0.624685 1.57873 0.441566 -1.68367 -1.82139 -0.55438 -0.55438 
-0.444118 -0.444118 0.369364 0.683234 0.31964 -0.933401 -0.0270004 0.618472 -0.878627 -0.844535 0.110112 -1.58714 -0.714972 1.88654 1.88654 
-0.397408 -0.397408 -1.04515 -0.815049 -0.276792 -0.38259 -0.593095 -1.277 -0.963689 1.10378 2.35239 1.08721 0.557732 0.523535 0.523535 
0.320379 0.320379 0.622678 1.1445 0.463578 -0.482236 0.278408 0.789411 0.265209 0.187978 1.08188 0.219433 -2.35424 -1.42868 -1.42868 
0.566701 0.566701 0.93408 1.06344 0.613757 -0.660288 -0.563482 0.0715658 -0.909368 -0.44068 1.92193 0.590859 -1.80209 -0.976565 -0.976565 
-0.701636 -0.701636 -0.872245 0.396349 0.301402 -0.184463 -1.34695 -1.63532 0.727005 0.426634 -0.576505 1.71267 1.81805 0.318325 0.318325 
-0.929015 -0.929015 -1.44367 -0.174342 0.901967 1.34541 1.21132 0.961425 0.256532 -1.30278 -1.34334 0.856117 0.892942 -0.151778 -0.151778 
0.297521 0.297521 0.216651 -0.0125268 0.385982 0.497302 -0.567066 -1.45482 -1.44883 -0.378986 1.60355 2.16453 0.0925039 -0.846665 -0.846665 
0.0474238 0.0474238 -1.07504 -1.09256 0.514666 1.50163 0.900549 0.15386 -0.129102 0.188947 1.52388 1.12033 -1.48391 -1.10905 -1.10905 
0.160182 0.160182 0.865649 -0.0104532 -1.93707 -0.346139 1.37068 -0.398324 -1.42459 0.709815 1.96215 0.301872 -0.786354 -0.313805 -0.313805 
0.392459 0.392459 1.83755 1.47444 -1.26523 -0.97702 0.42694 -0.859018 -0.808526 -0.833162 -0.334002 1.56445 0.190776 -0.601055 -0.601055 
0.956779 0.956779 1.94547 0.302644 -1.76572 -1.51829 0.100174 0.765913 0.6748 0.319415 -0.834181 -0.450729 -0.210025 -0.621515 -0.621515 
0.767323 0.767323 0.72302 -1.11821 -0.555726 0.208607 -0.218061 -0.72842 -0.536289 0.355777 -1.01953 -2.11569 0.814421 1.32773 1.32773 
-0.230933 -0.230933 0.830351 1.02387 -1.18834 -0.875715 0.949168 0.535882 0.482089 -0.113368 -2.11502 -1.46534 0.739749 0.829274 0.829274 
0.176326 0.176326 0.377532 -0.377028 -1.38149 -0.567366 0.64967 -0.891086 -1.28301 0.288675 -0.821197 -0.874071 1.88164 1.32254 1.32254 
