68
0.839944 1.00794 1.05734 1.10762 1.29798 1.3671 1.44423 1.45656 1.42108 1.26355 1.13106 1.04284 1.03228 1.04014 0.986063 0.985391 0.983703 0.910349 0.803998 0.785405 0.79893 0.7789 0.729321 0.645842 0.536063 0.448206 0.419195 0.391498 0.392989 0.322102 0.307322 0.26117 0.203298 0.132016 0.119952 0.0142099 -0.102783 -0.132 -0.176143 -0.27045 -0.410518 -0.484293 -0.530912 -0.567398 -0.562477 -0.532884 -0.490844 -0.600394 -0.65978 -0.693151 -0.785742 -0.755138 -0.70916 -0.723447 -0.638088 -0.679245 -0.729952 -0.776033 -0.892405 -1.0141 -1.10052 -1.23567 -1.41969 -1.63008 -1.63881 -2.08554 -2.67573 -2.76218 
2.12811 1.90802 2.72549 2.96052 1.95189 1.1011 1.08962 0.830382 0.950889 1.17721 1.30854 1.54677 1.13032 1.1501 1.31842 1.02858 0.596391 0.317818 -0.0331747 -0.387212 -0.69813 -0.619866 -0.766328 -0.596499 -0.320179 -0.15507 0.178439 0.376954 0.0535528 -0.00767811 -0.257092 -0.454417 -0.551522 -0.126163 -0.333853 -0.368066 -0.525343 -0.558061 -0.908013 -1.17206 -0.32004 0.0875168 0.157007 0.181619 -0.41709 -0.202808 -0.10932 -0.00697563 -0.514886 -0.241442 -0.0337353 -0.393322 -0.793152 -1.00751 -1.04252 -1.1562 -1.36181 -1.3537 -1.15281 -0.831892 -0.732438 -0.406564 0.00451495 -0.555597 -0.867786 -1.1039 -1.39375 -1.42181 
-1.01332 -0.888976 -1.57999 -1.84432 -1.52084 -1.36269 -1.46445 -1.47834 -1.47142 -1.60578 -1.30961 -1.34472 -1.08376 -1.12783 -1.22171 -0.982575 -0.668199 -0.550142 -0.373842 -0.464837 -0.427098 -0.407101 -0.32283 -0.397978 -0.316255 -0.324473 -0.438488 -0.53688 -0.516963 -0.534271 -0.465141 -0.513818 -0.415098 -0.389287 -0.168353 0.122524 0.351441 0.461965 0.0995222 0.106026 0.391087 0.460831 0.243194 0.333944 0.491894 0.75488 0.656065 0.641086 0.824211 0.742404 0.939972 0.958511 1.20718 1.34822 1.28825 1.50202 1.6278 1.56295 1.44651 1.31681 1.21557 0.969012 0.992568 1.226 1.07489 1.09796 1.28794 1.78816 
-2.21723 -2.44116 -2.06308 -2.08138 -2.00835 -1.99635 -1.77505 -1.87482 -1.57659 -1.20191 -0.930989 -0.456888 -0.321757 -0.285438 -0.438839 -0.418829 -0.359687 -0.0487292 0.157617 0.132426 0.126777 0.110402 0.120155 0.312339 0.416938 0.640853 0.471491 0.337189 0.332402 0.362387 0.369681 0.591115 0.778588 0.674419 0.823365 0.97917 1.0311 0.729238 0.712015 0.515987 0.648599 0.826184 0.930153 0.886402 0.783094 0.84493 0.655442 0.842337 1.12484 1.03662 0.689474 0.559597 0.75134 0.910294 0.702263 0.475055 0.517614 0.518804 0.669749 0.675057 0.623347 0.546987 0.4112 0.198179 -0.722894 -0.9003 -1.3699 -2.06302 
-0.240166 0.472178 0.980419 1.36279 0.22742 -0.694785 -1.33683 -1.74165 -2.14388 -2.10982 -1.59301 -1.64154 -1.65159 -1.807 -0.909457 -1.32434 -0.246875 -0.253216 0.212739 0.603126 0.139401 -0.0750194 0.0883644 -0.471163 -0.550382 -0.857596 -0.775418 -0.945444 -0.509658 -1.32708 -0.420556 -0.888977 -0.66695 -0.0588113 0.120975 -0.259982 -0.104415 0.649271 0.347009 0.0633115 0.250441 0.0993148 0.374657 -0.613841 -0.204795 0.340705 0.309568 0.606496 -0.144368 0.0519142 1.33252 0.783689 0.356986 0.876464 0.767881 1.0388 0.540664 -0.0370885 1.00715 1.06437 0.309909 1.00855 2.19257 1.19245 2.19664 1.10053 1.6414 1.89502 
-1.53606 -1.49127 -1.70402 -2.09063 -1.75636 -1.82704 -1.80536 -1.78198 -1.39395 -1.28174 -1.3125 -1.09249 -1.10428 -0.96689 -1.03229 -0.748601 -1.22535 -1.0771 -1.07366 -0.713598 -0.20529 -0.171536 -0.206574 -0.181299 -0.118122 -0.20092 0.0203316 0.247302 0.267445 0.152938 -0.104231 -0.0554074 -0.191665 -0.214518 0.0171829 0.0979945 0.358271 0.428144 0.518072 0.373218 0.648495 0.583744 0.558783 0.573726 0.805265 0.991148 1.08115 0.751056 0.568012 0.945734 0.782605 1.29741 0.977057 0.837244 1.08193 0.871417 0.720841 1.07962 1.0199 0.997203 1.30772 1.4981 1.02587 1.04351 0.831686 0.588227 1.14948 1.56692 
-0.0461869 -0.67279 -0.803641 -0.534156 -1.00289 -1.53055 -1.25893 -1.10449 -0.808202 -0.592331 -0.323548 -1.09788 -1.41662 -1.07107 -1.35048 -1.68723 -1.12286 -1.21602 -1.04947 -1.08649 -1.27159 -0.966574 -0.771327 -0.78575 -0.592737 -0.291467 -0.447932 -0.231706 -0.188937 -0.675727 -0.517122 -0.644707 -0.872889 -0.467404 0.362028 1.14244 1.00842 0.541813 0.0875755 0.290605 0.703574 0.756442 -0.165087 0.688806 1.00678 0.0743456 0.373059 0.72974 1.49994 0.636717 0.508668 0.110522 0.933763 0.782502 0.771615 0.552509 1.28659 1.36565 0.380994 0.284045 0.168322 0.328285 1.4309 1.41549 2.24548 1.65104 1.92971 2.61841 
0.787682 0.73519 1.08818 0.185809 0.184739 0.0109163 -0.298073 -0.809927 -1.17072 -1.41441 -0.885814 -1.4798 -1.52055 -0.721913 -1.04028 -1.18687 -0.657545 -0.175527 -0.326473 -0.424237 -0.60037 -0.642722 -1.05003 -1.00367 -0.695136 -0.632281 -1.04293 -1.44939 -1.79613 -1.28727 -1.41473 -1.23057 -0.640845 -0.45265 -0.724768 -0.823329 -0.966833 -0.797344 0.132869 0.191653 -0.218088 0.591068 1.05465 1.08508 0.484314 0.251837 0.425333 0.557535 0.662722 0.949827 0.318304 0.680928 0.741902 0.697885 1.15319 1.93138 1.56196 1.02771 0.885679 1.31718 1.76591 0.963284 0.302519 1.56962 0.734998 2.34782 0.940406 1.26116 
-1.42803 -0.878729 -1.06204 -1.15543 -1.00883 -0.858523 -0.643819 -0.833783 -1.18044 -1.81439 -2.27774 -1.4791 -0.556955 -1.05403 -0.983584 -1.30768 -1.62045 -1.33419 -0.52654 -0.357442 -0.54377 -0.805731 0.108624 0.0317845 -0.812853 -1.1449 -1.16831 -0.810831 -0.351775 -0.237054 0.138722 0.238065 0.438308 0.367557 0.177796 0.309173 0.522176 1.17349 1.4619 1.54108 1.11603 1.29425 1.92435 1.56422 0.896024 1.04985 1.06408 0.738561 1.21495 0.725683 1.03194 0.748545 1.2511 0.92013 0.715577 0.396025 0.731896 0.231312 0.391035 0.842229 1.07257 0.773351 1.1855 0.870906 -0.153509 0.496617 -0.418894 -0.946066 
2.34962 1.9492 1.56043 1.88873 1.95085 1.90087 1.93559 1.74079 1.54907 0.990944 0.905703 1.21573 1.01191 0.769321 0.829388 0.645305 0.530211 0.101819 -0.235398 -0.327473 -0.342642 -0.0589557 -0.204842 -0.384915 -0.341489 -0.524151 -0.601265 -1.14824 -1.1911 -1.16226 -1.14362 -1.19668 -1.17752 -1.44547 -1.39925 -1.24176 -1.31855 -0.896659 -0.357002 -0.385901 -0.336859 -0.464724 -0.180912 -0.942007 -0.594992 -0.730446 -0.70596 -0.863364 -1.2028 -0.573276 -0.275082 -0.483679 -0.459688 -0.487101 -0.492489 -0.560521 -0.852707 -0.710819 0.167014 0.0275997 -0.130028 0.295722 0.334798 0.135454 0.884469 0.809913 0.533767 1.11837 
-0.0477799 -0.391512 0.901219 1.31093 1.73124 1.07091 1.03619 1.16322 1.20177 1.01227 1.59594 2.41419 2.19048 1.27862 0.866823 0.933966 -0.35842 -0.280034 -0.438714 -0.285812 -0.309245 -0.391789 -0.368744 -0.383769 0.0324845 -0.170556 -1.01955 -0.92127 -1.53258 -2.59578 -1.84961 -1.87995 -1.59358 -0.676488 -1.03176 -1.21295 -0.715202 -0.826888 -0.962062 0.205504 0.073244 0.4111 0.36587 0.104378 -0.0708806 0.633856 -0.249521 -0.365852 -0.425232 -0.559151 0.160043 0.405068 -0.974244 -0.456447 -0.450107 -0.536775 -0.771893 -0.47603 -0.213251 -0.416373 -0.442426 0.181278 0.690104 0.768517 0.304716 0.706075 0.507977 2.39423 
0.104143 0.854992 0.218708 -0.439133 -0.259914 0.800445 0.857503 0.595228 0.761731 1.70437 1.1186 -0.629964 -1.28209 -1.00951 -1.93089 -1.73994 -1.25093 -1.696 -1.78582 -0.894399 -0.0401495 -0.1185 -0.0844809 0.272675 -0.190432 -0.00876575 0.265794 0.133003 0.266039 0.766633 0.264074 0.196456 -0.209159 -0.627917 -0.059894 -0.233725 -1.15914 -1.53301 -0.158313 1.47827 1.22252 1.02621 1.34767 -0.031247 -1.45725 -0.458166 -0.312449 0.585355 -0.365075 -0.456849 -1.32454 -1.00798 -0.714754 -0.169056 -0.564189 0.147869 0.652947 1.10914 0.10165 0.525997 0.933327 2.22111 2.57916 0.863498 2.10516 0.517335 -1.25725 -1.13674 
-1.92165 -1.22186 -0.447977 -1.52986 -1.68558 -2.23353 -1.3792 0.178305 1.08185 1.03936 1.02209 -0.0453759 -0.892867 0.675152 0.141934 0.314541 0.675993 0.704758 1.21233 0.945287 0.0859241 -0.468599 -1.31603 -2.26181 -1.95148 -1.46169 -0.856481 -0.0440575 -0.180585 0.231423 -0.469936 -0.471003 -0.170245 0.430536 0.155142 -0.864251 -0.337345 -0.496255 -1.02881 -0.348819 -0.707202 0.635797 0.487647 1.90045 0.939949 0.284484 0.538431 -0.0626868 0.575773 -0.515638 -0.537706 1.05169 1.54428 0.592961 1.1526 1.41937 1.23926 1.5321 1.31465 0.972051 1.01363 1.01894 0.0295535 0.0239813 0.669975 -0.285962 -0.55984 -1.07785 
1.62233 1.62233 1.04589 1.73611 1.82837 1.27392 0.995842 0.444386 -0.387432 -0.862476 -0.523034 0.0740239 0.544514 0.331445 0.289664 0.546185 0.190272 -0.32225 -0.0540969 0.532926 0.525893 0.216875 -0.0938257 -0.388617 -0.410057 -0.0145466 0.280048 0.429416 0.217924 0.138245 0.259366 0.0483461 -0.0747092 0.14961 -0.0191404 -0.532963 -0.15823 0.198508 -0.120229 -0.589964 -0.489419 -0.031815 0.150785 0.403176 0.726757 0.908522 0.227154 -0.269518 0.103524 -0.0590778 0.254203 0.932759 0.71293 0.905776 0.774198 0.107896 0.083782 -0.237769 -0.608066 -0.461391 -0.527241 -1.00517 -1.37362 -0.515277 -1.67263 -4.51995 -2.75569 -2.75569 
1.31663 1.31663 2.18002 -1.28423 -3.34408 -1.45243 -0.330228 -0.0798305 0.841304 0.86185 0.884437 -0.154743 -0.56915 0.540178 -0.0471779 -1.18638 -1.16502 -1.01098 -1.15414 -1.07812 -0.258009 0.0539762 0.227683 1.02973 1.02077 1.12927 1.19264 -0.0535664 -0.546323 -0.405962 -0.664144 -0.375203 0.806075 0.596286 -0.275556 -0.179917 -0.177081 -0.542601 -0.981442 1.29878 2.57285 1.08834 0.361871 -0.90575 -0.545932 0.767214 0.55486 -0.586035 -0.261447 1.09613 -0.104776 -1.25732 -0.981797 -0.289713 -0.0987389 -0.422377 -0.19131 0.579847 1.17326 0.980831 0.990229 1.58141 -0.0993748 -1.47146 -0.856811 -0.814433 -0.41975 -0.41975 
-2.2054 -2.2054 -3.54121 -0.0545424 1.39744 -0.0640834 -0.655328 -0.281804 -0.695872 0.29827 0.639359 0.518334 0.487554 -0.731983 0.241362 1.64447 1.22833 0.753793 0.0353186 -0.440891 -0.0594283 0.10049 -0.226505 -0.235259 -0.00523629 -0.677951 -0.987861 -0.527562 -0.248892 -0.0797552 -0.187565 -0.0858686 0.170131 0.590155 1.50114 1.52858 0.908736 -1.12365 -1.48115 0.744194 0.961539 -0.766138 -0.693942 0.596877 1.18882 0.306367 -0.648949 0.320026 0.0903531 0.139993 0.484862 0.660472 1.0815 0.0207621 0.270731 0.909121 -0.0484724 -0.880928 -1.10377 -1.05155 -1.45319 -1.02426 0.625374 0.0250751 -0.697907 0.474363 2.11421 2.11421 
0.379069 0.379069 0.895457 0.129427 0.205508 0.577835 0.297163 0.490364 1.68175 1.61317 1.86284 1.52185 0.422524 -0.302017 -0.34297 0.190751 0.921355 1.291 0.446894 -0.0854519 -0.0633145 -0.0246368 0.499079 0.737248 0.81693 0.128982 -0.770546 -0.35728 0.0552658 0.0856017 0.566354 1.01881 0.201176 0.10443 0.757256 0.513631 -0.635618 -0.809263 -0.543509 -0.167255 0.770933 0.699008 0.143205 -0.377293 -0.112149 -0.328559 -0.0145203 1.1707 0.479862 -1.10126 -1.20588 0.147344 0.872634 -0.131247 -1.10095 -0.471687 0.101849 0.374022 0.384362 -0.124531 -0.329611 -0.540738 -0.883907 -2.85586 -2.76643 -1.63273 -2.92775 -2.92775 
1.56635 1.56635 1.11391 -1.13974 -2.92852 -2.25209 -1.54268 -1.21386 -0.612088 0.648074 0.534833 -0.187595 -0.334134 0.910322 0.554533 0.801243 1.36142 0.52294 1.06692 -0.20782 -1.03711 -0.177242 -0.650438 -0.983084 -0.637123 -0.415823 -0.227716 0.257137 -0.630548 0.0149104 0.493448 -0.445108 1.03103 0.973106 -0.3831 -0.416308 1.13947 0.511711 -0.910705 -0.239671 -0.0578963 0.0630564 -1.08511 -0.901782 1.20157 0.598011 0.257179 -0.72968 -0.867682 1.91778 0.896116 -1.44487 0.0199468 0.456138 0.115323 -0.418812 -1.58247 0.532366 1.40302 -1.06329 -0.18381 2.47417 0.144895 -0.101684 -0.233301 -0.86858 0.982108 0.982108 
-0.817086 -0.817086 -2.1505 -0.459701 0.516805 -0.44936 -0.158651 0.973697 1.24825 -0.0461819 0.287021 0.345649 0.0902991 -0.0754043 0.376783 -0.894647 -1.31329 0.170923 0.825626 2.38611 1.37753 -0.301895 -0.328105 -0.0245336 -0.358573 0.130018 1.08748 0.465875 -0.589596 -1.44674 -0.941903 -0.568176 -0.789722 0.347598 0.668015 0.75634 0.722529 0.196001 -0.467697 0.105194 0.352784 -0.575219 -0.328893 0.463924 0.992283 0.554807 -1.04003 -1.88399 0.303801 0.365356 0.789056 0.303103 -1.72024 0.0262235 -0.192304 -1.41402 0.345592 0.626428 -0.552656 0.591691 1.2503 -1.16908 -1.70304 -0.898141 -1.70515 0.684326 2.7271 2.7271 
-1.30949 -1.30949 0.0907729 -0.437214 -1.68286 -0.525964 0.539908 0.578466 0.674459 0.631478 -0.915856 -1.83393 -0.083958 -0.0225167 -1.08871 0.229828 0.610481 -0.0111814 0.0765375 -0.472957 0.0615258 0.655872 0.156701 0.15321 0.646524 0.100416 -0.0324755 0.278854 -0.819708 -0.638696 -0.0773876 -0.681797 0.151199 1.80387 2.38974 0.884219 -1.06442 -1.56481 -0.51841 0.836721 0.602074 -1.48327 -0.231553 1.70535 -1.08604 -1.11615 0.898284 1.63505 -0.271225 -1.67486 -0.948114 0.538409 0.924201 -0.379242 -0.485258 0.67886 1.14479 -1.54098 -1.81602 -0.45819 -0.0567312 1.8471 1.57304 1.14702 0.242227 -0.619282 1.38579 1.38579 
0.487524 0.487524 -0.884085 -1.4555 -0.279705 -0.776649 -1.32219 -1.40579 -0.973015 0.462346 -0.10298 -1.02184 1.22569 0.777645 -0.747839 0.620242 1.63474 0.536861 -0.398838 -0.439485 -0.350057 -0.723149 -0.579974 0.575308 0.601925 -0.558753 -1.31616 -1.21302 0.264189 0.618077 0.0940621 1.25151 1.25802 -0.132892 -0.595681 -0.388114 0.044487 1.77734 1.59867 -0.563852 0.64716 2.0566 0.799832 -0.917907 -1.34221 -0.0926377 0.49591 0.385668 0.635663 -0.553299 -0.431421 0.686187 0.0299171 0.666313 1.99326 0.662269 -1.45586 -1.08889 0.469723 1.42313 -0.568595 -2.35918 0.981102 0.700519 1.25847 0.334055 -1.75118 -1.75118 
0.583677 0.583677 -0.435759 0.0875528 0.474104 0.58214 0.0423911 -0.848063 -1.55231 -1.73742 0.534985 2.73271 0.677408 -0.673583 -0.399196 -1.00706 -0.0389046 1.73833 1.55249 -0.024185 -0.707941 1.03799 1.33164 -1.45852 -1.86334 -0.560692 0.533053 1.29836 0.913288 0.781186 0.756794 0.478358 0.208549 -0.410085 -0.0894622 0.549412 1.37414 1.49377 0.586242 -0.545479 -0.388386 1.28532 0.431385 -1.62802 -0.812772 0.269717 -0.490624 0.242465 -0.0172807 -0.287141 0.0394121 0.350774 0.27532 -0.846311 -0.828203 0.029033 -0.258125 -0.537536 0.972199 1.08421 -0.106108 0.182284 0.157891 -2.12082 -0.59056 -0.417814 -2.28527 -2.28527 
-1.80573 -1.80573 -0.0351814 1.06034 0.141225 0.0746693 -0.277179 -0.827386 -1.71014 -1.45142 0.657907 0.369797 -0.972889 -0.331729 -0.189575 -0.615156 -1.20875 -1.74843 -0.931293 -0.148823 0.764152 0.446552 -0.680229 -0.220263 -0.226552 -0.519425 -1.40458 -1.32137 0.0776666 0.227101 0.0281221 0.0293805 -0.492734 -0.426968 0.606687 0.307795 0.950229 2.448 1.35272 0.160686 -0.0797688 0.490644 -1.0479 -0.894334 0.625766 -0.157871 -0.211203 -1.09541 0.816563 2.36579 0.329435 -0.336786 0.10343 0.0320472 -0.0666426 -0.763467 -0.25343 2.58933 1.90586 -0.609971 0.763193 1.24112 -0.277655 1.44726 1.75046 -0.740345 0.861189 0.861189 
1.14397 1.14397 2.14495 0.985903 -0.435682 -1.0402 0.00583149 0.103173 -0.317353 0.406862 1.74569 0.673055 -1.62544 -1.87532 -0.574694 -1.74458 -1.72964 -0.223479 -0.124483 0.0551971 -0.2576 -0.195853 -0.106152 0.416239 0.166454 -1.51447 -1.11415 -0.798373 -2.34145 -0.537999 0.834199 0.223341 1.48203 0.629594 -0.829509 0.303746 0.396085 -0.444767 1.25476 1.25863 0.156336 0.271956 -0.524297 -0.697043 0.586622 -0.354135 -1.44495 -0.350244 -0.373609 0.66075 1.16419 -1.62374 -1.26136 0.579526 -0.223524 -0.544309 -0.036105 0.625367 -0.0375502 -0.421273 0.677191 1.38779 0.663359 -0.628806 -0.199763 0.153232 2.12596 2.12596 
0.166708 0.166708 -1.09238 -0.363483 1.17224 1.06306 -0.119113 -0.021292 1.05566 0.383281 -2.02212 -2.08143 -0.27493 -0.515589 -0.588548 0.672061 0.103581 -0.413778 0.780782 1.62459 0.757807 0.0246859 0.413942 -0.0303895 -0.187243 0.472084 0.191022 0.0645285 0.630648 0.062553 -0.445315 -0.358666 -0.672515 0.197722 0.416637 -0.9182 -1.09699 0.958851 2.75578 1.2985 -0.339742 0.17617 -0.880841 -2.44273 -0.317271 1.08753 0.997009 0.0172729 -0.867212 -0.793259 -0.428287 0.609335 0.814135 0.198884 0.347576 1.15219 0.923496 -0.42844 -0.456907 0.807662 1.5794 1.53536 -1.14912 -0.359356 -0.245091 -2.94101 -1.4141 -1.4141 
1.45267 1.45267 -0.342814 -1.27961 -0.741542 0.276335 2.3981 2.4477 0.835308 -0.0926427 -1.12556 -1.96221 0.69369 1.0104 -0.395825 0.505777 0.36082 0.50807 0.209973 -1.16755 -1.45726 -1.44523 -1.83952 -0.672794 0.773895 1.07106 1.3962 0.648713 0.245195 -0.324012 -0.740288 0.269592 0.876104 0.295488 -1.33724 -0.528722 0.338428 -0.729239 0.116158 0.291677 0.959825 1.17169 1.24203 0.423386 -1.6609 -0.437048 -0.38228 0.00521189 -0.48888 -1.15453 1.54705 2.0657 -0.494705 -0.42714 0.800388 0.0549102 0.081189 0.0435558 -0.59681 -0.335773 0.0148364 -1.02412 -1.03509 0.612964 -0.344765 -1.27176 -0.830441 -0.830441 
-0.570777 -0.570777 0.276199 1.09675 -0.430589 -0.885015 -0.88134 -1.56084 -1.46707 -0.0298247 1.28575 1.44656 0.452453 -0.176153 0.400079 0.0146089 -0.92908 -0.163292 1.18596 0.848276 -0.251252 -0.623882 -0.606425 -0.251473 0.595593 0.983397 0.681357 0.0603406 -0.220723 0.187427 0.0262585 -0.27337 0.260834 0.204761 -0.701011 -0.0341043 1.03416 0.183204 -0.830959 -0.316459 0.821476 0.922164 0.670348 0.843346 0.756681 -0.476488 -1.309 -0.0151337 0.394803 0.32147 1.35365 0.699474 0.103462 0.211754 -0.842503 -0.710634 -0.287592 -0.712392 -0.137832 0.235753 -0.530693 -0.902011 0.737715 -0.230341 -4.77755 -1.19245 2.30149 2.30149 
0.636158 0.636158 -1.82356 -3.89915 -0.0963049 2.16306 0.997714 0.854948 0.691746 0.0537509 -0.698687 -1.00897 0.51654 0.393741 -1.20279 -0.770577 0.147668 0.0308497 -0.0245448 0.659406 0.826944 0.367981 0.715938 0.586244 0.0938013 0.145156 -0.816724 -1.21159 -0.227087 -0.0605317 0.0449649 1.06702 0.712912 -0.744866 -0.528003 0.0930448 -0.234392 -0.547996 1.33056 2.54678 -0.126291 -1.54674 -1.39274 -0.621443 1.21098 0.804721 -0.937723 -0.556478 1.21751 0.134366 -1.64789 -0.599587 0.710152 0.650123 -0.0710707 -0.0426032 0.734734 0.99201 0.307836 -0.106832 0.449551 -0.750527 -2.14451 -0.514678 0.489637 0.333451 0.303362 0.303362 
-1.09503 -1.09503 1.50698 3.58743 -0.105269 -1.63007 -0.260628 -0.128406 0.334745 0.898298 0.066079 -0.211437 -1.03123 -0.281875 1.67533 0.6384 -0.762835 -0.988461 -0.989708 -0.168856 0.305869 -0.222833 -0.348709 0.0669778 -0.428518 -0.831454 0.014083 0.453324 0.236037 -0.0523825 -0.102711 0.16879 0.406349 0.895147 0.602168 -0.540244 -2.07743 -1.88166 1.29577 1.72477 -1.22527 -1.33359 0.919032 1.3069 -0.314948 -1.46962 -0.0879553 0.453572 -0.232502 0.196262 0.290271 0.347106 -0.575547 -0.703203 0.564809 -0.336361 -1.43401 -0.885688 -0.225482 -0.358911 -0.0777823 1.45303 0.684943 -1.08568 0.237143 2.00046 1.12562 1.12562 
0.617542 0.617542 -0.139229 -0.574213 0.550384 0.197943 0.0209827 1.47524 1.21663 0.286295 0.0171778 -1.31551 -1.69442 -0.648844 0.594207 1.35644 1.19435 -0.36133 -1.25242 -0.396645 0.167476 0.662991 0.860071 0.421404 -0.493517 -1.46089 -0.372988 0.923225 0.544924 0.612306 1.02932 -0.253368 -0.795928 0.656754 0.51165 -1.26864 -1.19951 0.198392 0.741642 1.40595 0.963187 -0.512744 -0.955895 -0.144871 0.155541 0.203844 1.58853 0.595802 -2.13709 -1.55797 1.3409 2.16078 -0.167827 -1.84233 -0.22893 1.29565 0.942882 0.386494 -0.385131 -0.597946 -0.30378 -0.4402 -2.17974 -1.75237 1.31574 -0.0519794 -1.17197 -1.17197 
-0.307028 -0.307028 -1.82502 -2.72513 -0.751521 0.931188 0.697048 0.62454 1.25186 0.770255 -0.565157 -0.587585 0.737247 0.596303 -0.0757481 0.541218 -0.189732 -0.200644 -0.494493 -1.41948 0.0183206 0.258172 -0.545066 0.00669284 0.379814 0.273488 0.451009 -0.273611 -0.165432 0.754814 -0.31213 0.35982 0.952989 -0.954787 -0.938143 1.02328 0.622809 -1.38321 -0.508384 0.57215 0.201632 -0.694176 -0.652162 1.53796 1.00794 -0.638389 -0.896568 -0.759947 1.78097 1.18576 -2.26726 -0.592437 1.27819 0.0619667 -0.591615 -1.14586 0.638409 2.00866 -1.07706 -1.07111 2.38045 0.21913 -1.73729 -0.257017 -0.518833 0.816386 1.24429 1.24429 
-1.00452 -1.00452 0.168367 1.77073 -0.0723739 -0.548102 0.907611 0.896407 -0.787025 -0.746343 0.192261 -0.21601 -0.371626 0.119183 -0.647846 -1.25193 0.659626 1.4042 1.4571 0.303302 -1.94418 -1.26273 0.112856 -0.100683 0.0276639 0.923562 0.153433 -1.24291 -1.40631 -0.323938 0.529905 0.0260186 0.555714 0.931669 0.203993 -0.0417317 -0.468248 -0.905192 -0.142539 0.489611 -0.551541 -0.552419 0.641294 0.836937 -0.0165026 -1.48934 -1.77131 0.852653 1.4808 0.257069 -0.122731 -1.82022 -0.271615 0.980366 -1.07863 0.293585 1.33589 -0.702651 -0.103644 1.17114 -1.30097 -2.12824 0.1084 -0.0810091 1.01819 2.99505 1.3375 1.3375 
0.783043 0.783043 0.457736 -1.17248 -0.134378 1.28981 0.600773 0.00320365 -0.0470346 -1.05953 -1.5987 0.432858 1.03637 -0.698751 0.0757796 0.96722 -0.228189 -0.408674 -0.36421 -0.088946 0.615805 -0.0210568 -0.389401 0.222096 -0.112224 -0.498047 0.0302435 -0.564732 -0.645025 0.377667 -0.106252 0.0611414 1.45179 1.29953 -0.646318 -2.2079 -1.58861 0.256717 1.39995 0.610665 -1.5091 -0.593318 1.8849 -0.606171 -1.8181 1.1429 1.61539 -0.800263 -2.11902 -0.496747 1.28396 1.07389 -0.645087 -0.948103 0.572229 0.924618 -1.4474 -1.90393 0.587442 1.00425 1.34065 0.924451 -0.511031 -0.899648 -1.16797 0.624882 1.15568 1.15568 
-0.780727 -0.780727 -1.13622 0.448592 0.494924 -0.57597 -0.318817 0.289823 1.23481 0.613864 -0.850763 0.899193 1.1921 -1.1552 -0.0253344 1.55486 0.0207164 -1.19256 -0.534823 0.102939 -0.103885 -0.070448 0.880397 0.807883 -0.632941 -1.12071 -0.334446 1.05577 1.21177 -0.0332508 0.466669 0.796719 -0.788688 -1.08065 -0.086191 0.470857 1.41978 1.03949 -1.38393 -0.519373 1.70285 0.167572 -1.77794 -1.26004 0.586014 1.21614 0.370158 0.159534 -0.511568 -0.591273 0.84371 0.359602 0.0602257 1.29404 0.0700743 -2.0732 -1.01686 1.27055 1.63539 -0.573377 -2.28049 1.0367 1.97612 0.245148 -0.155398 -1.7998 -1.2247 -1.2247 
-0.588295 -0.588295 -0.243391 0.683266 0.409567 -0.200938 -0.859023 -0.967443 -0.50256 1.45929 3.02976 0.177463 -2.16142 -0.625973 -0.136197 0.321055 1.89303 1.13245 -1.07805 -1.40621 0.783653 1.42784 -1.56181 -2.02215 0.675337 1.66301 1.30886 0.3342 -0.257264 -0.0195477 -0.115993 -0.277742 -0.50196 -0.112819 0.715979 1.04823 0.706 -0.435695 -1.26043 -0.558763 1.29024 0.623889 -1.83653 -0.736404 1.33435 0.295915 0.0656332 0.395566 -0.265458 0.12096 0.504031 0.239077 -0.70538 -0.643715 0.660516 0.459321 -0.28982 0.894476 1.15245 -0.627096 -0.510847 0.257591 -1.43434 -0.409694 1.20601 -1.03336 -1.14721 -1.14721 
1.14121 1.14121 1.90236 0.0336126 -0.773789 -0.379656 -0.715692 -1.08456 -0.522526 1.55634 1.17641 -1.22202 -0.576367 0.455287 -0.285875 -0.797065 -0.876343 0.10382 1.02244 1.08903 0.324708 -1.0925 -0.55225 0.226258 -0.296808 -0.907434 -0.646134 0.940897 0.986908 -0.123376 -0.226327 -0.450839 -0.40602 0.674915 0.421554 0.149738 1.39804 0.190691 -1.67816 -1.08423 0.140299 -0.761598 -1.05122 1.07389 0.422735 -0.670471 -0.740348 0.62513 2.31586 -0.427405 -1.96668 -0.245979 0.16731 -0.207118 -0.641669 -0.218731 2.24054 1.4113 -2.3118 -0.882865 1.19717 -0.812124 0.0542748 1.32016 -1.60888 -0.706808 1.02378 1.02378 
0.664077 0.664077 -0.165009 -1.89792 -1.50126 0.263882 0.765939 -0.283122 0.165293 1.4238 0.138472 -2.46339 -1.87485 0.699682 0.0415823 -0.878101 1.03613 1.09626 0.147402 -0.147163 -0.231522 0.056392 0.3859 0.143059 -1.43302 -0.967985 0.460298 -0.929853 0.134309 2.21967 0.492661 0.411468 0.238659 -1.70544 -0.285027 0.824751 -0.587368 0.562284 1.16653 -0.837665 -0.757729 -0.538812 -0.745086 0.742721 0.193347 -1.50517 -0.0491578 0.71441 0.671243 1.04808 -1.68608 -1.78698 1.5241 0.690441 -0.855844 0.082123 0.784752 -0.0529753 -0.800624 0.459328 1.24212 -0.061836 -1.49446 -0.66935 0.507466 1.61169 1.35919 1.35919 
-0.811225 -0.811225 -0.325172 1.53851 0.979643 -0.832743 -0.694703 0.811758 0.298161 -2.02399 -1.61517 1.19346 1.07253 -0.180753 0.820343 0.489913 -0.695697 0.479958 1.38763 0.0130574 -1.03849 -0.200923 -0.00834842 -0.372513 0.363444 0.280617 -0.243394 0.321536 0.0270604 -0.689111 -0.252506 -0.123127 0.399397 0.754662 -0.715757 -0.980959 1.28006 2.59754 0.254867 -2.03582 -0.720031 -0.332446 -1.71799 0.404186 2.38247 0.904784 -0.685305 -1.21475 -0.512113 0.321068 0.963676 0.856868 -0.245325 -0.28274 0.664072 0.412421 -1.02564 -0.892122 0.852653 1.38626 0.513628 -1.79109 -1.23508 0.631216 -1.69315 -0.75116 1.04657 1.04657 
-1.16038 -1.16038 -1.79667 -0.211687 1.11596 2.19163 1.53396 -1.00234 -1.6663 -1.27272 -1.2107 1.2948 2.07818 -0.68088 -0.283611 0.57306 0.0606928 -0.0433225 -1.07897 -1.07327 -0.129472 -0.200504 0.583789 1.83421 1.24359 0.481814 -0.227731 -0.722645 -0.601554 -0.610219 0.46232 1.15701 0.0767244 -1.4442 -0.500681 1.19727 -0.0770588 -0.0918334 0.752557 0.632166 0.656851 0.250813 -0.449122 -1.91258 -0.525284 0.927596 0.359525 -0.0132692 -0.728576 1.44197 2.24636 -1.32766 -1.63404 0.938782 0.386551 -0.429356 0.0514233 -0.401372 -0.19851 0.474575 -0.408398 -0.653991 1.17107 0.528015 -1.221 -0.270743 0.358888 0.358888 
