36
1.04885 1.01515 0.982996 1.12729 1.16023 1.15268 0.982622 0.969053 0.918116 0.885224 0.764711 0.721383 0.720767 0.671239 0.649316 0.403792 0.332109 0.2818 0.294052 0.184122 0.0306771 -0.0238764 -0.0180211 -0.194701 -0.628837 -1.2205 -1.83317 -2.08916 -1.90655 -1.52957 -1.21613 -0.927624 -0.75777 -0.919165 -0.942529 -1.08859 
1.091 1.03445 0.91483 0.996808 1.02823 1.13652 1.20178 1.06847 1.05041 0.816705 0.708295 0.535641 0.398917 0.406227 0.27361 0.351535 0.497832 0.25513 0.315049 0.300342 0.0326333 0.130372 0.112231 0.114131 -0.598138 -0.725474 -0.558812 -0.405691 -0.771582 -1.37796 -1.99232 -2.23199 -1.71717 -1.71023 -1.52926 -1.15251 
-0.926902 -0.556604 -0.847801 -1.18185 -1.22697 -1.30321 -1.15543 -1.07011 -1.0385 -0.877563 -0.791431 -0.766151 -0.730364 -0.709964 -0.468435 -0.373843 -0.652246 -0.686673 -0.438539 -0.402261 -0.101575 0.227383 0.397345 0.746446 1.50866 1.37207 1.24685 1.28649 1.63676 1.65866 1.35984 0.82489 1.1906 1.1946 0.802632 0.853178 
-0.77758 -0.791111 -0.39996 -0.12206 0.0572847 0.167718 0.451211 0.738789 0.759645 0.724442 0.880303 0.888908 0.963336 1.00444 0.896211 0.985909 0.873415 0.962771 1.07222 0.968511 0.898758 0.964594 0.902629 0.472794 0.0350823 -0.554674 -0.379634 -0.403724 -1.02651 -1.43689 -1.57816 -1.48811 -1.33393 -1.67057 -1.80974 -1.89632 
-1.06237 -0.768259 -0.244674 -0.183958 -0.379494 -0.52237 -0.582094 -0.263672 -0.609541 -0.55889 -0.761241 -0.768822 -0.803875 -0.249649 0.311031 -0.627037 -0.431604 -0.632825 -0.192116 -0.773041 -0.00713527 0.622846 0.217911 0.846542 0.99772 1.38939 1.49279 1.99323 1.46675 0.187364 1.80803 2.02636 0.468774 0.258085 -1.04224 -2.62192 
-2.26921 -2.00098 -1.48948 -1.77412 -1.63208 -0.989934 -1.20548 -1.18962 -0.671471 -0.434913 -0.19484 0.160232 0.203553 0.00660994 0.353399 0.257932 0.192395 0.0124429 -0.053003 0.110775 0.199802 0.228158 0.241538 0.257471 0.759029 1.39005 1.39704 1.3344 0.799994 0.959184 1.07022 1.42693 0.813423 0.804266 0.610659 0.315644 
-0.229545 -1.10204 -0.832447 -0.775087 -0.306698 -0.737214 -0.718295 -0.990433 -1.08812 -0.958975 -1.19216 -0.846714 -0.144769 -0.14887 0.102526 0.570432 0.148415 0.615078 0.0938174 0.460825 1.05433 0.554962 0.642944 0.533662 0.826677 2.42182 2.68745 1.77309 0.859487 0.0690471 -0.238199 1.00246 -1.00611 -0.970131 -1.07171 -1.0595 
-0.562107 0.417884 0.051661 -0.0888103 -0.32333 -0.466606 -0.987073 -0.929483 -0.287529 -0.591786 0.0937423 0.248009 0.560139 0.395422 -0.128755 -0.285828 -0.631386 -0.354855 -0.775908 -1.02712 -1.1145 -1.57582 -1.34737 -1.1375 0.0455466 -0.182174 0.108785 -0.496075 -0.18762 1.50885 1.94634 2.46694 2.56945 0.881784 1.10409 1.08299 
-0.390711 -0.522866 -0.803134 -0.920147 -0.762034 -0.962462 -0.646459 -1.02244 -1.26561 -0.787815 -0.330812 -0.593453 -0.808698 0.07965 -0.304626 -0.780754 0.390134 1.66789 1.08645 1.15625 1.39011 2.22301 2.23844 1.64589 0.117869 0.93175 1.1995 0.804905 -0.260601 -1.08347 -0.459465 -0.968743 -0.304823 0.0786635 -0.636129 -0.395259 
3.03874 2.01779 1.08332 0.851837 0.443257 -0.121363 -0.647363 -0.321401 -0.955263 -1.03917 -0.235852 -0.382096 -1.02803 -1.19067 -1.57854 -1.42813 -0.400798 0.616957 0.0175317 -1.03762 -0.43467 -0.244411 -1.14638 -1.16445 0.102015 0.910347 0.572282 1.05512 0.182971 0.71121 -0.767438 0.988091 0.771696 0.167479 0.561964 0.0310257 
1.41677 1.42106 1.45965 0.683877 0.171847 0.478801 0.325 0.22202 0.110577 0.140789 -0.0329811 -0.165723 -0.484344 -1.41389 -1.34709 -1.00296 -1.09741 -0.490846 -1.18634 -1.04607 -0.822531 -0.861819 -0.48489 -1.00224 -1.43488 -0.885752 -0.592681 -0.311438 0.580984 0.221949 0.512173 0.707477 0.326458 1.65384 2.18089 2.04972 
1.47912 0.811804 0.566481 0.546657 0.209855 -0.457695 -0.792839 -1.1233 -0.987022 -0.899855 -0.966846 -0.612237 0.187545 -0.241678 0.17837 -0.156102 0.819008 0.721247 0.40656 1.31257 1.60669 1.45811 1.46651 1.12575 -1.32766 -0.406255 0.449541 0.61242 -1.26678 -2.40947 -1.81226 0.00489302 -1.0158 -0.323364 0.0601181 0.775907 
-1.46067 -0.989011 -0.458225 0.340019 -0.216004 -0.519185 -0.328748 -0.536613 0.0460557 -0.797133 -1.11805 -1.26532 -0.734856 -0.716702 -0.58184 -0.400402 -0.452683 1.02904 0.0658632 0.28449 0.00357081 1.2491 1.15508 -0.321703 0.716806 1.78698 -0.450346 1.07797 -1.05506 -0.671555 -1.87758 1.23529 0.99942 1.76707 2.12176 1.07317 
0.142582 0.142582 0.608852 0.779381 0.381606 -0.150157 -0.165916 0.146127 0.0955081 -0.086749 -0.114085 0.19999 0.183748 0.127933 -0.385486 -0.515833 -0.00445953 0.215409 0.0592287 -0.374818 -0.229756 0.187535 -0.132379 -1.28495 -2.37201 -2.83969 -1.96038 0.122879 1.78097 2.12368 1.89191 1.5158 0.337259 -0.168882 -0.128711 -0.128711 
-0.131451 -0.131451 0.210625 0.58363 0.648598 0.732162 0.135558 -0.0702208 -0.318156 -0.541254 -0.3905 -0.460422 -0.0159976 -0.0058552 0.168527 0.857305 0.0655155 -0.147795 0.415241 -0.393837 -0.116154 0.500156 0.263482 -1.45067 -1.76982 0.400705 1.09329 -0.221847 -2.09744 -2.71103 -1.80543 0.98307 1.59208 0.767637 1.68087 1.68087 
-0.00209468 -0.00209468 -1.81137 -1.17925 -0.517023 -0.0215165 0.393499 0.0950707 0.289303 0.429362 0.0809026 -0.0484194 -0.0609524 0.467541 0.658116 -0.677444 -1.00886 0.343673 0.525292 0.660282 1.4121 1.0763 1.12804 2.64938 1.40176 -0.877801 -0.425097 0.796284 0.750703 -0.916632 -2.347 -0.639999 0.744406 -1.20187 -1.08231 -1.08231 
1.03754 1.03754 1.73622 1.22843 0.826943 1.07663 1.50132 0.871671 0.0978289 0.421493 0.526519 0.33129 0.409199 -0.0287018 0.0878011 0.0775728 0.0767538 0.608846 0.145985 -0.283639 0.122835 0.141507 -1.04682 -1.94765 -2.33105 -0.862023 0.494114 -1.41861 -2.34471 -1.19031 0.00944278 0.717737 -0.305207 -1.00849 -0.409009 -0.409009 
0.887602 0.887602 0.663864 -0.0255014 -0.220669 -0.0904768 0.351734 0.0774288 -0.179263 -0.0416832 -0.0975053 0.0628697 0.601431 1.17251 -0.258033 -0.608166 0.0981913 0.333319 -0.0306738 0.281067 1.44187 0.319474 0.31818 0.851282 0.624131 0.578329 0.68259 0.0787715 -1.6274 0.4309 1.86665 -1.1801 -1.59137 -1.34475 -2.6571 -2.6571 
1.40766 1.40766 0.167019 -0.662058 1.41767 0.61524 -0.790153 0.856262 1.3515 0.727506 0.993454 0.551938 -0.686795 -0.00580692 0.221909 -0.703359 -0.892946 -0.892741 -0.121403 0.225236 -0.078654 -0.248407 -0.276285 0.819196 2.19945 1.08965 -0.466931 -1.68185 -1.18406 0.264321 0.707557 -0.918313 -1.73932 -0.797071 -1.43854 -1.43854 
-0.663746 -0.663746 0.435512 0.67052 0.0937651 -0.437589 -0.250359 -0.388203 0.0861796 -0.0740095 0.181705 1.2872 0.873968 0.341338 0.899334 0.10324 0.101772 -0.0155523 -0.133363 1.18449 0.160277 -0.437341 0.0238115 0.266197 2.28114 2.24876 -0.71793 -2.11199 -1.96549 -1.24867 1.15245 -0.858819 -2.28296 -0.0285601 -0.0566609 -0.0566609 
0.644281 0.644281 -0.72717 -0.565964 -0.569398 -0.919398 -0.673536 0.749271 0.306369 0.359704 0.920939 0.463898 0.0734604 -0.950183 -0.940826 -0.722196 -0.191462 -0.28387 -0.929829 -0.521407 -0.77859 -0.39201 0.429537 1.59796 1.06235 -0.02957 -0.491191 -0.469774 2.34706 2.50501 1.06574 0.655713 -2.04721 -1.90059 0.139302 0.139302 
-0.440691 -0.440691 -0.423337 0.07907 -0.0165286 0.164421 -0.0367715 -0.677609 0.300861 1.10329 0.254715 -0.515715 0.803378 0.609659 -0.9541 0.828198 2.83824 0.82998 -0.554394 0.379977 1.25453 1.0042 -0.629448 -2.39831 -0.786469 1.27157 -0.113403 -1.64138 -2.13221 -0.195942 0.16345 0.209195 1.23235 -0.347726 -0.511173 -0.511173 
-1.77978 -1.77978 -0.987438 -0.459629 -0.79398 -0.911827 -0.0180083 -0.126263 -0.537622 0.904784 0.84222 -0.612304 -0.628752 -0.369755 -0.0555673 1.36478 2.23528 0.602608 -1.47783 -0.271088 0.978847 -0.531537 -0.740623 1.43569 2.26509 0.654733 0.328054 -0.207969 -0.1624 -0.771107 0.460645 1.72749 -0.640839 -0.0277372 0.0458082 0.0458082 
-0.0123831 -0.0123831 -1.22155 -2.07506 -0.396747 0.158536 -0.476892 -0.411234 -0.204777 -0.301388 -0.553979 -0.77851 -2.01361 -1.41618 0.558113 0.308154 0.714948 -0.216715 -0.939507 0.485074 0.206746 0.444508 -0.296532 -1.55142 0.10171 1.22661 0.811369 1.74041 0.747928 -0.185525 0.673744 -0.366735 1.38808 2.79566 0.534772 0.534772 
-0.764628 -0.764628 -0.200363 -0.280083 -0.844547 -0.843102 -0.549343 -0.138521 0.225422 0.0482837 0.281348 1.0367 0.353627 0.0227056 0.105277 0.588989 0.795273 -0.328729 0.546014 1.07657 0.157529 -0.0914612 -0.25893 -2.4043 -1.30438 1.57945 0.918432 -1.465 -2.60275 -0.444653 2.13472 0.724774 -0.25536 0.968321 0.988667 0.988667 
0.797174 0.797174 1.10819 0.0731921 -0.975727 -0.264851 -0.174079 0.199454 -0.405584 -1.26609 -0.60335 0.207445 0.364982 -0.0117609 0.143739 -0.0344824 1.20381 0.336345 -0.866534 -0.216805 0.76114 0.93913 -1.6534 -0.57486 1.85068 -1.26899 -0.832693 -0.733368 -1.82361 -0.940789 1.65846 2.58236 0.34895 0.911357 -0.818307 -0.818307 
0.402925 0.402925 0.54997 -0.195086 -0.800664 -0.471257 0.256348 0.226289 -0.19994 -0.179864 0.248118 0.257684 -0.0612683 -0.489979 -0.554247 0.329421 0.631408 0.0557834 -0.508081 -0.248323 0.485777 0.0848326 -1.26884 -1.93035 -1.33977 0.355815 2.55546 3.22698 1.72613 0.0965354 -0.523306 -1.3397 -1.45181 -0.400935 0.0355047 0.0355047 
0.147595 0.147595 0.414171 0.21613 0.00927503 -0.463531 -0.670316 -0.421133 -0.433511 -0.148579 -0.0391083 0.170769 0.227989 0.0349976 0.519999 -0.170496 -0.815192 0.153062 -0.272716 -0.476649 0.542034 0.174438 -1.49107 -1.55002 1.22625 1.94931 -0.541796 -2.3772 -1.87582 0.111811 2.54319 2.33123 -0.25084 -0.0334221 0.555785 0.555785 
-1.20752 -1.20752 -0.759136 0.993987 0.897084 0.721728 0.158562 0.00195253 0.312987 -0.0719637 -0.263045 -0.0247606 0.441852 0.585924 -0.736317 -1.10658 0.800177 1.16409 0.300445 0.704905 0.370961 -0.125628 1.19171 0.27002 -2.4261 -1.21999 1.26335 0.9099 -1.13917 -2.12145 0.272088 2.26871 -0.32269 -1.21989 0.160669 0.160669 
0.661679 0.661679 0.209459 -0.770319 -0.0957345 0.640037 -0.143075 -1.21045 -0.361459 0.421234 -0.040877 -0.0650258 -0.281142 -0.246772 0.1341 0.029617 0.512591 0.101111 -0.755365 0.0188382 0.418077 -1.00221 -1.82108 -1.10423 1.00628 2.55546 -0.456223 -2.48871 0.242775 2.13599 1.7387 -0.240762 -1.49787 -0.0529875 0.573336 0.573336 
0.0135495 0.0135495 -0.57541 -0.551001 0.149188 0.693732 0.34815 -0.248957 0.102936 0.274549 0.294024 0.801836 1.15272 -0.529583 -1.31662 0.50904 1.00906 0.0946038 0.160058 1.46277 0.237513 -0.755324 0.65905 0.466088 -0.0284981 0.254644 -0.222097 -1.76884 0.50554 3.18984 -1.17166 -2.74966 0.0640303 -0.705806 -0.916506 -0.916506 
-0.757026 -0.757026 -1.36624 1.07359 1.09317 -1.46772 0.331711 1.72831 0.0599948 -0.108491 0.0255968 -1.08005 -0.255229 0.822328 -0.357961 -0.664598 0.0154463 0.721542 0.976105 0.186018 -0.193431 0.00938501 0.939088 1.9738 0.353336 -1.80468 -1.88191 -0.372343 1.58467 1.54458 -0.714403 -1.64338 0.243696 0.375623 -0.316752 -0.316752 
0.68061 0.68061 0.835033 -0.266276 -0.769852 -0.267838 -0.00926244 0.179426 0.164743 0.0210558 0.852736 0.413173 -0.663238 -0.0250454 -0.198168 -0.565792 -0.119772 -0.19622 0.746834 0.151237 -1.10742 -0.131385 0.420581 1.44158 1.26103 -2.0124 -2.90716 -0.861486 0.525574 2.00709 0.214457 -2.29912 0.50385 1.42119 -0.0601786 -0.0601786 
-0.916847 -0.916847 -0.808326 0.112595 -0.231539 -0.0637177 1.1297 0.666039 -0.255863 0.420103 0.076528 -0.564119 -0.945545 -0.676411 0.159862 0.510843 0.301459 -0.490668 -0.153519 0.108197 0.0934933 0.819673 1.34599 0.432384 -1.08924 -1.03943 -0.289951 1.91704 2.00895 -0.856176 -1.23852 -2.08919 -1.71446 1.47831 1.3796 1.3796 
0.0153554 0.0153554 0.319949 0.251469 0.05658 -0.00743839 -0.505662 0.20953 1.08454 -0.0231424 -0.976718 0.337471 0.687113 -1.06067 0.137327 2.30401 0.00591448 -2.05201 -0.267988 1.10153 0.383278 -1.13736 -2.058 -0.0903625 2.22977 0.412893 -1.7612 -1.2191 0.881159 1.39662 0.250456 0.652874 -0.33281 -1.05221 -0.0942583 -0.0942583 
0.457371 0.457371 0.81937 0.0466269 -0.396197 0.446145 0.452724 -0.442434 0.621089 0.86031 -1.12655 -1.09492 0.0802955 0.307063 1.10358 1.48512 -0.608796 -2.6327 -0.685283 1.59886 -0.264685 -1.26536 1.26317 1.97542 -0.621675 -1.41458 -0.677742 -0.422435 -0.472286 0.34126 1.62761 -0.841511 -1.28988 0.384881 -0.0356152 -0.0356152 
-0.817013 -0.817013 -1.42701 0.636641 1.6435 -0.0101147 -0.360046 0.241643 0.12567 -0.202408 -0.29383 -0.996024 -0.408572 1.88516 1.27953 0.159253 -0.327954 -1.13526 0.548726 0.866381 0.0181724 -0.312524 -1.3793 0.331784 2.03259 0.554352 0.414375 0.00182353 -1.32928 -0.00585405 -0.0823449 0.557693 2.3073 -0.562687 -1.56867 -1.56867 
0.279632 0.279632 0.230162 -0.470269 -0.419903 0.112666 0.366705 0.410257 0.0453991 -0.0358172 0.54284 -0.0256693 -0.699756 -0.224635 0.280884 0.357653 -0.64001 -0.225199 0.801531 -0.311595 -0.795338 -0.328955 -1.50575 -0.719272 2.40158 1.30884 -1.95975 -2.25558 0.562653 2.8693 0.655163 -1.55368 0.0806104 0.701457 -0.0578957 -0.0578957 
0.279988 0.279988 -0.378361 -1.2434 -0.13287 0.592072 0.377493 -0.0651028 -0.850062 -0.0436421 1.01945 0.698098 -0.0572799 -0.0585754 0.0677014 0.756453 0.318033 -1.23477 -0.269697 1.1175 0.817429 -1.4537 -0.880875 2.31105 -0.359376 -1.6247 0.422859 -0.548152 -0.0497835 2.29705 2.32319 -0.75081 -0.980752 -0.660323 -1.01806 -1.01806 
