35
1.26464 1.37421 1.50346 1.41993 1.38427 1.39727 1.21784 1.1186 1.03053 0.900104 0.77919 0.696697 0.538894 0.363047 0.116884 -0.0112915 -0.102017 -0.11958 -0.165932 -0.229445 -0.287666 -0.505876 -0.845365 -1.29047 -1.46608 -1.58212 -1.44264 -1.22429 -1.24809 -1.0531 -0.78736 -0.755438 -0.66783 -0.661655 -0.659331 
0.959486 1.13706 1.0079 0.965793 0.825479 0.653109 0.65049 0.678592 0.566969 0.288729 0.160853 0.0370285 0.246102 0.438067 0.615415 0.709212 0.683375 0.504101 0.390883 0.273403 0.193603 0.262069 0.464578 0.523271 0.347871 0.328233 -0.361571 -0.831406 -1.1825 -1.8843 -1.86698 -2.12477 -1.82328 -2.07746 -1.75939 
-1.26483 -1.4627 -1.5843 -1.70337 -1.52915 -1.27295 -0.99099 -0.892956 -0.985101 -0.951387 -0.736226 -0.632051 -0.481404 -0.404648 -0.235746 -0.0398024 0.127183 0.164008 0.184465 0.30953 0.386766 0.49518 0.580113 0.775714 0.807792 0.637953 1.08323 1.2433 1.39564 1.3241 1.49183 1.42531 0.97789 0.657767 1.09985 
-0.797634 -0.534666 -0.368845 -0.187875 -0.0626039 0.175137 0.606594 0.704677 0.668869 0.934788 0.992407 0.886194 0.981282 1.02228 0.978291 1.09677 1.01191 0.980807 1.04222 1.06196 0.89607 0.642628 0.429036 0.0403802 -0.00791077 -0.16441 -1.26069 -1.58491 -1.68877 -1.31054 -1.3127 -1.20891 -1.44761 -1.6447 -1.56954 
-1.68063 -1.49176 -1.73942 -1.03154 -1.22448 -0.6795 -0.808284 -1.68873 -0.734671 -0.90175 -1.1742 -0.465486 1.11533 0.908005 0.432476 0.422883 0.0436285 0.357657 0.137999 0.0688992 0.215786 0.827708 1.43534 0.475066 1.04668 0.346941 -0.558015 -0.659725 1.17248 1.66956 1.48843 0.520343 1.08088 1.0293 0.0428013 
-2.09628 -1.95445 -1.77213 -1.39978 -1.06026 -1.37213 -1.22872 -1.02321 -0.775345 -0.610957 -0.65534 -0.408117 -0.208529 -0.0546039 0.206161 0.412476 0.491081 0.509067 0.420783 0.221496 -0.0696454 0.301852 0.456701 1.06387 1.09622 1.15618 1.14305 0.326528 1.20224 1.16918 1.12493 0.570996 0.895836 1.21248 0.708367 
-0.025263 -0.271229 -0.958246 -1.29667 -1.49815 -1.39772 -1.6686 -1.15782 -0.372558 -0.131585 0.353478 0.432557 -0.0787234 0.398672 1.0876 1.31451 0.952294 0.294291 0.303392 0.351583 0.689338 1.14293 1.34075 2.54789 1.40825 1.17444 0.474733 -0.775803 -0.536216 -0.378216 -0.979469 -1.08642 -0.676402 -0.98071 0.00308894 
-0.018421 -0.136531 -0.484699 -0.854682 -0.696973 -0.779721 -1.00242 -0.564787 -0.891671 -0.733872 -0.176108 0.113274 0.00334509 0.34604 -0.663005 -0.91654 -0.877415 -1.37922 -0.940032 -0.902032 -0.917556 -1.0302 0.0641971 0.393872 0.287992 -0.672213 0.890665 1.29276 1.37368 1.57532 1.56373 2.04844 1.37478 1.57789 1.7321 
-0.128033 -0.37003 -0.495878 -1.08606 -1.03729 -1.37978 -1.2542 -1.15011 -0.81022 -0.292592 0.163486 0.598993 0.895173 1.019 0.87682 0.915846 0.914607 1.02631 1.00391 1.41873 2.08934 1.18395 0.761825 0.987373 1.01258 0.603555 -0.669807 -0.73031 -1.09181 -1.97944 -0.805888 -0.491407 -1.04443 -0.153239 -0.500985 
2.13354 1.71572 1.07504 0.952805 0.182865 -0.147522 -0.307555 -0.862511 -0.539394 -0.580463 -0.804207 -0.841057 -0.95087 -1.5446 -0.802162 -1.89413 -1.29701 -0.707622 -0.76325 -1.14657 -0.832274 -0.633988 0.26204 0.61369 1.23397 1.5154 1.02281 0.858645 -0.210091 -0.0032507 0.669835 0.915166 0.336911 1.15111 0.228975 
2.18622 2.05848 1.59106 0.715208 0.45263 0.299937 0.341012 -0.534917 -0.277588 0.150883 -0.365937 -0.850506 -1.15882 -1.28861 0.755878 -0.554515 -0.791539 -0.950988 -1.31261 -1.38559 -1.36756 -0.693099 -1.66052 -0.645954 0.213979 -0.184239 0.855872 0.287771 0.498959 0.903158 1.14805 -0.229918 0.209441 1.52536 0.0590107 
-0.506604 -0.422143 0.178459 0.415214 -0.743886 -0.857287 -1.5242 -0.965287 -1.13881 -0.496517 0.185129 -0.0519391 -0.184652 0.270952 -0.177596 0.321139 0.599185 1.66325 1.46738 2.01568 1.61725 2.03017 1.0997 0.164378 0.443817 0.493011 0.653761 -0.388337 -0.444694 -1.33015 -1.12431 -1.4355 -1.83563 0.0195707 -0.0104949 
-0.906585 -0.535307 0.174059 0.494964 0.88281 0.118569 -0.124021 1.27669 0.465604 0.160442 0.142314 -0.949125 -1.10409 -0.690822 -1.91412 -1.44968 -1.42851 -1.08072 -0.0365471 1.34993 1.03341 0.526431 0.726878 0.385533 -1.65138 -0.868357 1.46089 0.167984 -0.209254 -0.856314 0.889324 0.854163 0.262406 2.54468 -0.112256 
1.24697 1.24697 0.548814 -0.0474016 0.301557 -0.218246 -0.624012 -0.293718 -0.406492 -0.525219 -0.35192 -0.485296 -0.82282 -1.14229 -0.969931 -0.407939 -0.00801565 0.15242 -0.0137108 -0.0566287 -0.615941 -1.63288 -2.45323 -1.86071 -0.670972 0.468253 1.67727 1.08691 1.00246 2.0493 1.45971 0.815674 0.722586 0.414239 0.414239 
0.585017 0.585017 -0.0134893 -0.0438621 -0.398771 -0.0236242 0.522556 0.225575 -0.609044 -0.653323 -0.232625 0.685386 1.54575 1.45931 1.19185 0.638282 -0.105693 -0.343758 -0.175403 -0.0843569 0.422249 1.19139 1.16477 0.135162 -0.0782497 -1.47973 -2.70628 -1.78348 -2.41546 -1.41171 -0.202022 0.572199 0.582016 0.627176 0.627176 
-1.55532 -1.55532 -1.27803 -0.237042 1.08357 1.46273 0.90613 -0.410377 -0.636725 0.444707 0.692663 0.465634 0.369147 0.433387 0.852815 0.84607 0.286123 -0.229521 0.080999 0.28081 0.222216 0.2493 0.556115 0.370119 -0.915892 0.538167 1.69915 0.668294 -0.146741 -0.0925819 -0.0749621 -2.2397 -3.13213 -0.00190193 -0.00190193 
1.0573 1.0573 0.874318 0.783829 0.910518 1.5938 1.28214 0.239398 0.613938 0.82243 -0.00801491 0.0755992 0.404117 0.0937518 0.266659 0.175459 -0.158359 0.168055 0.281533 -0.225716 -0.835354 -0.9418 -1.24354 -0.874655 -0.35658 -2.69525 -3.06955 -0.854882 0.712725 0.939667 0.327209 -0.200635 -0.872067 -0.171675 -0.171675 
-0.161101 -0.161101 0.401128 0.460397 0.28394 0.353437 -1.19071 -0.017679 0.755102 -0.57356 0.375175 2.3828 1.39046 -0.837152 -0.622947 -0.518655 -0.16808 0.00480747 -0.41023 -0.0131569 0.724582 1.2237 -0.479433 -0.518457 -0.236219 -1.83576 -1.18793 1.77719 2.42585 0.244836 -1.34235 -0.53891 0.453927 -1.22196 -1.22196 
0.380502 0.380502 0.966688 1.36645 -0.373489 -0.872195 0.443487 0.709122 0.604553 -0.138634 0.0720118 0.692421 0.455168 0.61074 0.743964 0.280737 -0.198174 -0.622567 -1.17509 -1.69094 -0.239459 0.894677 1.49398 1.18246 -0.209059 -0.324706 -2.55358 -0.29328 1.69904 -0.640402 -1.96497 -1.02638 1.18748 -0.92053 -0.92053 
-1.09599 -1.09599 -1.2078 -0.620626 -0.0899074 -0.173835 0.322409 1.59963 1.27334 0.910307 0.714525 -0.490379 -0.00868498 1.44276 1.13983 -0.131336 -1.20148 -0.752441 0.101578 0.499028 0.989293 0.820058 1.73135 0.113925 -1.62866 -1.09663 -2.32618 -1.19027 0.513104 -0.503743 -0.824157 0.398799 0.160132 0.854019 0.854019 
-0.86954 -0.86954 -1.25913 -0.476654 -0.0323653 -0.620775 0.184141 0.0229952 -0.40985 0.958503 1.16203 0.12926 0.211724 -1.17901 -2.10124 -0.479957 -0.863975 -0.245167 0.589789 -0.113548 -0.346556 1.37024 2.0544 0.197848 -1.79731 0.783886 2.89106 0.59881 0.288745 0.145642 0.583501 -0.440573 -0.876161 0.404387 0.404387 
-0.513695 -0.513695 -0.999196 -0.755721 -0.410338 -0.30323 0.319474 0.618311 1.19494 1.35696 1.24245 1.01949 0.584882 -0.026365 -0.144613 0.0519148 0.153261 0.123751 0.546411 1.51274 -0.328156 -1.85185 -0.274877 0.348882 -0.535968 -2.34669 -1.86071 -0.589213 -1.74255 0.397912 2.07413 -0.333394 0.470765 0.757001 0.757001 
-1.32714 -1.32714 -0.916209 -1.09591 -1.38529 -0.537384 -0.849584 -0.177899 0.536517 -0.22374 -0.217874 -0.0594858 -0.833672 0.351146 -0.341512 -0.543539 1.79391 0.886452 -0.465823 0.0484495 0.857007 1.66575 1.87896 1.49561 1.39799 -0.14916 -0.768629 -1.56959 -1.05382 1.3677 1.42121 -0.318429 0.472425 -0.00564724 -0.00564724 
-0.575871 -0.575871 -1.44122 -1.20427 -0.367786 -0.0165479 -0.853124 -0.60298 0.905835 0.0103678 -1.04576 -0.804572 -0.3942 2.32732 0.961701 -1.67736 -0.346043 -0.490169 -0.390141 0.0490064 0.91357 -0.226314 0.167096 2.28082 0.646634 0.855048 0.658542 -0.300283 0.824388 0.863377 -1.19808 -0.973142 2.14291 -0.0614425 -0.0614425 
0.65556 0.65556 0.825773 -1.14097 -1.53233 -0.982234 -0.230813 0.320637 0.413819 1.3696 0.38678 -0.523395 0.250776 -0.102219 -0.0540141 0.758069 1.38991 0.860234 0.283799 0.0573965 -0.0939185 -0.688547 -2.19542 -0.843157 0.257193 0.12454 -1.09515 -1.3378 -1.16273 -0.869685 -0.227853 -0.905121 1.51616 1.92977 1.92977 
0.773794 0.773794 0.732755 0.470809 -0.413271 -0.926893 0.836915 0.373756 -1.01603 -0.370005 -1.01059 -1.12208 0.103824 -0.766553 -0.724871 0.289012 0.193979 1.02743 1.87366 0.765087 -0.777531 -0.356352 -0.221408 -2.04421 -1.12817 2.42898 0.7377 -1.4673 -0.941124 0.788404 1.28693 -0.617374 1.27067 -0.411859 -0.411859 
-0.653519 -0.653519 -1.28013 -0.179629 -0.0993212 -0.892526 0.000914537 0.308845 -0.16307 0.13759 0.122193 -0.414675 -0.610255 -0.0743781 0.852025 1.09119 0.669165 0.0742489 -0.139473 -0.552702 -1.57638 -1.85073 -0.159215 1.95336 2.52794 2.5482 0.730434 -0.62898 1.09169 0.560795 -1.21629 -0.69447 -0.341669 -0.243835 -0.243835 
-0.554063 -0.554063 -0.582824 -0.352151 0.031854 0.885136 0.248668 -1.05887 -0.819579 0.369139 1.28037 1.69671 0.745555 -0.322428 -0.76478 -1.21602 -0.917248 -0.0533221 0.258328 0.578634 1.22076 0.715813 -0.987503 -1.16438 -1.51652 -2.47591 -0.274946 0.288077 0.364733 2.1087 1.89135 0.755131 0.06475 0.0554535 0.0554535 
0.0628254 0.0628254 0.780143 1.49907 1.04302 -0.250524 -1.41897 -1.1914 0.460965 0.787797 -0.113834 -0.351182 -0.150475 0.20503 0.156116 -0.518749 -0.869419 -0.269601 0.223403 -0.0309452 -0.149967 0.101828 -0.0450007 -1.14258 -0.012456 1.67371 -0.0385875 -1.40022 -0.652556 -0.0787929 -1.60778 -2.23488 1.41376 2.02871 2.02871 
-0.113025 -0.113025 -0.193214 0.0812132 0.766909 0.378456 -1.15111 -0.543011 0.565804 -0.502028 -0.612692 0.414356 0.06522 -0.0726783 0.12154 -0.327509 0.0425728 0.438956 -0.299818 -0.940628 -0.585445 -0.312592 0.108636 0.835139 -1.56423 -2.35504 1.68002 3.4009 1.63943 -0.292503 -0.961378 -1.01364 0.0747974 0.669807 0.669807 
0.392233 0.392233 0.427744 -0.0148275 -0.00870003 -0.828126 -0.166965 1.22118 -0.277664 -0.172244 1.82663 0.663672 -1.87379 -1.15091 0.246205 0.327909 0.369007 -0.0896967 0.0446203 0.735287 0.796428 -0.665982 -0.988403 0.201101 -0.733856 -0.514817 2.22002 2.22052 -0.862704 -2.20227 -0.414185 1.13159 -0.353853 -0.948695 -0.948695 
0.435265 0.435265 0.682422 -0.755736 -1.31122 0.577954 1.05052 0.172428 -0.451289 -0.256403 0.586658 0.309739 0.0223464 0.251399 -0.131182 -0.509643 -0.485633 -0.531141 -0.587691 0.651311 1.67144 1.14457 0.250775 -0.980082 -0.858981 -1.37669 0.0922766 2.70209 -0.141765 -2.19248 -0.16579 2.02189 0.138292 -1.23046 -1.23046 
-0.190779 -0.190779 0.276222 0.787253 0.2535 0.226081 1.30866 0.654467 -0.650097 -0.546303 -1.21587 -0.67705 1.43565 0.811613 -1.35379 -1.96399 -0.595842 0.934523 0.893494 0.604186 0.153477 0.488334 -0.663468 -2.7742 -1.06466 -0.656619 -0.176329 2.15635 0.444174 -1.16543 0.615978 0.680995 0.260204 0.450026 0.450026 
-0.318818 -0.318818 0.192551 0.737514 -0.158397 0.0772825 0.356511 -0.4524 0.547169 0.963057 -0.606142 -0.685262 -0.919198 -1.5758 0.392638 0.744377 0.0892313 0.885863 0.0218066 -0.676137 0.905484 1.50488 -0.830399 -2.58141 0.318782 2.99976 -0.185163 -1.76489 -0.360368 0.128421 -0.447318 -1.01814 0.487994 0.772663 0.772663 
-0.426274 -0.426274 -0.238397 0.402756 0.297528 0.511522 0.65947 0.623917 0.518339 -0.0149794 -0.312046 -0.559047 -0.858668 -0.614552 0.00876741 0.178217 0.00379511 0.251737 1.02018 -0.726497 -2.64792 -0.0105246 1.64656 -0.253108 -2.13168 -1.07387 1.30452 0.0395374 0.710078 2.89351 -0.61595 -1.28887 0.789766 0.169237 0.169237 
0.27305 0.27305 0.127591 -0.439261 0.392522 0.374049 0.23141 1.06239 -0.0966762 -0.670203 0.0733827 -0.558019 0.272809 0.338801 -0.783761 1.66892 1.09792 -1.88868 -0.73788 1.01118 1.24953 0.767632 -0.197287 -0.448884 -1.39091 -1.81331 -1.20932 -0.290412 2.31798 1.94381 -1.42438 -0.827551 0.193606 -0.44654 -0.44654 
-0.50407 -0.50407 -0.356075 0.706879 0.778266 -0.266719 -0.329863 1.13506 0.419514 -1.18253 -0.472587 0.443379 1.99258 0.883309 -2.46488 -0.78039 0.77793 0.00887637 0.373186 0.850711 -0.135544 -0.429824 1.60236 0.335937 -0.854111 0.0438581 -0.685194 0.140006 0.763236 -1.2268 -1.11066 2.12319 0.605863 -1.34041 -1.34041 
0.0661336 0.0661336 -1.54521 -2.0053 0.0567324 0.993002 0.994114 0.454822 0.786088 -0.0954743 -1.62424 -0.184748 0.271746 -0.323034 0.631508 1.10968 0.0103823 -0.979551 -0.731081 -0.382782 -0.684467 -1.79507 -0.199992 1.93609 0.719507 -1.18129 -1.27141 -0.128684 0.310204 0.692614 -0.102353 1.35554 2.24929 0.265549 0.265549 
0.0467829 0.0467829 -0.114552 -0.633787 -0.788796 0.842057 0.873138 -1.06919 -0.386029 0.07541 -0.391147 0.758437 0.291028 -0.43834 0.722189 0.637985 0.526854 1.10659 -0.0895185 -1.56083 -0.618643 0.414579 -0.967502 -0.486425 2.82713 1.22126 -2.32769 -0.961941 1.46137 1.44433 -0.79377 0.0620445 0.198637 -0.96422 -0.96422 
