23
1.40735 1.46149 1.50054 1.46948 1.27404 1.10485 0.829346 0.607256 0.375303 -0.0360685 -0.314767 -0.515681 -0.790725 -1.20129 -1.08039 -1.07765 -0.161057 -0.446888 -0.432151 -0.616927 -0.879299 -1.1069 -1.36985 
1.55593 1.24599 0.956038 0.5184 0.201024 -0.139826 -0.380326 0.0506729 0.0955635 -0.153356 -0.697146 -0.139995 -0.511901 0.947465 1.34897 0.730854 0.807033 0.841844 -1.39161 -1.75221 -1.68576 -1.66012 -0.787537 
-2.05383 -2.07889 -1.8245 -1.33132 -0.708539 -0.352179 0.579785 0.809051 0.733435 1.06499 0.76527 0.734913 0.957757 0.958911 0.808072 0.440014 -0.481911 -0.445942 -0.0255481 0.60228 0.609805 0.300797 -0.0624236 
0.475174 0.61081 0.692186 0.861214 0.815783 0.732724 0.951172 1.26846 1.36018 1.3838 0.891258 0.317328 -0.0816917 -0.32286 -1.00764 -1.23831 -1.57954 -1.44994 -1.17566 -0.911861 -0.967135 -0.616319 -1.00915 
-2.36648 -1.17293 -0.764039 -0.39985 -0.598908 -0.778674 -0.114234 1.47793 0.462636 0.491572 0.56892 1.37586 1.16176 1.85728 0.841662 0.691611 -0.4155 0.108537 -1.24962 -0.510361 -0.0483504 -0.669665 0.050847 
-0.408055 -0.449844 -1.00844 -1.52853 -1.35938 -1.03724 -1.21838 -1.41482 -1.16979 -0.543626 -0.404893 0.687221 0.699966 1.04078 1.04695 1.22385 1.16668 0.500403 0.71363 0.613907 0.705707 1.30296 0.840941 
-1.84002 -1.61651 -1.27773 -1.63493 -1.68984 -0.937734 -0.184777 -0.0729715 0.723054 0.263231 0.37013 1.02226 0.686112 0.58677 -0.178574 0.86393 1.06128 0.490294 1.15767 0.613272 -0.0170864 0.513667 1.0985 
0.805177 0.968512 0.47287 1.0743 0.496162 1.07097 1.3557 0.725077 0.459735 0.485939 1.19358 0.511181 0.190669 -0.110108 -0.968644 -0.356639 -0.944071 -0.601294 -1.10888 -2.25097 -0.755466 -1.69556 -1.01824 
-0.408999 -0.581311 -0.470374 -0.648916 -1.01347 -0.366921 -0.673763 -2.08412 -0.867196 -0.834105 0.662063 0.632748 -0.194913 0.875533 2.71805 1.36992 0.505689 1.03454 0.556234 0.66874 0.00798926 -0.618838 -0.26858 
-0.968482 -1.04526 -1.14725 -1.48762 -1.38044 -0.909874 -0.874116 -0.904374 -0.990274 -0.586213 0.671825 0.488518 0.24052 -0.0785793 0.436454 1.2227 1.08788 0.693625 1.34133 1.19457 1.46067 0.484771 1.04963 
1.8346 0.734878 0.104219 0.171748 0.764204 1.04662 -0.405607 -1.71675 -0.473524 -0.812436 -0.369281 -0.503468 0.0541708 -2.19601 -0.116494 -0.339381 -0.417172 -0.873544 1.04837 1.57869 1.51474 -0.23076 -0.397815 
-1.21107 -1.35344 -1.21974 -1.0699 -1.29732 -0.629527 -0.286495 -1.05624 -0.587429 0.496913 1.29425 0.418654 1.14956 1.1195 1.77592 0.844385 1.18447 0.438665 0.354534 0.409612 0.422582 -1.3483 0.150415 
1.86026 1.48158 1.26405 1.77558 1.64154 0.692147 -0.425159 -0.796684 -0.0112045 -0.0242201 -0.0514575 -0.556613 -0.823361 -0.685422 0.394809 -0.999609 -0.925643 -1.37057 -0.650322 -0.0488372 -0.247627 -1.31753 -0.175722 
0.84742 0.84742 0.636846 0.0573156 -0.284073 -0.481923 -0.612664 -0.505038 -0.972833 -1.08836 -0.568229 -0.559197 -1.07734 -0.0987987 0.922663 2.88918 2.17599 -0.0528891 0.19686 -0.487995 -0.593847 -0.595253 -0.595253 
-0.395924 -0.395924 -0.527374 -0.555603 -0.455971 -0.376835 0.417695 0.711472 0.0115733 -0.594405 0.235352 0.412286 1.34101 2.13715 -0.00137834 -0.33626 0.335849 -2.04166 -2.44868 -0.0811873 0.31639 1.14621 1.14621 
0.0830256 0.0830256 0.818008 1.34047 1.14642 1.58492 1.40467 -0.0243098 0.120764 -0.197073 -0.710351 0.0307701 0.0754601 -0.454508 -0.978137 -2.07171 -1.49871 0.405006 1.2444 0.658855 -0.669792 -1.1956 -1.1956 
0.63948 0.63948 0.704721 0.45696 -0.0355768 0.480002 1.26221 1.01462 0.440842 -0.70074 -1.86826 -1.68552 -1.03536 -1.59369 -1.57318 -0.901926 -0.198012 1.00459 1.26679 0.622891 0.792915 0.133383 0.133383 
1.51073 1.51073 0.616709 -0.038629 -0.624988 0.305825 2.21588 0.405209 -1.27988 -0.102063 0.736591 0.422419 0.302319 -0.561681 -1.47317 -1.5718 -0.845161 -1.11578 -0.883779 1.07829 -0.388355 -0.109702 -0.109702 
-1.19661 -1.19661 -2.00194 -0.776602 0.641507 0.0517175 -0.821455 -0.103879 1.28118 1.1022 1.88675 1.67462 0.409607 0.398541 0.122551 0.0158857 -1.40382 -0.948521 0.00541257 -0.199041 0.974503 0.0420017 0.0420017 
0.38648 0.38648 -0.447959 -1.01367 0.580333 1.74119 0.821115 0.883001 0.0616068 -0.928627 0.669181 0.0325503 -1.04727 -1.664 -0.0232355 1.36009 -0.958388 -0.282984 -0.244785 -2.10955 -0.564623 1.18153 1.18153 
-0.19011 -0.19011 0.558011 0.417138 0.37168 1.84518 -0.213307 -1.15266 -0.0310065 1.63054 0.420469 -1.33529 -0.683598 -1.60237 -0.0436313 0.419326 -0.0404277 0.0959159 -2.43975 0.980888 1.32583 -0.0713611 -0.0713611 
-0.046772 -0.046772 -0.0524681 -0.487217 0.267177 0.319942 -1.56072 -0.167516 1.15225 1.40758 1.35052 -0.774205 0.231326 2.67272 0.46137 -2.01346 -0.297299 0.0555589 -0.325113 -0.491927 -1.16791 -0.243529 -0.243529 
-0.489636 -0.489636 -0.909516 -0.576321 0.715407 0.601625 -0.196122 -0.389909 0.301911 2.44265 1.50704 -0.891901 -1.1082 0.107218 1.86789 0.832759 -1.04763 0.198834 0.593065 -0.0147884 -1.33551 -0.859613 -0.859613 
-1.04623 -1.04623 -0.19399 0.699034 0.855927 -0.636942 -1.80043 0.167576 0.877422 0.293273 0.442748 0.526335 -1.0186 0.0925574 1.57273 -0.00236853 -0.172841 1.28719 2.00759 0.557669 -1.10395 -1.17924 -1.17924 
-0.0729393 -0.0729393 0.308509 -0.162899 0.513241 1.25792 -0.618666 -0.45447 1.96588 2.39474 -0.163787 -0.250503 0.853273 0.756028 -0.420771 -0.833712 -0.59126 -1.14504 -0.0995529 0.0272044 -2.35643 -0.416917 -0.416917 
-0.424733 -0.424733 0.616312 0.713946 -0.994504 -2.14436 -1.46858 0.756588 1.17584 0.225424 -0.350098 -0.63019 0.121864 1.69706 -0.0949218 -1.27168 -0.16131 0.594467 1.81817 0.74342 -1.21114 0.356585 0.356585 
-0.0641271 -0.0641271 -0.553715 -0.664227 -0.341784 -0.163828 0.0942392 -0.190505 -0.379025 0.455576 0.560805 -0.316332 0.502712 1.80337 2.63801 1.17258 -2.3717 -1.55821 -0.253812 -0.554224 0.0231549 0.112578 0.112578 
-0.215135 -0.215135 -0.235658 -0.0676564 0.0104001 0.515607 0.671657 -0.414828 -1.06897 0.0431241 0.61232 0.684273 1.13445 -1.09552 -1.91779 0.125604 -1.35943 -2.14398 1.30574 1.8907 0.772778 0.48373 0.48373 
0.674379 0.674379 1.09529 0.346834 0.279188 0.290299 -1.21421 -0.952117 -0.0569373 -0.587333 0.265807 0.715329 -0.308712 -0.766572 -1.22064 -0.337148 2.07759 2.29221 0.286759 -1.4599 -1.41177 -0.341361 -0.341361 
0.132152 0.132152 -0.110224 -0.655879 0.0908698 1.33791 0.591327 -0.735189 -1.60975 -2.19059 -0.89505 0.88313 0.158164 -0.4578 0.74506 1.4136 1.93341 1.50129 -0.305077 -0.395242 -0.41054 -0.576869 -0.576869 
-0.522769 -0.522769 -0.994425 -0.772998 0.368577 2.16529 0.192197 -2.39529 -0.244422 1.57195 0.498146 -0.191883 -0.587602 -1.15718 -0.606328 0.572659 0.448871 0.0928749 1.69977 0.477232 -0.734345 0.321219 0.321219 
-0.711958 -0.711958 0.329728 2.21992 0.676841 -1.27102 -0.159605 1.76016 0.997978 0.487479 0.459299 -1.28308 -1.11215 -0.271361 -0.352632 -1.32492 -0.847189 1.17068 0.609818 0.796513 0.177586 -0.820066 -0.820066 
-0.58019 -0.58019 -0.928174 0.565614 1.62766 0.0812001 -0.594797 -0.534099 -1.18128 0.306822 0.52433 -1.12273 -1.11049 0.562994 1.79327 -0.642142 -1.0776 0.372043 -1.19047 -0.263649 1.95751 1.00719 1.00719 
0.458953 0.458953 0.37455 -0.100918 0.866322 -0.339769 -1.78541 0.119945 1.67825 0.28122 -1.76623 -0.650772 -0.149299 0.394153 1.22201 0.0126407 -0.183047 -1.42682 0.540946 2.26684 -0.619726 -0.826395 -0.826395 
-0.0170029 -0.0170029 -0.276101 0.176891 0.467436 -1.10298 -0.304119 1.60325 0.925101 0.104551 -1.31389 -0.680613 2.04066 0.123491 -2.80643 -0.465753 1.21947 -0.0301845 -0.339894 -0.515893 0.13443 0.537299 0.537299 
-0.234739 -0.234739 -0.0342642 0.995565 0.726631 -0.530551 -0.578688 0.317544 1.72216 0.742984 -1.98842 -1.55563 0.619035 1.80853 0.45443 -1.7363 -0.363524 1.00505 -0.11064 -1.14248 -0.490417 0.304226 0.304226 
0.528511 0.528511 1.09714 0.654382 -0.864818 -1.70556 0.498126 1.69096 0.0658914 -0.290921 0.134256 -0.944646 -0.29035 1.63586 -0.0745885 -1.12562 0.806972 1.37423 -0.478663 -1.9954 -1.12011 -0.0620798 -0.0620798 
0.199 0.199 -0.103177 0.0857233 0.865244 -0.771074 -1.14317 1.61121 1.78086 -1.41065 -1.74114 0.606432 0.599684 -0.862185 -1.06455 -0.154797 -0.245074 0.269677 0.705905 -1.49219 -0.330197 1.19773 1.19773 
0.48678 0.48678 0.542064 -1.01479 -1.72117 -0.371136 1.53992 1.39467 -0.403459 -0.966734 -0.587174 0.164546 1.21507 -0.225447 -1.7837 -0.140287 0.95398 1.01815 -0.0183531 -1.81799 -0.321735 0.785007 0.785007 
