20
1.11731 0.999458 1.13568 1.26065 1.16591 1.02638 0.852114 0.600217 0.345253 0.145982 -0.169114 -0.335908 -0.313095 -0.541272 -0.670622 -1.05118 -0.905621 -1.3289 -1.61385 -1.71938 
2.14365 2.11348 1.51515 0.165038 -0.315985 -0.472962 -1.00373 -0.858258 -0.751795 -1.10198 -0.555478 0.285499 -0.231448 -0.216913 0.00317267 0.328595 -1.22658 -0.965016 0.376222 0.769343 
-2.01486 -1.54956 -1.40264 -1.0517 -0.968499 -0.858756 -0.380771 -0.0245859 0.150291 0.485775 0.800761 0.628436 0.72521 1.04725 1.34012 1.10383 1.22692 0.356098 0.24828 0.138411 
-1.22604 -1.10474 -0.258124 0.469308 1.10779 1.03809 1.07291 0.575582 0.696735 1.03718 0.712031 0.3127 0.702281 0.483543 0.641602 -0.576584 -0.87922 -1.42709 -1.53039 -1.84756 
0.749794 1.47571 2.07783 0.636401 0.0745519 -0.477471 -0.148703 0.456304 -0.679504 -1.14251 -1.34408 -1.31574 -1.31517 0.394872 0.786673 0.396869 0.37345 0.923162 -0.595474 -1.32696 
-1.25907 -1.37041 -1.72913 -0.935002 -0.640906 -0.441392 -0.628507 -0.95413 -0.279757 -0.0253136 0.0764695 0.119041 0.264287 0.920384 0.447087 1.05794 1.42731 1.66879 1.13415 1.14816 
-2.22583 -0.886636 -0.432837 -1.02421 -1.37808 -0.829418 -0.25784 -0.359988 0.12014 0.262898 0.509857 0.332676 0.200339 -0.301791 0.0833911 1.39496 1.29739 1.89703 1.06656 0.53139 
-1.22764 0.090156 -1.23121 -0.777714 0.0486526 1.25614 0.475587 0.663043 -0.0582461 1.3039 0.728331 0.507011 2.24273 -0.136009 0.064895 -0.314366 0.0433345 -1.56352 -0.428132 -1.68694 
0.597913 -0.561619 -0.0510631 -0.914494 -1.14327 -1.46415 -1.0677 -0.426919 -0.453307 -0.0945283 -1.03529 -0.259608 0.0245302 0.0503741 1.49518 1.21008 -0.513785 1.51362 1.94507 1.14898 
-1.03857 -1.22676 -1.77995 -1.55594 -0.847069 -1.19261 -0.456607 0.0635691 0.312043 0.459928 0.512996 0.345676 -0.0125734 0.371382 0.422078 1.01822 0.269733 1.68909 1.37561 1.26975 
-0.0594589 -0.955298 -1.78339 -0.448828 -0.543984 -0.517716 -1.58902 0.255365 2.58001 1.0092 0.118129 0.585735 -0.71682 0.979302 -0.183941 -0.00320721 0.573287 0.589606 -0.758934 0.869957 
-0.82314 -0.937494 -0.806564 -1.59497 -1.673 -1.38573 -1.14466 -0.201784 0.205565 0.449004 0.367136 0.724462 0.817083 1.0341 0.588505 0.602321 1.25726 1.68493 0.590731 0.246248 
2.90343 0.607355 -0.173019 -0.57501 -1.29787 -1.01574 -0.892562 -0.261872 -0.363013 0.337149 -0.192534 -0.133354 0.189966 -0.133409 -0.00584593 -1.18608 -0.558553 0.673258 0.15157 1.92614 
1.31051 1.31051 2.33873 1.3607 0.240673 -0.0960791 -0.571896 -0.91364 -0.690787 -0.945419 -0.807899 0.623005 0.363077 -0.281268 -0.926544 0.237582 0.0566742 -1.76634 -0.420798 -0.420798 
-0.476647 -0.476647 -1.66771 -1.56185 -0.485214 -0.530103 -0.257183 0.317833 -0.129434 0.267644 1.34251 0.382886 -0.362863 0.302207 0.58274 -1.01919 -1.07681 1.5368 1.65552 1.65552 
0.812153 0.812153 0.576969 0.44595 -0.0500457 0.761782 1.26856 0.645256 0.602684 0.890804 -0.153451 -0.602181 0.414424 0.817677 -0.330462 -0.679601 -1.98445 -2.45929 -0.894468 -0.894468 
1.21957 1.21957 1.96408 1.70843 0.72932 -0.0121479 -0.537404 -0.431363 0.597666 0.049479 -0.859182 0.0187142 0.240536 -0.0438406 -1.27146 -1.83732 -1.01398 -0.769141 -0.485764 -0.485764 
1.23242 1.23242 -0.456496 -1.36352 -0.670448 0.0235701 0.925191 -0.216087 -1.04834 -0.320329 0.0625499 0.220065 1.53055 1.83542 0.199099 -0.124464 0.607658 -0.557496 -1.55588 -1.55588 
-1.25208 -1.25208 0.44991 1.67699 0.559309 -0.345217 -1.33231 0.287019 1.37736 0.301072 -0.0971802 -0.0154834 1.13775 -0.024917 -0.10997 1.474 0.779692 -0.919574 -1.34715 -1.34715 
1.6181 1.6181 -0.415515 -1.2663 -0.0654141 0.909439 0.223887 0.127556 0.385534 0.139919 -0.197098 -0.596641 -0.938936 -0.393792 1.51673 1.0082 0.258261 -0.513756 -1.70913 -1.70913 
0.0527182 0.0527182 -0.829273 1.36241 2.13183 0.492031 -0.548872 -0.4884 0.710337 0.859034 -0.756844 1.60175 -0.599821 -2.16605 -0.125649 0.0343572 -1.21836 -0.424757 -0.0695845 -0.0695845 
-0.744254 -0.744254 -0.450884 -1.1834 -0.645854 -0.026393 0.926403 0.507465 0.228059 -0.677878 -0.264821 0.948777 0.205858 1.35582 1.04774 -2.0917 0.199476 2.33491 -0.462536 -0.462536 
-1.53354 -1.53354 -0.853012 1.23059 0.290291 0.335085 1.76435 0.95946 0.34482 0.022212 -0.498181 -1.17725 -0.267116 0.408041 0.758351 -0.561072 0.798027 1.51622 -1.00187 -1.00187 
-1.19876 -1.19876 0.366609 0.881008 -0.0371952 -0.722285 0.553725 2.93711 0.540219 -1.71668 -0.286052 -0.574841 0.28737 0.385144 -0.678404 0.542598 0.427207 -0.923843 0.207911 0.207911 
-0.0532598 -0.0532598 -0.903986 -1.16771 0.189901 0.592637 1.42008 1.62994 0.747182 0.129739 0.273475 0.493699 0.316614 -0.362669 -0.619129 0.769861 1.29219 -0.915412 -1.88995 -1.88995 
-2.26006 -2.26006 -0.790841 -0.746231 -0.215559 0.440703 0.711071 0.537072 0.590961 0.258545 -0.238657 0.423008 0.126264 -0.025582 -0.690235 -0.302422 1.56857 0.677141 1.09815 1.09815 
0.937269 0.937269 0.0905828 -1.76918 -1.21402 -0.656317 -0.660639 -0.0557932 0.0196203 -0.0542527 1.40493 1.06086 -0.735707 -1.06931 0.496306 0.898314 -1.68768 -0.36622 1.21198 1.21198 
-1.05276 -1.05276 -0.970254 0.797288 0.679791 0.053339 0.53652 -0.0248256 -0.163518 1.0229 -0.0345732 -1.45364 -0.187283 0.612646 -1.15435 -1.41793 1.86785 2.0053 -0.0318684 -0.0318684 
-0.11985 -0.11985 -0.239714 -0.478322 0.384253 1.30166 -0.011295 -0.513879 0.319954 -0.596449 -1.27057 0.614839 1.39429 -0.586158 -1.27449 -1.41786 -1.53286 1.0925 1.52691 1.52691 
0.856139 0.856139 0.602709 -1.10592 -1.58751 -1.1376 -0.297466 1.2433 0.594762 -1.32607 0.0876054 1.20825 0.056092 -1.38074 -1.65978 0.373335 1.17699 0.641727 0.399014 0.399014 
-0.92116 -0.92116 -1.57609 0.143867 1.29993 1.45052 0.125306 -1.12667 0.223085 1.1005 0.688558 1.35835 1.46475 -0.663045 -1.11682 0.593364 -0.0143246 -1.26387 -0.422545 -0.422545 
1.02871 1.02871 1.79478 0.0344526 -1.29631 -1.21479 0.36086 1.65781 -0.0250723 -0.954404 -0.231472 0.737124 -0.039735 -0.8128 0.901929 0.521571 -1.52816 -1.36164 -0.300781 -0.300781 
-1.0975 -1.0975 -1.70405 0.601903 1.90344 0.558557 -0.205115 0.467549 0.361121 -0.0630645 -0.172803 -0.176565 0.496923 2.10301 1.35182 -0.544882 -0.732731 -1.05029 -0.499906 -0.499906 
-0.52368 -0.52368 0.83714 1.8625 -0.516473 -1.6405 -0.584801 0.805793 0.860572 -0.887025 0.485103 0.121445 -2.31548 0.318363 1.39018 -0.654519 -0.261115 0.737227 0.244476 0.244476 
0.222533 0.222533 -0.195008 -0.055826 0.714814 0.951512 0.359614 -0.342754 -0.620349 -0.225638 0.98252 0.323601 0.287327 0.53519 -1.90981 -0.428209 2.57852 -0.322045 -1.53926 -1.53926 
0.477837 0.477837 1.86211 0.785291 -0.569227 1.00503 0.440533 -0.917369 -0.596958 -0.534343 -0.771166 0.17923 1.07893 0.707005 -0.618128 0.0520784 1.4058 -1.17007 -1.64722 -1.64722 
0.751199 0.751199 1.05078 -0.395637 -1.09421 0.183686 1.97075 -0.168329 -2.8708 -0.641679 0.504535 0.173495 0.398627 -0.722925 -0.0687623 0.483439 -1.01451 -0.28818 0.498665 0.498665 
-0.440017 -0.440017 -0.641553 1.04604 1.55534 1.1502 1.0028 -0.304126 -0.936342 -0.151902 0.488235 0.243067 -0.444328 -0.504986 1.07557 1.67071 -1.07777 -2.22166 -0.534631 -0.534631 
1.20873 1.20873 1.26064 0.168649 0.880302 0.57744 -0.388564 -0.640435 -0.824752 -1.46594 -0.309337 -0.076105 -1.02262 -1.45068 -0.82279 2.12742 0.639027 -1.04802 -0.0108475 -0.0108475 
