49
0.720124 0.757903 0.775685 0.840995 0.834509 0.945408 0.940371 0.985752 0.925138 1.0256 0.964401 0.932146 0.973034 1.05007 0.971446 0.965349 1.0009 1.12195 1.05389 0.981708 0.886117 0.853789 0.763083 0.658863 0.551373 0.342259 0.0403778 -0.204904 -0.438682 -0.430825 -0.638024 -0.831279 -0.745159 -0.829063 -0.863988 -1.06559 -1.05565 -1.06438 -0.970846 -0.857124 -1.16825 -1.13734 -1.69286 -1.61515 -1.46822 -1.50717 -1.47453 -1.42626 -1.37696 
1.41775 0.892533 0.369324 0.513032 0.594291 1.25925 1.40863 1.21237 1.5364 1.17941 1.53394 1.86471 1.4942 1.30803 1.49244 1.01296 0.693714 0.0300345 0.327607 -0.0445999 -0.10365 -0.2019 -0.372074 -0.272257 -0.421294 -0.375196 -0.398755 -0.165472 -0.356852 -0.831547 -1.29648 -1.21759 -1.28611 -0.94157 -1.10261 -1.37974 -0.80659 -0.670792 -0.626339 -1.71447 -0.441595 -1.42883 -0.836834 0.674025 -0.152578 -0.103032 -0.982115 -0.833678 -1.45011 
-1.35348 -1.32197 -0.248213 -0.183171 -0.416625 -1.08677 -0.953427 -0.96207 -0.672471 -0.392954 -0.45387 -0.662676 -0.76439 -1.06935 -1.28736 -0.798514 -0.932586 -1.18312 -1.71427 -1.12423 -0.804919 -0.594307 -0.69227 -0.83412 -0.356505 0.120893 0.363472 0.433027 0.448727 0.367107 0.457281 0.737314 0.960398 1.86638 1.54718 1.4935 1.48827 1.47679 1.80369 1.40499 0.611623 1.94848 0.0572065 0.420767 0.754273 0.0351014 0.0551366 0.830486 1.18157 
-0.703636 -0.0449639 -0.415461 -0.708985 -0.350468 -0.259441 -0.632918 -0.4311 -0.229229 -0.712698 -1.02759 -1.13066 -0.63808 -0.502781 -0.275932 -0.389505 -0.0511381 0.666113 1.16508 1.72216 1.64201 1.43169 1.39498 1.58124 1.43369 1.31305 1.65333 1.72399 1.29711 0.752701 0.169041 -0.675735 -0.490532 -0.728299 -0.837304 0.0112465 -0.519969 -0.0707445 -0.180781 0.437425 1.09191 0.927402 -0.224135 -1.61255 -2.01846 -1.10072 -1.47207 -1.0284 -0.949886 
-0.830547 -0.708503 -0.351037 -1.51071 -1.22427 -1.26817 -0.579926 -0.58666 -0.342977 0.810204 1.82322 2.19126 2.20321 2.24694 2.04317 1.77734 1.47776 0.321462 -0.191713 -0.55133 -0.72165 -1.07904 -0.306807 -0.0124817 -0.19674 -0.379165 -0.400453 -0.144416 0.218881 -0.662358 -0.460547 -0.0948015 0.0600701 -1.44531 -1.25225 -1.02108 -0.784796 0.43104 -0.1596 0.567359 0.492024 0.15488 0.183247 -0.320777 -0.841024 -0.699791 0.66268 0.868991 0.59518 
-1.57855 -1.3151 -1.08976 -0.667817 -0.525034 -0.41543 -0.234018 -0.139176 -0.311919 -0.570151 -0.722199 -0.829191 -1.22894 -1.39734 -1.55693 -1.499 -1.36795 -0.899395 -0.996471 -1.0454 -0.964418 -0.497715 -0.460258 -0.295447 -0.303832 -0.319157 -0.0345736 -0.0327556 0.158645 0.342208 0.284865 0.235465 0.695843 1.21603 1.14407 0.862934 0.941168 1.17163 1.37309 1.21281 1.24302 1.1672 0.886069 1.18534 1.28659 1.29673 1.47145 1.68855 1.43424 
-2.35701 -2.10267 -1.25582 -0.921737 -1.2435 -1.1246 -1.52022 -1.81804 -1.35817 -1.23413 -1.38017 -1.28397 -0.617244 0.0414753 0.601902 0.475672 0.787509 0.341016 0.342434 0.41672 0.670287 0.703605 0.830437 1.26161 1.29454 1.20938 1.1407 0.807832 0.72541 0.995011 1.47916 0.87919 0.691082 1.0323 0.663376 0.468984 0.420192 0.433038 0.152866 0.358926 -0.00942736 -0.88949 -1.11131 0.473378 0.568313 -0.0275167 -0.152858 -0.18161 0.323135 
0.7153 0.478052 0.691498 0.0192876 -1.04543 -1.41026 -0.675852 0.101508 0.00145559 1.14137 1.80615 1.74513 1.17166 0.243492 0.362149 1.71475 1.27064 1.39881 1.42921 1.66659 1.40092 1.31643 0.0685293 -0.727371 0.680606 0.714763 0.180316 -0.656463 -0.754955 -0.274987 -0.416309 -0.183076 -0.443616 -0.0281668 -1.01746 -0.871692 -0.645057 -1.20673 -1.00079 -0.814967 -1.09717 -1.23273 -1.13091 -0.486412 -0.368818 -0.444438 -1.39686 -2.03739 0.0492919 
0.460276 -0.134654 -0.792966 -0.535336 0.406883 0.238926 -0.231908 -1.17818 -0.744055 -1.51082 -1.96655 -1.84363 -1.80644 -1.42045 -1.43449 -1.61873 -1.12733 -0.685047 -0.583707 -0.107463 -0.198046 -0.87732 -0.815257 -0.402905 -0.448624 -0.653019 -0.189976 0.856865 1.02779 0.669998 0.351462 0.729848 0.604689 0.239801 1.3092 1.31637 0.771906 0.438065 0.982752 0.63915 1.17155 1.18477 1.02947 1.29914 1.0273 1.14966 1.22042 1.2338 0.946784 
0.0434482 -0.305167 -0.328981 -0.786711 -1.16907 -1.18854 -1.30847 -1.18303 -1.61341 -1.82526 -1.32708 -1.51697 -1.0091 -0.723227 -0.602129 -0.688655 -0.842554 -1.27308 -0.966751 -1.01264 -0.753671 -0.634566 -0.0915212 -0.330584 -0.436497 0.1607 0.181877 0.846756 1.42988 1.02058 1.00416 1.41808 1.57639 0.558478 1.20614 0.77901 1.10306 0.981317 0.70624 0.477948 1.02555 1.46705 0.588832 0.863255 0.476028 0.662366 1.10712 1.03205 1.20135 
0.632197 0.877972 -0.143498 0.411261 0.368203 -0.247748 -0.622753 -0.399059 -0.854953 -0.610785 -0.712131 -0.404306 -1.33076 -1.86105 -2.28884 -1.81389 -1.4843 -0.708458 -1.18444 -1.40028 -0.972164 -0.799104 -0.718031 -0.487375 -0.87658 -0.429667 0.0489176 0.504106 0.345347 0.0421427 1.20028 0.868717 0.683294 0.948161 0.613923 0.720125 0.701881 1.00834 1.09091 1.90802 1.50274 2.04048 0.686991 0.92379 0.624275 -0.263743 0.934693 0.860482 0.0666685 
-0.340541 -0.119039 0.893258 0.087866 -0.584295 -0.474047 -0.496734 -0.945895 -0.599589 -0.745215 -1.51462 -1.72722 -1.43699 -0.976254 -0.590018 -1.11178 -0.811544 -1.09212 -1.01115 -0.739724 -0.86671 -0.518542 -0.652602 -0.917776 -0.327191 -0.240628 -0.396717 -0.778468 -0.871015 0.150836 0.431942 0.906889 0.90355 1.14014 1.1566 0.768577 0.82467 0.450306 0.773705 1.99344 0.729875 -0.026336 0.54163 1.54815 0.738712 0.877686 2.04674 2.21016 1.73802 
2.5568 2.00886 1.21059 1.26616 1.53765 1.18657 0.978465 0.437888 0.230626 0.118699 0.284987 0.217336 0.247507 -0.0595842 -0.366136 0.0932392 -0.241222 -0.258047 -0.691632 -0.542095 -0.811032 -0.99427 -1.58014 -1.17543 -1.52379 -1.55855 -1.65961 -1.93317 -2.08137 -1.00046 -0.44146 0.275767 -0.384849 -0.508031 -0.0817431 0.185865 0.183247 -0.0900497 1.11154 0.20756 0.0164456 -0.785524 0.43747 0.123894 0.888611 0.463652 0.690834 1.07376 0.734159 
0.69639 0.69639 0.833526 0.712645 0.939725 0.946941 0.620591 0.343762 0.618131 0.615209 -0.0458626 0.462642 1.00703 0.411728 -0.00236364 0.566363 1.19969 0.683554 -0.278933 -0.416024 -0.217526 -0.193198 -0.551299 -0.634896 -1.15738 -2.12565 -2.3058 -1.96658 -0.705682 -0.57329 -1.57504 -0.114005 0.430674 -0.172253 -0.758495 -0.535035 0.425673 0.842051 1.45197 -0.563632 -0.97615 -2.19347 -1.96033 1.53858 0.957518 0.388214 0.822632 0.905628 0.905628 
-1.56395 -1.56395 -0.431394 0.592022 1.47454 1.58988 0.131768 0.427452 0.155337 0.206969 1.37139 0.143851 -0.731373 0.208162 -0.288433 -1.14118 -1.45305 -0.408715 0.0847719 -0.519019 -0.055188 -0.243329 0.0920132 0.127801 0.0368505 0.249294 0.566214 0.282079 -0.916586 -1.37973 -0.442461 0.22869 0.678452 0.521808 -0.530717 0.712327 1.41143 0.516314 -1.5559 0.52392 0.694756 -0.458038 3.77143 1.36964 -1.10449 -1.19334 -1.02591 -0.581212 -0.581212 
1.50598 1.50598 1.55837 -0.483666 -1.63212 -1.05914 -0.0257835 0.218303 0.668445 0.120896 -0.641925 -0.705655 -0.855852 -1.03752 0.202486 0.333611 -0.821394 -1.44168 -0.128589 1.19994 0.607224 -0.0446138 -0.595203 0.303921 1.27126 0.904107 0.267007 -0.0874063 -0.323561 -0.207222 0.357723 0.565345 1.54315 0.696034 -0.803057 -0.3126 -0.246691 0.272131 -0.332754 -2.08273 0.628413 -1.08665 -2.60706 0.868318 -0.823041 -1.31272 1.0219 1.53904 1.53904 
0.39238 0.39238 -0.866741 0.0972585 0.605763 -0.362176 -0.215673 0.545127 -0.361051 -1.04439 -0.541365 0.52638 0.841578 0.490196 0.161105 0.308569 1.4072 1.61956 1.40777 0.641987 -0.372779 -0.315342 0.209071 0.0625015 -0.343328 0.301747 0.554712 -0.459718 -1.27305 -1.48037 -1.87755 -0.860861 -0.0581915 -0.447231 0.989243 0.430939 -0.0971033 0.459835 0.683286 1.69423 0.659229 -1.72893 -3.34734 -2.36138 0.688128 0.733824 0.106937 0.701821 0.701821 
0.482151 0.482151 -1.02581 -1.10937 0.203347 0.676078 0.719808 0.196774 1.56144 2.46658 1.54284 0.365058 -0.0164972 -0.270292 -0.634497 -0.747214 -1.79487 -2.04617 -1.10886 -0.705483 -0.702859 0.406069 1.17282 0.0474947 -0.513413 -0.321674 0.194186 0.646657 -0.691372 -0.881363 0.58574 0.530515 -1.6709 -1.62597 0.417117 0.467965 1.62644 0.653554 0.0783803 0.684647 -0.567293 -0.445284 -0.641621 -1.28708 -0.52792 1.68714 1.7637 -0.161416 -0.161416 
1.05044 1.05044 1.51707 1.27402 0.354439 0.468169 0.424706 -0.617986 -1.65749 -1.59656 -1.15128 -1.88057 -2.06134 -1.35429 -0.68794 0.167763 1.3767 0.705072 -0.818505 -0.294261 1.22386 1.0957 0.206881 0.0719121 -0.458436 0.404111 0.454583 0.180237 0.715324 -0.0170179 -0.702899 0.821357 2.4983 0.931008 -1.42819 -0.985993 0.520213 0.883031 -0.267381 -0.771588 -0.52291 -1.43955 -0.335226 0.790577 -0.0606785 0.155612 0.764958 -0.498187 -0.498187 
1.51731 1.51731 1.64139 -0.177035 -0.511864 -0.626801 -1.27523 0.055958 0.712393 -0.230432 -0.273756 0.990949 1.86626 1.70085 0.479429 0.0926118 -0.405733 -0.88876 -0.0784022 0.313954 0.250206 0.0529987 0.672087 0.52597 -0.277478 -0.435585 -0.821032 -0.842416 0.0950575 0.976667 -0.376424 -1.42249 0.0420484 -0.239313 -1.07275 -0.574608 -0.252136 -0.612174 -0.311523 -0.448738 -2.1388 -1.91078 1.92449 2.41737 -0.975618 -1.31838 -0.435978 0.544466 0.544466 
0.0129647 0.0129647 -0.453173 -1.82294 -1.49354 0.434536 1.6586 0.764328 1.15287 1.97252 0.685502 -0.641492 -1.57079 -0.829058 1.61518 1.01208 -0.300106 0.208406 0.325448 0.00815587 -0.336792 -1.38942 -2.15181 0.694421 1.58397 -0.497675 -1.43104 -0.963833 0.447291 0.401391 0.136973 0.00920879 0.204485 -0.5765 -0.865512 0.437567 -0.320573 -0.342762 0.45831 -0.064807 -0.409236 0.00230949 0.838287 0.855191 0.0834551 -1.06325 -1.66865 1.58827 1.58827 
-1.89279 -1.89279 -0.612 1.79246 1.15311 -0.969708 -2.13896 -0.779453 -0.509779 -1.8466 -0.510037 0.230473 0.625676 0.548706 -0.307927 0.451395 1.3926 0.806617 0.85764 0.569316 -1.16661 -0.937289 0.702651 0.540731 -0.385803 0.378505 2.25823 1.81938 -0.290787 -1.0261 0.0798541 0.370361 -0.746252 1.04832 1.60726 -0.817225 -1.32952 0.306694 0.29203 0.27357 0.809628 -0.2235 0.16175 -0.0133214 -0.234614 0.280057 0.116337 -0.421135 -0.421135 
-0.865664 -0.865664 -1.09181 -1.83493 -0.926588 -0.382686 -0.082368 -0.725786 -1.42485 0.499663 0.545193 0.565274 1.55133 0.749718 -0.0221169 -0.592073 -1.30504 -0.351182 0.445998 0.347857 0.689829 1.2786 0.53626 -0.808763 0.924462 1.18786 1.32814 2.49283 0.266494 -0.976115 0.730093 1.09223 -1.87538 -0.861155 0.363302 -0.307401 0.32553 -0.916219 -1.13705 0.56803 1.95623 -0.998908 -1.34519 -0.327568 -0.510131 1.21423 0.67244 0.101521 0.101521 
-1.10803 -1.10803 -0.639197 0.845367 -0.930977 -1.43464 -0.160635 -0.283369 -0.252304 0.285659 0.382248 -0.869705 -2.1414 -1.38476 0.14051 1.28969 1.74625 0.523935 -0.980767 0.391047 0.981133 0.454553 0.541944 -0.171617 0.156514 1.47323 1.48579 0.518731 -0.631994 1.36616 1.32313 -0.715476 0.189495 -0.0363054 -0.277052 0.202413 0.506268 0.659235 1.43406 0.693831 0.269933 -1.1688 -1.62542 -0.0262075 -1.73292 0.539955 1.77476 -1.24812 -1.24812 
1.50177 1.50177 0.13092 -2.11774 -0.895412 -0.0283984 -0.77518 -0.282594 0.12261 -1.36681 -1.45621 -0.0416541 0.857212 0.985378 -0.326204 -0.441013 -0.119043 -0.411746 0.325141 0.0475275 0.149979 0.140535 -0.678245 0.28912 0.758671 -0.2381 -0.863277 -0.778451 1.09529 1.59409 0.864005 0.484286 0.166092 0.19252 -0.641306 -0.588395 -0.570163 -0.213324 1.91471 -0.203798 -2.84158 -0.396585 1.95657 0.117807 -1.04032 1.60086 1.6335 -0.557406 -0.557406 
-2.00119 -2.00119 -1.0452 0.649357 0.00518435 -0.754511 -1.05467 -1.05334 -0.37434 0.21738 0.287515 0.0719011 -0.307383 -0.840767 0.373349 0.329139 -0.425183 -0.582199 -0.318674 -0.0578649 -0.584996 -1.08703 -0.155698 0.220531 -0.475607 -0.0838784 -0.462138 -0.536815 1.60871 2.72896 2.15288 0.220945 -1.1103 0.611402 1.23043 0.551027 -0.305792 1.60173 0.602697 -1.60341 -1.44182 0.79819 1.57183 0.845897 0.669462 -0.182017 1.0977 0.199899 0.199899 
0.108022 0.108022 0.00280461 0.0810942 0.192592 -0.289126 -0.536364 -0.0134851 0.224929 -0.589299 -0.144142 0.905115 -0.0556604 -0.889941 0.123253 1.03495 0.090662 -1.29837 -0.968442 0.0421057 0.182609 -0.301867 -0.395807 -0.538889 -1.30893 -1.01095 0.127116 1.38143 1.2014 -0.768051 0.388428 1.73447 -0.0620443 -1.04642 -0.327118 1.01938 1.1873 0.881967 -1.23488 -2.12483 -1.42999 -0.867998 3.23711 2.52842 -1.01265 -0.128752 0.439025 0.0608974 0.0608974 
0.731923 0.731923 1.43842 1.26581 0.638941 -0.976865 -0.85237 -0.0336408 -0.202118 0.78957 -0.0934831 -1.50151 -0.00551506 0.255864 -0.981402 -0.853878 0.455731 1.01169 -0.126057 -0.14653 0.140406 0.0517064 0.206291 -0.0879915 0.0339592 0.315524 -0.0272785 -1.07353 -1.19711 0.277391 1.06043 0.723889 0.152437 -0.884636 0.0816097 1.29081 -0.185225 -2.09835 -0.0446607 1.50379 -0.727785 2.07401 1.21179 -3.4159 -1.81921 0.00433372 0.37266 0.257076 0.257076 
0.0276275 0.0276275 -1.40393 -2.24577 -0.412524 1.11702 0.886448 0.477591 -0.0773808 -0.927723 -0.588544 -0.159067 -0.241749 0.732849 0.952134 -0.72688 -1.25365 0.476593 1.8428 0.506744 -0.881581 -0.85205 0.235244 1.29938 0.411664 -0.713123 -0.70419 -0.423109 -0.0930906 0.468517 0.53251 0.821944 0.0825247 -1.65389 -0.716192 0.380944 0.400829 -0.0694282 -1.65996 0.664727 0.689204 -2.2773 1.36143 1.24158 -1.5381 1.28429 1.99012 0.353445 0.353445 
-0.899024 -0.899024 -0.210213 1.05282 -0.327621 -0.586283 0.648961 -0.103216 -1.1351 -0.128179 1.12303 0.988823 -0.0251934 -0.48556 -0.129118 0.891036 0.937408 0.00106901 -0.697847 -1.2716 -0.683383 0.416414 0.270644 -0.394046 0.17161 0.642342 -0.543432 -1.30534 -0.728629 -0.43128 0.443321 1.30066 0.296214 0.74909 0.628144 -0.775571 0.0213085 0.558277 0.882683 -0.0165281 -2.44531 -2.86217 -0.451247 2.88415 2.21229 -0.41462 -0.0222058 0.425727 0.425727 
-0.99413 -0.99413 -1.05298 0.933465 1.32523 0.431554 -0.269706 0.660552 1.66633 0.054743 -1.41214 -1.03031 -0.379601 -0.367382 -0.268028 -0.749342 -0.846942 0.550956 1.01201 0.353763 0.850642 1.38877 -0.184683 -1.11968 -0.192144 0.566162 0.74978 -0.555807 -1.00826 0.967237 1.06214 -1.52138 -1.45085 1.53831 1.54248 0.919499 0.19854 -1.02237 0.0897372 -0.38687 -0.727905 0.015495 -0.524987 0.147914 2.16241 1.6817 -1.23399 -1.28791 -1.28791 
0.404679 0.404679 0.224567 -0.802664 -0.538274 0.110956 -0.745991 -1.48409 -0.66627 0.434001 -0.151577 -0.615498 0.448881 1.07662 1.18677 1.58885 0.45705 -1.56784 -0.681654 1.57234 1.08889 -0.694727 -0.699775 -0.434137 0.305056 0.735464 -0.107012 0.252104 -0.0872867 -0.992066 0.680149 2.43108 0.140141 -2.85077 -1.36168 1.50272 1.4439 -0.524748 -1.16724 -0.13047 -0.436099 0.197967 1.71149 0.262334 -0.411644 0.67071 -0.425601 -0.877147 -0.877147 
0.0918322 0.0918322 -1.09039 -1.38875 -0.281248 -0.485132 0.455046 1.30339 -0.175032 -0.62997 0.805223 1.40246 0.472691 -0.890465 -1.03441 -0.564314 -0.626864 0.22397 0.793087 0.2248 -0.158496 0.285441 0.318656 -0.606186 -0.613981 -0.342223 -0.253335 0.606743 1.19381 -0.295367 -1.54861 0.283225 0.780383 -0.713611 -0.206827 0.544672 -0.0132619 -0.0274488 0.117416 -1.17682 -0.939363 2.65285 2.82504 -1.8743 -2.41758 0.362 1.22226 0.648582 0.648582 
-0.350825 -0.350825 -1.16894 -0.693788 1.27588 1.81022 0.124552 -0.374469 0.649183 -0.351562 -1.63366 -1.42001 -0.184445 1.83044 1.02722 -1.21634 -0.552424 0.301199 -0.192021 -0.467949 -0.907134 -1.15646 1.17217 2.15882 -0.784411 -1.87316 -0.350837 1.04943 0.742974 -0.257761 -0.306655 -0.0320971 -0.42224 -0.711487 0.533242 0.253051 -0.538479 0.392776 0.0935915 -0.59057 -0.0323338 0.672676 0.436972 -0.523251 -1.21823 -1.11888 1.51123 1.87281 1.87281 
0.775348 0.775348 2.32177 1.08683 -1.82487 -2.16567 0.0739731 0.999411 -0.734717 -0.0485547 1.28747 0.682041 0.156282 -0.648831 -0.110974 1.0453 0.18007 -0.392444 -0.201007 -1.35028 -1.01736 1.15382 0.902194 -0.748423 -0.152723 1.65211 0.878305 -1.68778 -1.87845 0.189988 0.849741 -0.579695 0.387636 1.46526 -1.2482 -1.93717 0.674455 0.994507 -0.0696918 0.284502 -0.368077 -0.465068 0.0867868 -0.303309 0.140296 0.177324 -0.499357 -0.394062 -0.394062 
-0.171829 -0.171829 -0.683892 0.0978605 0.984714 0.565739 -0.252416 -0.941067 0.828436 1.34152 0.0292178 0.677316 0.111102 -1.10022 -0.940592 -0.900024 0.149999 1.1906 0.465698 0.152024 0.625358 -0.121815 -1.45435 0.251508 1.35984 0.262173 0.883228 -0.747551 -2.40637 0.303462 1.40925 -1.81137 -1.36203 1.52663 0.365586 -0.0420216 -0.435517 -1.02382 1.00677 2.11552 -1.09574 -2.29093 0.446612 0.559425 1.04642 0.79889 -0.782735 -0.409401 -0.409401 
0.341986 0.341986 1.30597 -0.151904 -1.44293 0.537769 0.785123 -0.0219656 0.407049 0.449596 -0.71266 -1.60113 -0.296883 1.51928 1.77417 1.08022 -0.459673 -1.73319 -0.0487302 1.31149 0.0787954 -0.247623 -0.369037 -0.212715 1.10562 0.900703 -0.582232 -1.33759 0.587822 1.30709 -1.31412 -0.698552 0.478569 -0.265387 0.192567 0.546197 0.334189 0.640006 0.0600231 -0.718349 -1.17191 -1.19317 0.779485 -0.0322392 0.405188 2.31522 -1.1235 -1.92531 -1.92531 
-0.708062 -0.708062 -2.01947 -0.507141 1.3099 0.161526 -0.0568369 0.614993 -0.540898 -0.82935 0.864228 1.44058 0.690365 -0.598752 -0.740453 0.212223 0.108476 0.350452 0.359252 -0.0107449 0.145649 -0.391606 0.178061 0.929406 -0.216063 -0.8545 -0.22372 1.23363 1.47506 -0.0434738 -0.555824 -0.31561 -0.0787478 -0.379461 -0.364016 0.132898 0.310147 1.54057 0.0969632 -2.68243 -0.0210243 2.88965 0.391397 -1.65636 0.956314 1.65076 -1.16728 -1.18631 -1.18631 
0.603203 0.603203 1.78494 0.66903 -1.0425 -0.802594 -0.271876 0.410963 0.822686 0.39808 -0.164934 -0.478347 -0.699951 0.411244 0.752381 -0.620356 -0.699024 0.0107965 0.302176 -0.249206 -0.78119 0.2359 0.848375 -0.286576 -0.275767 -0.0540879 -0.379346 1.38067 2.21398 0.316007 -1.8125 -2.33913 0.208814 1.56888 -0.105585 -1.1348 0.66925 0.570075 -2.29866 -1.48927 1.61133 2.03816 -0.0302112 -0.692767 -0.78032 0.235164 0.202857 -0.689585 -0.689585 
