40
1.01052 1.05316 1.07292 1.19039 1.30572 1.32384 1.25887 1.10971 1.08369 1.09171 1.10665 1.03747 0.96394 0.91104 0.685052 0.266206 0.124698 0.0750557 -0.0466672 -0.0539135 -0.2949 -0.591127 -0.499421 -0.494633 -0.589134 -0.822663 -1.06184 -1.7145 -1.76072 -1.86266 -1.25846 -1.39053 -1.75584 -1.07425 -0.136116 0.117363 -0.102655 -0.193662 -0.438473 -0.645866 
0.926244 1.12949 1.36278 1.15962 0.904418 0.689735 0.806342 0.868991 0.50248 0.184132 0.144067 0.185228 0.0272943 0.0705617 -0.0732382 0.0446794 -0.0153906 0.0409586 -0.22 -0.381412 -0.398866 -0.0713727 -0.0914289 0.0166239 0.162953 -0.0840196 0.213094 0.531467 0.903608 0.998118 0.893532 0.890366 0.805272 -1.06664 -1.41321 -2.16445 -2.02235 -2.19443 -2.1921 -2.07316 
-1.30925 -1.18471 -0.943599 -1.11333 -1.06922 -0.821314 -0.664498 -0.632856 -0.0779042 0.390546 0.335663 0.12562 0.471779 0.487928 0.774996 1.61985 1.83911 1.4543 1.48036 1.43337 0.666411 0.835341 1.19772 1.05504 1.1439 0.755988 0.187713 -1.02429 -0.828232 -1.25439 -1.92389 -1.55736 -0.734129 -0.850443 -0.839729 -0.09133 0.500959 0.303408 -0.134603 -0.00489831 
0.0738004 0.0740477 0.195315 0.394458 0.523445 0.5711 0.854652 0.973783 0.940007 0.681205 0.821099 1.17886 1.44395 1.34349 1.29274 1.26702 1.03508 0.768167 1.03335 0.976804 0.508316 0.413475 0.424843 0.151593 -0.314078 -0.796234 -0.722929 -1.27058 -1.42048 -1.50822 -1.151 -1.31342 -1.339 -1.16671 -1.34077 -1.493 -1.00643 -0.940885 -1.12913 -1.02773 
-0.617516 -2.31709 -1.97197 -1.06821 -0.351131 0.0730095 -0.155086 0.670801 0.269902 0.0710454 0.016189 -0.309026 -0.521447 -0.418744 -0.105118 0.084107 -0.287259 -0.463869 0.814331 0.970549 0.989511 1.49422 0.852818 0.826377 0.390159 0.503373 0.837202 0.149688 0.876251 1.08689 0.900694 1.87286 1.60084 -1.34015 -1.30621 -1.53103 -2.04129 -0.529276 -0.324859 0.308467 
-1.60092 -1.6229 -1.26148 -1.07735 -1.30747 -1.36956 -1.30256 -0.977392 -0.769586 -0.643352 -0.51874 -0.63139 -0.823403 -0.383762 -0.128321 0.0569342 0.614041 1.02471 0.935293 0.77415 1.17507 1.37447 2.0222 1.85067 1.10429 0.657531 0.992904 1.25508 1.32047 0.20806 -0.487827 -0.112949 0.589815 0.620712 0.00802491 -0.493946 -0.548293 -0.783956 -0.334845 0.595595 
-2.62528 -1.58467 -1.95837 -2.01786 -1.42778 -0.684598 -0.471534 0.0822446 0.058356 0.445302 0.96208 1.89269 1.84349 1.55084 1.49488 0.368876 0.591266 0.346061 0.0857297 0.308203 0.905693 0.300878 0.664241 0.132114 -0.180502 0.109641 0.986537 0.627329 0.373363 0.162677 0.343086 0.114406 -0.192598 -0.293055 -0.198793 -0.722449 -0.898792 -0.338607 -0.30709 -0.848006 
0.422439 0.355038 -0.61262 -0.314414 0.0927289 0.744538 0.0794933 -0.823387 -0.115721 1.28102 0.167819 -0.42784 -0.361024 -0.098521 0.0570697 -0.35085 -1.0637 -1.18193 -0.776967 -1.0937 0.867446 0.105929 -0.983777 0.695179 1.94334 -0.192151 -0.916572 -1.21834 -1.19421 -1.86426 0.185226 0.145095 -1.63102 1.39613 1.33206 -0.246906 0.0815955 1.20013 2.16099 2.15466 
-0.105961 0.225732 0.297227 -0.600474 -0.402533 -1.12206 -1.26902 -1.40023 -1.03711 -1.36852 -0.851757 -0.784547 -0.656168 -0.451694 0.643313 1.89439 1.36418 0.944473 -0.0525038 1.01873 0.104437 0.606389 0.0631195 1.24178 1.82946 0.480657 0.397166 0.845556 1.39208 1.66195 1.06077 0.786169 -0.444699 -0.244091 -1.23893 -1.42935 -1.20365 -1.56742 -0.415352 -0.211505 
0.534509 -0.41776 -0.510648 -0.663473 -1.28759 -1.77569 -1.75 -1.76693 -1.5846 -0.765254 -0.868368 -0.982828 -1.12879 -1.02573 -0.356077 0.0153428 0.142645 0.179992 -0.62162 -0.385182 -0.0419811 0.0740894 0.204377 0.822791 0.8384 0.663711 1.00067 2.18571 1.7679 1.24932 0.0752418 0.318764 0.370423 0.597636 0.687269 0.716317 -0.129862 0.98902 0.759373 1.86888 
1.93468 2.49848 2.69405 2.113 1.21519 0.9376 0.61287 -0.243273 -0.631478 -0.453133 -0.304564 -0.454725 0.165963 0.200919 0.0639269 -0.376652 0.121246 -0.168757 -0.71572 -1.02378 -0.655764 -0.365979 0.127732 0.65527 -0.281517 -0.581719 -1.13052 -1.00544 -0.626377 0.263905 -0.504521 -0.372937 -1.01391 -0.0571771 -0.229363 -0.680676 -2.16896 -0.517143 0.141039 0.818208 
-0.0986178 0.0289144 0.0174061 -0.110062 -0.422846 -0.878625 -1.59499 -1.89807 -1.68911 -1.59781 -1.32701 -0.759667 -0.22093 0.786702 0.325654 -0.628223 -0.593709 0.251367 0.609799 0.0906108 0.462219 1.72492 1.1072 1.69417 1.71879 1.26358 1.51975 1.0516 0.44767 0.67683 1.39662 1.15425 -0.201558 -0.896961 -0.485769 -0.535979 -0.950249 -0.526444 -0.370404 -0.541018 
1.33115 1.65791 1.45261 1.51926 1.5954 0.658804 0.40249 0.232698 0.297338 -0.166388 -0.507362 -0.788751 -1.02629 -0.610436 -1.00983 -1.95411 -2.16994 -1.51821 -0.72911 -1.19641 -1.42453 -0.978096 -0.647845 0.0933797 0.0566894 0.534052 0.58342 0.972741 -0.163229 0.230162 -0.58345 -0.577656 0.34202 -0.00935318 0.114465 0.697818 -0.189084 0.820726 1.45089 1.20604 
0.326461 0.326461 0.488405 0.695244 0.480234 0.0900075 -0.272002 -0.187694 0.152459 0.241092 0.0740224 -0.117437 -0.0822065 -0.412157 -1.20414 -1.02131 -0.222275 -0.179456 -0.0877016 -0.345813 -0.971227 -0.251212 0.400247 -0.00274218 -0.518511 -0.83163 -1.7387 -1.3211 -0.129231 1.27841 1.2132 -0.885017 0.875908 3.69684 2.77031 0.263832 -0.481708 -0.535366 -0.787249 -0.787249 
1.01496 1.01496 0.304531 -0.549387 -0.569531 0.0804176 0.565213 -0.27931 -0.945319 -0.37467 0.253777 0.0477352 0.0514164 0.0761237 0.206617 0.352983 0.245357 -0.10581 -0.486472 -0.0608084 0.793832 0.789282 0.405686 0.69654 0.0759295 0.33951 1.32778 1.45893 1.0676 0.234247 0.0635022 0.097578 -3.16911 -3.6262 -1.66719 -0.812952 0.199442 -0.0448736 0.463849 0.463849 
0.451666 0.451666 0.0164018 -0.274996 0.342742 0.509453 0.189569 0.778461 1.42455 0.522532 -0.481044 0.11215 0.446714 0.359311 1.58507 1.48477 -0.334048 -0.619825 -0.12015 -1.29311 -0.973738 0.696689 0.235771 -0.168787 -0.531514 -1.50351 -2.72244 -1.59189 -0.429533 -1.70981 -0.537307 1.67063 0.956431 -0.245379 1.03364 1.89386 0.494682 -1.02926 -0.545207 -0.545207 
0.481752 0.481752 1.01926 1.04012 0.630731 1.04843 1.24159 0.384034 -0.63731 -0.167975 1.49824 1.83657 0.598286 -0.255253 -0.0532858 -0.542948 -1.19477 0.148694 0.717197 -1.26551 -1.369 -0.0722148 -0.554356 -1.84353 -2.40808 -0.95153 -1.12853 -1.73174 -0.488844 0.881638 0.67981 -0.354695 0.549835 0.148576 -0.728418 1.0569 1.64543 -0.178219 -0.0813214 -0.0813214 
-1.35346 -1.35346 1.13754 1.49346 1.03453 0.130139 0.514551 0.349204 -0.631324 -0.300213 -0.421119 -0.571885 -0.162431 0.340918 0.423707 -0.231729 -0.581779 0.996611 1.31508 0.110174 0.443626 -0.188242 -0.696472 -0.500143 -0.366514 0.370307 -0.395871 -0.0200832 0.839319 -0.0340585 0.694603 0.612492 -3.13182 -2.83906 -0.240082 -0.760815 0.901079 1.58492 0.744148 0.744148 
0.298865 0.298865 0.593101 -0.251367 -0.602867 -0.178695 0.374139 0.575145 0.291155 0.172389 -0.168635 -0.620639 0.167795 0.806568 0.443414 0.874063 1.19586 0.272899 -0.543402 0.15658 0.671283 1.02364 0.494102 -1.4961 -1.889 -0.344725 0.667332 0.281916 -1.68041 -2.76719 -0.643975 1.3527 0.861642 -1.01626 -1.77697 -0.979896 -0.599722 0.119001 1.7837 1.7837 
0.887615 0.887615 -0.777003 0.681334 1.8959 1.32542 1.03882 0.68028 0.427837 1.24594 2.06859 1.21217 -0.638793 -0.649005 -1.90999 -1.48882 -0.156042 -0.886466 -0.178803 1.1192 -0.132604 -0.48687 -0.376882 -1.39973 -0.155524 1.64438 0.661815 -1.04934 -0.824602 -0.167332 -0.194561 -0.932085 -0.738064 -0.130893 -0.771252 -1.18072 0.459287 0.77381 -0.892311 -0.892311 
-0.805581 -0.805581 -0.542963 0.444566 0.698561 -0.0715981 -1.18834 -0.202314 1.44952 0.141578 -1.28957 -0.441963 0.174461 0.238229 -0.243341 -0.86715 -0.65906 0.143874 0.00128134 1.1191 0.799613 -1.39184 0.361172 2.04047 -0.699466 -2.11638 -0.799211 -0.261521 -0.52606 0.928768 1.38124 -1.36671 0.836534 2.06631 -1.24229 -0.960311 0.977327 1.43155 0.623549 0.623549 
0.414085 0.414085 -0.933111 -0.794549 -0.599305 -0.977254 -0.332555 0.226402 0.00700826 0.175372 0.612192 0.186594 0.33701 1.39626 2.54315 0.762199 -1.06867 -1.58016 0.0536346 0.144242 -0.479589 -0.0730142 0.668536 1.90786 -0.86179 -1.59727 0.372126 1.06251 0.866881 -0.390788 -0.987432 -1.67746 -1.15672 -0.898069 -1.32657 0.0109204 -0.179037 0.836095 1.4581 1.4581 
-1.4979 -1.4979 -0.413035 -1.13393 -1.5889 -0.707089 -0.067709 0.144847 1.2797 0.892352 -0.374849 -0.432999 -0.137814 0.968996 1.33316 0.597181 0.143836 -1.11672 -0.84655 0.706986 0.543645 0.254717 0.936409 0.780787 -0.295471 0.140614 1.9858 0.961542 -1.35031 -2.37657 -1.34238 0.320971 0.298839 0.350372 0.0814569 -1.18846 0.290467 1.12712 1.1144 1.1144 
0.879359 0.879359 -0.388802 -1.59995 -1.26381 -0.629002 -1.26987 -1.34018 -0.19427 0.400319 0.0364299 0.5594 0.764456 -0.0748331 -0.601587 0.101686 0.268481 -0.888921 -0.908918 0.104607 0.76684 0.906079 1.16944 -0.415135 -1.33203 -0.902252 -0.431164 0.596634 1.44426 0.173174 -0.667242 -0.526062 0.387964 0.907244 -0.652461 -2.11032 0.219339 2.597 1.51737 1.51737 
0.16208 0.16208 -0.14514 -0.508113 -0.903657 -1.38988 -1.20591 -0.0911062 0.384039 0.458547 1.03208 1.35489 1.88534 0.680814 -1.68238 -1.08534 1.08201 1.47227 -0.17138 -0.155506 1.99128 0.799356 -0.0147452 0.759137 -0.496469 -0.217509 -0.233097 -1.26933 -0.429222 1.16558 0.597489 -1.90317 -2.44898 -0.320117 0.457203 -0.537302 0.0337837 0.720885 0.0047378 0.0047378 
0.164987 0.164987 -0.201497 0.195023 -1.21847 -1.68686 -0.606499 -0.154303 -0.568431 -1.13991 -0.883009 -0.737273 0.245079 0.017032 -1.89928 -1.64064 0.608005 2.02385 0.44724 -0.985941 0.301429 1.08813 1.50347 0.986478 0.614718 0.735967 0.611925 -1.05812 -1.05238 -0.598209 -1.1443 1.29776 0.794538 -0.326758 0.990192 -0.433827 0.167016 2.30444 0.536722 0.536722 
0.158811 0.158811 0.308203 0.0359422 -0.395298 -0.501471 -0.158731 0.348417 0.351541 -0.0148084 -0.217109 -0.0709951 -0.171023 -0.768491 -0.398126 0.751013 0.649885 0.139041 -0.0783101 -0.596296 0.110171 1.03241 0.221305 -0.621744 -0.556834 -0.839457 -0.311683 1.20431 1.91938 1.01144 -1.52073 -0.201771 3.35116 1.41011 -2.4377 -2.30698 -0.535389 -0.178838 -0.140083 -0.140083 
-0.555292 -0.555292 -1.25484 -0.689349 0.542656 0.956315 -0.267993 -1.21076 -0.0514161 1.00903 0.37275 -0.139074 0.0499615 0.153849 0.253515 0.0584415 -0.349149 -0.572827 0.0635713 1.07556 0.72312 -0.291274 -0.0492721 -0.243439 -0.265782 1.05225 0.94376 -0.186436 -0.976584 -0.795877 -0.0852578 -2.62153 -3.0239 1.25712 2.33139 1.55589 0.655934 0.243314 0.443463 0.443463 
-0.287013 -0.287013 -0.503325 0.278345 0.618412 -0.0776094 0.235786 0.952857 -0.153888 -1.37848 -0.268543 0.724793 0.219569 0.881124 0.871556 -1.38851 -1.5262 0.194877 -0.463705 -0.597546 1.51318 0.933945 -0.60637 -0.53348 -0.954704 -1.59029 -0.0295148 1.73818 -0.0514345 -0.0439085 2.54548 1.14494 -1.38621 0.0934081 1.62411 -0.363987 -2.13381 -0.735842 0.39542 0.39542 
0.421132 0.421132 0.437112 -0.288185 0.0157852 0.477321 -0.499497 -1.42977 -0.413408 1.64519 1.54485 -0.679925 -1.59287 -0.48967 -0.210951 -0.864928 0.539196 1.47393 -1.07383 -1.58856 0.923453 0.633413 -1.34736 -1.41049 0.692664 0.989522 -0.588204 0.499399 2.0112 0.904575 -0.937583 -0.090141 0.394909 -0.969691 0.705169 1.82772 -0.936652 -1.31323 0.0836373 0.0836373 
1.5894 1.5894 1.83064 -0.168875 -1.02314 -0.451509 0.0494328 -0.875751 -0.539241 0.0434276 -0.283199 0.0762899 0.519662 0.298241 -0.487206 -0.780592 0.733539 1.18667 -0.699899 -0.689742 -0.301326 -0.871835 -0.310467 0.124598 0.490954 -0.118953 -0.363668 0.738182 -0.108527 -0.197145 0.339191 -2.69268 -2.43858 1.86102 1.30962 0.674448 1.49093 -0.205425 -0.668948 -0.668948 
0.110106 0.110106 -0.433577 -0.849313 -0.0325408 0.549686 0.406008 -0.132755 -0.33863 -0.375349 -0.589894 0.137272 0.839534 0.09812 -0.0358736 0.405108 -0.466368 -1.19909 -0.154216 0.702708 0.478898 -0.1934 -1.70158 -1.61361 0.661945 1.56649 0.324114 -1.59085 -2.0424 0.587946 2.57313 0.890016 -1.60451 -1.77811 -0.0559164 0.678603 0.628162 1.45516 0.992434 0.992434 
-1.06549 -1.06549 -0.0242863 2.03135 0.582843 -0.488931 -0.337613 -0.31323 0.526854 1.29443 0.0988822 -1.80998 -1.20583 -0.7846 -0.476608 1.37525 0.553051 0.106741 1.55497 0.155976 -1.02369 -0.051415 -0.528762 0.281033 2.29638 0.706543 -1.80023 -0.938259 0.752713 0.572819 -0.423016 -0.265051 0.695015 0.0992957 -0.626546 1.00155 1.51845 -0.842003 -1.06656 -1.06656 
0.118104 0.118104 0.687602 0.682629 -0.331012 -1.1215 -0.108728 1.48788 0.164974 -1.61295 -0.369867 0.81095 0.358914 -0.274288 -0.670806 -0.273086 0.549702 0.347467 0.529059 0.427045 -1.48138 -0.28619 1.94603 -0.645005 -2.43056 -0.0908673 1.03634 0.124179 0.653083 1.06658 -1.35713 -0.347475 1.94644 -1.23218 -1.77877 1.24669 1.34602 -0.237366 -0.499311 -0.499311 
-0.964667 -0.964667 -0.867896 0.209333 -0.151395 0.162501 0.81683 0.213354 -0.0594339 0.398861 -0.0159577 -0.21598 0.821027 1.51696 -0.466619 -2.54626 -1.65968 0.760016 1.18052 -0.396194 -0.175525 0.778047 1.35963 -1.09256 -2.47175 0.837964 1.83378 0.321738 -1.03876 -1.31883 -0.9224 -0.142023 0.520528 -0.142416 0.611036 0.777631 0.552501 1.11957 0.410609 0.410609 
0.659756 0.659756 0.146934 -0.948456 0.191658 0.970146 0.494058 0.846523 0.419769 -1.28898 -1.0548 0.0566371 0.885353 0.934424 -0.37648 -0.958031 -1.3312 -0.816512 1.18535 0.876959 -0.433713 0.167417 0.262248 -0.988303 -0.567382 1.51084 0.472001 -2.48518 -2.48661 -0.106345 1.80696 1.05553 -0.0910676 -0.266621 -1.20666 0.0367007 1.53525 0.474135 -0.121031 -0.121031 
-0.833051 -0.833051 -1.64583 -0.569216 0.669563 0.0139144 -0.459274 0.739789 1.18599 0.172798 0.124736 0.506541 -0.407637 -0.898737 0.136439 0.601862 -0.646792 -0.772143 0.684713 1.14254 0.555829 0.288156 -0.868654 -1.66069 -0.308911 0.62253 1.02385 1.27653 -0.266193 -1.39899 -0.451259 0.726104 0.979838 -0.680223 -2.00703 0.603025 3.17694 0.889059 -0.70653 -0.70653 
-0.175692 -0.175692 -0.408631 -0.465312 -0.544408 -0.172507 0.854958 1.04182 0.374209 0.437351 0.596698 0.569046 -0.411123 -2.26813 -1.11196 1.79553 1.66282 -0.782901 -1.02316 1.40936 0.634252 -1.26591 -0.00434288 -0.28768 -0.605297 0.190487 -0.653539 -0.104396 1.58407 0.680362 -1.94791 -1.93361 1.03739 1.88651 -0.117911 -0.250263 0.828912 0.00282722 -0.438122 -0.438122 
-0.225777 -0.225777 0.0441076 -0.66852 -1.25721 0.440191 1.06678 0.0495747 -0.647171 -0.190448 0.297711 0.791479 0.537069 -1.43586 -1.1046 1.73021 2.51784 -0.0857577 -2.0249 -0.0755791 1.43535 0.841811 -0.045526 -0.581247 -0.146841 0.0217633 -1.19745 -1.10912 0.336694 -0.0388966 1.31412 1.3433 -1.08204 0.156833 -0.0492098 -0.536617 1.88742 0.275298 -1.1795 -1.1795 
