40
0.674129 0.717611 0.733288 0.788102 0.846765 0.794621 0.839126 0.852579 0.863297 0.887151 0.876585 0.870561 0.876458 0.845087 0.795145 0.766772 0.679935 0.630171 0.532343 0.372224 0.157846 0.0926895 0.104026 0.0677371 0.0859286 0.107132 0.0229171 -0.054707 -0.292652 -0.550174 -0.629487 -0.948915 -1.11078 -1.09324 -1.08613 -1.36447 -1.77959 -1.82824 -2.35372 -2.78812 
1.99496 1.95564 1.68621 1.04924 0.657742 0.912103 0.860087 0.920154 1.08332 0.91611 0.657704 0.621389 0.309439 0.191326 0.115425 0.332855 0.30301 0.254496 0.147946 0.27004 0.405957 0.298498 0.102204 -0.116865 -0.244792 -0.536082 -0.800022 -0.703231 -0.642737 -0.515907 -1.18598 -0.817672 -0.336685 -0.588166 -1.43014 -1.53192 -1.58907 -2.3728 -1.50615 -1.12764 
-1.44248 -1.49876 -1.70202 -1.3149 -1.13048 -1.40189 -1.45068 -1.25624 -1.25547 -1.19564 -1.01842 -0.849626 -0.402675 -0.475141 -0.471486 -0.459391 -0.273016 0.0747707 0.23912 0.27367 0.338179 0.358966 0.419281 0.438328 0.438435 0.773444 0.997645 1.09112 1.09157 0.995041 1.2065 0.944364 0.718392 1.0504 1.35293 1.11566 0.55874 1.73836 1.02408 0.359329 
-0.496167 -1.27053 -0.848318 -0.781995 -0.950959 -0.766937 -0.543938 -0.585874 -0.398196 -0.221773 -0.316288 0.115958 0.0133175 0.643694 0.881057 0.798244 0.844911 0.362669 0.362503 0.712396 0.770623 0.866717 0.80325 0.876686 1.08189 0.999764 1.40532 1.31499 1.31045 0.948066 0.461668 0.193718 0.366829 0.180996 -0.295119 -0.560712 -1.40407 -1.89634 -2.40426 -2.57423 
-1.59187 -1.42853 -0.881526 -0.379214 -0.707843 -1.20678 -0.800491 -0.914078 -1.11398 -0.78771 -0.499011 -0.835617 -0.944958 -0.665101 -0.696403 -0.703575 -0.0446912 0.312938 0.894708 0.247021 0.337622 0.108424 0.333093 0.406209 0.282352 -0.0366521 0.0785801 0.397497 0.754801 0.15671 -0.211976 0.422468 0.879608 0.0909041 0.513093 0.191729 0.0256009 2.72142 2.56995 2.72528 
-0.780149 -0.103894 -0.453081 -0.973585 -1.13523 -1.07177 -1.15144 -1.44949 -1.395 -1.21256 -0.816214 -0.615981 -0.0418118 -0.519935 -0.614149 -0.4568 -0.590932 -0.301548 -0.333345 -0.262661 -0.166323 -0.0853575 -0.315116 -0.266428 0.0305794 -0.207134 -0.294542 -0.439927 0.180858 0.386045 1.30078 1.39592 1.57494 1.53781 1.17887 1.69853 1.17698 1.75201 1.67617 2.16492 
-1.70259 -1.20493 -1.27461 -1.1721 -0.617147 -0.580424 -0.961095 -0.975428 -0.807393 -1.00979 -1.02887 -0.755757 -0.762188 -0.887248 -0.759912 -0.558756 -0.77533 -0.746192 -0.4434 -0.124152 -0.172056 -0.0805654 0.270784 0.332333 0.221442 0.309064 0.423001 0.798181 0.591775 1.66966 1.01554 1.52617 1.27648 1.0206 0.863953 0.655952 1.18485 1.9205 1.65761 1.66204 
1.03691 -0.348714 0.0757323 1.13025 1.15246 0.654684 0.494709 0.246941 -0.175457 -0.481286 -1.30673 -0.76618 -0.946796 -0.567543 -0.523702 -0.299193 0.654092 1.18195 0.765103 1.32817 1.55231 1.20454 1.44772 1.43768 1.16572 1.10147 0.439823 -0.381809 -1.64264 -1.26661 0.256766 -0.489524 -1.4479 -1.1654 -1.77311 -1.40604 -0.308568 -0.124396 -0.729555 -1.17588 
0.58974 0.658269 -0.254739 -0.808385 -1.02269 -0.763796 -0.841103 -0.378733 0.190666 0.103557 0.62926 -0.490126 -1.48 -1.15964 -1.09362 -1.07339 -1.16362 -1.62455 -1.36022 -0.938634 -0.452617 -0.0641564 -0.195893 -0.0993815 -0.63175 0.21786 1.02784 1.59497 0.957898 0.337923 0.851005 1.69287 1.78724 0.0861674 2.29468 0.547379 0.9868 0.245391 1.64426 -0.546737 
1.55538 1.8006 1.09631 0.949181 0.357707 0.729475 1.01317 0.46854 -0.00583431 -0.13623 -0.500677 -0.793538 -0.0167775 -0.400754 -0.427825 -0.823855 -1.18697 -1.62285 -1.73074 -2.08186 -1.92132 -1.20151 -0.975772 -0.655497 -0.475444 -0.407382 0.00168685 -0.066769 0.121412 -0.0134282 0.0865645 0.598909 -0.214739 0.237719 0.935983 0.381374 1.9367 1.11739 0.998486 1.27316 
0.127576 -1.07475 0.791828 1.40166 0.609105 0.428994 1.20112 1.46395 1.21872 0.932818 1.10299 1.76489 0.422827 1.13746 0.61653 0.522213 -0.405292 -1.46216 -0.981933 -1.19344 -1.33825 -0.944614 -0.84596 -0.372736 -0.484464 -0.514855 -0.415672 -1.2266 -0.723559 -1.60026 -0.885523 -0.0476546 0.186023 0.215897 1.14809 0.33321 0.936932 0.952864 -1.16929 -1.82869 
-1.13772 -0.708122 -1.71814 -1.43359 -0.245182 0.207323 -0.250892 -0.47251 -0.396172 -0.415959 -0.305194 0.0838052 0.418203 -0.683914 -0.649945 -1.1985 -1.36946 -0.877691 -1.19004 -1.01479 -0.833006 -0.707349 -0.418337 0.30519 0.810036 0.807312 0.798414 1.22539 1.34387 1.30746 0.919825 1.34657 1.927 2.11668 1.10879 1.37723 0.810435 -0.756714 -0.332043 0.201742 
0.749207 0.953335 1.23992 1.29655 1.43657 1.3843 1.45296 1.40704 1.48235 1.33675 1.08376 0.495028 0.468882 0.504589 0.206801 0.17766 0.0484172 -0.0485039 -0.206154 -0.155553 -0.250816 -0.092765 -0.325129 -0.608173 -0.678643 -0.639535 -1.12664 -1.32877 -1.64859 -1.91548 -0.987841 -1.52788 -1.73993 -1.45888 -0.651222 -0.60864 0.027058 0.250267 0.16346 -0.165749 
0.906541 0.906541 0.948464 1.10751 0.711776 0.659393 0.902097 0.77709 0.81557 0.73682 0.626274 0.687185 0.593405 0.386806 0.397899 0.261391 0.182243 0.14158 -0.266722 -0.697945 -0.346593 0.488528 0.595335 0.620698 0.833414 0.45452 0.0888674 -0.479919 -1.14553 -0.558601 -0.787646 -1.09309 0.153685 0.778861 -0.315878 -1.87806 -1.02824 -1.43659 -2.86384 -2.86384 
-0.327769 -0.327769 -1.49694 -1.73576 0.00793779 0.672072 0.291978 0.712932 0.268316 -0.556398 -0.300333 -0.405081 -0.565103 -0.103323 0.553101 0.643199 0.122934 -0.0271244 0.306635 0.780972 0.331899 -0.318003 -0.536344 -0.402599 -0.543885 -0.809965 -0.0507652 0.583923 0.642686 -0.786519 -0.314114 1.9377 0.725209 -1.86289 -1.57004 -0.0346795 -1.36877 0.438437 2.71212 2.71212 
-0.716873 -0.716873 0.256089 1.10679 -0.338229 -0.849978 0.172245 0.280998 -0.0143806 0.37281 0.611912 1.20379 0.674386 -0.298343 -0.112793 0.288152 1.02477 0.976434 0.289096 0.0700162 0.0398136 0.0306112 0.0267942 -0.105323 0.587995 1.07973 0.549734 0.0587474 -0.358184 0.104838 -0.258553 -1.21841 0.0853261 1.24501 -0.00414286 -1.89004 1.21903 0.873739 -3.17337 -3.17337 
-0.484022 -0.484022 1.16938 0.00669624 0.238178 1.00906 0.564665 0.495198 0.924649 0.369653 0.872786 0.856805 1.24647 1.91517 0.51252 0.137474 -0.648093 -0.740199 0.89638 1.01122 0.512069 0.272731 0.22817 0.756567 0.450623 0.844659 0.828534 0.0219886 -0.513082 -1.46076 -1.27503 0.0220422 0.183542 -1.09331 -1.25017 -1.97244 -2.41825 -1.75853 -1.12466 -1.12466 
0.661401 0.661401 1.12405 -0.0710574 -1.43762 -0.434559 0.0913913 -0.735976 -0.135635 0.531234 -0.373495 -0.916759 -0.0753793 0.0311308 -0.36062 0.58138 1.07928 0.974029 -0.398076 -1.06845 -0.497273 -0.314289 0.098323 -0.377363 -0.912547 -0.586227 0.28444 0.614831 -0.636747 -1.62761 0.0546107 1.18174 -0.760642 -0.808347 -0.170498 -0.973461 3.14454 3.16454 -0.302845 -0.302845 
0.445354 0.445354 -2.35331 -1.91475 -0.54912 -0.357417 -1.20281 -0.88908 0.234547 1.03401 1.07562 1.49146 -0.0949029 -1.65794 -0.171866 -0.265216 0.043553 0.282868 -0.228571 0.0710772 0.0951223 -0.667468 -0.742949 0.488914 -0.180849 -1.07982 -0.863905 0.792231 1.61206 2.29947 2.04213 0.321632 0.0122973 -1.24575 0.0563405 -0.323925 -0.194441 0.847869 0.646097 0.646097 
0.703198 0.703198 -0.333385 1.30518 1.13262 -1.32177 -1.4557 -0.0163026 -0.509646 -1.00049 0.246891 0.280069 -0.764437 -0.413533 0.442214 -0.459947 -0.911196 0.45123 1.21226 0.292302 -0.305165 0.742177 0.663632 -0.54894 -0.480543 0.109234 0.863571 0.023235 1.86661 0.692133 -0.795908 0.265016 -1.74575 -1.50167 -1.37607 0.422278 2.89772 0.820687 -1.09751 -1.09751 
-0.899279 -0.899279 1.69447 1.26692 -0.383095 -0.576753 -0.311004 -0.589947 -0.651663 -1.08008 -0.180421 0.504995 0.333547 0.572134 0.407649 1.37434 1.69679 0.240406 0.277827 0.95917 -0.00900737 0.0112305 0.370222 -0.177341 -0.23496 -0.649191 -1.45425 -2.09115 -0.818091 2.14138 0.948408 -1.68957 -0.596021 -0.223273 -0.13338 1.67914 1.48473 -0.325083 -0.995264 -0.995264 
-0.920693 -0.920693 -1.63691 -0.832595 0.102759 0.260462 0.494696 1.23915 0.606619 0.556318 -0.631988 -2.37664 -0.719278 0.496211 0.150715 -0.0291558 -0.583042 -0.174881 0.841027 1.09622 1.05809 0.346958 0.0108808 -0.450306 0.416624 1.96187 1.63669 -0.0290868 -1.39562 -0.07162 1.61118 1.12918 -1.79812 0.635563 0.582354 -1.45414 -0.296204 0.80827 -0.860428 -0.860428 
-0.712936 -0.712936 -1.37207 -1.18254 -0.310817 1.15943 -0.38008 -1.65361 -0.957708 -0.773036 -1.04597 0.87121 0.71814 -0.632262 -0.652512 -1.21705 -1.284 -0.85523 -0.712829 -0.261893 1.53723 1.64676 0.975551 0.89881 0.475101 0.859837 0.630494 0.259412 0.147889 -0.00026329 1.08698 -0.447898 -0.548504 1.99144 0.299613 1.73945 1.29475 -1.51789 0.31997 0.31997 
0.730005 0.730005 2.4515 -0.0745908 -0.825014 0.661384 1.08216 0.115707 -0.405571 -0.0109528 0.889428 -0.54714 -0.49705 0.283001 -0.485472 -0.871708 -1.78609 -0.448799 0.354256 -0.239498 0.33537 0.566646 0.642253 0.442397 -0.0360188 0.164339 -0.577145 -0.193493 -0.25597 -0.0548708 1.57391 1.11692 0.349354 1.01292 0.210432 -0.101605 0.68764 -1.90185 -2.54339 -2.54339 
-0.80101 -0.80101 -0.984621 1.79836 2.01097 -0.0734844 -0.926856 -0.250166 0.00533177 0.0489132 0.566394 0.84949 -1.03811 -1.41842 -0.717674 -0.97709 0.339858 0.160869 -0.239805 0.385716 0.322929 0.458673 1.21551 1.48874 0.569378 -0.0809688 0.462991 0.624234 0.037629 -0.603053 -0.0167494 1.20873 0.908631 -1.10203 -1.00233 -0.443944 -2.76761 -1.51252 1.14705 1.14705 
1.13955 1.13955 0.823299 0.509047 0.275523 0.122519 0.136142 0.150401 -0.0633338 -0.767273 -1.71741 -1.23101 0.107883 -0.474566 -0.613609 -0.252219 -0.397553 -0.458462 -0.14215 -0.0083804 0.222011 -0.0719569 -1.01774 -0.670613 0.0201357 -0.873195 -1.39046 -1.03177 -1.17062 1.50414 0.918468 -1.52522 0.235335 2.42176 1.91044 1.54173 1.92903 0.379852 -0.804629 -0.804629 
0.330359 0.330359 0.528574 -0.01687 -0.280369 0.515306 0.424795 0.170274 0.227923 0.0421946 0.216252 0.237146 -0.0962467 0.0344557 0.121808 0.00934181 0.128792 -0.281428 -0.768176 0.178569 1.75679 1.45202 0.442832 0.574826 0.0710064 -0.649806 -0.886466 -1.26029 0.180051 0.724131 -0.388015 1.45128 2.6111 -0.307098 -3.03317 -0.609691 0.828314 -2.00957 -1.50065 -1.50065 
-0.923291 -0.923291 -1.08677 0.907199 1.5253 0.0714884 -0.0949768 -0.139145 -0.99185 -0.512208 -0.0193654 -0.304192 0.083617 0.642503 0.388074 -0.417412 -0.581808 0.00280235 0.430224 -0.105653 -0.875236 -0.717291 -0.180857 -0.128109 -0.401804 0.214611 0.831219 0.351745 -1.06106 -0.777912 1.74188 0.588507 -2.72459 -1.69413 1.12853 0.0148309 0.200918 2.67057 1.43347 1.43347 
0.734267 0.734267 1.26695 -0.24711 -1.10023 0.444674 0.83321 0.00817294 0.182522 0.517195 0.645364 0.164151 -0.815554 -0.367873 0.492275 0.837332 0.55601 -0.335619 -0.442536 -0.0310604 0.100358 0.116879 0.0399146 0.476437 0.867071 0.101074 -0.514273 -0.443475 0.153892 0.187417 -0.70354 0.340357 1.66754 0.0690094 -1.83803 0.89094 1.85562 -2.62534 -2.40913 -2.40913 
1.61609 1.61609 0.462091 -0.949209 0.969918 0.299086 -0.534988 0.332334 -0.14957 -0.0764378 0.458552 0.345935 1.0255 -0.753435 -1.78938 -1.17691 -0.896081 1.50798 1.71338 -0.406404 -0.757938 -0.306741 0.45526 0.19583 0.0624719 0.350126 -0.841489 -1.35656 -1.49664 -0.781222 1.44677 1.42272 -1.13198 -1.44797 -0.897536 -1.18432 0.187355 1.25897 0.604177 0.604177 
0.346695 0.346695 -0.360392 -1.44265 -0.142097 0.97761 -0.105365 -0.0613518 0.822717 -0.0677612 -0.783739 0.24935 0.63379 -0.0957941 0.398525 0.924888 0.305281 -0.80111 -1.13547 0.0142787 0.519168 0.425355 0.0356515 -0.525114 -0.0506058 0.781169 0.783577 -0.472053 -1.25378 0.482013 1.73513 -0.409377 -1.10447 0.422129 -0.0247212 2.03432 2.52123 -1.96668 -1.97852 -1.97852 
-1.91557 -1.91557 -1.60826 1.30977 1.13679 -0.412531 -0.327021 1.05272 1.39309 0.634888 0.366076 -0.774685 -2.16134 -0.00840136 1.02145 0.196479 0.429585 -0.145155 -0.102878 0.272349 -0.471989 -0.541729 0.855835 0.439406 -1.05372 -0.433106 1.35732 1.7805 1.10169 0.346887 -1.34039 -1.37682 -1.05277 0.076391 0.691472 -0.1302 0.866635 0.634515 -0.095858 -0.095858 
-0.544653 -0.544653 0.478002 1.01726 -1.53722 -1.51312 0.917057 0.692742 -0.511953 0.574464 0.901515 -0.528892 -0.330593 0.855387 0.0733283 -0.74239 0.670976 1.42758 0.00310615 -0.844757 0.38307 0.706938 -0.703512 -0.611803 0.513073 0.94118 0.048622 0.728307 0.519767 -1.55942 -0.164276 -0.490514 -1.00032 0.333018 1.30306 2.76964 0.350949 -2.39119 -1.09488 -1.09488 
1.60271 1.60271 1.33403 -1.33274 -1.18576 0.0180983 -0.0354949 -0.241273 -0.335201 0.268925 0.968856 0.295774 0.0149865 0.019362 0.476904 0.782891 -0.739768 -0.918878 0.424468 -0.20745 -0.622888 0.211104 -0.145702 -0.4075 -0.323713 -0.793403 -0.933331 0.372557 2.63252 1.08286 -2.43457 -0.997722 0.894217 0.26352 1.16827 0.989617 -1.28666 -1.58563 -0.448345 -0.448345 
-0.417205 -0.417205 0.0915278 1.13615 0.72717 0.283708 0.654832 0.106598 -0.39609 -0.747619 -1.81931 -0.0194056 1.8529 0.586081 -0.296491 -0.428299 -0.0563663 0.936536 0.839783 0.173097 -0.438105 -0.626556 -0.468468 0.29244 1.56152 0.807505 -1.22348 -1.88215 0.00890339 1.93762 0.79532 -2.12059 -0.276412 1.54147 -1.28594 -0.519886 1.46679 -0.321069 -1.01965 -1.01965 
-0.559407 -0.559407 -0.416181 0.740694 1.70854 -0.11364 -2.18712 -0.497813 0.604155 -0.127998 1.18126 1.27185 -1.19747 -1.0971 -0.503222 -0.538514 0.21213 0.370338 0.387089 1.63907 1.38107 -0.485757 -0.626524 -0.439489 -0.0907491 0.056133 -0.51504 -0.426003 -0.257535 0.648375 -0.399576 -1.29724 1.78212 0.579626 -0.25173 0.690733 -2.52287 -0.797944 1.32757 1.32757 
1.50137 1.50137 -0.539674 -2.53694 0.705085 1.6514 -0.33047 -1.09164 0.00808889 1.15677 -0.322803 -1.00983 0.78117 0.119783 -0.822559 -0.940456 0.452132 1.8398 0.279541 0.0951684 0.761781 0.358386 0.0100372 -0.437606 -0.114239 -0.326794 -0.178695 0.369933 0.222433 1.58894 1.05722 -0.878992 0.0263976 -0.00181838 -0.790092 0.496005 -1.34414 -2.5002 -0.407929 -0.407929 
-0.220608 -0.220608 1.56978 1.82468 -1.3067 -1.99249 -0.21615 0.497224 0.0899234 0.258466 0.412555 -1.13472 -1.56151 0.103663 0.18144 0.577863 0.629604 -0.475402 0.0421679 0.259541 -0.0555493 0.471747 0.560193 -0.518167 -1.11233 -0.170927 0.351197 -0.376135 -0.892041 -0.137468 1.0631 0.492845 -1.58907 -1.33187 0.320883 -1.23815 -0.789936 2.41595 1.60851 1.60851 
-0.140125 -0.140125 -0.382714 -0.318856 -0.194379 -0.00359247 0.125527 -0.0499833 -0.6044 -1.17287 -0.253982 1.51305 0.687945 -0.452956 0.275645 0.270789 -0.0552072 0.301163 0.451446 0.385119 0.0549249 -0.85303 -0.358133 0.905197 -0.052381 -0.984916 -0.0184088 0.273712 2.06161 1.71669 -2.23453 -0.423345 3.1509 1.39711 -0.575336 0.118354 -0.792917 -2.00626 -0.810363 -0.810363 
