30
0.457437 0.826646 0.906333 0.90924 0.918848 0.949845 0.939859 0.950552 0.972955 0.927698 0.903179 0.917764 0.787109 0.815778 0.757165 0.520131 0.27875 0.0624193 -0.30397 -0.770358 -0.871442 -1.01279 -1.18505 -1.27281 -1.30209 -1.41406 -1.49837 -1.42626 -1.45663 -1.28789 
0.783559 0.817251 0.308988 0.516136 0.32187 -0.0378269 0.365839 1.0518 1.20851 1.69027 1.09732 1.05401 1.69559 0.236724 -0.219005 0.070374 -0.222751 0.169649 0.649986 -0.224615 -0.450577 -0.482868 -0.451909 -1.08866 -1.40631 -1.39097 -1.43664 -1.11579 -1.19091 -2.31905 
-0.316962 -0.657335 -0.164229 0.333339 0.337936 0.606073 0.24814 -0.249482 -0.628647 -1.1697 -1.49696 -1.29127 -1.16709 -1.19928 -1.11393 -0.594372 -1.01998 -0.883634 -0.209664 0.355121 0.182037 0.295873 0.693399 0.29765 0.596841 0.734973 1.66003 1.89778 1.84649 2.07686 
2.32973 1.48414 -0.167308 -1.8653 -1.25245 -1.0275 -0.525116 -0.625221 -1.25585 -1.20555 -1.01145 -0.442692 0.339697 0.977748 0.75957 1.27408 0.570759 0.38777 1.04243 0.340439 0.724793 0.88616 -0.267916 -1.15126 -0.658686 -0.997879 0.136072 0.11581 -0.011364 1.09635 
-0.661665 -1.38512 -1.38875 -0.98692 -1.41845 -1.36941 -1.73056 -1.49512 -1.00369 -0.477445 -0.39292 -0.38006 -0.114479 0.234228 0.58674 0.504026 0.239579 0.185812 0.304757 0.259206 1.31115 1.84454 1.1458 0.912799 0.766744 0.77202 1.32022 0.824673 0.916343 0.675943 
-0.0674587 -0.535122 -1.17998 -1.53006 -1.41832 -1.3319 -1.0709 -0.885479 -0.676898 -0.878652 -0.66529 -0.424613 -0.354626 -0.350338 -0.249482 -0.74863 -0.807952 -0.0586466 0.600394 0.578622 0.867851 1.30947 0.936217 1.09224 0.843269 1.5009 1.30869 1.15641 1.44738 1.5929 
-0.316259 -0.500793 0.7949 1.47838 0.883876 0.447322 0.82366 1.94156 1.68302 1.33008 0.310993 -0.285382 -1.08361 -1.5144 -1.35791 -1.06503 -1.29112 -1.32306 -1.6571 -0.835049 -0.786198 0.083379 -0.276652 0.024274 0.0913012 0.369877 0.7204 0.402671 0.0196956 0.887165 
-1.28656 -0.230102 0.494771 0.998825 1.31965 1.35766 1.24885 0.794784 1.12963 1.3397 1.95904 1.03189 0.439231 0.551002 -0.0680947 -0.659264 -1.34392 -1.34142 -1.59065 -0.264944 -0.713256 0.0429852 -0.949987 -0.765698 -0.660721 -1.36372 0.110511 -0.57826 -0.584537 -0.417392 
-0.0546196 -0.155669 -1.05987 -1.6005 -1.56423 -1.18708 -1.31043 -1.72295 -1.78102 -1.08948 -0.231976 0.321131 0.154969 0.414653 0.478741 0.767897 1.16723 1.48285 1.37319 1.11498 1.37919 0.924627 0.282944 0.323094 0.267922 -0.458736 1.05795 0.230754 0.327816 0.146634 
-2.86223 -1.26156 -0.220109 0.887853 0.53488 0.00296748 0.229064 0.467158 0.104343 -0.463262 -0.146856 -0.153926 0.0122042 0.994821 1.70602 1.43472 2.09376 0.959252 0.221525 0.176353 0.474426 0.202816 0.364095 -0.322045 -0.534255 -1.23436 -0.490529 -0.650025 -1.12027 -1.40682 
0.753972 1.24996 0.471818 -0.21373 0.174399 0.038205 -0.63174 -0.861333 -0.51701 0.386097 1.74192 2.31734 1.24135 -1.04919 -1.64247 -1.7225 -1.09641 0.0630983 -0.59415 -0.794872 -1.19833 0.182356 0.3831 -0.371049 -0.108321 -0.41658 -0.383276 0.892097 -0.0892231 1.79447 
0.7114 0.252812 0.437123 -0.35534 -1.01201 -1.22633 -1.01866 -0.452454 -0.547582 -0.524647 -0.493468 -0.242637 0.296401 0.644173 1.7764 2.39967 2.16645 1.58696 1.13968 0.541494 -0.0251633 -0.0510002 -0.540557 -0.618115 -1.19798 -0.728294 -0.721737 -0.684919 -1.23969 -0.271982 
-0.10981 0.759873 -0.000495019 0.593981 0.788171 1.06683 1.7588 1.37307 1.44596 0.386137 0.170763 -0.228945 0.352874 -0.252071 0.257097 0.176357 -1.02706 -0.800206 -1.39449 -0.120763 -2.20976 -2.1383 -0.986778 -0.95073 -0.436452 -0.270274 1.41573 0.523194 -0.837457 0.694767 
2.01596 2.01596 0.705739 0.455073 0.555546 0.485462 0.412838 0.528688 0.328561 0.16073 0.374776 -0.00486192 0.0455141 0.303201 -0.647184 -1.30093 -1.22688 -1.67402 -2.56844 -1.61947 -0.456833 -0.711436 -0.519746 -0.00831441 -0.0949463 -0.291763 0.366662 0.559599 0.905256 0.905256 
-0.365772 -0.365772 -0.110237 0.35234 -0.482731 0.398139 1.9386 1.57478 1.27394 0.169558 -0.603964 1.21474 -0.870658 -2.48721 0.0882979 0.327844 0.479614 1.61907 -0.247463 -1.28798 -0.0470939 0.331401 -0.559082 -1.07265 -0.112003 0.288673 0.738757 0.695382 -1.43926 -1.43926 
-0.0376335 -0.0376335 1.42352 0.571685 0.171617 -0.460543 -1.79583 -1.83285 -1.90859 -1.81808 -0.515949 0.271239 -0.143549 -0.211251 0.750841 -0.140149 -0.808359 1.10903 1.85611 0.379065 -0.407273 0.587722 -0.300863 -0.472334 0.458618 1.54997 1.72367 0.0211742 0.00831099 0.00831099 
-1.96077 -1.96077 -2.67032 -0.785493 0.815194 0.723242 0.452658 -0.490478 -0.365279 0.32124 0.752812 1.24251 1.30019 0.467304 0.364467 -0.0393715 -0.619978 0.510425 0.0783976 -0.146611 0.572062 -0.708547 -1.57817 -0.207484 0.245471 0.779363 1.04484 -0.00493067 0.93401 0.93401 
-1.42972 -1.42972 0.534217 -0.2126 -0.828305 -0.705476 -0.380161 1.10785 1.61538 0.905204 0.00920785 0.325203 0.911352 1.06307 0.310118 -0.76665 -0.71613 -0.0470019 -0.0326608 1.59569 2.6061 -0.449348 -1.78691 -0.822311 -0.406455 0.805223 -0.0688614 -0.865642 -0.420333 -0.420333 
-2.17849 -2.17849 -1.96705 -0.606452 0.178514 0.446918 0.624959 0.530694 -0.165566 -0.156967 0.638659 0.380826 -0.0442734 0.0112374 -0.894092 -1.18214 1.06296 2.35479 0.968161 0.303129 1.13644 -0.0549004 -0.56848 -0.344991 0.557061 0.659128 -0.797344 0.071557 0.607098 0.607098 
1.13375 1.13375 2.11737 -0.024563 -1.29376 -0.193624 1.56784 0.848424 -0.818301 -1.68014 -1.95599 -1.70572 -1.51809 -0.436218 0.383826 -0.0497045 -0.417776 -0.540111 0.427613 0.861496 0.915353 0.452017 -0.192365 0.291568 0.266241 0.587492 -0.0882265 -0.919411 0.423628 0.423628 
1.98675 1.98675 1.34095 0.868591 0.323764 -0.178505 -0.75379 -0.235128 0.5413 0.873897 -0.455598 -1.87251 -0.657932 -0.688842 -1.51063 -1.58727 -0.893236 -0.384189 1.16273 0.92999 0.264246 -0.372499 -1.04115 0.242428 -0.794874 0.805878 0.822513 -0.908302 0.0923212 0.0923212 
-1.36535 -1.36535 -1.97051 -0.675774 0.587713 0.36797 -0.719151 -0.629293 0.890659 2.15113 1.96054 0.551273 0.147319 0.464301 0.504875 0.966404 1.00284 0.302107 -0.48787 0.0268275 -0.243495 -1.49062 -0.809554 -0.00211114 -1.05777 1.10619 0.967781 -0.986594 -0.0972393 -0.0972393 
2.34473 2.34473 1.88739 0.593059 -0.929104 -0.3916 0.323135 -0.223505 -0.97137 -0.340904 0.179396 0.0399068 0.958553 1.4645 0.300584 0.25217 -0.549072 -1.84558 -0.834438 0.127012 -0.0831733 -0.210148 -0.594922 -0.941602 -0.954568 -0.0671491 0.434659 -0.692275 -0.81021 -0.81021 
-0.23002 -0.23002 -1.15799 -0.242008 0.18945 -0.641553 -0.714908 0.0816905 0.971305 1.76573 1.50837 -0.401561 -2.65247 -2.27335 -0.537225 0.420455 1.39398 0.386055 -0.682261 -0.482936 0.759089 1.23363 -0.443058 -0.394376 -0.0441778 -0.224365 1.01941 0.222529 0.700301 0.700301 
-0.254058 -0.254058 -0.686018 -1.77406 -1.02607 0.0921972 1.10202 0.71026 0.00739377 0.170806 0.465653 1.12271 1.24813 2.01558 2.37202 0.605433 -0.950673 -1.22761 -1.25181 -1.40626 -0.665761 -0.56601 -0.632926 -0.749765 -0.0417526 0.716948 0.156913 -0.569318 0.635044 0.635044 
0.133394 0.133394 -0.157093 0.850465 0.517109 1.04253 0.341251 -0.312199 -1.02372 -1.32799 -0.631223 0.210232 -0.00640123 -0.083085 0.470226 -1.33745 -1.01278 -0.369818 0.735178 -0.842534 -2.11155 1.3089 1.27152 0.598891 0.736246 1.97304 0.855535 -2.36029 0.199109 0.199109 
-1.49566 -1.49566 -1.80705 -0.0546518 0.169672 -0.0453519 0.185619 0.0272317 -0.325164 0.189333 -0.0737799 -0.277096 0.514607 -0.728565 -1.86077 -0.588186 -0.33154 -1.53461 0.199677 2.75502 1.25991 0.053771 1.00536 0.65962 -0.220184 0.705345 1.18951 0.800979 0.561308 0.561308 
0.251494 0.251494 0.54999 -0.153767 0.116153 1.64906 0.845875 -0.342294 -0.820176 -1.1252 0.761045 -0.085495 -2.30223 0.705405 1.90313 0.339112 0.919818 -0.382575 -1.78929 0.215896 1.13157 -0.243781 -0.819421 0.375096 0.965049 0.635586 0.349045 -1.31885 -1.29087 -1.29087 
1.07459 1.07459 0.425305 -0.993362 -0.82592 -1.53877 -1.08514 -0.12508 -0.0278674 1.02237 1.55339 0.24472 -0.406897 0.642593 0.0150637 -1.22759 0.913021 1.99179 -0.595528 -1.76434 0.119911 0.0419769 -0.847132 0.539762 1.50232 0.92512 -1.20442 -1.34662 -0.0489367 -0.0489367 
-0.799089 -0.799089 0.855683 2.88394 1.14844 -0.49443 -1.24172 -0.894246 0.5365 0.805478 0.63268 0.304422 -0.856731 -0.997654 -0.620977 -1.04043 0.306547 0.436992 -0.752985 0.257267 -0.669491 -2.06393 0.263762 1.42492 0.690254 0.525662 -0.86471 -0.27345 0.648194 0.648194 
1.17381 1.17381 0.69118 -0.975921 -0.41391 0.194227 1.07648 1.19424 -0.226348 -1.13338 -0.470215 0.487626 0.381462 -0.483937 -1.27785 -0.758604 0.369687 0.346307 0.966208 1.60992 -1.417 -2.93438 -0.336416 0.796734 0.956412 0.122783 -1.17519 -0.322527 0.192395 0.192395 
0.000686963 0.000686963 1.12277 1.59576 0.695028 0.194498 -0.104596 -0.825631 -0.740799 0.489557 0.269832 -0.736899 -0.478485 -0.87453 -1.15786 1.44029 2.74322 -0.251865 -1.86569 -0.0349084 -0.468952 -1.57973 -0.412923 0.754547 0.65441 -1.29066 -0.658255 0.984556 0.267975 0.267975 
0.692773 0.692773 -0.86362 -2.50059 -0.144799 2.05738 0.735229 -1.7558 -1.85929 -0.848633 -0.0405367 0.29624 0.900502 1.36003 0.258898 -0.604422 -0.378298 0.592331 0.996495 0.332452 -0.319493 -0.826855 -0.138541 0.311282 0.193073 -0.279521 -1.11691 0.349975 0.953938 0.953938 
-0.451041 -0.451041 -0.852025 -0.766311 -0.791698 -0.817554 0.0491037 1.19656 1.03861 -0.749085 -2.23422 -0.0745892 1.10197 -0.626672 -0.665496 0.621267 1.11845 1.84246 1.21276 -0.665547 -1.0085 -1.01097 0.619176 0.306231 0.575478 1.47015 -1.35798 -0.522682 0.946589 0.946589 
-0.535944 -0.535944 0.45652 1.88891 0.728003 -1.07382 -0.836503 1.16191 2.05923 0.748037 -1.29841 -1.46196 -0.138732 0.202014 0.312815 0.309643 -0.581272 -1.21475 -0.283077 0.115257 -1.23524 -0.505969 1.06893 -0.26233 0.777485 1.48059 -1.67626 -0.888442 0.609658 0.609658 
-0.206024 -0.206024 -1.37645 -2.33933 -0.682861 1.33989 0.359537 -0.963044 0.101375 1.24813 0.551889 0.912101 1.49575 -0.387446 -0.888734 -0.560782 -1.68939 -0.0505131 1.99129 0.886878 -0.0973479 -0.255224 -0.453896 -0.117682 0.998273 1.46377 -0.357747 -0.91816 0.100889 0.100889 
-0.635879 -0.635879 -0.0384816 0.848129 -0.291244 -0.620481 0.441033 1.06908 1.06766 0.319608 -1.44416 -2.74434 -1.25144 1.34889 1.72623 1.22886 -0.0530983 -1.38477 -0.597415 0.909379 1.08887 -0.814697 -1.09244 0.229485 0.0802174 0.663002 0.2608 -0.238782 0.280937 0.280937 
-0.433872 -0.433872 -1.347 -0.35674 1.49489 1.71463 0.447352 -0.990006 -0.524086 0.313238 0.727526 0.585334 0.677979 0.871866 -1.25481 -2.8599 -1.60972 -0.324078 -0.221283 0.420484 0.633818 -0.0437961 -0.225567 0.424785 1.15957 0.0953757 -1.15084 0.329915 0.939399 0.939399 
-0.228661 -0.228661 0.393175 0.366717 0.069155 -0.157915 -0.885478 -0.891799 -0.676296 0.192855 0.899964 0.336241 -0.230407 0.24478 -0.823538 -0.964646 0.547814 1.0294 -0.341127 -1.8063 1.27842 2.03855 -0.487578 -0.379735 0.798701 0.0242408 -2.72378 -0.454507 1.5302 1.5302 
