50
-0.95258 -0.827429 -0.626518 0.149936 0.634501 0.807621 0.842592 0.88081 0.83376 0.84587 0.848383 0.850445 0.834529 0.836415 0.789701 0.752864 0.761223 0.833388 0.860989 0.80396 0.777492 0.694206 0.731056 0.763865 0.828973 0.852823 0.824369 0.860278 0.809873 0.689726 0.574527 0.454288 0.297129 0.113706 0.0448765 -0.415722 -0.62857 -0.78917 -1.09466 -1.21716 -1.43234 -1.50547 -1.70168 -1.81056 -1.35038 -1.3822 -1.59826 -1.54798 -1.77829 -1.82522 
2.78742 2.14969 1.88747 1.32429 1.13878 0.465334 -0.11084 -0.758211 -0.553632 -0.249249 -0.0162635 0.0945351 0.48716 0.726186 0.249322 0.202426 0.988645 0.361167 0.29156 0.586322 1.32575 1.5723 1.67644 0.790434 -0.416507 -0.725177 -0.617132 -0.340263 -0.528763 -0.706317 -0.0966969 -0.387718 -0.493391 -1.24409 -1.10797 -0.518928 -0.977312 -0.770631 0.412663 -0.421277 -0.0891239 -0.14995 -0.170308 -0.331769 -0.455565 -1.87794 -1.46584 -1.62731 -1.32523 -0.98449 
0.99271 0.976126 0.812568 0.353622 -0.215555 -0.130348 0.11101 0.072814 0.100097 0.0602696 -0.00409415 -0.23276 -0.31137 -0.537571 -0.505995 -0.430868 -0.633286 -0.586307 -0.800433 -0.918627 -1.32912 -1.53721 -1.57248 -1.37995 -1.23604 -1.06168 -1.02348 -1.08571 -1.09063 -0.754118 -0.799244 -0.742057 -0.622668 -0.535918 -0.393519 -0.0750819 -0.0147318 0.0566122 0.525819 0.986173 1.41636 1.24014 1.51795 1.46348 1.33986 1.58455 2.10775 1.83739 1.59219 1.41335 
0.107708 0.293026 0.272595 -0.0241291 -0.374297 -0.901069 -1.31996 -1.37649 -1.57803 -1.68849 -1.39239 -1.38329 -1.38664 -1.26867 -1.31362 -1.32567 -0.981618 -0.832348 -0.734269 -0.859475 -0.717197 -0.614785 -0.484717 -0.515821 -0.462984 -0.278956 -0.156664 -0.109891 0.245197 0.450681 0.599913 0.845588 1.22862 1.21308 1.21417 1.19979 1.64189 1.51149 1.14381 1.29088 1.06984 0.937905 0.789291 0.689057 1.19331 1.03848 0.858498 1.04631 0.666958 0.53339 
1.82503 1.34766 1.46124 0.320562 -0.788332 -0.52145 -0.406844 -0.899421 -1.09216 -0.825495 -1.20656 -1.42296 -1.36204 -1.52203 -1.69191 -1.55068 -1.62166 -1.39494 -1.36325 -0.768933 -0.847218 -0.317286 0.0227305 0.733472 0.994321 1.20458 1.24318 1.11808 1.24221 1.19902 0.856921 0.97095 0.976679 0.73892 0.741191 0.60295 0.614549 0.310261 0.794742 0.578838 0.623018 0.325642 0.592134 0.158192 -0.420841 -1.24367 -0.118153 -0.429821 0.044076 0.174509 
-0.227222 -0.261855 0.114485 0.261455 -0.16559 0.00651361 0.0626933 0.197216 0.473483 0.400257 0.861841 0.785077 1.06412 1.10166 0.669815 0.516204 1.07142 0.975578 0.624592 0.153403 0.153977 0.0436765 -0.08326 -0.214546 -0.100944 -0.369171 -0.592278 -0.453558 -0.64938 -1.21536 -1.6755 -1.93642 -2.06368 -2.05215 -1.5749 -1.68427 -1.20491 -1.10462 -0.589836 -0.361804 -0.397821 -0.568309 1.01222 1.10714 1.11521 0.546025 0.927868 1.07061 2.16136 2.06947 
1.29528 2.38467 1.89087 0.788774 0.418558 0.724368 0.787354 0.455219 -0.167073 -0.0816758 -0.319183 -0.355117 -0.41822 0.0916771 0.749731 0.670505 0.340391 0.877253 1.0865 0.650073 1.2327 1.35185 1.23668 0.94795 0.175277 -0.579911 -1.55062 -1.22676 -1.63879 -1.40467 -1.55162 -1.73503 -2.30022 -1.74154 -1.13985 -0.242623 0.0891686 -0.237316 -0.252804 -0.336581 0.301522 0.32877 -0.600379 -0.634968 0.0805655 -0.485957 -0.286064 0.395523 0.451481 -0.515735 
0.351815 0.377168 0.265575 -0.0688321 -0.313954 0.798381 0.939738 0.972233 0.983174 1.10848 1.17427 1.35843 1.38686 1.43211 1.53267 1.33768 1.55572 0.972765 0.80022 0.448588 0.444757 0.639428 0.386537 0.227133 0.144151 0.35658 0.605795 0.46688 0.0970198 -0.0655438 -0.130034 -0.112051 -0.199873 -0.484895 -1.10336 -1.46823 -1.04486 -1.62619 -0.902037 -1.04284 -1.17667 -1.37013 -1.47823 -1.61411 -1.87907 -1.52714 -1.35646 -0.644375 -0.549037 -1.00624 
0.217604 -0.233761 -0.545239 -1.30145 -0.741193 -1.38212 -1.37399 -1.11118 -0.977847 -0.974336 -1.08554 -1.32764 -1.01155 -0.864381 -0.820774 -0.516918 -0.987633 -1.1015 -0.870114 -0.822606 -1.46378 -1.46275 -0.619764 0.00499828 0.189921 0.228559 0.18233 0.00150667 0.0303128 -0.0815659 0.0809997 0.268746 0.747178 1.13025 1.04096 1.23396 1.49533 1.36973 0.763787 0.706632 0.946249 0.992244 0.793766 0.917201 1.60318 1.5914 0.790951 1.66238 1.64281 1.04466 
-3.17081 -3.00506 -2.51271 -1.25335 0.0183113 0.946987 0.954439 0.77633 0.555025 0.281348 0.28352 0.0939913 -0.233342 -0.0788032 0.0410077 -0.142932 0.0440224 0.512493 0.842148 0.873727 1.26254 0.777927 0.519972 0.111483 0.166261 0.312958 0.605213 0.91841 1.25255 1.18646 1.19201 1.28605 1.10111 0.512251 0.0363259 0.0584927 -0.27236 -0.412772 -0.0956419 -0.607152 -0.511404 -0.482486 -0.241313 0.0524527 -0.989619 -1.38983 -0.661969 -1.16438 -0.300892 -0.048989 
-0.560022 -0.427978 -0.0319617 0.499589 0.461426 0.284724 0.644126 0.832958 1.17695 1.53077 1.17177 1.03317 1.30458 1.37212 1.58019 1.62298 1.46062 1.05587 0.876619 1.3733 0.767268 0.725429 0.546377 0.851881 0.828953 0.441758 -0.266974 -0.769414 -0.964559 -0.74172 -0.672931 -0.430683 -0.5588 -0.487619 -1.15058 -1.26365 -1.22883 -1.42869 -0.686372 -0.808618 -0.423066 -1.47956 -0.801912 -0.39857 -1.60394 -1.80808 -0.68767 -0.855461 -0.753289 -1.15247 
1.03644 1.26123 0.61959 1.01918 0.913846 -0.170983 -1.32645 -1.39967 -1.50406 -1.45549 -1.37379 -1.1311 -1.20195 -1.233 -1.07296 -1.1581 -1.27107 -1.48591 -0.974389 -0.426236 -0.054852 -0.0188402 -0.195822 -0.39267 -0.691242 -0.196268 0.375981 0.928952 1.13792 1.71552 1.67678 1.50702 1.30829 1.37196 1.44959 1.63957 0.821403 0.665093 0.436761 -0.0168724 0.0941661 0.549269 0.180436 -0.214727 0.12461 0.0823412 -0.930422 -0.417256 -0.233638 -0.368176 
-1.50869 -1.82742 -1.37988 -1.31594 -2.1285 -1.68204 -0.300193 0.283779 0.116706 -0.11353 0.0117398 -0.406088 -0.504853 0.103072 0.916304 0.615436 0.697518 0.56521 0.389227 -0.303168 0.155745 -0.566466 -1.29599 -1.43592 -0.91955 -0.833742 -0.807382 -0.826981 -0.930711 -0.9598 -0.49916 -0.153984 0.0410208 -0.131709 0.548402 0.781261 1.35864 0.951175 0.985863 1.7255 0.696088 1.22089 1.73778 0.760233 1.16028 1.78618 1.02247 0.650207 0.603253 0.947729 
1.04514 1.04514 2.92785 3.7478 2.00376 0.704125 0.314167 0.0770694 0.00159864 0.144869 0.115827 0.0625551 0.062045 -0.0269843 -0.138921 0.0202815 0.335369 0.39099 0.0175346 -0.138762 -0.214663 -0.0316322 0.303962 0.385647 0.359749 0.0892917 0.12415 0.060698 -0.39041 -0.577709 -0.577974 -0.699268 -0.881914 -0.626581 -1.4278 -1.84412 -0.976918 -1.24472 -1.13459 -0.873524 -0.730803 -0.675969 -0.779311 1.1181 1.34085 -0.613938 -0.376616 -0.417822 -0.698813 -0.698813 
-1.0055 -1.0055 -0.905527 -0.802662 -0.950517 -1.47434 -1.43939 -0.392491 0.883694 0.921783 0.662211 0.876268 1.04821 -0.117675 -0.50106 1.19258 0.41409 -0.733467 0.503143 1.58796 1.52332 0.671471 -0.847154 -2.60515 -1.83101 -0.0677755 0.717361 0.31973 -0.289596 0.780585 0.628439 -0.330681 -0.947057 -0.622836 1.1736 0.376434 -0.136264 2.06502 0.669678 -0.471597 0.565054 0.0923807 -0.0425587 -0.181257 -1.87199 -1.15342 0.537301 0.389788 1.06319 1.06319 
-0.482406 -0.482406 -1.61273 -2.64918 -1.25875 0.812341 0.497017 -0.0499896 -0.0541577 -0.288336 -0.770858 -0.80726 -0.80096 -0.519413 0.250544 -0.347361 -0.419284 -0.449201 -0.871254 -1.37302 -1.60273 -0.643932 0.37975 0.837582 0.791134 0.521019 -0.083496 -0.193674 0.825172 0.722442 0.00871497 0.429086 0.504626 0.563419 1.15543 0.945778 0.314402 1.35912 2.35312 2.25343 0.626831 0.237465 0.548588 -0.477145 0.28724 1.94001 0.623958 -1.33947 -1.1056 -1.1056 
0.4251 0.4251 -0.889679 -1.78904 -2.4165 -2.60395 -1.32134 -0.728514 -0.875618 0.481685 0.807794 -0.00894071 0.287983 0.174543 -0.180104 0.880896 1.32092 0.650013 -0.0986248 0.0219316 0.642762 0.609458 0.245293 0.0346423 0.621418 0.810859 0.436495 1.07145 1.50433 0.942858 1.05248 1.69019 0.977699 -0.0640597 -0.0608717 1.14199 0.825526 -1.38317 -0.626351 -0.226386 -0.987377 -0.789825 -0.70337 1.07733 0.928412 -0.937833 -0.0032643 -0.547062 -1.42363 -1.42363 
-0.518617 -0.518617 -1.63001 -3.67832 -1.3199 0.730134 -0.542372 -1.05735 0.2148 -0.100739 -0.910143 -0.169585 -0.0750578 -0.461776 0.0429219 0.208635 0.351888 0.52392 1.13983 0.955567 0.847691 1.54857 1.85153 1.71888 0.880305 0.507903 -0.0540093 0.0893143 0.226546 -0.554635 -0.2912 0.291595 -0.297844 -0.303638 -0.136889 -0.121259 -0.39948 0.392856 0.540948 -0.196798 -0.333309 0.0391869 -0.189635 -1.60635 -2.25794 0.598101 1.45457 0.362757 1.10352 1.10352 
0.384012 0.384012 0.700283 -0.698861 -0.65509 0.186475 0.121027 0.504321 0.142514 0.465256 0.459094 0.141196 0.340262 -0.897807 -1.23071 0.488325 0.588933 -0.989271 -1.64296 -1.0307 -0.402188 -0.624256 -0.660804 -0.241892 -0.480383 -1.06678 -0.358057 -0.31054 -1.53781 -1.99814 -1.46687 -0.887133 -0.412643 0.640145 0.429589 0.433257 0.798406 0.860099 1.08257 0.123312 -0.570735 2.24458 2.70681 -0.0317216 -1.18831 -0.537366 0.702506 1.93711 1.52848 1.52848 
0.881141 0.881141 -1.97205 -1.81115 0.0218608 0.585864 -0.244701 -1.13689 -0.593291 -0.0923245 -0.250289 -0.0232264 0.687412 1.62632 0.859313 -0.427222 0.374888 1.0771 -0.190061 0.296052 1.01939 0.110901 -0.420144 -1.27617 -1.88347 -2.1413 -0.736444 -0.00908283 -0.125917 0.21921 -0.324389 -0.868925 0.0972353 1.61645 2.05721 1.70582 0.112623 -0.339513 -0.023524 0.827412 0.971962 -1.06851 -1.14901 0.992263 0.299717 -0.371616 1.25335 1.06595 -1.08069 -1.08069 
-0.0701079 -0.0701079 -0.868448 -1.16476 2.0457 2.90333 0.507062 0.217656 0.423608 0.545321 0.675936 0.593043 0.284776 0.444823 -0.0882776 0.172415 -0.688522 -1.55525 -1.04193 -0.667539 0.54476 -0.00792892 -0.793654 -0.416609 0.408525 1.1457 0.366033 -1.00775 -1.06023 -0.382587 0.0180652 -0.0337102 -0.70611 -1.88365 -2.06084 0.251071 -0.229268 0.438212 1.41578 -0.488162 -0.605019 -0.547933 -0.420155 -0.768235 0.31427 1.281 2.0802 1.91301 -0.681756 -0.681756 
-1.45756 -1.45756 -2.0205 -0.410722 -0.197847 -1.21741 0.451463 0.682667 0.203846 -0.247733 -0.701299 0.0877605 0.806617 0.303436 0.592776 -0.356994 -1.12839 0.16815 0.46616 -1.14515 -1.23097 1.50973 2.66153 1.44633 0.363973 -0.0628819 -0.46815 -0.329587 -0.20227 0.0447358 0.598036 1.18133 1.54202 0.49365 0.142662 0.790184 0.201852 -1.39976 -1.27337 0.288077 0.478558 -0.330446 -0.187441 1.44583 1.19613 -1.54876 0.0822137 1.52421 -1.18956 -1.18956 
0.672804 0.672804 2.1266 3.16257 2.72297 1.0424 -0.428912 -0.73301 -0.860053 -0.562974 -0.451111 -0.88914 -0.431753 0.16266 -0.287297 -0.19804 0.669243 0.858942 0.278159 0.356795 -0.3294 -1.18918 -1.08799 -0.672255 0.0657835 0.381475 0.602812 0.658491 0.15429 -0.282523 -0.0696696 -0.322894 -1.23069 -1.61752 -0.805252 -0.6124 -0.828524 0.0328728 -0.460448 -0.754742 -0.0363232 0.156998 0.509074 -1.19681 -2.11935 0.233514 0.0976556 0.27795 1.2807 1.2807 
0.940771 0.940771 1.63447 0.880565 -0.349244 0.341089 0.975801 0.949045 1.23553 0.0148507 -0.840187 0.254458 0.61241 0.502415 0.459433 -0.183762 -0.960886 -0.990217 0.575036 -0.16603 -1.10111 -0.359706 0.24342 0.514512 -0.688289 -1.87912 -2.07923 -1.18744 0.0719358 0.530231 0.563932 0.222024 -0.0750152 -1.00371 -1.32366 -0.112024 -0.262727 0.965762 1.10054 0.481053 -1.14118 -0.63398 1.90088 -1.36879 -2.42363 1.61486 1.67798 -0.0900924 -0.491881 -0.491881 
-0.545168 -0.545168 -0.274061 0.557721 -1.74454 -3.37324 -1.80428 -0.174108 0.0147751 0.303392 0.604453 0.367849 -0.056688 0.301414 0.217506 -0.205919 -0.407069 0.561487 1.74485 1.5275 0.733195 -0.11729 -0.478442 -0.667021 0.405956 1.75655 1.8465 1.28307 1.32127 0.937099 -0.222028 -0.470162 -0.108118 0.320492 0.516402 -0.872938 -1.41002 -0.495212 -0.956343 -0.429998 0.979401 0.235147 -1.08357 0.0147639 0.562083 -1.53495 -0.6735 1.18202 0.177467 0.177467 
0.0324481 0.0324481 0.583477 -1.231 -0.680188 2.47966 2.67767 0.447294 -0.725127 -0.304167 -0.574292 -0.89689 0.580145 1.89338 0.58476 -0.468063 -0.225345 -0.596947 -1.40345 -0.489224 -0.532158 -2.24345 -1.405 0.389034 0.714094 0.00849569 -0.143286 -0.33061 -0.344274 0.468393 1.00732 0.624814 -0.120947 0.577584 1.16161 1.01368 0.0916465 -0.689799 0.961964 -0.570285 -0.879636 1.34697 -0.816338 -0.984592 1.3243 -0.351461 -1.78877 -0.756676 0.275397 0.275397 
1.96595 1.96595 2.80534 -0.907376 -3.0772 -1.69102 -0.6033 -0.281359 0.108025 0.155553 -0.0456471 -0.0164383 -0.0530436 -0.167111 0.087004 0.52415 0.418113 -0.28675 -0.50369 -0.199083 0.148286 0.569535 0.465788 0.0957274 -0.264762 -0.202565 0.00934649 -0.488138 -0.61492 -0.153392 -0.0858227 -0.272526 0.113028 -0.520211 -1.20777 0.500191 0.652222 -0.122789 0.418611 0.451973 0.240855 -0.0110401 1.87521 2.20903 -1.73448 -1.71956 0.239383 -0.291216 -0.249033 -0.249033 
0.00127059 0.00127059 0.0757153 -0.10364 -0.557185 -0.424879 0.711871 1.61016 0.880078 -0.231369 -0.104019 0.20827 -0.790408 -1.1923 0.877168 0.591226 -1.46498 -0.00663038 1.60897 0.667235 -0.734356 -1.78662 -2.44241 -0.783109 1.76525 1.77321 0.209363 -0.799827 0.262447 0.593314 -0.875316 -1.21129 -0.282516 1.46367 0.652104 -1.01904 1.15097 0.512191 -1.90686 -0.146797 0.337078 -0.510816 -0.269114 -1.39506 -0.774646 1.67256 1.04576 0.309511 0.416268 0.416268 
-0.895658 -0.895658 -1.74929 0.326844 2.88625 1.48137 -0.67493 -0.418658 -0.161007 -0.554987 -0.392095 0.010505 0.272372 0.901331 0.177002 -0.516382 -0.048579 -0.336951 -0.725576 -0.567153 0.635788 1.66809 1.25549 0.374119 -0.225428 -0.68506 -0.553334 0.783689 0.789824 -0.637148 -0.206315 0.443737 0.145936 0.571309 0.350214 -0.657384 0.375731 1.71442 0.771862 -1.3865 -1.62508 -0.0291446 -0.553265 -0.179952 2.0261 0.312623 -2.66573 -1.38919 0.227917 0.227917 
-1.0681 -1.0681 -1.87062 -1.25731 -0.622059 1.08233 1.77857 0.502817 1.18497 1.60723 -0.332699 -0.358742 0.268819 -0.312587 0.735384 1.44448 -0.100927 -1.16159 -0.455353 0.766645 0.629353 -0.249575 -0.407824 0.440716 0.797724 -0.059916 0.337622 1.05794 -0.00964968 -0.298102 0.771946 0.0383646 -1.46025 -0.82164 1.18127 0.89604 -2.14815 -1.19044 1.13731 -0.217056 -0.397673 0.358518 1.77118 1.56116 -1.69307 -0.726256 0.453785 -1.16232 -0.677085 -0.677085 
-0.933899 -0.933899 -2.57045 0.201857 3.47633 0.575304 -1.47408 0.559043 0.718391 -0.944721 -0.100926 0.621294 -0.279373 0.0483437 0.489723 0.200937 0.205986 0.58363 0.298956 -0.279334 0.427879 0.756122 0.09015 -0.821903 -1.01346 -0.792413 -0.380361 0.178238 -0.560419 -0.459586 0.630198 -0.0512277 -0.521496 0.0826795 0.099797 -0.255722 0.364847 0.705459 -0.517039 -0.744429 0.142627 0.0688729 -1.36067 -1.69845 1.71539 2.92029 -0.233954 -0.326402 0.54593 0.54593 
0.208125 0.208125 -0.861114 -1.06936 0.64301 0.559543 0.209328 -0.0171518 -0.0634267 0.208361 -0.281223 -0.124386 -0.827589 -1.23412 1.02572 1.35701 -1.16277 -1.73921 -0.0652319 0.914638 0.277035 -0.23121 0.258633 0.104307 -0.663962 0.0599093 0.544354 -0.935153 -1.32325 0.0206398 0.815465 0.772079 1.13359 0.610069 -0.191679 0.248281 0.292624 0.183586 -0.596632 -1.29704 1.58752 2.47115 -1.77314 -3.01026 -0.419991 1.41141 1.85744 0.597642 -0.34585 -0.34585 
-1.72595 -1.72595 -1.62212 1.4018 1.66191 -0.0568442 -0.996499 -0.109775 0.789203 0.336496 0.159751 0.720245 1.17958 0.226087 -1.20995 -0.197427 1.08588 -0.249387 -0.388834 0.8956 -0.00431121 -0.813742 -0.779886 -0.829093 -0.443088 0.855317 1.49104 0.509125 0.262476 -0.0129065 -0.58699 0.387229 1.71893 1.3799 0.172832 -1.13964 -1.20465 0.0273099 0.868158 0.757531 -1.10824 -1.25346 1.44494 1.05 -0.764922 0.730524 1.0428 -1.39095 -1.27002 -1.27002 
-0.472381 -0.472381 -0.67064 2.01158 2.78367 -0.967702 -1.73517 0.00593785 0.28101 0.230603 0.0937053 -0.199943 -0.0373963 -0.187829 -0.120489 -0.339839 -1.09418 -0.174685 0.65573 1.1234 0.50311 -0.833736 -0.211666 0.866134 1.10709 0.0333444 -1.37907 -0.892515 0.480064 0.783246 0.295203 -0.422759 -1.17599 -0.844653 1.49008 1.28725 0.186988 1.16245 -0.558046 -1.29031 0.0217831 0.185465 -0.0856253 0.553167 1.43289 1.24333 0.48464 -1.78621 -1.67434 -1.67434 
-0.330964 -0.330964 0.717565 1.22289 -0.489735 0.458632 1.27332 -0.125583 -0.570314 -0.553864 0.254227 1.01789 0.176184 -0.103582 -0.394468 -1.08538 0.377756 1.07431 -0.819718 -1.06973 1.76497 2.57109 -0.00559188 -1.46081 -0.947325 -0.506301 -0.138015 0.208884 0.279519 0.556983 0.776024 0.650568 -0.412217 -0.87577 0.228851 0.0742568 -1.39072 -0.925186 1.13508 1.17683 -0.367172 -0.398096 1.19269 0.936894 -1.91483 -0.689847 2.03729 -0.79267 -1.73192 -1.73192 
1.19267 1.19267 2.08777 0.451819 -1.89535 -2.78678 -1.59747 -0.435979 0.083456 0.289878 -0.345278 -0.046734 0.845327 0.0613536 -0.375116 0.76302 0.849805 -0.401369 -0.497331 -0.58841 -1.39923 -0.718903 0.383176 0.933433 0.846995 0.400549 0.17589 -0.450997 -0.876525 -0.256968 -0.098342 -1.06662 -1.18205 0.304134 0.804991 -0.0835682 0.494076 0.254569 -0.743984 0.302996 0.724312 0.40778 -1.23319 -2.3345 1.17238 1.8521 -0.0250665 0.958725 0.802945 0.802945 
0.475615 0.475615 -0.00557742 -1.23328 -0.311478 0.878577 0.420886 0.198625 -0.563412 -1.292 0.185783 0.95999 0.191112 -0.0647894 -0.405112 -0.873687 -0.481881 1.01317 0.558899 -1.03697 -0.0907666 0.891015 0.590831 -0.561826 -1.49492 -0.854936 0.474325 1.40586 1.12917 0.346873 -0.163867 -0.374967 -0.749491 -0.764112 0.60198 0.710002 0.720762 0.902976 -0.276522 -1.39796 -0.678834 1.97449 -0.436153 -2.72733 1.9372 2.65076 -1.05536 -1.35209 -0.223597 -0.223597 
0.188084 0.188084 0.797125 -1.08712 -2.88872 -0.0541707 2.33202 1.32151 0.339208 0.421346 0.0367723 -0.49452 -0.0590687 0.190344 -0.3819 -0.467746 0.551481 1.56524 0.696901 -0.751171 -1.21476 -0.8976 -0.412944 0.637143 1.76415 1.04436 -0.357115 -0.395005 -0.263747 -1.14045 -1.04084 0.0729819 0.568503 0.446858 -0.884269 -1.42098 0.266152 0.321765 0.0373263 1.40695 0.476604 -1.52096 -0.171791 1.19454 -1.14514 -0.915134 1.97898 0.612665 -0.745971 -0.745971 
0.321173 0.321173 -0.822282 -0.82242 2.31232 2.09 -1.30684 -2.17047 -0.499637 0.0689772 -0.399602 0.701432 1.73231 -0.023169 -1.51422 -0.536593 -0.107298 -0.768498 0.0418082 0.522995 -1.13157 -0.576129 1.63288 1.30934 -0.265887 -0.566385 -0.239776 -0.152736 0.477443 0.825675 0.0724967 -0.737092 -0.0558405 0.782173 0.248745 -0.700354 -1.09958 0.522384 0.0492391 -1.18663 1.18215 0.0138123 -1.49539 1.32292 0.372912 -1.98789 -0.281437 1.27473 0.62432 0.62432 
