29
0.239193 0.364842 0.450568 0.454211 0.53059 0.529014 0.594822 0.598548 0.642057 0.726706 0.746703 0.719006 0.807473 0.877841 0.849541 0.802217 0.662855 0.470133 0.421006 0.249724 -0.0124503 -0.392469 -0.782985 -1.07354 -1.36486 -1.73557 -1.93234 -2.1074 -2.33545 
1.80984 1.53685 1.41395 0.738378 0.360612 0.281586 0.293448 0.420995 0.105081 0.143288 0.277192 0.290464 0.528633 0.254425 0.44767 0.12119 -0.102125 -0.325458 -0.944952 -1.69978 -1.36931 -1.91804 -1.4572 0.258957 1.35317 0.0858225 -0.209503 -0.500197 -2.19498 
-0.605098 -0.545544 -0.395446 0.159893 0.218826 0.225003 -0.00112269 -0.238828 -0.426063 -0.751047 -0.834474 -0.926588 -1.24362 -1.25752 -1.03699 -1.23236 -1.23676 -0.675343 -0.136449 0.232096 0.0959426 0.300444 0.515334 1.5221 2.01254 2.09164 1.47794 1.39398 1.29751 
-0.832181 -0.848859 -1.02404 -1.10034 -1.17419 -1.14249 -1.17244 -1.09581 -0.996839 -0.957624 -0.792187 -0.641273 -0.605966 -0.435301 -0.0622199 0.39123 0.84997 1.23203 1.40688 1.54337 1.47704 1.21486 1.33002 1.23044 1.03151 0.843753 0.293413 0.0104063 0.0268467 
-0.482606 -0.762284 -0.511145 -0.775535 -0.482892 -0.71123 -0.382953 -0.59665 -0.814492 -0.489268 -0.536072 -0.470312 -1.05467 -0.921623 0.16678 0.463801 1.16002 0.876288 0.472029 0.0450399 -0.700347 -1.21482 -0.671638 0.173862 0.392897 1.25203 2.28915 1.62861 2.65803 
0.874304 0.263438 -0.118396 -0.985643 -0.784656 -0.819628 -0.718932 -0.736039 -0.788028 -0.642572 -0.232945 -0.292723 0.369546 0.0064805 -1.52418 -1.81676 -0.96479 -0.703838 -0.216762 -0.261989 0.317707 0.432816 0.694512 0.630256 0.614914 1.83072 1.82956 1.6411 2.10253 
-1.18376 0.164864 1.0248 1.57174 1.45437 1.22305 1.36583 1.23537 0.983863 0.975123 0.514121 -0.286516 -1.10274 -1.97983 -1.53648 -1.40272 -1.19611 -0.578923 -0.714673 -0.855329 -0.0257355 -0.0467784 0.427963 0.386098 -0.516489 -0.55425 0.0265883 -0.00667055 0.63321 
1.27109 0.878739 0.513646 1.136 1.15041 1.30014 1.11135 0.977994 0.913319 0.762786 0.822374 0.878014 0.674537 0.677171 0.248282 -0.319312 -1.25444 -1.61121 -1.62328 -1.18208 -1.2293 -1.05293 -0.375507 -0.681934 -0.961398 -1.11679 -0.893057 -0.491915 -0.522694 
-0.5726 -0.212098 -0.260516 -1.09007 -1.33579 -1.47325 -1.467 -1.14545 -0.747324 -0.322804 -0.246698 -0.229161 -0.647495 -0.451668 -0.508461 -0.440521 0.223789 0.8029 1.08977 1.47795 1.37769 1.8644 2.51952 0.954327 0.209186 0.430707 0.314153 0.125357 -0.238856 
-0.766399 -1.58579 -0.714274 -0.459311 0.212743 0.357812 0.696325 1.23812 0.547332 -0.376401 -1.5499 -1.2422 0.150139 1.898 2.46291 1.40025 0.850705 1.0323 0.718227 -0.331751 -0.442248 -0.707683 -0.474276 -1.09753 -0.371385 -0.0917022 -1.09608 -0.241758 -0.0161637 
1.40382 1.4474 0.814862 0.437731 0.272706 0.258335 0.50608 0.449303 0.490706 1.13035 1.66864 1.1145 0.841804 0.0876071 -1.24315 -1.67625 -1.59979 -1.5539 -1.33291 -0.872671 -1.01107 -1.28613 -0.775942 -0.552401 -0.087177 -0.143296 0.000437358 0.662976 0.547434 
-0.00894733 0.0904424 -0.133577 0.512952 -0.0887981 -0.679295 -0.991015 -0.820559 -0.623586 -0.522448 -0.233226 -0.0767196 0.650897 1.69449 2.47298 2.84075 1.62105 -0.0558612 -0.724728 -0.363218 -0.956849 -0.356833 0.288293 -1.31087 -0.837416 -0.218152 -0.277499 -0.329768 -0.562495 
-1.52648 -0.737917 -1.07399 -0.49319 0.398398 0.739173 0.543347 -0.296044 -1.20619 -1.16541 0.0833068 1.06529 1.00563 -0.813017 -1.69854 -1.45367 -1.07537 0.251406 0.859313 1.56706 1.53573 0.696671 -0.0379097 1.04901 0.408858 1.83285 -0.0194584 -0.0915187 -0.347349 
1.26002 1.26002 0.867866 0.837823 0.821047 0.78707 0.804111 0.732439 0.99254 0.916967 0.555869 0.775944 1.09114 0.715829 0.337547 -0.019426 -0.486762 -0.196733 -0.127822 -0.812594 -1.48351 -1.89603 -1.60847 -1.28964 -1.54727 -1.24337 -0.614502 -0.715049 -0.715049 
-0.107819 -0.107819 -0.519526 -0.780176 -0.170105 0.228353 0.439608 0.104404 0.0130379 0.473051 0.447551 0.55418 0.260184 0.214241 0.160784 -0.265216 -0.159732 -0.56489 -1.10843 -0.136932 0.0738342 0.207155 2.52338 3.1711 0.119981 -1.30105 -0.302262 -1.73344 -1.73344 
0.132936 0.132936 0.998352 0.839217 -0.11937 -0.616952 -1.04266 -0.974775 -1.12712 -0.945921 -0.539437 -0.947201 -0.810672 0.12766 -0.189102 -0.581734 0.739269 1.68762 1.35096 0.172629 -0.113718 0.499046 1.89943 2.38042 0.761137 -1.16619 -1.45082 -0.547969 -0.547969 
-0.553661 -0.553661 -0.693948 -0.455543 -0.201421 -0.0980872 0.00762154 0.310959 0.222932 0.379321 0.642148 0.335955 0.382428 1.17721 1.8426 2.04416 1.87617 1.20818 0.630375 0.0628607 -0.875229 -0.448151 -0.0655552 -0.804624 -1.01209 -1.83896 -2.06309 -0.729453 -0.729453 
-0.300778 -0.300778 -0.280873 -0.226836 -0.179897 -0.133504 -0.114441 -0.825472 -0.123812 0.0988742 -0.238941 -0.93882 -0.851216 1.32667 1.54016 1.02955 0.273426 -1.15936 -1.34588 -1.79002 -1.90392 -0.226243 1.54441 1.12237 1.14012 2.20525 0.226671 0.216648 0.216648 
-1.31698 -1.31698 -1.6362 -0.910534 0.125724 0.000852012 0.0230958 -0.167011 0.0353953 0.610149 0.354613 0.669176 0.291556 -2.43884 -2.35108 0.615511 1.3047 0.850383 0.469163 0.584483 0.784115 0.388176 0.164851 -0.180087 1.4137 1.43137 -0.317075 0.258886 0.258886 
2.16922 2.16922 1.32287 0.291118 -0.530505 -0.255853 -0.14938 -0.565632 -0.437125 -0.658295 -1.49431 -1.86932 -1.95003 -0.620286 0.446873 0.196945 0.707308 0.345874 -0.454188 0.564936 0.691212 0.316591 0.294609 -1.15945 -1.15512 0.410949 0.415702 0.478034 0.478034 
-1.11089 -1.11089 0.664336 1.32827 0.501424 0.14592 -0.349348 -0.132197 -0.162251 0.0551471 0.415847 -0.0443875 -0.137123 -0.531481 -1.5291 -2.41476 -2.04592 -0.431038 0.965007 0.903528 0.440219 1.70797 0.863308 -0.810765 -0.546526 0.333819 1.30747 0.862206 0.862206 
0.392601 0.392601 -1.17921 -1.43981 -0.525701 -0.192902 0.413366 0.930949 1.06694 0.641627 0.104086 -0.548966 -0.313482 0.164039 -0.0048737 0.947553 1.6227 1.12419 0.872009 0.360685 0.490819 1.48853 -1.22161 -3.07107 -0.71119 0.119044 -0.4229 -0.750007 -0.750007 
-0.0496356 -0.0496356 0.85226 0.684815 0.592562 0.312563 0.645608 -0.21847 -1.44875 -1.85397 -0.820211 1.33375 2.54273 1.84812 -0.511245 -1.4468 -0.40228 -0.204605 -1.23848 -1.06759 -0.408979 -0.12028 -0.420659 -0.00701916 0.750974 -0.701758 -0.219362 0.813171 0.813171 
-0.691123 -0.691123 -1.23877 -0.630199 -0.157988 0.379321 0.324121 0.0555213 0.962071 1.60887 0.0548907 -1.00077 -1.26118 -2.63849 -2.2205 -0.388703 0.234788 0.422938 0.962307 0.49447 -0.46267 0.381611 1.03064 0.972111 0.608073 0.189583 1.12507 0.787569 0.787569 
-0.0722915 -0.0722915 0.441877 0.0869092 -1.07557 -0.803021 -0.0879231 0.390116 0.324975 0.411665 0.463697 0.875674 1.7093 1.75711 1.12201 -0.75576 -2.67723 -2.15959 -0.244007 -0.173306 0.050828 1.21494 -0.851717 -1.01305 1.0717 0.571004 -0.0600619 -0.222993 -0.222993 
0.303291 0.303291 0.139727 1.10623 0.917268 0.061174 -0.867941 -1.43031 -0.737368 0.96225 1.70323 0.673183 -1.53169 -2.18187 -0.557312 0.437667 1.28942 1.47019 0.982844 0.479585 -0.73818 -1.29183 0.224447 0.298788 0.564159 -0.390143 -1.56795 -0.311081 -0.311081 
-0.468573 -0.468573 -0.527487 0.208612 0.200897 0.267213 0.193294 0.669929 0.662281 -0.555879 0.0238797 1.35008 0.182541 -1.17736 -1.1414 -1.31603 -0.0472717 1.0043 -0.907268 -2.35806 -1.82417 0.0553862 1.48954 0.420426 0.391154 2.12957 1.33645 0.103254 0.103254 
-0.176392 -0.176392 -0.371169 0.39238 0.884914 0.586889 0.0386417 -0.187499 0.406746 0.455966 0.191892 -0.00874822 -0.122762 0.0569866 -0.22702 -0.108247 -0.0926727 -0.577674 0.451068 1.01474 0.388394 1.96175 2.34615 -1.66473 -3.21065 -0.184265 -0.191851 -0.938218 -0.938218 
0.649471 0.649471 0.528079 -0.86332 -1.1215 -0.715002 -0.283649 -0.0751219 0.0113195 0.437611 -0.0116684 -0.217597 0.809241 0.463458 -0.551836 0.697494 1.72043 0.45592 -1.16637 -1.12798 0.238307 1.52499 1.42447 -0.879013 -2.71614 -1.69803 0.460907 0.678025 0.678025 
-0.204325 -0.204325 0.0833788 0.559348 0.396345 0.217241 0.458604 0.224805 0.0474698 0.470877 -0.0873617 -0.348455 0.980186 1.72709 1.01119 0.00548455 -1.04388 -1.53844 -1.41718 -1.85197 -0.651711 0.942075 -0.465216 -1.1773 -1.28325 -1.30335 1.30391 1.57438 1.57438 
-0.0126136 -0.0126136 0.0296672 0.0508199 0.0448383 0.0230271 -0.569603 -0.0355197 0.695048 -0.118267 -0.840109 -0.507249 1.7444 1.8429 -0.260666 -1.01932 -1.74085 -1.29518 -0.521632 -0.464815 1.19536 2.66988 1.02701 -0.344509 0.819086 -0.742898 -1.58413 -0.0360293 -0.0360293 
-0.312047 -0.312047 0.206423 1.17487 0.567187 -0.1573 -0.203909 -0.0751874 0.471287 0.144098 -0.041802 -0.129028 -2.30457 -1.97207 2.09828 2.52799 0.0838351 -0.680947 -0.273954 0.14105 -0.224231 -0.526423 -0.489985 0.808297 1.06737 -1.32057 -0.921684 0.327535 0.327535 
-0.663147 -0.663147 -1.63687 -1.61354 -0.380616 0.495272 -0.156767 -0.135972 0.0481362 -0.86213 -1.00731 -0.294497 1.31436 2.39766 0.906846 0.381371 0.276138 -0.960573 0.342325 1.21656 -0.098788 -0.238707 -1.25743 -1.23259 1.61765 1.61805 0.198898 0.194412 0.194412 
1.19392 1.19392 1.69144 -0.25841 -1.02232 -0.773854 -0.344738 0.00386695 0.00405261 0.296862 -0.210918 -0.550697 -0.501333 -1.1794 -1.54756 -0.523614 1.35016 2.11989 0.863715 -0.529579 0.466471 0.180706 -2.02373 -1.19278 0.721354 1.25295 0.259611 -0.469991 -0.469991 
-1.00472 -1.00472 -1.18813 0.561496 0.979137 0.762474 0.892527 0.561541 -0.102083 -0.576124 -0.736408 -0.192343 0.603368 0.318749 0.652994 1.24706 0.225863 -0.426802 -0.435815 -0.16674 0.895335 -1.10369 -3.10756 0.46079 2.34679 0.304449 -0.510102 -0.128675 -0.128675 
0.515525 0.515525 0.40424 -0.256475 -0.331279 -0.0486241 -0.436805 -1.4758 -1.17084 0.33385 2.0347 2.15114 0.257974 -2.11356 -2.2737 -0.0114601 0.741689 -0.639619 -0.657419 0.46741 0.545704 -0.0916409 -0.00860477 0.694793 -0.545604 -0.728767 0.922949 0.602347 0.602347 
-0.53628 -0.53628 -0.00912305 0.8743 0.812572 0.355717 -0.34238 0.49071 1.28365 -0.847718 -2.32243 -1.20191 -1.48053 -0.892882 1.88692 2.06493 0.641165 0.568297 6.55958e-005 -1.29625 -0.159658 1.23164 0.449608 -0.427934 -0.739741 0.38594 0.456092 -0.354251 -0.354251 
0.357048 0.357048 0.109725 -1.05848 -0.621253 0.686944 0.830116 0.286488 0.0138172 0.095457 0.322099 0.866675 0.612941 -0.410391 -1.75203 -2.64831 -0.979314 1.69414 1.38274 0.204228 0.966057 -0.630043 -1.55354 1.33894 1.10248 -0.789747 -0.554412 -0.114719 -0.114719 
-0.100909 -0.100909 0.512891 0.496759 -0.66072 -1.13077 -0.944232 0.0858892 1.52241 1.55292 -0.180612 -2.05144 -1.8102 0.621764 1.66656 1.17577 0.658689 -0.191734 -0.626136 -1.09001 -1.12201 0.614302 1.01312 0.218707 -0.434554 -1.35107 0.0531764 0.801167 0.801167 
