27
0.709742 0.799616 0.747587 0.71057 0.719236 0.76743 0.796134 0.837035 0.825905 0.828199 0.843542 0.760543 0.658165 0.524305 0.417285 0.235424 0.155965 -0.0211435 -0.129457 -0.47751 -1.14626 -1.29545 -0.9841 -1.39066 -1.8641 -1.96189 -2.06611 
0.3939 -0.2751 -0.0298932 -0.676189 0.187151 0.0639105 0.0253812 -0.398591 -0.0467646 -0.335234 -0.216423 0.177691 0.530676 1.1948 1.23042 1.98551 1.97963 1.1483 0.118732 -0.567841 0.23017 0.0236565 0.0840547 -1.24726 -2.14794 -1.54578 -1.88698 
0.479476 0.544402 0.405716 0.302694 -0.0390053 -0.107729 -0.390362 -0.712358 -0.480963 -0.405477 -0.758878 -1.13841 -1.22672 -0.96831 -1.28656 -1.07207 -0.839646 -0.642373 -0.631289 -0.44974 0.5556 0.806959 1.23016 1.28898 1.07512 2.04113 2.41964 
-0.47199 -0.84965 -1.1224 -1.17366 -0.989092 -1.00789 -0.985506 -0.984087 -0.6956 -0.473384 -0.665796 -0.583118 -0.607047 -0.127257 0.00516758 0.583686 0.784459 1.12692 1.56757 1.30466 0.587916 0.885331 2.65257 1.37315 -0.36378 0.0331849 0.195632 
-1.04199 -0.739145 -0.677302 -1.29056 -1.3517 -1.27436 -1.19553 -0.801274 -0.758375 -0.712029 -0.297896 0.0224035 0.0377113 0.506418 0.608058 0.727366 0.51025 -0.203912 -0.254975 -0.246818 1.05327 2.16584 0.487799 -0.122057 1.42806 1.60515 1.81559 
-0.168085 -0.447429 -0.588729 -0.611126 -0.364403 -0.640158 -0.628318 -1.2719 -1.20344 -1.50217 -0.998232 -0.605966 0.0719323 0.545571 0.369272 -0.0670706 -0.181901 -1.2261 -0.217112 -0.0695255 0.510551 1.54849 1.04466 1.19061 1.65729 1.75637 2.09692 
0.855877 1.26925 0.600077 0.102603 -0.400369 -0.155373 0.0253772 0.952844 1.90348 2.12017 1.61149 1.16909 0.2417 -0.803338 -0.9172 -1.22437 -1.02562 -1.35095 -1.39222 -0.986886 -0.27716 -0.728414 -0.126606 -0.599716 -0.307369 -0.428475 -0.127881 
0.219945 0.452515 0.877342 1.02797 1.40444 1.61249 1.71079 1.51934 1.11882 0.820228 0.365607 -0.159989 -0.016219 -0.0674053 -0.101777 -0.31935 -0.669268 -0.304364 -0.95856 -1.17146 -1.31027 -0.867748 -1.57184 -1.70079 -0.555249 -0.778257 -0.576945 
-0.941974 -1.60313 -2.03033 -1.46531 -1.14682 -0.980074 -1.14136 -1.10226 -1.0483 -0.555507 0.172766 0.156034 0.778007 0.681493 0.771489 1.10266 0.627043 0.734857 0.304562 0.958582 0.991184 1.19418 0.854572 0.870143 0.504706 0.356247 0.956545 
-0.236268 0.293424 0.518834 0.706909 0.92209 0.420196 0.434582 0.859434 0.461334 -0.50291 -0.280588 -1.01623 -0.837473 0.830161 0.982726 1.82003 1.40438 1.49948 -0.110799 -0.667981 -0.111032 -0.389893 -0.836558 -2.26141 -1.61 -1.06947 -1.22297 
-0.535846 -0.497913 0.588023 0.748824 0.316922 0.210276 -0.121148 -0.52752 -0.323058 0.493111 1.25828 1.25532 -0.126688 -1.16126 -2.52085 -2.53195 -0.986756 0.786801 0.44217 -0.262199 0.391113 1.75286 0.520398 0.874802 0.333218 -0.49142 0.114482 
0.0979017 -0.500461 -0.949383 -0.578643 -0.952164 -1.14743 -0.950172 -0.632212 0.300821 0.536323 0.478063 0.284152 0.53734 0.295924 1.0318 1.47061 1.59514 1.74853 1.50599 1.61455 -0.130775 -0.168152 -0.873698 -1.03703 -1.21788 -1.35309 -1.00607 
-0.52782 0.896012 1.61629 1.29711 1.2513 1.58708 1.13091 1.63988 -0.297533 -0.587226 -0.802857 -0.481946 -0.833881 -1.40008 -0.769638 -1.37754 -0.605438 -0.713735 -1.01495 -0.850983 -0.208122 0.223043 0.401366 0.312683 -1.37414 1.00433 0.48588 
0.818991 0.818991 0.401652 0.601278 0.881535 0.947439 0.92345 0.792439 0.665463 0.752528 0.472004 0.0848253 -0.0824531 -0.0977216 -0.255598 -0.164948 -0.149317 -0.24422 -0.806448 -2.64972 -1.99565 1.22787 0.381381 -2.19976 -1.18422 0.0301026 0.0301026 
-0.337237 -0.337237 -0.310485 0.417817 1.0341 -0.0285123 -0.382845 0.0770852 0.236739 -0.0378067 0.766433 1.04234 1.36048 0.986545 1.09372 1.04484 -0.824331 -2.03048 -1.85992 0.293389 0.85901 -0.0100676 -1.33534 -2.46771 -0.189637 0.469555 0.469555 
-0.41203 -0.41203 -0.69093 -1.02806 -0.971103 -0.873015 -1.2936 -0.439998 0.220072 -0.751056 -1.50668 -1.06646 -0.0070642 -0.388903 -0.461847 0.452609 0.424021 0.0564605 0.0303493 1.68144 1.79736 0.830651 0.51092 -0.547002 0.959499 1.9432 1.9432 
-0.782536 -0.782536 -0.419964 0.0880325 0.124091 -0.056061 -0.0335993 0.261991 0.507259 -0.0269373 -0.181941 0.00521458 0.446339 0.620022 0.729693 0.805616 0.543399 0.809856 0.137393 -1.14827 -0.525852 2.23344 0.481844 -3.4107 -1.54852 0.561367 0.561367 
0.162954 0.162954 -0.872535 -1.01154 -0.230945 -0.0727372 0.285477 0.24486 -0.148384 0.271227 0.580881 0.130084 0.29783 0.395413 0.000481129 -0.359813 -1.3019 -1.11421 -0.297756 1.22947 2.47781 -0.888422 -2.83531 0.813535 1.70303 0.188769 0.188769 
-0.865724 -0.865724 -0.48668 0.085725 -0.288024 -0.634519 -1.17714 -1.09361 -0.584875 0.0575258 1.07686 1.33349 1.45353 0.193434 -1.14896 -1.05828 -1.95498 -0.297141 1.46097 0.828242 2.14168 0.542713 -0.773141 0.658549 0.589403 0.403331 0.403331 
-0.181552 -0.181552 -1.25774 -1.06137 -0.184125 0.623713 1.43007 2.33972 1.49992 -0.224312 -1.00306 -1.49777 -2.20979 -1.24859 -0.376778 -0.0074252 -0.0288808 -0.312465 0.550837 1.43816 0.426074 0.298565 0.272742 -0.0928941 0.323008 0.332751 0.332751 
1.24286 1.24286 1.09921 1.01443 1.1151 0.627451 -0.0729297 -0.947395 -1.13522 -1.23009 -1.62804 -0.578998 0.252688 -0.059613 -0.351304 -0.904487 0.116651 -0.416778 -1.42972 -0.526201 0.622812 -0.368177 -1.37002 1.87256 1.70766 0.0523438 0.0523438 
-2.1888 -2.1888 0.0335512 1.38506 0.663207 -0.206348 -0.437695 -0.0475798 0.774709 1.99685 1.07337 0.880713 0.736114 -0.228054 0.547084 -0.478039 -0.882849 -0.800714 0.189245 1.02821 0.210755 -0.463839 -0.803527 -0.850347 -1.14764 0.602684 0.602684 
0.795027 0.795027 0.455458 0.44529 -0.240541 -0.440132 0.481056 0.0710444 -1.30972 -0.69302 -0.465788 -0.509093 1.87977 1.85374 1.02838 0.46358 -0.274172 -1.46164 -2.11001 0.0442209 0.320873 -0.676723 -1.81584 -0.724354 1.22925 0.429163 0.429163 
0.784728 0.784728 0.875175 -0.24215 -0.439027 -0.365062 -0.585698 -0.191217 0.708731 1.12148 0.518498 -1.0621 -1.8215 -1.805 -1.05159 1.0867 2.40044 1.00929 -0.814785 -0.0801698 1.44076 0.0525853 -0.688949 -0.180374 -1.0483 -0.203603 -0.203603 
-1.24077 -1.24077 0.0331644 0.132282 -0.611759 0.138556 0.813216 1.78043 1.67203 0.368931 -0.195555 0.213861 0.151413 0.785934 1.68012 0.876471 0.501281 0.0187449 -0.0401827 -2.01567 -2.20752 -0.840672 -1.00624 -0.316503 -0.279537 0.414369 0.414369 
1.81567 1.81567 0.19626 -0.515498 0.093013 -0.28825 -0.127341 -1.50354 -2.24557 -0.645883 -0.0785799 -0.205218 -1.02942 -0.116707 -0.155455 -0.0238388 0.440337 -0.556863 -0.303909 0.573216 0.821469 0.389874 -0.093111 -1.826 0.46621 1.55173 1.55173 
-0.274305 -0.274305 -0.133328 0.359318 0.264882 0.0500226 -0.0890392 -0.16177 -0.00776341 -0.1162 -0.451113 -0.371138 -0.108493 -0.101853 -0.0270532 0.0954777 -0.0355605 -0.443647 -1.67835 -0.8194 2.75879 1.69909 -2.40019 -1.08522 1.59516 0.877986 0.877986 
-0.0400063 -0.0400063 0.458771 0.862508 -0.363995 -1.02872 0.0139913 0.365994 -0.13701 0.304433 0.681413 0.348508 -0.0965407 -0.241019 -0.0184061 -1.3719 -2.16445 -0.767551 1.53317 1.80373 -0.266149 -1.56112 -1.74144 0.726305 1.95326 0.39312 0.39312 
-0.458687 -0.458687 -0.781207 -0.459904 -0.0435476 -0.500399 0.222378 1.25621 -0.489452 -1.84379 -0.49361 1.24275 0.456322 -0.626948 0.61317 0.655604 -0.570854 -0.568484 1.36268 1.49856 -1.00579 -1.42257 -1.50982 0.237265 2.19041 0.749198 0.749198 
0.0978638 0.0978638 0.387826 0.201453 -0.191339 -0.1991 0.0724518 0.199629 -0.274011 -0.502485 -0.0907392 0.249529 0.241839 0.052646 -0.00315484 -0.215427 -0.106671 -0.340838 -1.22679 -0.48767 1.82118 0.466098 -3.33075 -1.26802 2.15815 1.09523 1.09523 
-0.524127 -0.524127 -0.601388 0.408041 0.573238 0.338468 0.227956 -0.189725 0.0660822 0.456772 -0.0270247 -0.105901 0.198904 -0.113848 -0.368349 -0.672471 -0.367886 0.609556 1.35411 1.59416 -1.12576 -2.90175 0.997422 2.57396 -0.295836 -0.790239 -0.790239 
0.214763 0.214763 0.657132 0.0753537 -0.634795 -0.765302 -0.43297 0.379544 0.811455 1.20606 0.907928 0.212928 -0.959239 -2.08944 -1.04553 -0.701089 0.510054 2.56176 0.791552 0.447901 -0.298837 -2.33082 0.0113485 0.974837 -0.275411 -0.221973 -0.221973 
-0.879738 -0.879738 -0.719009 0.879927 1.38043 1.32241 1.40574 0.0583159 -2.09757 -2.0476 -1.04121 -0.986597 0.205104 1.50151 1.01707 0.28591 -0.248536 0.47566 1.43408 -0.100975 -0.931641 -0.124358 -0.319272 0.0422909 0.349548 0.00912185 0.00912185 
0.00852297 0.00852297 -0.0562081 0.130329 -0.17725 -0.78884 -1.08417 -0.692845 -0.0976311 -0.258054 0.615292 1.5541 0.514739 -0.342939 -0.526848 0.475474 0.490555 -1.06243 0.0346562 1.68527 0.238847 -1.40329 1.82896 2.46795 -1.2715 -1.14561 -1.14561 
1.34379 1.34379 2.3158 0.198315 -1.39908 -1.04631 -0.140349 0.61743 1.21583 -0.0397349 -1.05727 -0.497094 -1.05197 -0.390487 -0.434325 -1.28295 -0.486605 0.516518 1.06083 -0.239065 -1.32762 -0.984011 -0.532513 -0.502022 0.79049 1.0043 1.0043 
-0.186712 -0.186712 -0.193737 -0.432957 -0.563824 0.546411 0.401039 -1.1893 -0.479981 0.630929 0.174953 1.66835 1.68028 -0.540309 -0.912527 -0.852006 -1.28219 -1.22043 1.08823 1.7273 -0.450191 -1.4283 0.0149777 2.15163 0.844809 -0.504868 -0.504868 
0.0844355 0.0844355 -0.646773 -0.834805 -0.0551925 -0.0707414 0.139013 0.872354 0.884312 -0.0992497 -1.40375 -1.50611 -0.460926 0.529094 1.91765 2.28435 -0.0254186 -2.07889 -0.687727 1.50133 0.112123 -1.36849 -0.127211 -0.209926 0.0100425 0.578038 0.578038 
0.934126 0.934126 1.01998 -0.727942 -0.163891 1.06495 1.25283 0.574563 -1.39193 -1.78699 -0.303643 0.13121 0.326191 1.1548 -0.0909044 -1.19041 -0.912266 -0.638328 -1.93148 -2.04662 0.848429 0.871188 0.284697 0.460132 0.463739 0.431719 0.431719 
-1.16757 -1.16757 -1.69351 -0.0472339 0.196979 -0.133768 -0.868958 -1.53616 0.662808 1.63031 0.354679 -0.673544 0.0944623 0.674856 0.0976812 0.469306 -0.364809 -0.520887 0.864107 0.860634 -0.106418 -0.646753 -1.60832 0.442357 2.52496 0.831182 0.831182 
