34
1.02776 1.04892 1.03599 0.983097 0.862988 0.903809 0.747514 0.546594 0.594781 0.669755 0.672925 0.8241 0.854842 0.65418 0.560206 0.450624 0.272383 0.202622 0.216349 0.0620001 -0.0915861 -0.0985648 0.0822231 -0.539592 -0.0377249 -1.25649 -0.480363 -1.54583 -0.252408 -1.30119 -1.90139 -0.955599 -2.07113 -2.74178 
0.881564 0.921627 0.673771 0.0527539 0.16981 0.03349 0.293116 1.68114 2.08176 1.41359 1.17513 0.744239 0.529744 0.669524 0.943975 0.476891 0.0756287 -0.731233 0.368909 0.0593078 -0.178909 -0.402704 -0.638706 -0.884961 -0.672138 -0.549596 -0.162026 -0.722934 -0.71938 -0.334072 -1.98398 -1.32672 -1.51623 -2.42239 
-1.90783 -2.17959 -1.85164 -1.27615 -1.15827 -1.1973 -0.924875 -0.957256 -0.791817 -0.414384 0.18471 0.245728 0.490299 0.896795 0.860401 0.982823 0.932387 0.7208 0.227802 0.837229 1.16175 1.00276 1.13192 1.38418 0.316822 0.249058 -0.0639292 -0.0167808 -0.348971 -0.44929 -0.155009 -0.0675591 0.408459 1.72673 
0.947115 0.983128 1.21204 1.02321 0.884198 0.843791 0.716291 0.225772 -0.441451 -0.506447 -0.869941 -1.06121 -0.728467 -0.500789 -0.574141 -0.451829 -0.706965 -0.81462 -0.663179 -0.34186 -0.685036 -1.24676 -0.848593 -0.827517 -0.991424 -1.02777 -0.656503 -0.556981 0.292754 -0.14531 1.33439 2.40894 1.59816 2.17701 
-0.587141 -0.828842 -1.01315 -1.02726 -0.927716 -0.793942 -0.80291 -0.631858 -0.323711 -0.381487 -0.388687 -0.339548 -0.351502 -0.147173 -0.157701 -0.267616 -0.711482 -0.852444 -0.404188 -0.471643 -0.487315 -0.395157 -0.24091 0.126441 -0.0560736 0.355992 -0.0184305 0.371333 1.46634 1.27322 2.15446 2.50193 2.36538 1.99278 
-0.420654 0.438437 0.70667 0.222343 0.295586 0.117851 -0.36409 -0.269999 0.628762 0.685662 0.646113 1.23197 1.35105 0.354767 0.655643 0.882893 0.257216 -0.170352 -0.289543 -0.0305296 0.0905479 0.255937 -0.169634 0.508951 1.1223 0.775243 -0.206039 0.226863 -0.0149786 -0.754851 -0.955457 -3.49871 -2.54632 -1.76365 
-0.315459 -0.196084 -0.101016 0.228033 0.32618 0.299952 0.819009 1.11823 0.919956 0.938471 0.658983 0.478848 0.400155 0.520473 0.391557 0.576113 0.623057 0.523415 0.797486 0.876439 0.482702 0.655542 1.12182 0.396059 0.190369 -0.3818 -0.418068 -0.649364 -2.14506 -2.39753 -1.55804 -1.56871 -2.39432 -1.2174 
-0.948553 -0.350356 0.411166 0.554852 0.57107 0.563095 0.336092 -0.0588547 -0.120429 0.0803059 0.554385 0.894999 0.878858 0.697412 0.498289 0.389746 1.29322 1.14504 0.39598 1.31562 1.22156 1.00759 0.629562 -0.549616 0.072923 -1.42564 -0.424113 -1.44502 0.0683769 -1.67062 -1.79098 -0.475326 -2.1026 -2.21806 
0.839716 0.392379 -0.219557 -0.749595 -0.815107 -1.05859 -0.977823 -0.755595 -0.724569 -0.773518 -0.882447 -0.710397 -0.729021 -0.585712 -0.651461 -0.955812 -1.23609 -0.558827 -0.655953 -0.918406 -0.0866158 0.069259 -0.456949 0.776668 0.222054 0.285004 0.732211 1.31378 1.53885 2.53265 1.39964 1.60042 1.55382 1.2456 
-1.0195 -1.40058 -1.06166 -0.992278 -0.671608 0.201011 -0.430259 -0.682001 0.00511052 0.119439 -0.0423876 0.235773 0.28697 0.892203 1.28859 1.18788 0.466788 1.74988 0.839631 0.979183 1.18943 1.36764 -0.247209 0.0690943 0.437537 -0.0766703 -0.248267 1.01612 -0.702263 0.637066 -0.847983 -3.26268 -0.800503 -0.483484 
2.24813 1.92491 1.41331 0.888606 0.800746 0.0983156 -0.0264351 -0.519455 -0.73576 -0.729146 -1.0562 -1.02822 -0.768973 -0.753089 -0.362928 -0.841204 -1.30435 -0.834391 -0.809239 -0.94723 -0.87952 -0.676924 -0.889669 -0.210234 -0.477305 -0.399879 -0.428845 0.633934 0.774671 0.771969 1.65456 1.0531 0.79913 1.61761 
-1.84751 -2.448 -1.66028 -0.895335 -0.516028 -0.0449818 0.139789 0.375586 0.12005 0.279221 0.222341 0.368503 0.406941 0.581065 0.829215 0.923152 1.12325 1.18208 0.136993 0.421352 1.06755 0.803441 0.795791 0.0590477 1.08418 0.602965 1.50677 0.125753 -0.230953 0.0675388 -1.24017 -1.62223 -0.99454 -1.72256 
-0.916591 0.229759 0.267587 -0.735254 -0.933748 -1.2415 -0.483147 -0.235188 0.0115006 -0.361224 -0.355099 -0.19181 -0.0777984 0.5102 0.365763 0.818164 0.987891 0.675741 0.880416 0.914431 1.05067 0.984164 0.207206 0.169706 -0.485708 -0.483097 -1.43455 -1.21131 -1.89097 -2.49687 0.555953 1.5554 1.45116 1.89815 
0.50641 0.50641 0.36391 0.157661 0.337993 0.268359 -0.196837 0.196659 0.727577 0.640948 0.787587 0.840646 0.163586 -0.0764137 0.0988564 -0.0633013 0.0133282 0.382742 0.219965 -0.102005 0.181588 0.825043 -0.358122 0.259749 -0.888988 -0.361222 -0.066228 0.92924 0.961339 -2.68267 1.15562 0.163938 -2.94668 -2.94668 
-0.00079536 -0.00079536 -0.908872 -0.40762 0.258173 0.454011 2.54789 2.74156 -0.08288 -0.960731 -0.634808 -0.601886 0.182004 0.853632 0.020029 -0.908149 -1.37488 0.687492 1.37054 -0.467863 -0.349998 -0.346954 -0.377806 0.23871 0.7453 0.985338 0.0465323 -0.480962 0.818785 -1.45245 -1.07889 0.927142 -1.2204 -1.2204 
-0.290182 -0.290182 1.06624 0.729934 -0.253894 -0.006481 0.00415572 -0.167121 0.48899 1.18327 0.676691 0.1091 0.662211 0.212386 -0.242417 -0.264898 -0.799646 -1.50819 -0.193743 1.11511 -0.115135 -0.427915 0.230504 -1.68511 -2.19747 -0.989728 -0.805755 -0.836499 -1.07259 -0.0696144 0.231004 0.521965 2.4925 2.4925 
0.322349 0.322349 -0.0232949 -0.588887 -0.360721 -0.343027 -1.03497 -1.86468 -1.21053 -0.743616 -0.937732 0.132577 0.776615 0.152333 -0.00964315 -0.289095 -0.642619 -0.0175964 0.641855 -0.118508 -1.47599 -0.33634 0.559587 -0.304479 -0.392752 0.429958 0.638824 1.37436 0.547945 1.51637 3.84168 0.320579 -0.441455 -0.441455 
-1.22593 -1.22593 -0.734998 -0.122712 0.196277 -0.0377866 0.0426244 0.726664 0.233066 -0.44716 -0.216535 -0.226789 0.107965 0.11104 -0.566806 -1.50154 -1.56851 0.355853 0.514411 -0.486311 -0.142014 0.224512 0.81812 0.0917031 0.188157 -0.225802 -0.273911 2.89576 1.63844 1.17731 2.3434 0.147972 -1.40526 -1.40526 
1.20308 1.20308 -0.177822 -0.378253 -0.0631062 -0.63378 -0.35437 1.06486 1.02663 0.0621363 0.605853 0.768906 -0.857377 -0.670507 0.587162 -0.365243 -1.03833 -0.517713 0.188025 0.434998 0.338761 -0.22314 0.304374 1.37228 0.318024 -1.3211 -0.51938 0.240692 -0.964804 -0.922418 -2.77612 -1.59094 1.82778 1.82778 
0.472528 0.472528 0.815372 0.820406 0.239483 0.927723 1.45987 0.286947 -0.172035 -0.30484 -0.629658 -0.301331 0.189948 0.107827 0.212865 0.500417 0.035717 0.407098 0.699124 -0.392826 -0.239308 1.16693 -0.302403 -1.40116 -1.15001 -0.872986 -0.315616 -2.70197 -2.73659 1.08175 1.47712 -1.24554 0.696314 0.696314 
1.68952 1.68952 1.16351 0.300953 0.125433 -0.156049 -0.603899 -0.412446 0.276947 0.896867 1.05875 0.491412 -0.112778 -0.324544 -0.240173 1.03589 0.990011 -0.922502 0.313311 1.07135 -0.240597 -0.569235 -1.68629 -0.528314 -0.897941 -0.459335 0.0934686 0.685861 -0.145197 -2.03597 1.49922 -0.244755 -1.901 -1.901 
-1.7205 -1.7205 -1.85425 -0.970498 -0.507044 -0.270457 0.482762 0.402311 -0.0362758 -0.262632 0.0947989 0.240855 0.194371 0.118151 -0.605868 -0.952832 0.634773 0.93099 -0.588853 0.913527 1.59011 -0.606245 1.13684 1.09089 -0.80248 0.817813 1.6566 1.29732 1.96405 -0.232437 -1.51504 0.242064 -0.581157 -0.581157 
-0.135867 -0.135867 0.256257 0.240372 0.93956 0.110927 -0.867793 0.279816 0.598468 -0.140505 0.00210542 0.187536 0.472242 0.772717 0.158217 -0.81451 0.390042 0.225389 -0.770024 0.205325 0.238976 -1.3497 -1.2295 0.49689 -0.226043 -0.696129 0.852078 -0.494348 -0.429113 -0.226004 -3.49376 -0.0578295 2.32004 2.32004 
-1.29151 -1.29151 -1.62716 -0.921208 -1.2173 -1.27876 -0.92989 -1.08242 -0.250039 -0.434549 -0.398943 0.577823 0.55766 0.775766 -0.0474949 -1.46909 0.110653 0.924149 -0.0886833 -0.0177839 0.549626 0.0823955 0.876799 0.786293 -0.216641 0.180036 1.82161 2.10434 0.329268 1.56518 0.567667 -1.32582 1.03977 1.03977 
0.195227 0.195227 2.12339 1.54665 1.13164 0.856929 0.524728 -0.0970398 -0.205245 0.0752818 0.0569121 0.191513 0.230997 0.527137 0.413903 0.346042 0.29648 -1.46188 -1.14341 1.2449 0.470391 -0.452925 -1.12034 0.338077 0.698913 0.527578 -0.743048 -2.52304 -0.151371 -1.4943 -2.45532 0.277689 -0.210842 -0.210842 
0.969694 0.969694 -1.07238 -1.29693 -0.636482 0.272678 0.800695 0.31453 -0.27522 -0.503794 0.00550541 0.108015 0.511557 0.265989 0.13715 0.435657 -0.29079 -0.257584 0.0713285 0.00630362 -0.089208 -0.956892 -0.929332 -0.813846 -0.775733 -1.05701 -0.847384 -0.589143 -1.37695 2.16951 3.69484 0.695127 0.170208 0.170208 
0.11299 0.11299 -0.0361051 0.197266 0.296023 -0.170621 0.16417 0.884249 0.537173 0.259382 0.36036 -0.235082 -0.44693 0.169209 0.22548 0.154174 0.538441 0.365377 -0.134417 0.188259 0.886154 -0.174149 -0.192643 -0.167755 -0.232892 0.810765 1.14886 0.958818 -2.395 0.356444 2.27378 -2.74951 -2.03263 -2.03263 
-0.474494 -0.474494 -0.15587 0.844569 0.650431 1.5582 1.55682 -1.56954 -2.25065 -0.248106 0.330832 0.621941 1.02794 -0.000229975 -1.01716 -0.783949 1.11701 1.84787 -0.631678 -0.99094 0.179586 0.0850539 0.475011 0.816639 0.577328 -0.341446 -0.829332 0.593617 -0.514801 -1.10354 1.61533 0.0127759 -1.26237 -1.26237 
0.925378 0.925378 0.641135 -1.3368 -0.843452 -0.0029497 -0.356818 0.188725 0.920277 -0.0624068 -1.12892 -0.233287 -0.133753 -0.985622 -0.624439 -0.692007 -1.27185 0.291049 1.99611 -0.15461 -1.52518 0.0710795 -1.28361 -2.27312 0.366676 0.955202 -0.0915412 -0.446575 0.427108 0.880728 0.278944 1.69033 1.44441 1.44441 
-0.206352 -0.206352 -0.64162 -0.200027 0.248858 -0.459244 -1.11138 -0.0754553 0.922395 0.269589 0.733949 1.37898 0.0748532 -0.545439 -0.280065 -0.427476 0.268589 1.04815 -0.0180109 -1.5702 -0.10799 1.62619 0.0841684 -0.673252 0.624857 0.853529 0.786443 -0.0102895 0.168938 2.59444 -0.860611 -3.23657 -0.526797 -0.526797 
0.405564 0.405564 0.871696 0.740794 0.0964701 -0.0851586 0.61379 0.1768 -0.861811 -0.310463 0.199584 0.278858 0.289005 -0.481884 -1.19584 -0.73078 1.44585 1.61754 -0.60932 -0.467917 0.572964 0.762764 -0.0692902 -0.447772 -0.209899 -0.319954 2.40825 1.48768 -1.27643 0.568501 -0.751817 -2.82203 -1.15066 -1.15066 
-0.908182 -0.908182 -1.03138 0.0110838 -0.216482 -0.238448 0.984624 0.789391 -0.675736 -0.31805 0.374984 -0.958785 -0.944146 0.828447 0.128203 -1.05852 -0.15314 0.694342 0.526149 0.0332234 -0.463943 -0.0805605 0.921186 -0.0510354 -1.71489 -0.574127 0.900516 -0.3332 -0.774319 -1.17273 -0.470328 2.77031 2.04186 2.04186 
0.175085 0.175085 0.178443 -0.437741 0.0179813 0.760434 -0.481023 -1.14214 -0.448346 -0.358853 -0.0512628 0.493102 0.219319 -0.038317 0.208268 -0.171767 -0.11585 0.388912 -0.587181 -0.67957 0.986807 -0.0956902 -1.76661 -0.618987 0.298707 0.502967 -1.2736 -1.66848 2.47026 2.75709 -1.60598 -0.574428 1.24168 1.24168 
-0.1904 -0.1904 -0.845691 -0.579418 -0.137972 -0.344864 0.0144297 0.878406 1.20392 0.803164 -0.0988114 -0.680807 -0.410673 0.112434 1.24275 1.1438 -1.27859 -0.304879 1.72397 -0.211592 -1.03715 -0.889091 0.240306 0.808134 0.261622 0.962403 1.07924 0.0279009 -1.85859 1.4585 1.57002 -2.37397 -1.04905 -1.04905 
-0.138983 -0.138983 0.572527 1.05334 0.532303 0.765592 0.510347 -0.449173 -0.566641 0.0742308 0.374059 0.0488677 -0.130085 -0.675567 -0.893543 0.96754 1.48536 -1.01644 -0.0453571 1.72298 -1.25486 -0.396224 1.33506 -1.59264 -0.251153 1.9485 0.354756 0.216234 -1.2629 -2.8323 0.350723 0.720568 -0.694071 -0.694071 
0.106855 0.106855 0.0966412 0.294075 -0.2285 -1.30735 -0.0366792 0.797497 -0.415525 -0.528716 0.0656513 0.157015 0.230985 -0.34718 -1.16582 0.00378677 0.523357 -0.891162 -0.158171 0.503489 -1.14511 -1.08946 1.04204 0.499924 -0.912349 0.547933 -0.015531 -0.969042 0.0272677 -2.11576 -0.0371384 3.59285 1.38363 1.38363 
-0.445154 -0.445154 0.145011 0.178077 -0.463468 0.0757209 -0.000410394 0.403794 0.377057 -0.289037 0.681778 0.635156 0.000923701 -0.670458 -2.04123 -0.0323439 1.83617 -0.331198 -0.952001 0.369066 -0.0808053 0.108959 0.423896 -1.07866 -0.671379 1.5394 1.44414 -1.41214 -0.615284 0.034745 -2.5814 0.230116 1.81305 1.81305 
1.36842 1.36842 0.955154 -0.723877 -0.507454 -0.448111 -0.6968 -0.536294 0.110254 0.174627 0.070062 0.111518 0.22727 0.117838 -0.14299 -0.0973655 -1.30871 -1.04499 1.92634 1.14316 -1.22982 -1.15308 0.553576 1.29038 0.122564 -1.04648 -2.19918 0.410747 0.72393 -1.66414 1.25651 1.59508 -0.363286 -0.363286 
-1.29926 -1.29926 -1.45124 0.377977 1.14533 1.0557 0.111262 -0.645306 -0.470954 0.272945 0.497041 0.425459 0.18986 -0.170485 0.197775 -0.20672 -0.386291 0.328037 0.261549 -0.025726 -0.569011 -0.485709 0.179756 0.186899 -0.0816561 0.0344367 0.399617 -0.275508 1.95015 3.51581 -0.91501 -2.30274 -0.272361 -0.272361 
