26
-0.858842 0.188275 0.855496 1.04118 1.16548 1.22505 1.15697 1.02517 0.869864 0.784258 0.619943 0.589712 0.327758 0.379722 0.84255 -0.209426 -0.471132 -0.856799 0.148026 -0.854239 -0.523948 -1.24625 -0.866463 -1.48276 -1.64297 -2.20661 
0.188965 0.50344 1.14123 1.40312 1.15903 0.722768 0.580503 0.899238 0.928517 0.971097 0.324243 1.01503 0.615411 0.324763 -1.22784 -1.63576 -0.130191 -1.27531 -0.10605 -0.0779839 -0.929507 -0.0756624 -0.922424 -2.27874 -1.10138 -1.0165 
2.21106 0.980817 0.246922 -0.134893 0.0197048 0.188058 0.441358 0.600172 0.645092 0.233437 -0.781957 -0.0585042 -0.122494 -0.537997 -1.21318 -1.14342 -0.522266 -0.69047 -2.15599 -1.62457 -0.561996 0.0459779 0.327832 0.323905 1.22194 2.06146 
1.30594 0.491204 0.102035 -0.224991 -0.499173 -0.712473 -0.892291 -0.937658 -0.714696 -0.976554 -1.24797 -0.908492 -1.09064 -1.08938 -0.288406 -0.746468 -0.127379 -0.610234 0.503358 0.00618759 1.15978 1.16072 1.94267 1.38024 1.77061 1.24406 
1.03499 -0.316985 -0.70053 -0.625697 -0.562067 -0.687027 -0.672366 -0.821938 -1.00183 -0.710187 -1.1396 -0.867498 -0.918036 -0.848736 -1.05749 -1.05408 0.241805 0.707278 0.969781 0.738076 1.54968 1.1288 1.29099 1.34139 1.64727 1.33402 
0.548323 0.126519 0.226109 0.578462 0.876556 0.79008 0.806796 0.969481 1.03869 1.06354 0.901527 0.870075 0.59325 0.606389 0.619583 0.628352 0.134692 -0.542845 -1.01047 -1.19143 -1.81705 -1.95546 -1.33677 -1.50077 -1.19941 -0.824229 
-0.588225 -0.269047 0.183513 0.982279 1.05759 1.21641 0.96697 0.864805 0.656737 0.22696 0.386108 0.229602 0.508589 1.01594 0.710565 0.986438 -0.25835 -0.83728 -1.16421 -1.72122 -1.30468 -2.32089 -0.512042 -1.62664 0.843484 -0.233407 
-0.946938 -1.27588 -1.08611 -0.643469 0.14223 0.746573 1.18619 1.372 1.65663 1.50977 1.35421 1.21142 0.641202 0.456538 0.406488 -0.604868 -0.546361 -1.13159 0.0666699 -0.807191 0.284838 -0.183415 -0.084408 -0.798654 -1.09981 -1.82605 
1.10667 1.36629 1.31352 0.606333 -0.119036 -0.869393 -1.06721 -1.13108 -0.723621 -1.15878 -1.17685 -1.51089 -1.09428 -1.21552 -0.845245 -0.112446 0.171909 0.480765 1.01986 1.44899 1.0974 1.68618 0.45508 0.118327 0.00433638 0.148688 
-2.28072 -2.04072 -1.09163 0.10118 0.74978 1.13615 0.847753 0.595861 0.490575 0.0401853 0.406507 0.649088 0.94672 1.21727 0.514578 1.77722 0.253032 0.546274 -0.790637 0.00444321 -1.25889 -0.76405 -1.1398 -0.580151 -0.0453008 -0.284714 
0.93154 1.65594 2.13412 0.331565 -0.622493 -0.88651 -0.667268 -0.574236 -0.815179 -0.723265 -0.669524 -1.62767 -1.32286 -1.21878 -0.513164 0.117672 0.116553 1.01545 1.03478 1.35025 0.752841 0.155842 1.17606 0.153395 -0.312751 -0.972307 
-0.200439 -0.101392 -0.748045 -0.630775 -0.190068 0.247646 0.138316 -0.0863373 0.866605 0.968734 1.64493 1.16601 1.57963 1.66829 1.00847 1.12801 -0.297736 -0.593788 -1.58069 -0.73365 -1.52252 -0.862334 -1.40754 -1.4177 0.0608219 -0.104441 
-0.46904 -0.765914 -0.822891 -1.08022 -1.20648 -0.825626 -0.117813 0.342901 -0.0652491 0.921931 0.278606 -0.050969 -0.0268041 -0.573152 -0.632669 -1.72816 0.075166 -0.946857 -0.0594553 -1.07392 1.80307 1.65789 1.65911 1.36867 1.08909 1.24878 
2.54033 2.54033 1.32359 0.556739 0.378599 0.106864 -0.163425 -0.28663 -0.221388 -0.234112 -0.155896 -0.293808 -0.177711 0.846019 -0.713258 -1.73664 -0.795498 0.993432 0.122508 -0.830247 -0.434814 -0.364898 -0.215171 -0.977897 -0.903513 -0.903513 
1.01114 1.01114 0.956615 0.0422111 -0.681681 -0.576098 0.206738 0.384607 0.0982684 -0.602798 0.0693097 0.325665 -0.691959 -1.88747 -2.00906 1.16189 0.397505 0.0487911 1.26524 -0.830063 0.0261669 0.0311042 -2.26055 -0.161797 1.33254 1.33254 
-1.75229 -1.75229 -0.993367 -0.198601 0.293529 0.381819 0.373286 0.186887 -0.323402 -1.27186 -0.256498 0.594542 -0.424265 -0.970982 -0.53691 0.622675 0.409814 -1.45674 -0.830912 1.43049 1.49896 0.800606 0.253255 0.804436 1.55891 1.55891 
-2.03632 -2.03632 -1.20815 -1.01289 -0.819777 -0.65954 -0.374378 0.309574 -0.058045 -0.897534 0.123579 0.27516 -0.299163 1.37026 0.5903 0.28144 0.239341 1.07905 1.05474 1.12265 1.96849 1.33742 0.380768 -0.284171 -0.22323 -0.22323 
-2.48393 -2.48393 -0.465121 0.167593 -0.115097 -0.184384 -0.219208 -0.494483 0.129799 -0.22325 -0.250901 0.285171 -0.00177364 -0.225643 -0.318868 1.81008 2.46386 1.0017 0.0152557 0.792193 0.524522 -0.39435 0.272474 0.475783 -0.0387499 -0.0387499 
-0.440594 -0.440594 1.02927 1.40616 0.572974 0.0387334 0.511805 0.611472 0.349776 -0.0892432 -0.196148 -0.414133 -0.329468 0.221181 0.212882 -0.749461 -2.05253 -2.00309 -1.06025 -1.36024 -1.27946 1.08307 1.03448 0.43199 1.45571 1.45571 
0.754833 0.754833 1.3276 0.87706 0.112778 -0.27508 -0.586771 -0.537356 -0.928621 -0.490058 -0.163694 -0.0205693 0.77227 0.0743703 -0.202083 -1.32402 -2.3449 -1.24871 -1.22253 -0.334611 -0.883037 0.779798 0.662298 1.45204 1.49708 1.49708 
-0.0909772 -0.0909772 0.952582 1.75857 1.97727 1.50919 0.943134 0.733523 0.283584 -0.311759 -0.306247 -0.86708 -0.923717 -0.220192 -1.33828 -1.19146 -0.615126 0.92637 0.535998 0.392325 0.940904 -0.402145 -0.734847 -1.27606 -1.29229 -1.29229 
0.387696 0.387696 -0.918527 -1.82724 -1.88557 -1.17282 -0.245331 0.572443 0.0708098 -0.504117 -0.367506 0.219793 0.507299 0.444682 1.59854 1.48246 0.909692 1.25386 1.41636 0.212982 0.428681 -0.759582 -2.01004 -0.500756 0.149247 0.149247 
1.14832 1.14832 2.26652 1.91386 0.96744 -0.132194 -0.881237 -0.666348 -0.8993 -0.345831 0.467422 0.386809 0.419638 -0.754323 0.409964 -0.554116 -1.69178 -1.472 -0.883052 -0.796703 -1.14906 -0.107405 -0.0313515 1.0373 0.0995464 0.0995464 
1.32782 1.32782 -1.16026 -2.57046 -1.0556 0.0996541 0.451211 -0.00189408 -0.00299577 0.287155 -0.74675 -0.49954 0.54634 0.940977 1.45963 0.76377 1.02771 1.04784 0.473392 -0.133864 -1.03229 0.560447 0.141332 -1.32216 -0.964643 -0.964643 
-0.699819 -0.699819 -0.678093 0.618285 1.00033 0.344558 -0.445133 0.821336 1.21093 0.880992 0.18825 -0.124806 0.551883 -0.7279 -0.691093 -1.60424 -2.09972 -1.57652 -0.213697 0.0224126 -0.20037 0.0901237 -0.709071 1.70367 1.51875 1.51875 
-0.546258 -0.546258 -0.500595 -0.580597 0.156356 1.11951 1.21173 -0.0769433 0.531001 0.25943 -1.26111 -0.49032 -0.740642 -0.837274 -1.4714 0.679741 0.764575 -0.293099 -0.284374 2.01314 3.01697 -0.303879 -0.471627 -0.795881 -0.276093 -0.276093 
-0.868894 -0.868894 -1.6028 -0.608814 -0.134968 -0.223159 -0.0810093 0.240108 0.345842 0.358259 0.238448 0.274703 1.38644 -0.21696 -2.17613 0.216873 2.90837 1.17415 -1.44975 -0.2378 0.740938 0.505788 -0.291084 -0.363191 0.366769 0.366769 
-0.0888541 -0.0888541 -0.692359 -1.13414 -0.460949 0.533488 0.581197 -0.124456 -0.704551 -0.0719788 0.559917 -0.555302 -1.51353 -0.922152 1.9597 1.53546 -0.787507 0.519836 -0.632908 -0.870651 0.515502 -1.5621 -0.18018 2.31857 0.933394 0.933394 
0.354799 0.354799 0.987033 0.7748 0.212801 -0.185477 -0.403991 -0.803137 -1.40936 -0.195701 1.2358 -0.382382 -1.49429 -0.338532 1.01883 0.504193 -1.90309 -1.23592 2.04786 1.60449 -0.749994 -1.23988 -0.245876 0.78972 0.351256 0.351256 
0.789121 0.789121 1.02454 0.25887 0.216647 0.327623 0.959052 0.172011 -1.66476 0.00959498 1.2045 -0.719072 1.11095 0.863019 -1.52215 -0.632527 0.752269 0.773717 -0.156807 0.892301 0.049556 -2.12365 -2.1645 -0.937609 -0.135909 -0.135909 
1.46363 1.46363 1.98598 0.0859234 -0.493632 -0.289 -0.459058 0.0850833 0.020875 -0.517345 0.216693 0.00262588 -0.624764 -0.464834 1.4776 2.0943 -0.870424 -2.22455 -0.376015 0.21739 -1.18263 -0.411133 0.515313 -0.459987 -0.627834 -0.627834 
1.06296 1.06296 1.38917 -0.60421 -1.39283 -0.26221 0.286459 -0.349509 -0.815761 -0.681783 -0.490471 -0.32466 0.34062 0.260156 -1.04939 -2.17006 -1.29433 0.649581 0.347143 -0.398995 1.9055 1.79353 -0.772796 0.155326 0.676801 0.676801 
0.547682 0.547682 0.04606 -1.44258 -1.37279 -0.868886 -0.382036 -0.470632 -0.0373637 0.761628 0.432694 0.952056 0.0156792 -1.17485 -1.64696 -2.47579 -0.0061829 1.1596 0.927714 0.287957 1.15073 1.63052 0.65844 0.839397 -0.0398882 -0.0398882 
1.12601 1.12601 1.95372 1.10662 -0.201784 -1.00768 -0.742251 -0.623005 -1.01913 -0.551408 -0.515967 -0.579791 0.718645 -0.371417 -0.943124 0.796968 2.22923 1.23647 -0.494118 0.47014 -0.761562 -1.6666 -0.843153 -0.518145 0.0376597 0.0376597 
-1.05605 -1.05605 -1.81609 -0.772371 0.583801 1.40832 1.49616 0.300866 -0.863967 -0.33015 0.641918 0.768125 0.224545 0.94915 0.904437 -0.539693 -0.154751 0.460224 -0.834124 -0.789632 -0.776987 -2.00326 0.25293 1.84245 0.580103 0.580103 
1.13387 1.13387 0.798391 -1.16565 -1.87624 -1.68848 -0.43799 0.0529597 0.375046 1.37029 0.767094 0.0246864 -1.0154 0.0609406 0.260597 -1.92921 -0.803025 0.839473 0.712542 -0.182905 0.725862 1.1334 1.15909 0.194665 -0.821931 -0.821931 
-1.53929 -1.53929 -2.5128 0.250556 2.02157 1.2185 0.108202 -0.135249 0.377844 -0.335133 -0.364777 1.07097 1.17274 0.80878 0.0559728 -0.119869 0.37441 -0.204356 -0.637467 -0.861118 0.657609 0.988494 -1.12132 -0.585185 0.425112 0.425112 
-0.130544 -0.130544 1.05577 1.38549 -0.400912 -1.47316 0.285871 1.36503 -0.0958349 -1.08628 -1.07083 0.182333 -0.702314 -1.28787 -0.95236 -1.43945 -0.125065 1.57546 1.31275 -0.13823 -0.0884637 -0.615936 1.32613 1.88825 -0.319645 -0.319645 
0.00211149 0.00211149 -0.0518135 0.414145 1.11728 0.6827 -0.835126 -0.487508 0.198062 -1.23663 -0.534029 0.322153 -0.262528 -0.52123 0.993863 1.47847 -0.684401 -0.735702 1.52583 2.19657 -1.59043 -2.38012 -0.360296 0.103131 0.321691 0.321691 
