57
-1.94896 -1.97227 -2.09152 -0.0902795 0.761554 0.863086 0.925985 0.953321 1.01656 0.97523 0.972609 0.970171 0.894369 0.945032 0.96757 0.913555 0.862951 0.796302 0.774387 0.638769 0.570277 0.519524 0.491861 0.463747 0.395566 0.286833 0.299233 0.321748 0.343268 0.323302 0.277353 0.245344 0.232686 0.280202 0.467674 0.541933 0.563491 0.621627 0.636918 0.583038 0.478747 0.304666 0.150624 -0.0358163 -0.409204 -0.862017 -1.11046 -1.08315 -1.19972 -1.14792 -1.09965 -1.2749 -1.42463 -1.6468 -1.75528 -2.04901 -2.42951 
-2.55642 -2.40895 -3.10336 -0.111118 0.281773 0.560051 0.552718 0.39137 0.152067 0.350115 0.377252 0.367604 0.5534 0.274428 0.427064 0.642078 0.490673 0.502836 0.567077 0.855515 0.997615 0.642434 0.640772 0.723971 0.975598 1.19567 1.08615 1.0417 0.895583 1.08099 1.07365 1.10636 1.08709 0.883609 0.372741 -0.0365018 -0.115163 -0.576815 -0.744726 -0.883978 -0.995224 -1.32358 -1.5546 -1.50085 -1.41513 -0.9341 -0.619422 -0.545302 -0.458966 -0.569165 -1.31627 -0.772578 -0.454945 0.190395 0.285333 0.652967 0.71852 
0.118882 -0.212292 -0.245137 -0.555446 -0.704927 -0.801189 -0.860725 -0.813679 -0.699445 -0.70666 -0.734369 -0.807008 -0.979152 -0.812344 -0.817172 -0.874364 -0.739399 -0.724087 -0.68623 -0.776967 -0.6208 -0.150202 0.0254294 -0.144802 -0.396718 -0.47822 -0.374161 -0.425763 -0.386856 -0.555383 -0.606837 -0.69576 -0.684798 -0.620383 -0.693774 -0.549528 -0.559389 -0.370811 -0.408879 -0.557277 -0.561387 -0.117379 0.245196 0.557493 1.28675 1.95622 2.30962 1.96276 1.82532 1.65016 1.60994 1.70742 1.58657 1.59126 1.58301 1.90942 1.58425 
0.518694 0.20794 -0.326648 -0.623059 -0.750229 -0.749294 -0.783579 -0.878028 -0.980075 -0.952689 -0.950679 -0.937473 -0.910928 -1.03678 -0.978916 -0.847689 -0.848875 -0.893745 -0.923366 -0.822702 -0.794155 -0.904699 -0.988518 -0.982116 -0.707978 -0.579778 -0.715421 -0.610978 -0.630844 -0.628137 -0.306729 -0.317535 -0.425121 -0.406105 -0.286319 -0.0486184 -0.185615 -0.152168 -0.0942705 0.225778 0.578446 1.03558 1.42429 1.55067 1.49747 1.20221 1.2577 1.3569 1.54365 1.53227 1.86622 1.48437 2.06061 1.74695 1.54094 1.19115 1.13802 
1.00911 0.829404 0.804493 -0.15867 -0.632268 -0.887136 -1.04167 -1.21073 -1.35086 -1.39972 -1.42831 -1.52487 -1.59191 -1.41672 -1.39354 -1.32452 -1.29301 -1.27405 -1.11057 -1.08731 -0.816744 -0.695484 -0.591411 -0.52416 -0.513138 -0.40001 -0.404503 -0.251159 -0.279874 -0.206512 -0.25633 -0.130365 0.0206986 0.131771 0.158155 0.156671 0.373764 0.622223 0.922103 1.14335 1.32664 1.35703 1.15144 1.08674 0.947531 0.836758 0.606404 0.684472 1.00488 1.09255 1.25415 1.29729 0.998227 0.996503 1.42788 1.41315 1.54216 
1.27513 0.964227 2.86705 1.36939 0.524638 0.483125 0.456968 0.531949 0.278227 0.297106 0.622413 0.749535 0.811954 0.693466 0.892712 0.599035 0.233104 0.521529 0.496972 0.657901 0.311795 0.216958 0.173325 0.168075 0.729675 0.617032 0.866107 0.427159 0.707388 0.335034 0.46685 0.299407 0.114614 0.210675 0.372146 0.464706 -0.19751 -0.623464 -0.795476 -1.17169 -1.56042 -2.66686 -2.28688 -1.97551 -1.91147 -0.876853 -1.01871 -0.795362 -1.13045 -0.326378 -1.11807 -0.0805749 -1.53528 -0.488903 -1.09359 -0.747927 0.593995 
-1.80785 -1.29776 0.0875333 0.896962 0.155693 0.178098 0.385502 0.891751 1.51529 1.71618 1.222 1.30257 1.24949 1.08592 0.750136 0.703447 0.744068 0.408577 0.281045 -0.0358882 -0.0891361 -0.113872 0.520613 0.464767 0.430419 0.748615 0.666317 0.734169 0.594596 0.753469 1.01692 0.969263 0.644882 0.2928 -0.145784 -0.527655 -0.692423 -1.09737 -1.61054 -2.33507 -2.41915 -1.96011 -1.37666 -1.45409 -0.662581 0.0663895 -0.437869 -0.301471 -0.801958 -1.42334 -0.539647 -0.345356 1.22933 0.206108 -0.150938 -1.20407 -0.0823336 
-2.13736 -1.38987 -1.22744 -0.316028 -0.207978 0.0348111 0.373534 0.443307 0.259513 0.293513 0.438196 0.569471 0.688597 0.847228 0.789595 0.799462 0.938689 1.18061 1.08668 1.08496 1.09851 0.963942 0.975118 0.791361 0.643257 0.451804 0.697736 0.691401 0.569218 0.607068 0.496815 0.38285 0.494056 0.623587 0.576674 0.69599 0.566604 0.669334 0.621437 0.569677 0.52073 0.490323 0.350215 -0.471233 -1.01447 -1.9452 -2.00053 -1.89892 -2.05807 -1.83143 -1.56616 -1.36114 -1.45733 -0.766692 -1.12766 -0.873197 -0.725187 
0.564873 1.09941 1.13099 0.437958 0.27772 0.0721477 -0.210058 -0.523385 -0.630811 -0.527499 -0.754393 -0.625937 -0.646944 -0.854232 -0.912695 -0.748364 -0.564831 -0.58849 -0.567961 -0.575088 -0.442892 -0.360466 -0.954863 -0.817021 -0.595175 -0.639103 -1.12796 -1.1153 -1.05267 -1.03293 -0.995145 -0.909454 -0.892292 -0.992361 -0.920616 -0.931058 -0.728023 -0.568377 -0.267494 0.219077 0.670453 1.24171 1.07446 0.82269 1.06988 1.66844 2.3211 2.07043 2.45063 2.1741 1.64181 1.19603 0.942406 0.449244 0.238144 0.126437 0.113736 
0.384628 -0.155351 0.550839 0.197696 0.533608 0.361067 0.487035 0.649229 0.508771 0.360711 0.551938 0.620183 0.624611 0.729504 0.898172 0.775682 0.706764 0.963701 0.904028 0.989194 0.84513 0.645906 0.717297 0.569004 0.597446 0.767391 1.15655 0.80434 0.762185 0.616128 0.680237 0.756813 0.779394 1.01207 0.858241 0.657564 0.534831 0.251125 0.140866 -0.110943 -0.593654 -1.29902 -1.49825 -1.35703 -1.30188 -1.12283 -1.24381 -1.71642 -1.79923 -1.8467 -1.79716 -1.99182 -1.41313 -1.69447 -1.43037 -1.43771 -1.14011 
0.580941 0.699791 2.49571 0.626206 1.85341 1.69592 1.27415 1.21514 1.0903 1.38926 0.403735 0.294441 0.915168 0.243463 -0.812073 -1.04681 -0.89141 -1.06826 -1.18779 -2.09777 -1.56149 -0.615268 0.135051 0.0159628 -0.379428 -0.291412 -1.28791 -1.02182 -0.656209 -0.117173 0.132246 0.473328 0.308932 -0.201386 -0.564682 -0.923097 -0.391907 0.27039 0.429364 -0.270516 -1.22672 -1.75218 -1.2313 -0.382152 -1.02513 -1.11637 -1.30443 0.102748 1.20784 0.590599 0.341167 0.587587 0.119915 0.442017 0.690106 1.33793 1.46188 
0.925672 0.548907 2.11935 -1.55772 -0.674098 -0.192608 0.237085 -0.0146957 -0.147514 -0.224851 -0.207609 0.075803 0.0812428 0.189981 0.357441 0.274139 0.457193 0.715199 0.683686 0.747198 0.421952 -0.238653 4.89208e-005 0.349393 0.322954 0.188515 0.576528 0.229496 0.0625847 0.0685351 -0.0911851 -0.297569 -0.416538 -0.509198 -0.957297 -1.07156 -1.03866 -1.6834 -2.55546 -2.58606 -2.53944 -1.98239 -1.34196 -0.37789 0.492105 0.77189 0.62644 1.22371 0.976574 1.1798 -0.13508 0.155296 0.724566 1.54386 1.21397 0.849304 1.45101 
0.347663 0.00379737 1.70264 -0.0270816 0.474263 0.175012 -0.400308 0.0129802 0.352979 0.767112 0.660119 0.986158 1.12143 0.751514 0.699733 0.58155 0.877667 0.817095 0.488308 0.118174 0.233277 -0.0789213 -0.720754 -1.29036 -0.935322 -0.841909 -0.748633 -0.532406 -0.692877 -0.842035 -0.640246 -1.10872 -1.23574 -0.595673 -0.377355 -0.233349 -0.259782 0.507262 1.48747 2.03039 2.23231 1.98688 1.35504 1.34313 0.874319 -0.24291 -0.0533564 -0.51684 -2.07336 -2.21609 -1.00607 -1.17721 -1.09681 -1.558 -0.381142 -0.871503 -0.233507 
-0.219449 -0.219449 3.53108 5.33004 1.81079 0.349271 0.211819 0.212453 0.0852451 -0.0367648 0.0352869 -0.100282 -0.00191225 0.180264 -0.0136525 -0.14915 -0.172556 -0.119408 -0.247174 -0.33346 -0.176246 -0.100609 -0.0586699 -0.13373 -0.283079 -0.133799 0.10934 0.126233 0.0475372 -0.0774499 -0.0997597 -0.038088 0.109233 0.479979 0.529519 0.222161 0.192294 0.180684 -0.0268284 -0.248357 -0.471033 -0.563196 -0.586091 -0.992434 -1.4859 -1.25443 -0.364999 -0.120699 -0.0753307 0.230039 -0.190568 -0.557377 -0.644299 -0.567879 -0.700446 -1.20435 -1.20435 
-0.956766 -0.956766 3.19155 4.77707 0.819509 0.235894 -0.405179 -0.743443 -0.219364 0.169166 -0.133701 0.0976585 -0.295076 -0.343431 0.37691 -0.0664489 -0.36225 -0.0477906 0.355079 0.468616 -0.469923 -0.679562 -0.0403064 0.329046 0.52864 0.00200274 -0.383726 -0.437092 -0.101912 0.100462 -0.122213 -0.139617 -0.484023 -1.20088 -1.50093 -0.870676 -0.947101 -1.07725 -0.607117 -0.524487 -0.800237 -0.974903 -0.417715 0.0441747 0.667248 1.00112 0.407749 0.0747748 -0.194003 -1.40935 -0.455826 1.0968 1.24502 0.920285 0.515328 0.472479 0.472479 
-1.12021 -1.12021 -1.06464 -1.3753 -0.80519 -0.565626 -0.183928 0.278899 0.134377 -0.243681 -0.417937 -0.802633 -0.164876 0.280765 -0.315849 0.0564828 0.249593 -0.0090513 -0.291507 0.0236086 1.5187 1.57054 -0.13628 -1.27504 -1.03871 -0.0905817 -0.0109462 -0.184475 -0.495901 -0.736575 -0.524551 -0.358311 0.0501002 -0.174569 0.0380551 0.207267 0.325342 0.250212 -0.647307 -0.556862 1.02099 1.99764 1.64683 2.62347 3.57478 2.57372 -0.133233 -1.44059 -0.983253 -0.724319 0.00184975 -0.2129 -0.46006 -0.160147 0.696737 -0.147355 -0.147355 
-2.4361 -2.4361 -2.39507 -1.22955 -0.378908 -0.113186 -0.386059 -0.579911 -0.231367 0.0663148 0.0257495 0.0959382 -0.301885 -0.212279 0.523174 0.354236 -0.149535 -0.230882 0.185457 0.351862 -0.252357 -0.573807 -0.239252 0.784778 1.13321 -0.039075 -0.107037 0.224175 -0.0668697 0.909436 0.870779 -0.356473 -0.271158 0.3793 1.0049 0.27031 -0.314011 0.243533 1.06343 1.9067 2.29888 2.40199 1.45575 0.191565 -1.01463 -0.703713 0.424742 0.800246 0.483923 0.905016 -0.154835 0.538339 0.733416 -1.50446 -1.60778 -1.17044 -1.17044 
-0.622814 -0.622814 -2.81463 -4.06988 -2.08835 -1.19572 -0.955666 -0.915387 -0.579112 -0.267056 -0.400483 -0.508061 0.252177 0.504579 0.207558 0.230863 0.0908068 0.460002 0.472037 0.771641 1.04581 0.580014 0.428918 0.168599 0.296944 0.253537 0.366048 0.298285 0.0745234 0.0154844 0.162649 0.72464 0.682975 0.334171 0.0192815 0.552809 1.25205 1.48366 1.40753 1.08136 0.547408 -0.540516 -0.806533 -0.620841 -0.749743 -1.00472 -0.476419 1.0644 1.09126 0.646979 0.522399 -0.766349 -0.891858 1.15161 1.11524 0.269348 0.269348 
2.21356 2.21356 0.547106 -3.31107 -1.26634 -0.116855 0.0467263 -0.272821 -0.3516 0.461476 0.61347 0.244322 -0.100564 0.0915684 -0.154433 -0.948058 -0.130667 0.348692 0.169663 -0.281859 -0.641007 -0.216273 -0.0904739 0.759398 0.608596 0.169745 -0.288453 -0.244706 -0.151195 -0.359597 -0.0718594 -0.516444 -0.146431 0.339796 0.33488 -0.821747 -1.54985 -0.861501 -0.79165 -1.09597 -2.12136 -1.04192 0.948964 0.505309 1.52091 1.23179 0.0925986 -0.178737 0.636718 -0.00445591 0.323326 -0.607673 -0.595209 0.598383 -0.385555 2.34789 2.34789 
2.24378 2.24378 2.61099 0.00219328 -0.963302 0.200499 0.794063 1.30457 0.92996 -0.441222 -0.588827 -0.0477026 -0.347206 -0.694011 -0.550623 -0.0888673 -0.44316 -0.649444 -0.626678 -0.535549 -0.17709 0.666597 0.628433 -0.19207 0.266791 0.207969 -0.0991438 -0.169408 -0.0577464 0.436675 0.183306 -0.537831 -0.911285 -1.05139 -1.08793 -0.752021 -0.780333 -1.20773 -1.59979 -1.07341 0.378567 1.19748 0.539343 0.794581 1.78385 0.194247 -0.532701 -0.528075 -1.4577 0.240371 1.24101 2.0887 0.595094 -1.77469 -1.81138 0.00273933 0.00273933 
1.80164 1.80164 2.14782 2.03298 0.620869 1.10805 0.742639 -0.360905 -0.436456 0.257279 0.462721 0.408747 0.466521 0.0932099 -0.220976 0.194787 0.68489 0.192464 -0.322109 -0.0951198 -0.375688 -0.380693 -0.484583 -0.820978 -0.837231 -0.00503521 0.385929 -0.391523 -0.298204 -0.273009 -0.59364 -0.12592 0.388336 0.0543918 0.0328182 -0.141362 -0.176391 -0.00429005 -0.330568 -0.332784 -0.287689 -0.48022 -2.15088 -3.00227 -3.23307 -2.20265 -0.0223564 -0.241617 0.0224415 0.918821 0.873154 0.109743 1.13536 0.576153 -0.345032 0.729925 0.729925 
1.19742 1.19742 -1.32235 -1.71609 -0.715499 -0.965853 -1.18704 -0.828276 0.026933 -0.218293 -0.166679 0.255933 -0.43323 -0.510114 0.252687 0.749416 0.363539 0.028953 0.062888 0.292098 0.475918 -1.01551 -0.901764 0.773687 0.400579 -1.05824 -0.942087 0.189912 0.204458 0.153464 0.288827 0.246497 -0.134801 -0.0227619 0.161211 0.430701 0.779831 0.980677 1.65173 1.96064 2.13447 0.864661 -0.824714 0.025975 1.7714 2.60368 0.860508 0.301254 0.248168 -1.62484 -1.97223 -1.40024 -1.49751 -1.41022 -0.627229 -0.219987 -0.219987 
0.629356 0.629356 1.19618 0.0728368 0.62074 -0.016182 0.999327 0.19105 -0.75019 0.256069 0.912292 0.345582 0.456763 0.955031 0.265203 -0.455578 0.695515 0.723564 0.202451 -0.0535744 -0.91635 -0.262708 -0.108194 -0.238491 0.726972 1.82131 0.237203 -1.07131 -0.445882 -0.123503 0.551914 0.425932 0.899489 0.364311 -0.950368 -0.856042 -1.10794 -1.07009 -0.973321 -2.10326 -3.47924 -2.61923 -0.0508807 0.720846 0.835603 0.301286 -1.6757 -1.55992 -0.270141 0.131411 -0.315129 1.29015 1.0272 0.0728168 0.904062 1.0057 1.0057 
1.96181 1.96181 -0.15704 -0.763077 1.06129 -0.6959 -0.590953 -0.274541 0.106923 -0.810249 -1.2453 0.466373 -0.132949 -1.91922 -1.45358 -0.163169 -0.101483 -0.394458 -1.1757 -0.476847 1.50117 1.72926 0.594033 -0.626869 -0.406172 -1.04673 -0.856965 0.594538 0.885389 0.761575 0.55063 0.109656 -0.797621 -1.00957 -0.847702 0.105489 1.19319 0.796545 -0.65503 -1.84339 -1.65753 -0.0835041 1.38132 0.141069 -0.861034 -0.376251 1.22051 2.59852 0.441242 -1.00218 -0.0818347 -0.314398 -0.233748 0.528986 0.876085 0.743804 0.743804 
1.36374 1.36374 -2.53607 -3.34766 1.56631 1.02992 0.163453 -0.50124 -0.295108 -0.117789 0.308491 0.294544 0.0881411 0.279592 0.0526678 0.0710944 0.474401 0.220859 -0.00896595 -0.356057 -1.21171 -0.54532 0.648088 0.334784 -0.23688 0.252859 0.00164764 -0.654081 -0.236977 -0.22848 -0.479386 -0.431231 -0.29685 -0.685768 -0.711291 -0.142923 -0.769764 -1.8391 -1.11341 -0.0278509 0.666557 1.36822 1.84918 2.12045 1.31186 0.111959 0.487117 0.366959 -0.0986619 -1.36037 -1.25739 0.969025 1.59402 0.531533 -0.867499 0.233313 0.233313 
1.71938 1.71938 -0.0402347 -1.56069 0.255569 -1.11146 -0.206758 0.955415 0.956488 0.388946 0.277094 0.584694 -0.298953 -0.536452 -0.216831 0.224894 0.298042 -0.495394 -0.888443 -0.324839 -0.251278 -1.21235 -1.53918 -0.273464 0.568362 0.236011 0.391946 0.0697644 -0.394162 0.0657975 -0.339636 -0.757123 0.650384 1.08886 0.459012 0.148254 0.939321 2.21745 1.93287 0.94468 -0.0562732 -1.11489 -0.818384 -0.611394 -2.01482 -1.17889 -0.348835 -2.56581 -2.15855 1.3541 1.31803 -0.116243 -0.484518 0.907657 0.870616 0.186423 0.186423 
2.83578 2.83578 4.20415 -1.32557 -3.80564 -1.23329 -0.121109 -0.113317 -0.206604 -0.055039 -0.0653529 -0.0453339 0.196358 -0.0259688 -0.267606 -0.137907 0.00558492 -0.0737969 -0.179857 0.0369131 0.160079 0.0723947 -0.0422323 -0.187734 -0.017091 0.281453 0.180753 -0.0640485 -0.171969 -0.129079 0.0129019 0.141931 0.377026 0.30265 -0.213147 -0.273547 -0.0485876 -0.183713 -0.343386 -0.35492 -0.256519 -0.104557 -0.343536 -0.70147 -0.216328 0.835566 0.845332 0.203296 0.249748 -0.104693 -0.615982 -0.362167 -0.0250268 -0.0597463 -0.50117 -0.400333 -0.400333 
2.71245 2.71245 3.78063 -1.68037 -3.14174 -0.907393 -0.742098 0.0428746 0.532522 -0.024598 -0.130485 -0.19103 -0.379476 0.370413 0.104295 -0.580289 -0.0697399 0.400961 0.265597 -0.638121 -0.855848 0.207126 0.597198 0.300994 -0.302642 -0.696979 -0.378132 0.107551 0.279844 -0.0959871 -0.244054 -0.326065 -0.797291 -0.76741 0.14015 0.29081 -0.221479 0.14674 0.29009 -0.212417 -0.385759 0.175398 0.604252 0.648639 0.562391 -0.257137 -0.706396 -0.487716 -1.08218 -0.258702 1.60611 1.06357 -0.201232 -0.573913 -0.384001 -0.111177 -0.111177 
0.030162 0.030162 -0.235495 0.20451 0.675031 0.513914 0.704838 0.254839 -0.464248 -0.489675 -0.495351 0.199045 0.909111 -0.146466 -0.209157 0.466179 -0.0734028 -0.480085 0.0105682 1.53064 1.30551 -1.43262 -2.45077 -0.789077 0.995531 0.861534 -0.0976545 -0.432072 -0.489491 -0.0418611 0.306113 0.474054 0.139766 -0.0276615 0.309167 0.228314 0.0193637 -0.849126 -0.707534 1.40929 2.16713 0.517831 0.517824 1.63133 -0.0599128 -3.18828 -3.45021 -0.744259 0.595162 0.825053 0.41998 -0.412365 0.0277512 0.971878 -0.00642221 -0.73919 -0.73919 
-0.0113914 -0.0113914 1.11653 1.90002 1.02925 -0.0580187 -0.502767 0.0986034 0.57428 0.197723 -0.0224306 -0.368163 -0.349372 0.747344 0.49714 -0.702106 -0.61734 0.273087 0.512846 -0.474788 -0.946905 -0.038417 1.26366 1.27709 -0.848373 -1.25134 0.203658 -0.0122272 0.612056 0.856301 -1.27617 -1.1562 0.660938 1.1838 -0.156572 -1.32746 -0.0770117 1.28191 1.55841 1.1445 0.428213 -0.867032 -2.19021 -2.44178 -0.917494 1.34184 1.40434 0.00617401 0.0502915 -0.669249 -0.405945 0.808496 -2.02799 -2.31677 0.272144 0.37214 0.37214 
-2.00182 -2.00182 -3.15988 0.690335 2.67191 1.06526 0.278911 0.367685 0.618419 0.185085 -0.202057 0.622412 0.95452 -0.020878 -0.232236 -0.0874245 0.231684 0.371999 0.307796 0.549631 -0.156503 -0.548839 -0.359273 -0.101468 0.0986479 0.0840394 0.06157 -0.248665 -0.240617 0.101589 0.674533 0.500325 -0.339949 -0.592019 0.221996 1.15761 0.879063 0.163731 -0.350867 -0.773242 -1.47601 -1.22882 -0.0538193 0.0726791 -0.33387 0.272448 1.9292 1.46658 -0.364812 -0.504529 -1.28361 -1.28447 1.78974 1.87198 -0.793664 -0.760111 -0.760111 
-1.22451 -1.22451 -4.02018 -1.33102 2.29758 0.934479 -0.129994 -0.305611 0.515099 0.682321 -0.174332 -0.534376 -0.127666 -0.0560138 -0.770304 0.000241494 0.922659 0.200643 -0.473883 -0.6044 0.0305446 0.381943 0.690002 0.489574 -0.444249 -0.666991 -0.317295 0.0824791 -0.100231 0.0405079 -0.130633 -0.0710151 0.603461 0.331783 -0.858646 -1.38267 -0.0457857 0.532418 -0.186882 -0.980502 0.0221872 2.20781 1.10416 0.397456 0.509439 -1.05195 -1.03906 0.377295 0.109306 -0.244067 -0.454077 -0.682559 0.856941 0.134937 1.25073 1.9637 1.9637 
0.310103 0.310103 -1.67479 -2.68878 0.181591 1.3678 0.870738 0.134108 -1.29757 -1.12486 0.330119 0.214547 -0.461032 -0.124059 0.491133 0.112474 -0.395803 -0.108919 0.117367 0.372779 0.945362 0.643592 -0.622605 -0.244443 0.33508 -0.247711 -0.256416 0.0622079 0.491848 0.214115 -0.710741 -0.802107 -0.360027 -0.10369 0.258482 0.264746 -0.316018 -0.59277 0.132914 1.53594 1.75851 0.153037 -0.275833 0.977592 -0.426053 -1.73183 -0.518866 -0.673071 0.615381 2.08402 1.43701 -0.460737 -2.90874 -1.80025 1.38306 1.41098 1.41098 
0.384498 0.384498 0.261446 -1.62248 -0.977442 0.144047 -1.56033 -1.24977 0.675931 0.977002 0.175867 0.0176487 -0.324505 -0.723042 0.122412 0.984168 0.0110885 -1.06537 -0.294555 -0.0438299 -0.2924 -0.103099 -0.458167 -0.364268 0.887819 1.32413 -0.400526 -0.719438 0.14056 -0.302968 0.171175 1.06572 0.206773 -0.367343 -0.196164 -0.210581 0.160443 -0.151616 -0.338389 0.0595195 -0.144393 -1.98274 -2.68867 -1.14594 0.870331 3.4537 2.11473 0.0615758 1.25693 0.925074 -0.853311 0.294514 0.513312 -1.57259 0.178336 1.16534 1.16534 
-1.92639 -1.92639 -2.23815 0.549222 0.662746 -0.304633 0.177655 1.02993 0.551698 -0.0845757 0.444208 -0.142328 -0.537821 0.611822 1.066 0.156494 -0.501728 -0.169328 0.277078 0.395754 -0.966622 -1.0221 1.48538 1.0999 -1.38177 -0.994379 1.05699 0.97654 0.0398643 0.135525 0.142386 -0.266699 -0.144472 0.303101 0.427768 0.558538 0.504186 0.759083 0.844646 0.450944 -0.799059 -2.27431 -0.595336 2.12429 2.10971 -0.652511 -1.7543 -0.416118 -1.45633 -1.68936 0.246557 0.444602 0.0608266 0.757799 1.01113 0.391171 0.391171 
0.434213 0.434213 -0.465915 -0.481073 -0.0913087 0.283382 0.146076 -1.42186 0.0321206 1.31216 0.0517489 -0.384992 0.468371 -0.173475 -1.1503 0.324829 0.924864 -0.415069 -0.642696 -0.91647 -0.187556 0.627595 -0.00057359 0.649238 1.63053 -0.412429 -2.33782 -0.567332 0.739493 0.779553 0.420282 0.258532 -0.0693542 -1.50226 -0.997844 -0.146236 -0.191497 0.0878877 -0.847849 -2.02796 -0.433425 2.72715 2.65641 0.690359 -0.35617 -2.03228 -1.51136 1.1063 1.33528 -0.0560275 0.908514 1.05563 -0.995422 -0.118651 0.727538 0.0614637 0.0614637 
-1.32102 -1.32102 -1.71412 0.843589 0.0969105 -1.01837 0.326646 0.506005 -0.294142 -0.823761 0.8814 0.774847 -1.49405 -0.803272 1.19238 0.930357 -0.0966853 -0.643438 -0.000102388 1.78965 1.48429 -0.535066 -1.47493 -0.595431 -0.219002 -0.239063 1.11793 1.18349 0.161684 -0.163799 -0.36952 -0.821186 -0.672635 0.0208532 0.776607 1.37713 0.501581 -1.14548 -1.65902 -0.596919 1.19486 2.02444 0.199004 -1.40113 -0.282215 1.4035 1.98288 -0.452122 -2.28221 -0.285949 0.499457 -0.045199 0.600387 0.773215 0.192676 -0.0324652 -0.0324652 
-2.34484 -2.34484 -2.84419 2.57871 2.74803 -0.808522 -0.887468 -0.227524 0.290545 0.425996 0.308316 -0.0809581 0.0454177 0.0327916 -0.0736659 0.314099 0.146764 -0.242786 -0.300344 -0.685401 -0.0618314 1.1989 0.596123 -0.489881 0.00421065 0.201378 -0.503399 -0.0922024 0.316478 -0.0945305 -0.0701302 0.166927 -0.101992 -0.200378 0.388616 0.0186405 -0.988997 -0.156821 1.16903 1.14979 0.913586 0.782257 0.517445 -0.275982 -1.18116 -0.452827 0.211512 -0.305798 -1.00816 -0.658318 1.48783 1.80902 -0.214561 -1.45989 -0.128869 0.731919 0.731919 
-1.209 -1.209 -2.3144 0.285329 0.396873 -0.265845 1.57293 0.915975 -0.341558 -0.423656 0.212587 -0.348522 -0.744817 0.129979 0.623787 0.444596 -0.453387 -0.79232 0.194272 0.533505 -0.574964 -0.86605 0.752865 1.60249 0.440672 -0.0579827 -0.050589 -0.501239 0.0673908 0.109916 -0.528003 0.790037 1.41234 -0.0688558 -0.613561 0.419468 1.57462 0.792605 -0.855052 -1.37587 -1.42707 -0.483793 0.436326 -0.799553 -0.342305 1.28147 -0.938043 -1.24542 2.92012 2.59781 -0.998692 -1.24021 0.814668 1.05548 -0.454075 -0.427146 -0.427146 
