16
0.697355 0.592606 0.357774 0.331688 0.565372 0.776237 0.94111 0.938103 0.961822 0.610424 -0.135048 -0.512803 -1.20269 -1.43298 -1.55566 -1.9333 
0.772756 1.12744 1.70874 1.62275 0.949722 0.455364 0.204542 0.0386076 -0.567953 -1.29481 -0.608138 -0.75973 -1.10384 -0.993396 -0.963229 -0.588822 
-0.486175 -0.759952 -0.990329 -1.06124 -1.11193 -1.08692 -0.715103 -0.357329 -0.0990835 -0.0316318 0.187766 0.752768 1.22357 1.32432 1.5703 1.64097 
-1.25353 -1.45692 -1.8271 -1.44991 -0.447369 -0.165609 0.220804 0.394708 0.52751 0.79064 0.427968 0.912459 1.48477 0.829161 0.740426 0.271996 
-1.29417 -1.20048 -0.995498 -1.01512 -1.00051 -0.66918 -0.510775 -0.0376166 -0.0454228 -0.00435429 0.668241 0.863406 1.51203 1.23507 1.37892 1.11544 
1.0177 0.952972 0.923537 1.17082 0.970196 0.940554 0.389008 -0.425025 -1.34731 -1.33414 -1.87797 -0.858485 -0.233642 0.106818 -0.776969 0.381933 
1.09057 1.20961 1.2049 1.28992 1.11129 0.430934 -0.0493122 -0.875041 -1.52512 -1.62117 -1.17303 -0.516356 -0.584851 -0.15607 0.264053 -0.100319 
-0.0322893 -0.00500173 -0.171569 -0.415244 -0.217279 -0.0079583 0.565938 1.6132 1.83546 1.72126 -0.360381 -0.510848 -1.47885 -1.55313 -0.596332 -0.386974 
-1.70468 -1.13776 -1.09174 0.0440474 0.199224 -0.113815 -0.087835 -0.134729 -0.448701 -1.06006 -0.476516 0.692524 1.52455 1.63126 0.792066 1.37217 
0.344749 0.11382 0.21476 0.110349 0.714756 1.22732 1.30387 1.03531 0.879555 0.632263 -0.718817 -0.939352 -0.744536 -0.792479 -2.21443 -1.16715 
1.13534 1.37153 1.16001 1.1964 0.671313 0.87113 -0.0386252 -0.0312976 0.0421997 -0.17488 -0.830023 -1.68815 -1.40248 -0.928155 -1.18916 -0.16514 
-0.493113 -0.223035 -0.500112 -0.430609 -0.895901 -0.721596 -0.894283 -1.46319 -0.507974 -0.555581 1.50568 1.05226 1.34291 0.799754 1.90174 0.0830489 
-0.119098 -0.335499 -0.607577 -0.955688 -1.67519 -1.54623 -1.03832 -0.0412896 0.947889 0.943391 0.977319 1.05692 1.4522 0.96118 0.448349 -0.468361 
0.0226876 0.0226876 0.176605 1.09333 1.55696 1.42232 1.00385 0.727657 0.0459773 -1.45906 -1.51063 -1.40188 -1.11334 -0.00349853 -0.291823 -0.291823 
1.4909 1.4909 0.875712 -0.875357 -1.44544 -0.856037 -0.397552 -0.894169 -1.67723 0.128148 0.931234 -0.507762 -0.141955 0.380543 0.749038 0.749038 
-1.70477 -1.70477 -1.25623 -0.858916 -0.646825 0.28734 1.0231 0.771991 0.130074 0.0441806 1.14429 1.70016 0.673672 0.176567 0.110061 0.110061 
-1.06723 -1.06723 -0.224872 1.76676 1.62829 0.734377 0.577893 0.209936 0.339391 -0.379477 -0.0583109 1.29823 -0.355908 -1.315 -1.04343 -1.04343 
-0.0727499 -0.0727499 -0.41151 -0.980607 0.0685817 0.498447 0.922461 0.425563 -0.866193 1.1679 1.62858 1.55693 0.145491 -1.36357 -1.32329 -1.32329 
0.0507606 0.0507606 0.424472 0.219434 -0.112247 -0.532563 -1.47206 -1.91611 -0.925331 -0.472049 0.733256 2.13303 1.31973 -0.487216 0.493065 0.493065 
0.308456 0.308456 0.264222 0.038077 -0.957111 -1.34929 -1.53832 -1.75915 -0.810375 0.61761 1.59637 0.924598 0.628271 1.26361 0.232292 0.232292 
-0.122336 -0.122336 -0.352 -0.0430269 0.340926 0.65956 1.36979 1.07175 0.0873024 -1.86545 -1.89618 -0.952283 -0.88771 0.743727 0.984137 0.984137 
0.31411 0.31411 0.957086 1.08047 -0.557105 -0.703133 -0.402316 -0.786554 -1.42456 -0.410116 1.60222 1.88307 0.682352 -1.20658 -0.671525 -0.671525 
0.187324 0.187324 0.35474 1.02096 1.83739 1.13889 0.105255 -0.202154 -0.174009 -1.75574 -1.72033 0.325301 0.553685 -1.58573 -0.136455 -0.136455 
0.334534 0.334534 0.0261764 -0.457751 -0.205531 -0.799206 -1.09628 0.421203 0.0748675 -1.04967 -2.03901 -0.587028 1.46938 0.62568 1.47405 1.47405 
-0.16294 -0.16294 -0.413231 -0.648096 -0.517318 -0.152188 -1.07961 0.327852 0.978362 2.35855 1.85215 -0.357322 -0.469299 0.54313 -1.04855 -1.04855 
-0.393913 -0.393913 -0.525008 -0.970345 -0.495495 0.726176 1.59018 2.0692 1.07236 0.121573 0.205281 0.564946 -0.0030121 -0.906881 -1.33058 -1.33058 
0.201368 0.201368 1.11689 1.4262 0.37621 -0.504736 -0.646099 -0.908962 -2.1362 -1.50692 0.104758 0.444423 1.4442 0.868095 -0.240296 -0.240296 
-0.388467 -0.388467 -1.73005 -1.6955 0.0976621 0.885706 0.0536455 -0.897571 0.866111 2.08134 -0.404345 -0.739367 0.763439 0.765498 0.365184 0.365184 
0.214233 0.214233 0.644532 0.38845 0.96988 1.53703 0.253343 -1.23872 -1.05979 0.826876 1.52193 -0.781239 -1.92165 -0.881957 -0.343577 -0.343577 
0.582888 0.582888 2.09102 1.34831 -0.836724 -0.850372 -0.452096 -0.235573 -0.501295 -0.356126 1.21545 -0.280322 -2.0338 -0.575586 0.150673 0.150673 
-0.122691 -0.122691 -0.548996 0.490703 1.23902 0.770704 0.0764743 -1.20879 0.687151 1.99989 0.422487 -0.979902 -2.05665 -0.969182 0.16124 0.16124 
0.176407 0.176407 0.0217007 -0.510534 -0.672966 -1.13158 -1.14948 0.306954 0.984009 1.14587 1.86002 0.336942 -2.0826 -0.729306 0.634077 0.634077 
0.0286538 0.0286538 -0.170679 -1.00889 -1.15523 -0.444656 -0.293621 0.709282 2.16261 2.18903 0.338234 -0.785671 0.366459 -0.281387 -0.841396 -0.841396 
-0.28811 -0.28811 -0.046636 0.43293 0.44048 0.695477 0.213523 -1.11093 -2.40415 -1.65879 0.605057 0.679543 1.21688 1.3543 0.0792707 0.0792707 
0.451553 0.451553 0.531998 -0.954946 -1.1306 0.13325 -0.0220668 -0.634188 0.277767 2.00582 1.52751 -0.567441 -1.98217 -0.850419 0.381189 0.381189 
0.0750317 0.0750317 0.542882 0.998646 0.0402809 -1.25892 -0.984278 -0.238647 -1.13353 -1.12843 1.41886 1.55438 -1.38454 -0.527183 0.975208 0.975208 
-0.366558 -0.366558 -0.732646 -0.308572 -0.391596 -0.807135 0.789946 0.752682 -1.24599 -1.73242 0.216696 2.52079 0.784121 -0.129756 0.508498 0.508498 
-0.017765 -0.017765 -0.188307 0.0883971 0.52407 -0.244318 0.512547 1.65833 1.63852 0.79846 -1.80809 -1.52169 0.817819 -0.256635 -0.991786 -0.991786 
0.0186706 0.0186706 -0.383729 0.163793 1.67007 2.02171 1.35066 -0.330771 -1.62272 -0.646351 0.537751 -0.0510849 -1.19279 -1.06244 -0.245718 -0.245718 
