41
-1.59093 -1.64614 -1.69038 -1.83396 -1.85893 -1.83208 -1.79955 0.378504 0.890453 0.992845 1.06735 1.04786 1.06965 1.07731 0.991793 0.962406 0.939299 0.93033 0.926617 0.947285 0.882155 0.718263 0.693713 0.57784 0.541446 0.414818 0.320742 0.36871 0.278357 0.105584 0.00841387 -0.0302438 -0.0027682 -0.175769 -0.211785 -0.428331 -0.517224 -0.64248 -0.844635 -0.990456 -1.03608 
2.29228 1.15485 0.529176 -0.671798 -1.09141 -0.885186 -0.638673 1.06376 0.555345 0.125333 -0.0147328 0.0424329 -0.243122 -0.127171 0.285493 0.0566665 -0.21409 -0.324797 0.00760368 0.841239 1.76111 1.63063 0.84568 0.95529 1.20469 0.764488 0.409059 -0.055609 -0.0505579 -0.0539842 -0.138813 -0.477758 -0.591841 -0.346719 -1.55399 -1.53294 -2.64314 -1.75491 -0.630845 -1.28023 0.797201 
1.46695 1.41977 1.22094 1.08167 0.58315 0.605599 0.929625 -0.287214 -0.373303 -0.329808 -0.364765 -0.456295 -0.54257 -0.457056 -0.568696 -0.644083 -0.401047 -0.245106 -0.232427 -0.64091 -0.900053 -1.02512 -1.4623 -1.368 -1.36454 -1.31166 -1.24478 -1.3168 -1.09427 -0.812847 -0.454063 -0.0091966 0.159029 0.760737 1.08559 1.42953 1.6418 1.45217 1.39023 1.1888 1.49134 
0.113594 -0.146906 -0.262341 -0.350035 -1.03928 -0.552653 -0.423653 -0.186978 -0.711919 -1.17737 -1.09402 -1.17708 -1.18303 -1.2647 -1.3159 -1.23449 -0.965133 -0.785147 -0.970714 -0.786986 -0.588253 -0.326907 -0.256654 -0.0965845 -0.0501562 -0.0270638 0.0951767 0.631351 1.06545 1.07719 1.42552 1.62772 1.9005 1.9344 1.63394 1.70505 1.1854 1.06824 0.707509 0.157981 0.64491 
1.18199 1.14367 1.3851 0.936785 1.00248 1.1312 1.06655 -0.450799 -0.838277 -1.02072 -1.1251 -1.26332 -1.34551 -1.35652 -1.5008 -1.38948 -1.22414 -1.05222 -0.89541 -0.712229 -0.853191 -0.756559 -0.896858 -0.917082 -0.465379 -0.267201 -0.109447 -0.0725051 0.479967 0.522376 0.453002 0.302708 0.308127 0.319421 0.85706 0.982862 0.89588 1.18994 1.30548 1.49407 1.55408 
0.386781 0.669947 1.01901 0.859155 0.322474 0.556577 0.37275 0.132951 -0.188642 -0.0806414 -0.0540685 0.175666 0.269606 0.311294 0.500835 0.794735 1.08649 1.03572 1.44125 1.1126 0.905359 1.08585 1.28458 0.971475 1.02406 0.940592 0.265543 -0.26191 -0.753004 -1.03859 -1.20645 -1.61873 -1.66574 -1.73627 -1.8339 -1.33258 -1.51434 -1.05815 -0.996598 -0.740128 -1.44556 
-0.219321 -0.297376 -0.129667 0.34719 -0.174836 -0.00847479 -0.417978 1.08924 0.671204 0.705669 0.923197 1.09216 1.14359 1.27534 1.27775 0.959461 1.13614 1.00862 0.87944 1.17999 1.47316 0.787454 0.383809 -0.388365 -0.880716 -1.14726 -1.58457 -1.569 -1.97861 -1.76073 -1.81953 -1.75386 -1.12859 -0.488623 -0.337781 0.0964993 -0.228747 -0.167149 0.279052 -0.0656385 -0.162128 
-1.25747 -0.797294 -1.5998 -1.75624 -1.66831 -1.0048 -1.83056 -0.262501 -0.218609 0.260245 0.72408 0.898618 0.833736 0.948639 0.883098 0.795505 0.401855 0.372899 0.467562 0.371964 0.252526 -0.00332469 0.474097 -0.0259124 0.542668 0.737117 0.976472 1.82716 1.36452 1.28443 1.23569 1.2361 0.523842 0.0972886 -0.571086 -0.876647 -1.34242 -1.0978 -1.14481 -0.913138 -1.13938 
2.8053 1.55785 0.018269 1.47316 1.78953 1.77205 1.36931 0.940781 0.531761 -0.298506 -0.627079 -0.968476 -0.966904 -1.11667 -1.1172 -0.992371 -1.28538 -0.998649 -1.60389 -1.00019 -0.197989 0.0655959 0.233601 0.0936959 -0.137456 0.353124 0.28043 0.688939 0.379697 0.173081 -0.848975 -0.838475 -0.938693 -0.731248 -0.921088 -0.040185 0.546039 0.844724 -0.00695139 -0.571183 0.290619 
0.197964 -0.361847 -1.7215 -0.634631 0.722976 -0.185947 -1.07855 -1.0001 0.200258 0.946923 1.11137 1.12785 1.29873 1.1577 1.13951 0.891843 0.570558 0.710728 0.374862 -0.14917 -0.618877 -0.213281 0.617315 0.430258 0.862325 1.44051 1.33952 0.786917 0.747185 0.244373 0.187467 0.0218669 -0.60277 -0.665016 -1.21352 -1.165 -0.9016 -0.732958 -2.27538 -1.24354 -2.36532 
0.372645 -0.0979193 -1.77889 0.446167 2.06541 0.641251 -0.488166 2.10433 2.15922 0.552326 -0.0549001 -0.148872 -0.531185 -0.315198 -0.197121 -0.577848 -1.01182 -1.17182 -0.882048 -0.0517982 1.25912 1.57601 1.39615 0.442354 0.27348 0.230914 0.508444 -0.254125 0.504675 0.394917 -0.135125 0.241304 0.0628338 -0.609615 -0.697625 -1.24009 -1.29937 -1.43631 -0.780389 -2.00545 0.534115 
-1.27916 -0.341103 -0.674717 -0.525812 0.471344 0.576014 -0.221018 -1.575 -1.00003 0.0685886 0.806736 1.0397 1.41748 1.47888 1.81586 1.06821 1.08488 1.08135 1.27722 0.155799 -0.716428 -0.0975324 -0.970544 -0.492354 -0.807098 -0.704168 -0.765111 -0.393018 -0.508196 -0.349904 -1.04539 -1.1629 -1.56289 -1.51518 -0.871809 0.220158 0.804883 0.57408 0.390738 1.03679 2.21066 
0.865145 2.15032 1.85977 1.4269 -0.0376737 0.810982 0.530606 -0.796847 -0.856268 -1.19348 -1.17552 -0.917286 -1.0578 -1.0166 -1.2771 -0.942845 -0.996921 -0.952388 -0.952827 -1.03863 -0.587867 0.221031 -0.929298 -0.909745 -0.886911 -0.783564 -0.39095 0.997509 0.869545 1.09797 0.983294 1.09874 1.35781 1.46803 0.807527 0.706051 0.380303 0.233194 -0.0558052 0.440408 -0.548821 
-0.209271 -0.209271 -0.361016 -0.32793 -0.0352739 0.0634502 3.75716 4.58035 1.01634 0.265223 0.0559442 -0.0345572 0.0120516 -0.172203 -0.235804 -0.128649 -0.0935905 -0.0602909 -0.0094015 -0.114857 -0.431756 -0.362078 -0.279626 -0.299964 -0.31843 -0.417472 -0.117684 -0.111292 -0.490314 -0.502019 -0.271737 -0.0577142 -0.288387 -0.397405 -0.472175 -0.562967 -0.406218 -0.600694 -0.636005 -0.367229 -0.367229 
-1.66687 -1.66687 -1.7307 -1.52368 -0.109871 0.559379 2.06261 1.30414 -0.838311 -0.468236 0.0212294 -0.124944 -0.0658819 0.635615 0.289219 -0.39741 -0.278736 0.327253 1.27603 1.86626 0.897613 -0.815208 -0.57399 0.465216 -0.0871792 -0.694851 -0.71943 -0.357257 0.106151 0.0158487 -0.321245 -0.350636 0.236172 -0.862154 -1.08728 -0.989742 -0.118488 2.12626 0.581424 1.53927 1.53927 
-0.498837 -0.498837 -0.692329 -1.32197 -0.982192 0.745941 -1.85775 -2.71939 -0.0714772 0.0359504 -0.247733 -0.355549 0.016413 -0.0368792 -0.374926 0.370234 0.856245 0.372274 -0.813556 -1.38464 -0.789198 -1.16325 -0.702372 0.223397 0.13639 0.269621 0.00720004 0.334226 1.0768 1.36306 1.70645 1.30609 1.63561 1.96468 1.42312 1.18658 0.0655791 -0.510533 -0.535327 0.230438 0.230438 
-0.875685 -0.875685 -0.483283 -1.78627 -0.482122 1.37592 0.808337 -0.67661 -2.27097 -0.889674 -0.0213687 -0.224154 -0.220982 -0.323748 0.046561 0.774488 0.99833 -0.0346973 -0.0261985 0.846456 1.02271 0.730958 0.500983 0.446883 0.13584 0.307992 1.47308 2.18124 0.990378 0.795605 1.2281 1.05654 0.674365 -0.627322 -0.542831 -1.04055 -1.46806 -1.1072 -2.08901 -0.164172 -0.164172 
0.346882 0.346882 -0.468273 -0.81767 0.329596 0.0704517 -3.20224 -3.84408 -1.19006 -0.627189 -0.539258 -0.495159 -0.24225 -0.365685 -0.122468 0.493109 0.613602 0.596635 0.619022 0.0270001 -0.145076 -0.143759 -0.376089 0.800919 1.23514 0.650718 0.330151 1.11492 1.12579 -0.110552 -0.493679 -0.344977 -0.0237102 1.03444 1.2621 0.0202407 0.354761 0.757415 0.547732 0.437329 0.437329 
1.50383 1.50383 0.561289 -1.32316 -0.485001 0.265708 -0.742538 -1.03564 -0.295683 0.445053 0.704047 0.847373 0.447296 0.650691 1.18728 1.40474 0.671448 0.913516 0.322304 -0.981387 0.101845 0.965559 -0.0846041 -0.395536 0.0930384 -1.45503 -2.39962 -2.00825 -1.49367 -0.80597 -1.07553 -0.81843 -0.0913346 -0.199013 1.01763 0.838609 0.742593 1.26026 0.835347 -0.796442 -0.796442 
0.156291 0.156291 1.10746 -0.0748067 -0.607024 -0.414148 1.88419 1.86957 -0.654849 0.434555 0.665102 0.380382 0.316603 0.23258 -0.538832 -0.240108 0.0868727 -0.437388 0.296369 1.0203 -0.670228 -1.86462 -2.01284 -2.16489 -1.29819 -1.20385 -0.720286 -0.672801 -0.326029 0.275285 0.0143924 1.18695 2.17135 1.35813 1.00557 0.18951 -0.449299 0.873028 0.176615 -0.753603 -0.753603 
-0.55981 -0.55981 -1.5928 -0.101103 1.27253 -0.258137 1.25721 2.7141 0.889403 1.59291 1.08311 0.197375 0.0974718 0.096367 -0.242865 -0.792529 -0.694295 0.12375 0.012107 -0.346566 -0.615029 0.384861 -0.0241666 0.128546 1.29194 0.740403 1.83977 0.663755 -0.895535 -0.202153 -0.0673015 -1.17885 -1.89411 -1.8206 -1.61791 -1.2785 -0.35681 0.344708 0.323026 0.0227765 0.0227765 
-2.7835 -2.7835 0.0951123 2.07212 0.503714 -0.262302 -0.700163 -0.706852 -1.13479 -1.0491 -0.528343 -0.176663 0.02747 0.0252324 0.317733 0.00617833 0.17864 -0.153966 0.183685 1.68294 1.32064 0.645069 0.215261 -0.209932 0.461678 0.630472 0.543048 0.29107 -0.364178 -1.12349 -0.89221 0.0897586 0.299549 0.204082 0.921468 1.74815 1.12796 -0.403733 -1.32293 0.502308 0.502308 
-1.9319 -1.9319 -0.151131 2.7874 0.629089 -1.80436 -0.736581 1.52681 2.24944 1.12917 0.339532 0.346485 0.176139 -0.0283114 -0.143635 -0.47142 -0.0519958 -0.067764 -0.786054 -0.930793 0.0745347 1.48072 0.839812 0.408828 1.23638 0.659923 -0.562948 -0.496704 -0.442857 -0.461429 -0.0967574 -0.71072 -0.59895 -0.51662 -0.396831 0.48119 0.611092 -1.34178 -0.408297 0.0465947 0.0465947 
-1.60679 -1.60679 0.467058 3.00605 0.198556 -1.9161 1.17408 2.08521 -1.14555 -1.65494 -0.490989 -0.317955 -0.0794914 0.305479 -0.153597 -0.578309 -0.408495 0.148308 0.910147 1.69576 1.30081 0.153893 -0.823694 -0.815248 -0.1142 0.229238 -0.32469 0.0455699 0.547804 -0.443753 -0.0697104 0.200768 -0.606176 -0.536582 -0.436583 -0.414473 -0.102484 0.44774 -0.389396 1.05977 1.05977 
0.448343 0.448343 -0.381052 1.01757 0.971084 -0.91459 -2.44762 -1.00566 1.54047 1.71197 0.833706 0.454959 0.274649 0.231771 -0.61854 -0.955179 -0.17311 0.0152236 -1.15967 -2.28223 -0.453174 -0.453998 -0.601878 -0.0151449 -0.40954 -0.142796 0.140091 0.0830901 -0.141612 -0.75151 -1.04138 -0.730814 -0.557167 0.539396 1.6369 1.57526 0.185043 -0.622188 0.299378 1.7258 1.7258 
1.42434 1.42434 -0.887321 -2.46698 -0.742669 0.850685 -2.0773 -1.78 -0.447618 -0.343495 0.457678 0.244443 -0.0475676 -0.209014 0.18529 0.46304 0.0732166 0.145386 -0.0299857 0.577116 1.78095 -0.373344 -1.43542 0.143088 0.255835 0.75338 2.48252 1.78207 0.221234 0.239109 0.0870841 0.589978 0.582941 -0.654363 -0.939196 -0.48878 -0.550179 -0.500734 0.364865 -0.577304 -0.577304 
-0.116354 -0.116354 -0.0901467 0.261861 0.313852 3.0078 3.58164 -2.16714 -3.41413 -0.756879 -0.233612 -0.0309246 -0.105186 -0.192482 0.0383411 0.116488 0.0579881 0.0705279 -0.0393791 -0.330701 -0.191979 0.124343 0.0530425 -0.0268939 -0.0892351 0.162852 0.246366 -0.291315 -0.30565 0.176975 0.355773 -0.00934595 -0.265224 -0.141735 -0.127298 0.0560861 -0.0260403 -0.17817 0.188768 0.216737 0.216737 
-0.196279 -0.196279 -0.0283894 1.1699 1.54474 1.61726 0.459453 -2.49701 -1.58182 0.552531 0.13388 -0.215156 0.472262 0.143456 -0.982244 -0.605095 0.443152 1.11632 1.10354 -0.451388 -2.31904 -1.33791 0.893846 0.250266 -1.08527 -0.657236 0.129259 0.524991 0.158057 -0.491109 -0.441714 0.307524 -0.559328 -1.21776 -0.24798 0.641124 2.38241 0.42308 -0.620534 0.632251 0.632251 
-0.217718 -0.217718 -0.781791 -0.304053 1.8082 -0.828759 -3.14885 1.55589 2.42404 -0.202277 -0.395106 0.192266 0.241112 -0.394962 0.320346 1.05859 -0.0425467 -1.5403 -1.61834 -0.0225526 0.153963 0.0334104 1.19788 0.707046 -0.00296372 -0.160112 0.0135029 0.91385 0.87733 0.519703 -0.0954159 -0.107836 0.545633 -0.234736 -0.741446 -1.26055 -1.56477 -0.582707 0.619439 0.641651 0.641651 
0.246007 0.246007 -0.818298 -0.0735675 2.50842 0.979558 -1.75106 -2.58975 -0.24855 1.763 0.469095 -0.237564 -0.155865 0.144019 0.822546 0.702909 -0.735474 -0.911371 0.645228 0.782251 -0.168856 -0.500669 -0.306554 -0.372771 -0.187964 1.01777 1.45559 -0.468797 -1.20633 0.119662 0.138624 -0.526819 -1.44993 -1.06875 -0.412048 -0.830262 -0.12896 -0.581721 0.695771 1.49773 1.49773 
-0.626045 -0.626045 -0.900499 0.641001 0.711894 -2.76002 -3.06063 1.59486 2.54116 0.525474 0.117978 0.247569 0.11597 0.108357 0.688857 0.592457 0.0955878 0.0185235 -0.433187 -0.585939 -0.119866 -0.167195 0.75632 1.2799 -0.103717 -0.696612 0.378903 0.639249 -0.948354 -1.25784 -0.169877 0.383432 1.09781 1.02428 -0.782396 -0.698457 0.593324 0.165847 -0.237163 -0.0724553 -0.0724553 
-0.671865 -0.671865 -2.32141 -0.762681 1.54399 -0.0722508 -0.985944 0.544335 1.4493 1.02829 0.505351 -0.071563 -0.0189823 0.800924 0.813233 -0.298349 -0.276805 -0.152439 -1.50551 -0.0397955 1.85743 -0.0100242 -1.03824 0.308681 -0.774236 -2.02875 -0.33108 0.946202 1.20559 0.519204 0.142276 1.01469 0.695386 1.1239 1.06146 -0.0875657 0.522276 0.234374 -1.64714 -1.27519 -1.27519 
0.811307 0.811307 -0.152653 -1.36213 -0.240909 2.06698 1.8978 -2.03443 -1.13426 1.11199 -0.00839711 -0.248376 -0.0847378 -0.661705 -0.349633 0.54594 -0.125079 0.206585 1.2243 -0.752341 -2.31645 -1.05892 -0.209048 0.618458 0.819358 0.506968 0.468759 0.35723 0.808793 0.313335 0.7791 1.79445 0.175345 -0.914747 -0.917063 -1.15045 0.593078 0.546111 -1.2905 -0.722679 -0.722679 
-0.928106 -0.928106 0.41747 2.58834 -0.137953 -0.0101181 2.68478 -0.328079 -1.00766 0.178426 -1.25514 -0.885386 -0.0874153 -0.3033 -0.798123 -0.403511 0.830219 0.640902 -0.420546 -0.562005 0.663475 0.53668 -0.227509 1.19088 0.555618 0.497869 -0.065442 -2.46366 -0.777387 0.750799 -0.877322 -1.64416 -0.575192 0.252844 0.4927 1.14126 1.4679 0.616938 -0.286698 -0.26714 -0.26714 
1.82115 1.82115 3.20401 0.0934429 -1.82523 -1.03444 -0.503314 -0.496376 -0.431757 0.231833 0.417884 0.196413 -0.0511428 0.0106685 -0.205691 -0.289655 -0.30438 -0.188835 1.0925 0.602904 -0.918325 -0.965543 -0.790413 -0.0200011 0.395477 -0.135447 -0.429766 -0.826944 -1.18181 -0.561707 0.656271 0.64124 -0.112397 0.242653 0.887674 -0.0479293 -1.69755 -1.9067 0.441389 1.08435 1.08435 
1.03115 1.03115 2.8904 0.398089 -3.00082 -0.959641 2.0121 1.79372 -0.347155 -1.30399 -0.590778 -0.198946 -0.332703 -0.29789 -0.375925 -0.0375838 0.159833 -0.560012 -0.641614 0.448939 1.43023 0.388635 -0.773766 0.155351 0.0633055 -1.23402 -0.827377 -0.0195823 -0.0732463 0.123416 -0.253295 -0.413308 0.0272446 0.0323178 0.535761 0.54216 -1.24898 -0.740545 0.782874 0.19225 0.19225 
1.09701 1.09701 2.59622 -0.286088 -3.03394 0.448477 2.23513 -1.49723 -2.33601 0.258959 0.661913 0.115434 0.240577 -0.171302 -0.649399 -0.278055 0.301504 0.65108 0.786187 0.10313 -1.03798 -1.38201 -0.699798 0.291394 0.489198 -0.251834 -0.235996 0.387641 -0.416477 -0.492171 0.253029 -0.444314 -0.562931 -0.027404 -0.0554427 0.0697324 0.381571 -0.296959 0.233844 0.728151 0.728151 
-0.624047 -0.624047 0.339029 0.878128 -1.3834 -2.40701 -0.115645 2.69321 1.81839 -0.539605 -0.918497 -0.437895 -0.20662 -0.667975 -0.870255 0.253781 0.615271 -0.732269 -1.63493 0.433548 1.20596 -0.155332 0.249253 0.0795052 -0.140835 0.325533 0.102606 -0.246913 -0.627631 -0.672503 -0.0386852 0.280484 0.821714 1.45787 0.660349 -1.05267 -1.56607 0.0257932 1.56386 0.929279 0.929279 
-1.42291 -1.42291 -2.47587 0.214407 2.32946 -0.771649 -1.63557 1.2043 1.07553 0.721434 0.509891 -0.218799 -0.184278 0.273203 0.565961 0.04328 -0.093755 0.0491935 0.405766 1.32511 -0.515568 -2.02597 0.462227 1.24534 0.524792 1.60224 0.803686 -1.38933 -0.910516 0.0285644 0.351867 0.448513 -0.711462 -0.896635 0.22836 0.377295 0.110017 0.727933 0.066946 -0.510042 -0.510042 
