40
0.36227 0.381817 0.449376 0.352354 0.5488 1.19711 1.29679 1.30028 1.30411 1.23833 1.23979 1.21808 1.16332 1.10307 1.10543 0.998728 0.852578 0.694456 0.477436 0.289874 0.145131 0.0921436 -0.0140351 -0.252009 -0.298964 -0.585321 -0.809964 -0.996904 -1.0364 -1.01788 -1.21097 -1.16326 -1.18278 -1.22397 -1.29347 -1.3513 -1.29769 -1.33875 -1.3725 -1.36511 
-2.57448 -2.39824 -2.4631 -2.4083 -1.18838 -0.0732811 0.322667 0.436449 0.456228 0.607649 0.736602 0.734197 0.736502 0.800171 0.743355 0.737845 0.791563 0.884499 0.777638 1.05265 1.09732 0.96709 0.797956 0.519186 0.528569 0.609223 0.372192 0.165732 0.214185 0.128907 -0.170317 -0.17251 -0.209393 -0.315628 -0.298016 -0.517328 -0.50493 -0.680551 -0.676312 -0.567605 
-0.0222588 -0.0789485 0.376524 0.158491 1.67983 0.0636358 -0.884462 -0.693035 -1.2782 -0.786175 -0.931868 -0.712414 -0.450618 -0.478624 -0.00380062 0.344025 0.948486 0.49538 1.07526 1.16051 1.94445 2.21812 1.04915 0.977619 1.28894 1.10741 0.355432 0.130533 0.185461 0.637531 -0.114151 -0.588958 -0.29888 -1.06731 -0.693868 -1.04309 -1.04751 -1.74847 -1.70784 -1.56631 
-1.10789 -1.06478 -1.02461 -1.02148 -0.0701281 0.678788 1.17772 0.876067 0.454262 0.642383 0.690991 0.464469 0.735716 1.15612 1.21075 1.21108 1.56208 1.34769 1.12492 1.0628 0.396861 0.991905 0.670949 0.454126 0.597854 -0.0902491 -0.188884 0.084925 0.0381722 -0.662711 -0.670725 -1.15942 -0.674399 -1.23975 -1.26973 -1.53813 -1.19062 -1.69408 -1.6592 -1.30385 
-0.092884 0.074655 0.392605 0.0836566 0.533684 0.365322 0.24718 -2.76929e-005 -0.278561 -0.504139 -0.627881 -0.567629 -0.732221 -0.837196 -1.03732 -0.930917 -1.08452 -1.27485 -1.62985 -1.42419 -1.2189 -1.36731 -1.20907 -1.36179 -0.872338 -0.425113 0.278463 0.974141 1.37592 1.35713 1.27286 1.23553 0.927162 1.06412 1.43747 1.18893 1.51859 1.08772 0.922077 1.13951 
0.391 1.01627 0.539398 0.137172 1.26308 0.703212 0.702506 0.429341 -0.285963 0.0384265 -0.0421438 -0.603526 -0.949789 -1.15872 -0.944905 -1.7922 -2.46473 -1.45722 -1.85298 -1.30574 -0.740284 -0.9619 -0.116102 -0.827366 -0.578609 -0.351696 0.00786355 0.407796 0.783942 1.34931 1.21785 0.600978 -0.0886728 0.929981 0.89795 1.11196 1.03512 0.491263 0.879563 1.58856 
-0.896206 -0.540546 -0.656584 -0.318596 0.49148 0.994301 0.911656 0.661702 0.624138 0.735928 1.37104 1.36986 1.22869 1.08625 1.22297 1.62457 1.77975 1.44237 1.39296 0.381684 -0.158583 -0.0848012 -0.0934452 -1.1123 -1.89159 -1.60869 -1.0704 -0.856919 -0.389909 -0.737302 -0.317525 -0.733997 -1.08421 -0.721822 -1.16648 -1.1603 -0.380028 -0.76669 -0.470379 -0.102057 
-0.920658 -0.430109 -0.362174 -1.25632 -0.0625196 -0.711491 -1.79887 -3.23073 -2.22347 -0.550169 -0.366736 -0.285578 -0.581852 -0.592732 0.078539 0.206574 0.552351 1.1346 1.29175 1.58215 1.36738 0.630814 0.0062281 -0.0273399 0.56916 0.491237 1.08277 -0.298687 -0.450094 0.889278 1.40304 -0.468187 -0.300739 -0.243679 0.361333 0.799118 0.767685 0.702912 0.457342 0.78788 
-0.867398 -1.01672 -0.197798 -0.669002 -0.465533 -1.1723 -1.15387 -0.856279 -0.740291 -0.810668 -1.09119 -1.25771 -1.09448 -1.22192 -1.43195 -1.16626 -0.580914 -0.981985 -0.761781 -0.451441 -0.199798 1.07456 1.10044 1.22279 1.74441 1.29362 1.39735 1.24006 0.459161 0.393185 0.509425 0.416749 0.0760525 0.788876 1.08763 1.55407 1.03069 1.07276 1.04927 0.678172 
0.253317 0.348222 1.3878 1.18812 1.68054 1.40253 1.38487 1.0086 0.0777005 -0.564829 -0.657276 0.148378 0.12374 -0.468821 -1.22972 -1.23198 -1.65882 -2.13762 -1.91579 -0.639895 -0.67717 -0.650331 -0.894497 -1.17524 -0.744108 -0.818484 0.361621 0.941221 -0.0930593 -0.868719 -0.391044 0.896475 0.502929 0.235233 1.12486 0.907436 1.17503 1.17433 0.28918 0.205284 
1.05129 1.63507 0.944075 0.165893 0.999585 1.01721 0.612541 0.727559 0.051395 -0.630271 -0.101154 0.235388 0.967134 0.719243 0.186905 -0.230296 -1.39922 -1.92926 -2.26708 -1.65336 -1.5009 -1.93068 -0.634802 -1.12983 -1.10449 0.241466 0.173191 0.0983375 0.0894204 0.294916 -0.474282 -0.967008 0.337664 0.187697 0.475563 0.246409 1.06794 1.34989 0.94677 1.13008 
-0.876525 -2.41878 -1.49519 -0.807684 0.483953 -0.154316 1.06326 1.40238 1.03703 0.12597 0.0884174 0.867059 1.0954 0.881405 1.44642 1.6515 0.505211 -0.00863649 -0.180434 -1.31215 -1.23191 -1.37643 -0.694413 -1.47577 -1.15197 0.174122 0.784689 0.0572389 -0.269112 -0.00631192 0.193407 -1.12105 -1.03129 0.429047 -0.273756 0.0757045 0.692261 0.74856 0.166927 1.91578 
1.17449 0.951209 1.62076 2.22733 2.14764 1.87969 0.316043 -1.02737 -0.526917 0.262845 0.301507 -0.31848 -0.469257 -0.0191683 0.489274 1.50557 0.427653 0.0760047 -0.402653 -0.649461 -0.597402 -1.12972 -1.93164 -1.50927 -1.56127 0.0553078 0.856632 0.0071261 -1.33222 -0.818556 0.335932 -1.05391 -0.965973 -0.0352634 0.199852 0.00526473 0.155834 -0.274164 -0.469465 0.0962067 
0.671268 0.671268 0.217991 0.719164 3.61736 3.24112 0.733751 0.361005 0.0916598 0.082431 0.253804 0.0352105 -0.114635 0.107474 -0.07319 -0.650657 -0.850599 -1.12617 -1.24065 -0.959602 -0.436313 -0.286358 -1.00567 -0.775382 -0.963521 -1.65445 -1.26787 -0.547946 0.250991 -0.346247 -0.232738 0.442173 0.0964979 -0.097845 -0.16258 0.316141 0.381339 0.0416729 0.230056 0.230056 
0.0240442 0.0240442 -0.208689 2.25357 4.28561 2.70648 0.787482 0.0665634 0.1387 0.347929 0.0531236 -0.189594 -0.0629635 -0.176266 -0.308846 -0.0970134 0.091656 -0.216087 0.132862 0.423262 -0.353381 -0.763126 -1.0478 -0.705676 -0.016846 -0.489092 -1.03934 -0.492219 -0.259977 -0.926288 -0.767058 -0.26429 -0.463684 -0.359244 -0.575952 -0.585946 -0.502214 -0.51785 0.0270557 0.0270557 
0.625222 0.625222 0.407622 1.84513 -0.0405351 -3.37101 -0.933109 -0.443631 -0.0382212 0.554483 0.186872 0.736443 0.4027 0.690005 1.19688 1.37172 0.291522 0.258372 0.984442 1.25964 1.51376 -1.12008 -1.58564 0.41079 0.262438 -1.1716 -1.23009 -0.141841 0.771169 -0.316686 -1.56674 -0.161745 -0.557742 -0.445317 0.120053 -0.389551 -0.863941 -0.803178 0.333079 0.333079 
0.168582 0.168582 0.0946839 1.77886 3.15734 2.3211 0.379285 -1.32256 -0.417289 0.452202 -0.314206 0.0973116 1.29306 0.892684 0.116226 0.664019 0.267137 -0.793385 -0.511919 -1.33107 -0.116405 0.521256 -0.979366 -0.120464 -0.991558 -1.43953 0.338427 0.434324 -1.36726 -1.29565 -0.903447 0.00785107 -0.133848 -1.08574 -0.536868 0.160861 -0.273598 -0.851456 0.735911 0.735911 
0.898621 0.898621 -0.120709 0.161839 0.462589 -0.752873 -0.921544 -1.26466 -1.21839 -0.88725 -0.275788 -0.363176 -0.716639 -0.792653 -0.340461 -0.240944 -0.87573 -1.30657 -0.459441 0.739169 -0.0182902 -0.118932 -0.128155 0.580388 1.86383 2.3219 2.8534 2.20778 0.679342 -0.360439 -0.400095 -0.879504 -0.506666 0.951714 0.127051 0.033578 -0.356492 -1.41607 -0.0291751 -0.0291751 
0.130367 0.130367 -1.34595 0.956942 0.730441 -0.88829 -0.476353 -1.50309 -0.644522 0.267469 -1.00522 -1.38697 -0.880563 -0.0758344 -0.993041 -2.26655 0.39845 0.79611 0.134798 1.51588 0.411181 0.813979 0.110447 -0.747387 0.600596 0.759798 1.00839 1.03223 1.26992 0.540587 -1.15806 -1.96007 0.389863 1.33474 0.17862 0.114232 -0.974678 -0.306354 1.49376 1.49376 
0.289163 0.289163 0.263012 1.63347 1.87739 0.556347 -0.557606 -0.490895 0.0444106 1.03984 0.872666 -0.276079 -0.485111 -0.0738919 0.731165 0.75849 -0.335051 -0.637802 -1.63502 -2.36139 -0.75573 0.030962 -1.58592 -2.72632 -0.799981 1.14977 1.04704 0.941552 0.11158 0.0416857 -0.060538 -1.19996 -0.047411 -0.187181 -0.714283 1.09836 0.51703 -0.199127 0.918092 0.918092 
0.453715 0.453715 -0.862016 0.207777 0.440744 -1.72682 -2.47071 -0.480404 2.47009 1.6873 0.17446 -0.281354 -0.368807 0.550546 0.682542 0.37326 0.804846 0.625622 0.34831 -0.00509378 -0.980904 -1.37031 -0.702325 0.457941 0.415796 0.411074 -0.827533 -1.53347 1.05184 1.68388 -1.36681 -1.69587 0.136374 0.552143 0.913906 0.30916 -0.168367 -0.371838 0.00378383 0.00378383 
1.02315 1.02315 0.447826 -0.652208 -1.07324 -1.40398 0.391176 0.565551 -0.0921445 -0.800848 -0.972702 -0.179547 -0.109695 -0.776849 -0.0741755 1.34744 0.155693 -0.496943 0.774609 0.8308 2.55386 2.15033 0.0912672 0.977337 -0.0470584 -0.79398 -0.269408 -1.85056 -1.68734 -0.0838282 -0.131549 -0.948263 0.491458 1.63439 1.19402 -0.275434 -1.03395 -0.140464 -0.878944 -0.878944 
1.22376 1.22376 0.905589 0.314609 0.230005 -0.320929 -0.427051 -1.41343 -1.70102 -0.795416 0.768751 0.84199 -0.668206 -1.46343 -0.825859 -0.465035 -0.979738 -0.27913 1.6161 1.33624 -0.0128479 -0.236309 -0.568529 0.160857 0.383757 1.19271 1.89906 -0.492671 -1.95647 -0.323426 1.90499 0.963994 -0.715775 0.670162 0.724463 0.0526123 0.286693 -0.958369 -1.04823 -1.04823 
-0.101414 -0.101414 -1.74962 0.0955114 1.05857 -0.440057 -0.322188 -0.650751 -1.61488 -0.156277 1.07593 1.32115 0.613883 -0.91588 -1.12077 -1.89116 -2.02771 -1.02193 0.36223 0.955554 -0.307271 1.07646 0.997502 -0.540068 1.68784 1.57455 -0.144877 -0.0730428 0.266229 -0.653844 -1.49881 1.01093 1.42573 0.195216 0.0993862 0.745211 1.36373 -0.118301 -0.237668 -0.237668 
-0.758417 -0.758417 1.44689 1.81089 0.499662 0.426409 1.39308 -0.172481 -1.40895 -1.08474 0.586421 0.849397 -0.132351 0.200631 0.615104 -1.07742 -1.78846 -0.824663 -1.43575 -1.18648 -0.21012 0.385058 -0.244783 -0.599073 1.48525 1.76887 -0.26214 -1.18878 -0.209393 0.310907 -1.24905 -1.3578 1.38656 0.602683 -0.496006 0.808881 0.518935 -0.66611 1.00788 1.00788 
0.437772 0.437772 1.18173 0.510048 -0.273948 -1.6043 -2.56844 -0.717997 1.19437 0.780376 -0.483445 -0.653275 0.306033 0.897014 1.40461 -0.0175378 -1.24388 -0.706654 -0.612665 -0.136885 -0.392842 -1.15842 -0.302557 0.369736 1.44033 2.20532 -0.00548964 -1.92457 -0.702508 1.53318 -0.173287 -1.12944 0.950907 1.08285 0.0740376 -0.00175649 -0.212799 -0.522868 0.369737 0.369737 
-0.394337 -0.394337 0.0711219 3.18376 2.36887 -2.65148 -2.64823 -0.569695 -0.232083 0.177228 -0.0172164 -0.315544 0.0937529 0.0651307 -0.677466 -0.69537 -0.414991 -0.335614 0.18134 0.773654 0.651906 -0.502144 -0.427536 0.0657849 -0.789787 -0.256025 1.05429 1.43726 0.213964 -0.422619 0.758874 0.332413 -0.474896 -0.213976 0.411123 0.531797 -0.22827 -0.113864 0.201597 0.201597 
-0.206519 -0.206519 1.90618 3.84943 0.381781 -3.00833 -2.27196 -0.563501 0.234595 -0.0802531 -0.468038 -0.106432 0.00461034 -0.217801 0.0611758 0.336819 -0.108994 0.0285305 0.541757 -0.424038 -1.02479 -0.602659 0.0424684 0.877765 0.179011 -0.884158 -0.00950855 0.661893 -0.379271 -0.441918 0.56119 0.253479 -0.0882986 -0.103155 -0.201344 0.0564441 0.0516036 0.447305 0.460721 0.460721 
-0.150201 -0.150201 0.805348 -0.303458 -3.47285 -0.598873 1.94034 0.589298 0.657915 0.144069 0.115397 0.137909 -0.036425 0.522354 0.447595 -0.60737 -0.745626 0.455045 0.660014 0.346294 -1.58742 -2.0658 1.01205 1.22291 -1.05741 -0.997681 0.678949 1.32473 -0.121781 -1.55962 0.0974364 0.665149 -0.194053 0.444991 0.0315124 -0.659642 -0.280505 0.790133 0.749742 0.749742 
-0.101061 -0.101061 1.11381 2.16147 0.34339 -2.05169 -2.67609 -0.622359 1.23246 0.0266032 -0.303753 1.11164 0.525982 -0.896661 -0.212702 0.0611036 -1.09904 -0.609723 -0.435615 0.237547 1.28841 -0.670247 -0.510656 -0.0565498 -0.999257 0.911622 1.30394 -1.27814 -1.29566 0.286811 0.89252 0.507391 -0.836612 -0.338471 0.851474 0.142153 -0.777984 0.680448 1.09728 1.09728 
-0.89465 -0.89465 -0.637269 0.565231 -0.79935 -1.22696 -0.432317 -0.236518 0.377684 0.89253 0.511281 -0.367697 -0.357336 0.376559 0.536455 -0.453704 -0.936822 0.413097 1.89741 0.435744 -0.747781 -0.0661917 0.670918 1.84845 1.62028 0.935314 -0.0700653 -1.94653 -2.30558 -0.949403 -0.438944 -0.0631908 1.702 0.611158 -0.802469 -0.406586 -1.28664 0.332049 1.29725 1.29725 
-1.04544 -1.04544 0.505223 1.34679 -1.29384 -0.86395 -0.465332 -0.16459 1.14086 -0.294227 -1.16537 0.032582 0.8315 -0.12709 -1.52647 0.88561 2.01089 -0.228884 0.433308 0.13475 -0.523982 -0.253853 -1.1027 0.27869 0.963514 0.223238 0.132087 0.124748 -0.382399 -1.68624 -1.73518 0.990944 2.16721 -0.193594 -0.873183 -0.827929 -0.334555 1.61078 1.16076 1.16076 
-0.060996 -0.060996 0.923906 1.118 -0.816295 -1.79215 -0.79482 0.390447 1.05788 0.553037 -0.987907 -1.01799 0.103103 0.831894 0.556002 -0.808456 -1.04567 -0.976445 -1.28089 0.589712 1.6771 -0.63883 -2.02377 0.522623 2.74341 1.28519 -0.191845 -0.714485 -0.688906 -0.165898 -0.934529 -0.0327685 0.685645 -0.521461 0.881673 0.842701 -0.974664 0.246027 0.760706 0.760706 
-0.740449 -0.740449 -0.116595 0.786535 -1.10134 -1.671 0.753677 2.90808 1.29093 -1.31188 -1.12121 -0.289984 0.511951 0.639924 -0.0765601 0.0981464 0.17399 -0.239406 -0.34098 -0.748312 -0.769305 0.189279 1.09298 0.678862 -0.000505687 -0.698228 -1.10714 1.12279 1.90303 -1.38362 -1.94409 0.90341 1.33776 0.480246 -0.114872 -0.604307 -0.370302 0.127215 0.24587 0.24587 
-0.337666 -0.337666 -1.16794 -1.05149 -0.470843 1.20187 1.58312 -0.268223 -0.934745 -0.568046 0.565512 0.747945 -0.354253 0.123382 1.69992 0.270071 -1.29551 0.563712 1.09871 1.4395 1.09252 -1.76212 -0.788769 -0.00783122 -1.24036 -0.0712499 -0.700903 -0.973641 1.43005 1.27084 -0.555877 0.566801 2.04588 0.626847 -1.34491 -1.58504 0.198445 0.213567 -0.46081 -0.46081 
-0.12934 -0.12934 -0.522587 -0.367165 -0.340518 -0.354836 -0.644587 -0.76534 0.493615 1.7258 1.17193 -0.873794 -1.45169 -0.0225263 0.746728 -0.0200144 0.206083 1.80969 1.15727 -1.00154 -0.964021 -0.287379 0.346659 0.716044 0.768989 1.09069 -1.0391 -2.48315 0.194997 2.65185 0.939047 -1.66152 -0.113142 1.04074 -0.328548 -0.20892 -0.590344 -0.8059 0.0225834 0.0225834 
-1.07797 -1.07797 0.167329 1.92971 -0.327039 -0.897468 -0.107778 -0.838029 0.368148 1.85048 1.03155 -0.27742 -1.47537 -1.13632 -0.623804 -0.577682 0.621075 1.64742 1.36905 -0.417432 0.116021 0.915028 -1.05659 0.500336 1.4616 -1.2025 -1.07756 0.311882 -0.357567 -1.15683 1.158 2.00823 -0.516113 -0.860742 0.40562 0.887744 -0.548372 -1.04638 -0.0461405 -0.0461405 
1.26502 1.26502 1.49298 -0.709237 -0.983068 0.443457 -0.491093 -1.8708 -0.68734 1.13355 1.0952 -0.566169 -0.522328 0.352048 -0.916416 -1.62126 0.0422484 0.104841 -0.342626 0.651504 0.868125 -0.137749 -0.732348 0.967385 1.36687 -1.21034 -1.96826 -0.0830089 0.82313 -0.767123 -1.16106 1.5345 1.1117 -1.29499 0.0130891 0.51956 -1.03975 0.190156 0.932285 0.932285 
0.425619 0.425619 0.0209446 -0.899619 -1.29646 -1.40499 0.51138 2.24442 0.880144 -1.03345 -0.88635 0.453047 0.911422 0.639275 -0.573603 -1.61827 -0.437781 0.357697 0.320676 0.10984 -0.638059 0.0317946 0.898089 1.02746 1.08331 -0.893681 -2.51079 -0.442542 2.06063 0.296246 -1.62678 0.654707 1.31026 -0.550899 -0.676058 -0.195415 -0.336561 0.328367 0.515179 0.515179 
