66
-0.494998 -0.00175619 0.513593 0.298884 0.31366 0.323269 0.30242 0.292507 0.293508 0.477109 0.751341 1.04928 1.3241 1.45674 1.48 1.46633 1.46977 1.56937 1.52081 1.37771 1.20292 1.07238 0.828949 0.583218 0.523944 0.448061 0.400605 0.238398 0.000543345 -0.151594 -0.320563 -0.601054 -1.17499 -1.43961 -1.70752 -1.77661 -1.83701 -1.92512 -0.913412 -0.113898 -0.126128 -0.107415 0.375373 0.707562 0.696472 0.696968 0.656087 0.530743 0.406245 0.318201 0.213533 0.0977931 -0.0771757 -0.275382 -0.237281 -0.277148 -0.24538 -0.43554 -0.742701 -1.07268 -1.23367 -1.44336 -1.71456 -1.86071 -1.94593 -2.02522 
-2.51051 -1.22155 0.0483712 0.679582 1.1671 1.36582 1.39395 1.29417 1.31233 1.13376 1.15456 1.10955 0.812189 0.670759 0.646028 0.562525 0.512849 0.0928464 -0.283408 -0.232528 -0.128824 -0.098703 -0.0949815 -0.296546 -0.622441 -0.803323 -0.776176 -0.787995 -0.727246 -0.730626 -0.577473 -0.533405 -0.750868 -0.648442 -0.800335 -1.12064 -1.06351 -1.19554 -2.44904 -2.71811 -2.31726 -1.65334 -0.275141 0.269428 0.375143 0.492372 0.699914 0.934706 0.968553 1.06661 1.19658 1.21567 1.21124 1.05366 0.613135 0.37486 0.419167 0.379529 0.420027 0.378215 0.166884 0.233489 0.0441579 -0.260124 -0.344661 -0.446967 
1.13341 1.41655 0.517892 0.138034 -0.0976584 0.0282397 0.228596 0.539813 0.535046 0.28888 -0.373805 -0.940555 -1.23615 -1.72768 -2.06469 -1.96009 -2.02799 -1.64009 -1.31229 -1.48566 -1.55349 -1.36517 -1.32533 -1.20465 -0.976424 -0.843049 -0.565891 -0.787566 -0.755538 -0.52319 -0.482477 -0.0296252 0.253335 0.683072 0.385842 0.222672 0.617277 0.732325 1.11946 0.470925 0.268289 0.399529 0.682457 -0.182636 -0.517692 -0.49045 -0.41313 -0.249547 -0.0142402 -0.221102 -0.0186354 0.467398 0.520162 1.00701 0.829661 1.10681 1.01753 1.00279 1.26588 1.43627 1.6088 1.7366 1.55244 1.12347 1.10435 0.945684 
-1.03722 -0.210992 -0.298967 -0.506831 -0.743665 -1.17179 -1.32467 -1.30253 -1.28976 -1.15271 -1.10136 -0.862446 -0.668541 -0.380965 0.156222 0.602277 0.857689 1.0601 1.51323 1.33721 1.36777 1.71121 1.69738 1.61694 1.63707 1.82649 1.85128 1.87413 1.78129 1.68029 1.67535 1.34931 0.834533 0.770274 0.0396755 -0.131214 -0.388896 -0.317062 -0.344696 -0.637652 -0.933413 -0.500936 -0.208492 -0.244737 -0.198235 -0.101872 -0.0973161 -0.239292 -0.175992 -0.315331 -0.658598 -0.782969 -0.946532 -0.692367 -0.0626333 -0.0418884 -0.071149 -0.128043 -0.490956 -0.738427 -0.87139 -0.865984 -0.927488 -0.967609 -0.830693 -1.27542 
-0.256859 0.547029 0.941867 0.883136 0.983692 0.610375 0.616202 0.579521 0.454478 0.637228 1.2453 1.37957 1.82865 1.85429 1.36858 0.705484 0.628474 0.438029 0.0761685 0.518476 0.504893 0.257922 0.413756 0.446961 0.36632 -0.342436 -0.363293 -0.259167 0.0100573 -0.0687878 -0.413407 -0.397414 -0.0130587 0.823647 1.09887 1.20407 0.416482 0.181761 -0.555801 -0.546488 -0.583191 0.0263981 0.557268 0.594487 0.312662 -0.109694 -0.431326 -0.102366 -0.137298 -0.442948 -0.234501 -0.276596 -1.02942 -1.63617 -2.27807 -2.53027 -2.15364 -2.71951 -2.40863 -1.65114 -1.30978 -1.10533 -0.249333 0.718429 0.375146 0.000236736 
1.20066 1.47075 0.0299552 0.475166 -0.384214 -0.561027 -1.23694 -1.92092 -1.83466 -2.05111 -1.43446 -0.733656 -1.34051 -1.51364 -1.66377 -1.37355 -0.982681 -1.28811 -1.36415 -0.670401 -0.696053 -0.800474 -0.927341 -0.871854 -0.0431692 -0.0551324 0.0167652 -0.229949 0.121668 0.137393 -0.218447 0.446381 0.894848 0.859895 1.17869 1.47264 1.37286 2.24022 2.02088 0.824342 0.65682 0.873005 1.4342 0.812497 -0.0635089 -0.0646158 0.0465209 -0.116253 -0.419041 0.637045 -0.123292 -0.29545 0.948042 1.1625 0.537789 -0.460708 -0.0897807 -0.531968 -0.0572733 0.175772 0.178773 0.375089 0.881694 0.821453 1.40044 0.713362 
-1.9279 0.25035 -0.163525 -0.805835 -0.00568846 0.749625 1.26121 1.008 0.725662 1.86002 1.92956 0.980389 0.237479 -0.873699 -1.18107 -1.64909 -2.09878 -1.95925 -1.86466 -1.58147 -1.42363 -1.35133 -0.739499 -0.614334 -0.216652 -0.078891 0.239425 0.108059 0.409801 0.327038 0.617008 0.15191 -0.28321 -0.0621248 0.498182 -0.195425 -0.74213 0.37966 -1.401 -1.38416 -0.791772 -0.633539 -0.821229 -0.522854 -0.218168 0.144715 0.235688 0.566088 0.682692 1.14662 1.31083 1.15615 0.80956 0.698554 1.69009 1.71826 1.10167 0.970702 0.64094 0.0636291 -0.0470385 -0.0549981 0.157555 -0.679637 0.242667 1.30279 
0.878131 0.902405 1.53287 0.753198 0.572649 0.835659 0.449778 0.692285 1.36454 0.728709 -0.513533 -1.17099 -1.49998 -1.12447 -0.768245 -0.59684 -0.52701 -0.173937 -0.838235 -0.834002 -1.10449 -0.352807 -0.947759 0.0776456 -0.124138 -0.571786 -0.333271 -1.01057 -0.216281 -0.0450893 -0.680825 -0.92662 -1.00455 -0.523353 -0.15717 0.270425 -0.526271 0.25227 0.0907331 -0.353493 0.144532 1.79503 0.406789 -0.403587 -0.734655 -1.33425 -1.66682 -2.11198 -1.2535 -1.29272 -0.944223 0.307771 0.256023 0.459866 1.5624 1.821 1.65714 1.48222 1.54114 2.03188 1.2875 0.669272 -0.726604 0.546332 0.0563333 1.96752 
0.66881 -0.571651 -2.05505 -1.37262 -1.65769 -1.87398 -0.672625 0.0924265 0.332113 0.100022 -0.821338 -1.30638 -0.782387 -1.03259 -0.857691 0.227327 0.593031 0.403854 1.13964 0.0755952 0.162897 0.862989 0.10505 -0.00402216 0.8861 0.905466 0.296004 0.607806 1.17922 1.26211 0.886348 1.1507 1.62422 1.54712 0.575126 1.70699 0.203349 0.431546 0.549592 0.616885 0.501203 0.661184 -0.581373 0.11316 0.154118 -0.452823 -1.07134 -1.18167 -1.06026 -1.6277 -1.45428 -1.41061 -1.9269 -1.64469 -0.903014 -0.345443 0.149291 0.10095 0.658785 1.97665 1.61289 1.04936 0.314518 0.128065 -0.326552 0.382192 
0.423574 -0.460755 -0.710906 -1.47916 -1.18251 -0.573934 -0.479614 -0.392386 -0.58605 -0.46595 -0.13037 0.200079 0.896174 1.57623 1.26125 0.294712 0.266296 0.392528 0.686414 1.12529 1.24294 0.42059 0.918952 1.25911 1.12166 1.03193 1.24119 1.0597 1.14745 0.918773 0.947965 0.62888 0.356153 0.929834 1.23198 0.94117 0.368243 0.102738 0.205259 0.558199 0.895754 0.669082 0.675877 0.513848 0.772569 0.977382 0.0820077 -0.330157 -0.563314 -0.918885 -1.46875 -2.1743 -2.29198 -1.58089 -1.44068 -2.01385 -1.53452 -1.68158 -1.19751 -0.820571 -0.639676 -0.477284 -0.262063 -0.530279 -1.06591 -0.887938 
1.90936 1.82041 1.59203 0.21722 0.355214 0.324413 0.63007 0.543972 0.0761331 -0.261526 -0.180361 0.245201 -0.228047 -0.590195 -0.408346 -0.591478 -0.84586 -1.31195 -1.78655 -1.48851 -1.32635 -1.95153 -2.15139 -1.80149 -1.66931 -1.38701 -0.961893 -1.4298 -1.4239 -1.4495 -0.991172 -0.669609 -0.681918 -0.521852 0.441829 0.686282 -0.198874 -0.0110192 0.397473 1.06983 1.25435 1.25162 0.910614 1.26287 0.724729 0.677159 1.14358 1.07797 0.692095 1.24053 0.72062 -0.0761354 -0.026016 0.0524741 -0.0195985 0.00268294 0.255567 0.629046 -0.0129976 0.0889162 0.294296 0.719222 0.958186 1.48051 0.052132 0.655592 
0.319105 0.130337 2.09481 1.7371 1.10956 -0.12704 -1.34892 -1.63091 -1.41985 -0.893081 -0.348163 0.280846 0.0791427 -0.169859 -0.42118 -0.294146 -0.0429289 0.464737 -0.0860742 -0.482382 -0.109613 -0.63468 -0.941195 -0.101408 0.531348 0.122191 -0.347878 0.0998454 0.142838 0.445072 0.899472 0.717692 1.56421 -0.150899 0.395034 0.463443 -0.744798 -0.758522 0.406556 -0.450968 -1.01684 -2.39248 -1.69931 -0.921092 0.374216 0.247835 0.64733 0.469391 1.19418 2.09392 3.20497 1.47195 1.37676 -0.00577061 0.37053 0.58727 -0.298055 -0.0443296 0.0842402 -0.868155 -0.861313 -0.0318214 -0.161605 -2.04684 -1.15147 -1.12235 
-0.121236 -0.833872 -0.579851 0.4037 0.650394 0.822049 0.460688 0.28234 0.777337 0.831766 0.604775 -0.342801 -0.738696 -0.65406 -0.691817 -0.722088 -0.645882 -0.14189 0.413994 0.728542 1.18427 1.3064 0.718672 1.73237 1.76891 2.05301 1.30088 1.41572 1.33697 1.67573 1.30319 0.869832 1.52639 0.7313 0.514334 1.35911 0.435363 -0.418198 0.0989542 0.280029 0.444495 0.209513 -0.202201 -0.44126 -0.290364 -0.605984 -1.3013 -1.21425 -0.185479 -0.525231 -0.635758 -0.576918 -0.886509 -0.176699 -0.31879 -0.66472 -1.34105 -1.75358 -1.5433 -1.50344 -1.50366 -1.61984 -1.21569 -1.22103 -1.46333 -1.16025 
2.23952 2.23952 0.727308 -0.341938 0.137215 0.0611204 0.0194204 0.0660909 0.479446 1.06308 1.3073 1.30857 0.955494 0.41814 0.105613 0.0632627 0.30521 0.19416 -0.324246 -0.593906 -0.567085 -0.713687 -0.959739 -0.566375 -0.203574 -0.178331 -0.36272 -0.76942 -0.747912 -0.600769 -0.874938 -1.73996 -1.70607 -1.05238 -0.634706 -0.191466 -0.232096 2.05797 3.95397 1.7668 0.0989765 1.15636 1.82595 0.77101 0.0624998 -0.00113657 -0.269936 -0.448544 -0.36887 -0.326513 -0.385674 -0.535838 -0.71199 -0.256864 0.0813566 0.0678292 -0.253205 -0.977172 -1.27582 -0.963602 -0.706675 -0.942067 -0.806337 -0.409086 -0.266275 -0.266275 
3.32381 3.32381 2.44169 1.39239 0.812374 0.196282 -0.204041 -0.217406 -0.323077 -0.319538 -0.140412 -0.567109 -0.696423 -0.33079 -0.253103 -0.286558 -0.737842 -1.17582 -0.544313 0.0993647 0.0715255 -0.0625618 -0.373279 -0.815333 -0.787595 -0.314125 -0.0873931 -0.0423279 -0.0310104 0.0929136 0.156547 -0.340491 -0.262227 -0.174291 -0.74122 -0.460903 -0.208398 -1.9661 -2.14989 0.0687855 1.32004 2.63077 2.4707 0.764155 0.191044 0.327606 0.485271 0.252326 0.0689477 0.197861 0.091953 -0.0882864 -0.325222 -0.910077 -1.01829 -0.368082 -0.101687 -0.106796 -0.109712 -0.447443 -0.302043 -0.272538 -0.76994 -0.629399 -0.358527 -0.358527 
-1.17968 -1.17968 -2.49211 -1.17973 -0.178555 0.68463 1.05148 0.645424 -0.457949 -1.76034 -2.39496 -1.66828 -1.51937 -1.60136 -0.421284 0.111455 0.672246 1.45556 0.344493 -0.438679 0.277317 0.490448 0.356536 0.729462 0.754607 0.851465 0.14862 -0.33663 0.562137 0.579329 1.01583 1.49538 1.44962 0.301094 -0.872602 0.496927 1.04768 1.03288 -0.478667 -1.64615 -0.102546 0.858659 -1.11364 -2.33698 -0.570546 0.245774 0.51567 0.828416 0.0950983 0.0300881 1.40172 1.10537 1.10698 0.65146 0.236364 0.41069 -0.167128 0.530408 0.896889 0.717617 0.633302 -0.072766 -1.17493 -0.848245 -0.313152 -0.313152 
1.68954 1.68954 -0.656469 -0.994178 -1.49388 -1.30341 -0.281916 0.0938897 0.354578 0.442114 0.673218 0.996609 1.10701 1.88581 2.24535 1.60609 1.05335 1.5019 0.643363 -0.315313 0.863165 0.76247 -0.199164 -0.122124 0.490092 0.500664 0.122758 -0.144102 -0.425052 -0.225639 -0.736189 -1.89284 -1.29895 -1.78858 -2.03048 -0.957593 -0.406935 0.114968 -0.71262 -1.32091 0.324857 1.6593 0.595925 0.0379626 0.338805 0.243645 -0.297066 -0.163795 -0.157814 -1.08018 -1.04622 -0.638535 0.220241 2.01997 1.49042 -0.00462587 -0.180763 -0.937711 -1.37007 -0.848386 -0.274693 -0.112574 -0.215859 0.234289 -0.68363 -0.68363 
1.69239 1.69239 0.465751 0.0472859 -0.400051 -0.534756 -0.0560631 -0.242159 0.0698689 1.11235 1.04341 0.817336 0.662857 -0.666411 -1.64578 -1.06461 -0.392507 -0.797561 0.102205 0.597452 -0.382694 -0.141785 0.256623 -0.0796418 -1.1347 -1.04969 0.106218 0.518711 0.258528 -0.614351 -0.479492 0.557102 1.72415 1.56896 0.528774 -0.982541 -1.46591 -1.39476 -1.04775 -0.0511373 0.802449 1.60953 0.795627 -0.360017 -1.01353 -1.07013 -0.00176904 0.405916 -0.496492 -0.150411 0.224361 -1.14256 -1.94549 -1.78775 -1.28358 0.164751 -0.28129 -0.374777 1.50702 1.55036 0.763943 1.49576 2.58118 0.875813 -1.03345 -1.03345 
-1.57812 -1.57812 -1.33632 -0.533476 -1.39239 -1.13905 -1.83935 -0.786931 -0.141363 0.591031 1.85761 0.168145 -1.03861 -0.407935 0.231869 0.978882 0.156389 -0.488324 0.891376 0.96095 -0.141188 -0.280949 -0.0601437 1.25931 1.16617 0.12118 -0.202972 0.183274 0.545659 -0.431221 0.46508 1.57569 0.609414 0.430359 0.884521 0.306539 1.09831 0.933221 -1.91666 -1.84511 0.105616 1.11185 -0.0451304 -2.02966 -1.17272 0.190353 -0.0328817 -0.604442 1.0786 0.446801 -1.2492 1.51775 2.05161 -0.52807 -2.20296 -0.828147 -0.0599776 0.0833079 1.01569 0.36436 0.313642 1.00904 0.654774 0.754718 -0.110835 -0.110835 
1.90673 1.90673 -1.33546 0.0600416 1.66658 1.33489 0.175606 -0.736991 0.857999 1.26247 -1.13251 -2.0664 -2.25263 -1.75198 -1.01268 -1.17628 -0.477918 0.147725 0.312869 0.385566 0.143148 0.665006 0.725774 0.479615 0.494094 0.402863 0.0935065 0.0744549 0.130324 0.116792 -0.322695 -1.15617 -0.367419 0.776808 -0.274615 -1.54711 0.539661 -0.87875 -2.14887 0.578909 0.741441 -0.155249 0.00584126 0.571819 0.645971 0.40031 0.362972 0.392434 0.545928 0.600642 -0.110444 -0.697587 -0.647383 0.890766 1.05075 -0.797766 -0.980699 -0.650994 -1.16405 -0.912208 -0.257749 0.113787 -0.839401 -0.023554 2.15738 2.15738 
0.697081 0.697081 -0.207399 -1.11983 0.0532385 -0.177769 -0.200836 0.989617 0.00144407 -2.15245 -2.17678 -1.14933 0.0128105 0.783699 0.554068 0.231865 0.43625 -0.389675 -0.782136 -0.339086 0.501831 0.136798 0.444743 0.887075 -0.770173 -0.274817 -0.533182 0.0920851 1.04667 -0.562167 -1.03129 -0.403738 0.414159 0.913804 0.8535 -0.454788 -0.0599597 0.654622 -0.721043 0.0209921 2.37765 0.255517 -2.51308 -1.32371 -1.08657 -1.08826 -0.914516 0.425475 0.882166 0.30841 1.76109 1.31079 0.131579 1.43019 1.4918 0.0670527 -0.420675 -0.170039 0.578851 -0.324887 -1.57252 -2.30549 -0.177847 0.841305 1.55936 1.55936 
-2.89015 -2.89015 -0.82096 0.468533 -0.498567 1.10096 2.15696 1.12212 0.0491179 -1.20026 -1.47246 0.0828585 0.33556 -0.0400886 1.39672 1.60204 0.230902 0.629136 -0.312289 -1.01011 0.888244 -0.0213043 -0.892031 0.881418 1.01963 -0.594047 -0.279362 0.991359 0.74503 -0.274213 -0.078946 0.834949 0.467524 -1.08796 0.212982 -0.359118 -1.33154 0.41353 0.240384 -0.0111265 0.0886135 -1.12399 -0.548774 0.832391 -0.5681 -1.27775 -0.743359 0.0528662 -0.439011 -0.383055 0.274545 -0.467631 -0.210944 1.14273 1.43904 1.17331 0.521299 0.589202 2.05935 1.06764 -0.956895 -1.35621 -0.950441 -0.648899 0.314406 0.314406 
-1.66787 -1.66787 -1.48908 -0.646855 1.47386 1.16222 0.359189 -0.0843883 -0.0337565 0.78143 1.10543 1.66072 2.19922 0.641876 -1.89435 -1.45296 0.230219 0.726655 1.20821 0.93676 -1.00588 -0.41948 1.37111 0.391775 -0.270361 0.263668 0.122322 -0.0648271 -0.13751 -0.227714 -0.366964 -0.832004 0.543107 1.42857 0.0970146 -1.25085 -1.21187 -0.171487 0.781093 1.14311 0.250345 -0.25912 -0.159551 0.228487 0.793528 -0.984106 -1.93443 -0.914426 -0.827254 -1.31508 -1.85414 -1.18845 0.993569 1.3908 -0.587318 -0.0649978 0.591343 0.598651 1.40575 0.938775 0.608313 0.661185 -0.00207402 -1.1586 -0.471343 -0.471343 
-0.411731 -0.411731 -2.49417 -1.90082 0.275779 0.547307 0.457756 -0.794911 -1.20231 -0.313207 0.92282 0.0249555 -1.25073 -0.189811 0.100105 -0.606366 -1.06461 -1.42126 -0.18375 0.84748 -0.647685 -1.23396 0.345171 0.882898 0.773431 1.24784 0.0328862 -0.646037 0.0702816 0.802984 1.3652 0.603016 0.341474 1.92208 2.05874 -0.935429 -1.02709 1.06796 1.85261 1.48988 0.39659 -0.454486 0.120395 -0.198857 -0.84637 0.780499 0.751293 -0.628985 0.365438 0.148378 -2.03014 -1.10699 0.310464 0.112575 0.021546 0.547809 1.11657 -0.332755 -0.772551 0.599841 1.12295 1.17734 1.33508 -1.36516 -1.23376 -1.23376 
1.62013 1.62013 1.46601 -0.898431 -1.70016 -2.24231 -1.37152 -0.0643872 0.673368 0.977915 1.07118 0.390109 -0.410815 -0.456077 -0.113056 0.34536 0.692574 -0.0390385 -0.863646 -0.0211531 -0.138608 -0.758253 0.486772 1.34358 0.204287 -0.801714 -0.0200652 0.447951 0.315235 0.690523 0.249004 0.606693 -0.792013 -1.0662 0.560724 -1.03944 -1.11436 1.05059 0.280871 -1.29811 -1.77074 -0.622234 1.34253 1.8918 1.06662 0.249454 0.202423 0.499155 1.48222 1.83457 -0.567044 -1.66738 -1.34766 -0.917566 0.541293 -0.609567 -0.575829 0.34905 -0.751178 -0.862218 0.763225 0.638595 -1.83779 -0.902635 0.843638 0.843638 
-0.666292 -0.666292 1.97854 1.96711 0.701141 -0.246986 -0.79274 0.542561 0.905528 -0.220255 -1.78266 -2.04603 -0.436522 0.121916 -0.0572578 0.120443 0.95351 1.70146 1.40606 1.2499 0.949857 -0.677187 0.713024 1.68643 0.54879 -0.68097 -0.944894 0.105098 0.454243 -0.00385081 -1.2078 0.396837 -0.167194 -1.52926 1.02775 -0.0743191 -2.72251 -0.475739 1.13755 0.587613 -0.0611372 -0.959563 -0.96592 -0.0886538 -0.208033 -1.52752 -0.899647 1.7887 1.1232 -0.653295 -0.0317772 -0.342174 0.672872 0.934052 -0.712143 -1.54518 -1.64902 -0.26654 0.438864 0.110634 -0.132682 0.497839 0.670675 -0.337326 0.14358 0.14358 
-1.35226 -1.35226 -2.37371 -0.471357 0.477403 -0.0201693 0.0971087 0.531824 1.04478 0.883213 0.326883 -0.243722 -0.758273 -0.719533 -0.246655 0.283035 0.217407 -0.50896 -0.660481 -0.139624 -0.0220659 -0.282743 0.233088 0.814726 0.463059 -0.059672 -0.472309 -0.275615 0.253473 -0.0289876 -0.995913 -0.701621 0.749205 1.11584 0.914797 0.476974 2.24126 4.09132 -0.185798 -3.59032 -0.4908 1.74215 -0.275761 -1.59227 -0.645273 -0.225216 -0.335049 -0.00215207 0.208937 0.0763079 -0.107608 -0.219371 0.358865 0.850246 0.402541 -0.227248 -0.905931 -0.88455 0.105323 0.63607 0.112933 -0.0028474 0.601518 0.608283 0.228788 0.228788 
-0.7998 -0.7998 -1.9022 -1.5848 -1.12968 -0.94089 -0.30766 0.0019032 0.019662 0.318872 -0.133136 -0.457186 0.375241 0.592718 0.173433 -0.382307 -0.807301 0.330285 1.46668 0.773967 -0.0431581 -0.340351 -0.663903 -0.308321 0.653536 0.8626 0.412515 0.186199 0.269049 0.324012 -0.328375 -0.313004 0.301575 -0.37627 -0.174154 0.686749 -1.45441 -1.91279 2.26483 3.7725 2.8186 1.33586 -1.83411 -2.26806 -0.331679 0.43608 0.047873 -0.310429 0.0697417 0.151133 -0.173666 -0.311324 -0.736416 -0.601182 0.696387 1.08996 0.401472 0.118532 -0.230924 -0.0751019 0.310719 -0.364612 -0.247957 0.559196 0.411543 0.411543 
-1.06543 -1.06543 -0.0116719 1.84601 1.48534 0.976013 -0.0431066 -1.2236 -1.9433 -1.56692 0.0622897 0.691409 0.042104 0.87007 1.36366 0.866409 1.0676 -0.274792 -1.53258 -0.0655654 0.734403 0.0519811 0.180287 0.307999 0.0863335 -0.498196 -0.965592 0.320401 0.723831 0.352661 0.7239 0.336676 -0.970559 -1.87622 0.145615 1.53024 0.418712 -1.23719 -2.16272 0.290375 1.99957 -0.823474 -2.57752 0.424446 2.06216 0.860536 0.456197 -0.349319 -0.652633 1.0375 0.851757 -0.248285 -0.376089 -0.710672 -0.20495 -0.335605 0.084499 0.842711 0.13869 -0.223271 -0.646254 -1.46352 -0.634287 0.680328 0.418019 0.418019 
-1.96538 -1.96538 -2.26373 -0.632593 -0.16597 1.17794 1.34168 0.66954 0.414865 0.388729 0.597097 0.490465 0.892796 1.11289 -0.139896 -0.945855 0.0151785 -0.254985 -1.49821 0.30141 1.0594 -0.831301 -0.674279 0.716153 0.657431 -0.217301 -0.4624 -0.376744 0.0351889 -0.167653 -1.36568 -0.389956 0.199338 -0.539053 0.841364 1.54156 1.05479 -0.162836 -1.16132 1.02379 2.74012 0.346701 -1.32516 -0.119931 0.288935 -0.454543 -0.252733 0.230247 -0.702365 -0.67765 0.497399 1.22609 2.4559 1.22937 -1.68142 -1.36919 -0.717119 -0.943478 0.186138 1.07494 0.757284 0.159201 0.413663 -0.306033 -0.70372 -0.70372 
-0.831796 -0.831796 -1.14923 -0.558076 -0.342822 0.359644 0.32066 0.194231 1.1262 0.83721 -0.125089 -0.189978 -1.02684 -1.65258 -0.203364 1.04941 0.301281 0.47398 1.15693 -0.269132 -0.462066 0.583674 0.145842 -0.956727 -0.637156 1.04004 1.28846 0.214241 -0.760814 -0.461144 0.987341 1.77033 0.866278 -0.808081 -1.83681 -1.41442 -0.214002 0.415906 1.11795 1.50222 1.35845 0.0935274 -1.39535 -1.27368 -0.439976 0.8662 1.2184 -0.276584 -0.323315 0.645526 -0.653921 -1.5473 -0.390725 0.60081 1.57983 0.85902 -0.310572 1.45528 1.55907 -0.464983 0.0572846 1.47722 -0.371573 -2.64328 -1.34962 -1.34962 
0.138928 0.138928 0.678303 -0.061191 -0.430367 -0.32381 0.213043 1.11724 0.902237 1.31945 -0.307631 -1.96929 -0.410552 0.830024 0.908186 -0.0742323 -1.00924 0.470266 0.950147 -0.717233 -0.85787 0.0309257 1.01127 0.800358 -0.788157 -0.943359 0.0181946 0.479432 -0.436361 -0.0776577 1.32479 0.0734458 -0.792994 0.161303 -0.106709 0.120107 0.397503 -2.04908 -1.8901 1.33511 1.96306 -0.124799 -2.13409 -0.781076 1.46795 0.74226 -0.557491 0.723205 0.682736 -1.58741 0.695977 2.19406 -1.39797 -2.88188 -0.225124 1.4162 0.588822 0.699146 0.165298 -0.495181 0.409591 0.205661 -0.194381 -0.537883 -0.605029 -0.605029 
-2.23988 -2.23988 -1.27327 2.08529 0.888921 -1.02688 -1.42925 0.478549 1.39084 -1.37289 -2.29992 -0.769994 0.223664 0.864749 0.40465 0.376291 0.922972 0.553629 0.170621 -0.111683 0.199436 0.409443 -0.122537 -0.154601 -0.0472865 -0.271597 -0.221601 0.0313788 0.0352023 -0.307915 -0.875866 -0.0251018 1.34479 0.0701591 -1.60382 0.569899 0.468826 -1.85638 1.01555 2.0079 -0.502651 -0.503649 0.509493 0.449274 -0.112922 -0.190147 0.000421344 0.132605 0.150095 -0.448771 -0.893364 -0.366044 1.10608 1.18212 -1.16371 -1.40124 0.107541 -0.121127 -0.175058 0.633645 0.716551 -0.397015 -0.0892551 2.08165 1.51654 1.51654 
-0.640122 -0.640122 -1.26965 0.163747 0.633892 -0.191377 0.789354 0.123483 -2.18394 -1.51894 0.676021 1.49462 1.31761 0.357359 -0.396815 -0.0973671 -0.444909 -0.8567 0.0188247 0.869789 0.312255 -0.0554667 0.501571 -0.854306 -0.817722 0.147431 0.237064 1.07393 -0.467478 -1.44976 0.0932284 0.981206 0.892954 0.287043 -0.960335 -0.646317 0.749354 -0.472191 -0.45325 2.12185 0.14573 -3.39042 -1.10566 0.968137 0.146368 0.102626 1.02832 1.22353 -0.0968473 0.59033 0.675511 -1.14035 0.0663004 0.9224 -0.956573 -1.33558 -0.17966 0.67354 -0.122916 -1.50041 -1.38259 0.946172 2.15504 1.1825 0.479341 0.479341 
1.39302 1.39302 2.32561 0.129701 0.353923 1.81707 -0.0881526 -1.6279 -1.78306 -1.2039 0.82452 1.20414 -0.192378 0.663994 1.08416 -0.946606 -0.807083 -0.496307 -1.289 0.76479 0.611663 -1.39099 0.549407 1.27909 -1.17055 -1.04292 1.04314 0.637402 -1.01875 -0.699377 0.698709 0.291758 -1.49415 -0.28755 0.423654 -1.22049 0.455335 1.03339 -0.41058 -0.213224 -0.908309 -0.564432 1.31144 -0.117437 -1.62956 -0.230212 0.858867 0.116651 -0.418727 0.412598 -0.164627 -0.454576 1.06118 1.08984 -0.081343 -0.767189 -0.525899 1.00889 0.242558 -2.28487 -1.85644 -0.0987921 0.408084 0.811303 0.593222 0.593222 
0.0903525 0.0903525 0.678413 2.03431 1.22865 -0.812765 -0.904882 -0.30884 0.570052 0.760922 0.57946 0.729229 -0.745856 -2.89269 -1.49713 1.44894 1.48737 0.648375 0.112221 -1.5804 -0.981431 1.62518 0.531956 -1.18058 -0.123925 0.239701 -0.26384 -0.215898 -0.148209 -0.194687 -0.456405 0.60095 1.5439 -0.345948 -1.9053 -0.948366 0.719151 1.35705 0.883399 -0.405056 -1.01354 -0.320676 0.305978 0.63098 -0.881134 -1.93919 0.0141742 0.738572 -0.314224 -0.751472 0.0539416 1.95385 1.7664 -1.13828 -1.05094 0.788485 0.428894 0.534155 0.203003 -0.591262 -0.228297 -0.460662 -1.30508 -0.362131 0.445376 0.445376 
-1.31759 -1.31759 -0.932091 1.83505 1.62597 0.153623 -0.836664 -1.04317 0.348359 1.41611 0.255098 -1.37679 -0.104146 0.913043 -0.23525 -0.721341 -0.494052 0.607699 1.50941 -0.266033 -1.31695 0.68046 1.41074 0.313636 0.272496 -0.44575 -1.19508 0.0596867 0.976836 0.876716 -0.0945309 -0.629739 0.892399 1.15112 -1.82116 -1.96951 1.33701 1.90636 0.309514 -0.910602 -1.22788 -0.144057 0.201475 -0.592728 0.671689 1.07341 -0.880367 -0.215304 0.540452 -1.52104 -0.780234 1.5561 0.827753 -0.152323 0.318167 0.746839 -0.536722 -1.19199 0.641308 1.26692 0.410601 0.17321 -1.6165 -1.63361 0.120763 0.120763 
-0.102515 -0.102515 -1.6693 -2.09843 -0.890907 0.217377 1.44279 1.35463 0.690281 0.263213 -0.389899 -0.982426 -0.561112 0.196914 0.530673 0.533452 -0.255112 -1.03161 0.0114582 0.480048 -0.488827 0.41401 1.39237 -0.18758 -1.42196 -0.149059 0.827688 0.221791 0.160345 -0.0442811 -0.0559429 -0.690216 -1.10893 0.895988 0.0173421 -1.11038 1.38455 0.924147 -1.55674 -1.35988 0.447468 2.06259 1.66551 -0.183222 -1.08868 -0.573045 0.165069 0.847653 0.884508 -1.35832 -2.32093 -0.517664 0.496464 1.25131 0.2037 -0.740645 0.634827 -0.116587 -0.803031 1.00311 0.994109 -1.72394 -1.02168 1.77643 1.15676 1.15676 
1.6057 1.6057 1.59857 -0.842063 -1.42663 -0.977164 0.447864 1.01497 -0.520925 -1.7225 -1.18429 0.795219 1.30809 0.191817 -0.045791 0.585922 0.941801 0.237556 -0.326679 -0.329579 -1.24752 -0.192673 1.4302 -0.147366 -1.5223 -0.977041 0.445693 0.828293 -0.112864 -1.08211 0.205187 0.604545 -1.2469 0.700864 0.863117 -2.38531 -0.295387 2.36409 0.618739 -0.792941 -1.01042 -0.609523 0.49864 0.428105 -0.942829 -0.47649 2.02469 1.21753 -1.56886 -0.765662 0.149291 0.394881 0.751587 -0.909223 -1.5921 -0.629554 0.753094 1.25812 0.190513 -0.401559 0.196773 0.456483 -0.566076 -0.373818 0.255249 0.255249 
