69
0.420812 0.391725 0.448301 0.37846 0.435253 0.684775 0.936542 1.10004 1.28149 1.23628 1.2569 1.17936 1.21473 1.33885 1.1369 1.06809 0.882551 0.815836 0.621226 0.48297 0.373714 0.194684 0.157076 -0.0305686 -0.254279 -0.372323 -0.698456 -0.854837 -1.14643 -1.46769 -1.67418 -1.89116 -1.90315 -2.00275 -2.00034 -2.08933 -1.0592 0.0809113 0.29285 0.168887 0.298889 0.313324 0.365247 0.754867 0.980699 1.00288 1.05356 0.985056 0.928045 0.864606 0.683637 0.6127 0.537502 0.377014 0.238422 0.0302079 -0.0561473 -0.048406 -0.0951243 -0.244887 -0.497016 -0.810261 -1.00967 -1.15111 -1.18241 -1.2552 -1.40032 -1.6509 -1.75972 
0.733804 1.08397 1.21014 1.264 1.4298 1.30592 1.16441 1.11555 0.937091 0.902566 0.792145 0.78412 0.570632 0.0725 0.238185 0.247913 0.221229 0.14005 0.13657 -0.256563 -0.483761 -0.5643 -0.374575 -0.470834 -0.548442 -0.201265 -0.299431 -0.429754 -0.529421 -0.878272 -0.74865 -0.753972 -0.937426 -0.801586 -0.805747 -1.02621 -1.53989 -1.7559 -2.19823 -2.86287 -2.76029 -2.75222 -1.74901 -0.582414 -0.186128 0.300266 0.530975 0.623793 0.710258 0.783682 0.990129 1.0069 0.973859 1.09749 1.0108 0.768624 0.679744 0.480477 0.589211 0.393632 0.268209 0.303223 0.248187 0.247441 0.187131 0.215375 0.0856747 -0.0677533 -0.280762 
-0.389814 -0.115617 0.119604 0.42725 0.207032 -0.091937 -0.689621 -1.34456 -1.92609 -1.90615 -2.06376 -1.92655 -1.70583 -1.10797 -1.28622 -1.74301 -1.45526 -1.26806 -1.19087 -0.924283 -0.560362 -0.407578 -0.339272 -0.0971029 -0.299392 -0.564171 0.0163148 0.213315 0.811838 0.706361 0.57203 0.867874 0.781733 0.5989 0.811554 0.871266 -0.044714 0.190513 0.659626 0.846753 0.775341 0.328903 1.48977 0.789597 -0.490701 -1.08118 -1.21013 -0.796107 -0.43797 -0.398085 -0.486277 -0.543426 -0.365658 0.192343 0.428471 0.844599 0.869572 1.37206 0.954946 1.15368 1.30741 1.39133 1.39163 1.185 1.1745 1.18478 1.22998 1.31001 1.18183 
-0.68128 -1.32282 -1.82258 -1.6413 -1.5308 -1.64389 -1.47694 -1.01274 -0.351083 0.0353485 0.45567 0.69272 0.870404 0.695208 1.05397 1.19701 1.19934 1.63474 1.33232 1.81314 2.14197 2.12327 1.96529 1.93082 1.74851 1.5382 1.38037 1.48488 1.0103 0.444889 0.0539319 -0.128092 -0.170096 -0.467525 -0.568415 -0.376711 0.423424 -0.497734 -1.29332 -0.891434 -0.672621 -1.09565 -0.0298317 -0.109346 0.266832 0.0544688 -0.275802 -0.433826 -0.650467 -0.544972 -0.2511 -0.587857 -0.557432 -0.587476 -0.692569 -0.644095 -0.297575 -0.0437627 -0.0211608 -0.406037 -0.22639 -0.363109 -0.215504 -0.328528 -0.511314 -0.589031 -0.542412 -0.570064 -0.422347 
1.22876 1.02165 1.2843 0.91316 0.867075 1.17901 1.63381 1.69787 1.31548 0.798653 0.569987 0.359846 0.548869 1.13774 1.08533 0.965876 0.768797 0.65948 0.780331 0.0217802 -0.241532 -0.347727 -0.144143 -0.426852 -0.538218 0.242171 0.300586 0.194229 0.524232 0.761065 0.640723 1.28041 1.06175 0.805319 0.416606 0.572638 -1.22401 -1.2115 -1.34216 -1.15243 -1.09419 -1.23983 0.393026 0.505431 0.133613 0.466878 0.349925 0.00779284 -0.00498206 0.120283 0.124401 0.0485511 -0.229062 -0.632709 -0.882399 -1.49642 -1.89082 -2.16158 -1.93967 -2.07441 -2.03523 -1.83302 -1.29354 -1.19827 -0.683652 -0.519662 -0.410311 0.114455 0.346464 
-0.822574 -0.393503 -1.46793 -1.28026 -1.53614 -1.38793 -1.5698 -1.67751 -0.974575 -0.37482 -0.0156493 0.129275 -0.896488 -2.40608 -2.29524 -1.26425 -1.21098 -1.03815 -0.870418 0.550969 0.33818 0.267474 0.997023 0.35861 0.53562 -0.689357 0.348373 0.609998 0.761051 0.945088 0.789583 0.719816 1.91627 2.12087 0.798146 0.398375 0.228799 -0.0694948 -0.0978103 0.45896 0.307959 -0.36916 1.17227 0.243579 -0.38844 -0.728513 0.551531 0.736765 0.676122 0.549907 0.02734 0.822226 0.699706 0.732367 1.21669 1.71423 1.97878 0.26851 0.857371 1.13598 0.686247 0.402654 -0.0530245 -0.229804 -0.109811 -0.927745 -1.60695 -0.914702 -0.385617 
1.32833 0.977923 2.0873 1.80838 1.9617 1.92162 1.61662 0.509869 -0.756887 -1.60347 -2.10654 -2.05442 -1.74752 -0.895755 -1.35438 -0.862586 -0.740136 -0.615622 -0.489716 -0.401374 0.168907 0.264672 0.107946 0.23689 0.152336 0.757417 0.805857 0.357467 0.0492056 -0.905205 -0.660028 -1.13391 -0.385078 -0.0347368 -0.457881 -0.929716 0.996429 0.320572 -1.50284 -1.59611 -0.668602 -0.459585 0.418016 0.182147 0.60047 0.616428 -0.268009 -0.104712 -0.155774 -0.657558 -1.05335 -0.300636 -0.214133 -0.132051 0.444264 1.27323 2.04615 1.8419 1.40509 0.85283 0.328745 0.377113 -0.0250286 -0.340657 -0.497804 -0.043442 -0.308106 -0.477819 0.125338 
-0.0493025 -0.212033 -0.480145 0.208689 -0.35997 -1.16031 -1.71532 -1.94197 -1.68703 -1.24347 -0.998181 -1.15104 -0.480566 -0.543641 -0.453926 -0.778331 -0.704445 -0.422001 -1.08605 -0.85725 -1.02897 -1.09745 -0.727174 -0.842963 -0.334239 0.100416 -0.0632024 0.26208 -0.22723 -0.0470954 -0.404533 -0.930781 -0.409375 -0.121647 -0.108023 0.93603 0.489122 0.219596 0.841114 1.2439 0.470947 0.339353 1.07309 0.838648 0.468256 -0.391647 -1.04397 -1.85803 -1.14396 -0.572297 0.136717 -0.360737 -0.050488 0.508596 0.159519 0.354954 0.809328 1.52793 1.51576 1.55422 2.24546 1.69014 0.954175 1.48132 1.34566 1.76926 1.41024 2.11627 1.018 
-2.23209 -1.81694 -0.974586 -0.681524 -1.04982 -1.59522 -2.08169 -1.3178 -0.879595 -0.0513619 0.838217 1.44521 0.596893 0.78606 1.72433 0.701266 0.621366 0.622746 0.670971 0.937592 0.933251 0.755986 0.350488 0.511577 0.528424 0.678475 0.738839 0.59932 0.12532 0.103971 -0.518506 -0.575275 -0.37913 0.758815 0.124409 0.78745 0.567623 0.799416 0.934814 0.462302 0.9448 0.891911 0.566648 -0.18562 0.385714 -0.0411927 -0.201052 -0.383367 -1.56488 -1.14399 -0.826685 -1.34309 -1.57786 -0.996767 -1.44438 -1.68265 -1.75649 -1.03153 -0.397778 0.0472202 1.24655 1.30507 1.81856 1.12739 0.177193 1.12095 0.0937384 0.629332 -0.32933 
0.0209572 -0.0685032 -0.299968 -0.734999 -0.509532 -0.252259 0.927586 1.57484 1.7431 1.30346 0.734865 0.387903 0.497864 0.0086471 -0.131484 0.488536 0.808108 0.108881 0.763149 0.806126 1.75275 1.33373 1.23498 0.943626 0.529902 0.898907 0.905496 0.767936 0.861633 -0.258496 0.550511 0.766719 0.462003 0.275356 0.145741 0.188823 -1.01514 -0.407761 -0.961009 -0.114896 0.164757 -0.0680424 0.381399 0.650514 0.286952 0.140001 0.897122 0.930054 0.865352 0.535727 -0.122951 -0.49765 -1.06261 -2.19963 -2.15268 -1.77052 -0.967709 -2.02621 -1.78685 -2.13643 -1.43905 -1.29231 -1.38831 -0.629212 -1.54647 -1.50302 0.458356 0.739807 -0.498465 
0.0398849 -0.300621 -0.812772 -0.658125 -0.572331 0.0572322 0.329851 0.367481 0.167946 -0.230009 -0.524763 -0.772663 -0.852542 -0.346975 -1.15156 -1.19583 -0.983562 -1.369 -1.7208 -1.70534 -1.16668 -1.71349 -1.76793 -1.5244 -1.02441 -1.60371 -1.35485 -0.618483 0.443446 0.274106 -0.238824 -0.124493 0.765078 0.428913 -0.306939 0.599502 1.18277 0.843325 0.732361 1.46341 2.13738 1.16829 1.58196 1.31443 1.21779 1.07288 0.747788 0.632762 0.41568 0.383209 0.221758 0.564014 0.887899 -0.178009 -0.622081 -0.759976 -0.295976 -0.31194 -0.493826 -0.758533 -0.408602 0.0110847 -0.111132 0.455807 1.4087 2.05347 1.72359 1.63084 1.25653 
1.88903 1.63952 1.76855 0.79687 1.31802 1.90601 1.10195 0.104997 -0.12145 0.584681 1.04821 0.584615 -0.498728 -0.861119 -0.19898 0.0315584 0.299653 -1.91452 -2.29965 -1.20762 -0.976199 -0.246773 -0.276126 -0.67945 -0.146627 0.67337 -0.188335 -1.90032 -0.477081 -0.243341 -0.965761 0.429074 1.47249 0.24363 -0.800691 -0.415217 0.219813 -0.838282 -0.768846 -1.56411 -0.210305 -1.3603 -1.52881 -0.689233 0.110259 -0.216575 -0.168814 -0.103008 -0.00382891 0.678456 1.38828 1.74604 2.62571 1.73782 0.4738 0.184833 0.30312 0.310109 -0.0908482 0.252829 0.652182 -0.853073 -0.624724 -0.458314 -0.743938 -0.832957 -0.487269 -0.15322 -0.461056 
-0.74626 0.332429 0.609749 1.2277 -0.0296251 -0.252845 -0.0820166 -0.360913 -0.433785 -0.800421 -1.14467 -0.472853 0.810825 0.265426 -0.1923 -0.0980512 0.859877 1.64272 1.67711 2.53608 2.26894 2.33454 1.71919 1.37932 1.67547 1.13928 0.39211 0.143803 0.339685 1.12918 -0.283942 -0.183306 0.378233 0.0264835 0.189648 -0.378913 -0.278112 0.286584 0.260428 0.00275402 0.828005 -0.524665 0.164617 0.0303067 -0.0641109 -0.257494 -0.896327 -0.938555 -0.813229 -0.807665 -0.465686 -0.0722761 -0.367202 -0.111165 0.282119 0.895859 -0.199117 0.107164 -0.247655 -0.799442 -1.19431 -1.74609 -1.62959 -1.35614 -2.08688 -1.82658 -0.996848 -1.48599 -1.31059 
0.214827 0.214827 0.121195 0.121696 0.855435 1.30339 1.10575 0.944196 0.464695 0.0951712 0.020891 0.0547857 0.518099 -0.0271482 -0.470412 -0.43269 -0.427875 -0.448726 -0.613093 -0.41699 -0.510668 -0.346057 -0.36585 -0.793422 -0.633514 -0.868833 -0.956911 -0.877549 -1.25636 -1.06085 -0.82127 -0.374379 -0.104691 -0.0716368 -0.0472538 2.31396 5.13783 3.25803 0.353799 0.165546 0.483516 0.304132 1.16612 1.56568 0.721486 0.31907 0.110721 -0.1367 -0.125065 -0.40986 -0.427084 -0.184074 -0.38982 -0.535468 -0.645121 -0.525106 -0.0289449 0.0621216 -0.299746 -0.77168 -1.14728 -1.02616 -0.631436 -0.245202 -0.087464 -0.348974 -0.757464 -0.674069 -0.674069 
1.03227 1.03227 0.427954 0.508785 0.146283 -0.480477 -0.327469 -0.402845 -0.373604 -0.234836 -0.18079 -0.390994 -1.39057 -0.617244 0.418539 0.0262 -0.159204 -0.11188 -0.748112 -1.20438 -0.566849 0.283468 0.251407 -0.293821 0.610569 0.568642 -0.405221 -0.408282 -0.853971 -0.386336 0.314293 -0.324227 -0.0363276 0.329342 -0.39734 -1.43651 -1.42743 -1.28191 -2.19688 -1.08553 0.286462 2.12328 4.4861 3.24829 1.86101 1.52332 0.720618 0.426432 0.386876 0.63158 0.516033 0.0275989 0.245556 0.136118 -0.609951 -0.6144 -0.526896 -0.123861 -0.116338 -0.593902 -0.123606 0.019948 -0.0529849 -0.0637411 -0.00461667 -0.146139 -0.516658 -0.686566 -0.686566 
0.769495 0.769495 0.825535 0.0624979 -0.953815 -1.58621 -2.1826 -2.15555 -1.02486 -0.314625 -0.118147 0.515702 1.28745 0.619027 -1.14791 -0.367188 0.711751 0.35899 0.491981 0.97236 0.781703 0.286434 0.436189 -0.0171615 -0.866495 0.444953 1.21861 1.24883 0.742066 -0.485748 0.18662 0.267357 -0.534612 -0.0340147 0.37234 -1.51856 -1.2245 1.09606 1.01548 0.109891 -0.951574 1.11297 0.687863 -3.40203 -3.21825 -1.28929 0.39363 1.20968 0.582864 -0.164909 -0.32748 0.118106 1.14872 1.2465 1.0088 0.655036 0.799725 0.0590576 -0.449843 0.506544 0.314164 0.0571205 -0.429649 -0.447756 -0.0843475 0.00897442 0.125839 -0.164646 -0.164646 
-2.14422 -2.14422 -0.598148 0.548514 -0.00459888 0.101453 1.18617 2.11572 1.96958 1.51613 1.23544 0.779534 0.00493475 0.345185 0.943128 0.273402 0.822756 0.250121 0.335453 1.52157 0.582988 -0.33173 -0.361342 -0.407049 -0.737461 -0.691463 -0.0999289 -0.695096 -1.95385 -1.79673 -1.07636 -0.420683 -0.637526 -0.748171 0.170898 1.8639 -0.22714 -3.22545 -0.73949 1.16653 -0.383455 1.20804 1.8535 0.557683 0.308064 -1.01934 -0.917233 -0.703725 -0.20858 0.750659 -0.0803205 -0.575329 0.000976871 -0.253658 -0.106125 0.742442 1.12827 0.519635 -0.680444 -0.38536 0.0809212 0.0207147 0.065236 -0.555559 -0.489219 -0.0581711 0.0358998 0.225859 0.225859 
0.11117 0.11117 -0.150436 -0.642842 0.446587 1.24544 0.850106 -0.485115 -1.41156 -1.16639 -0.677256 -0.0110942 1.26322 0.878181 -0.25151 -0.482249 -0.466077 0.0409816 -0.994465 -1.60716 -0.566731 0.17791 -0.103609 -0.605914 1.0896 1.36037 -0.0538753 0.379274 0.926619 0.208375 0.85087 0.694067 -0.735117 -1.00633 -0.348511 -2.59399 -2.8229 -0.165859 0.116798 0.418068 -0.116805 2.39452 2.80606 -0.391146 -0.0389012 0.367577 -0.709597 -0.543446 0.201994 0.228936 -0.0918167 -0.541143 -1.06394 -1.01941 -1.35493 -1.58572 -1.03825 -0.0553217 0.1616 -0.129825 0.407574 1.20549 1.03494 0.995287 1.10488 0.458531 1.03392 1.22955 1.22955 
-0.722003 -0.722003 -0.98912 -0.0833531 -0.127022 -0.0451372 -0.328321 0.650756 1.43359 1.0532 0.549916 -0.98257 -2.81335 -1.55566 1.25559 1.19189 0.24231 0.368962 1.75053 1.32948 -0.321585 0.72115 0.0929603 -0.518447 -1.1675 -0.215082 1.4299 0.44876 0.362905 0.0236856 -0.257159 1.23884 1.54244 -1.24514 -1.9139 -0.637891 -0.525603 -0.369292 0.576872 0.441115 -0.924235 0.948512 0.670135 -1.73488 -1.08355 1.03223 1.6135 0.129979 -0.214652 -0.725789 0.293446 0.736114 -0.107318 0.564176 1.07859 0.835397 -1.60764 -1.24877 0.952006 -0.197242 -0.819342 -0.82592 -0.707726 -0.070722 -0.780187 -1.66453 0.00654664 1.34357 1.34357 
0.866859 0.866859 0.946285 -0.115935 0.149417 -0.359786 -1.5449 -2.61345 -2.3244 -1.47591 -0.477406 0.422503 1.31093 0.460399 0.060463 0.706064 0.297998 0.301837 0.261649 0.755366 0.763614 -0.0441193 -0.00725702 0.0729301 0.601937 0.749698 -0.42075 -0.817059 -1.37927 -0.764376 -0.230489 0.329091 1.24484 -0.0572761 -0.970747 1.63941 1.41273 -2.75317 -2.1059 0.950477 1.28634 1.23089 0.7366 0.226324 0.506115 -0.941304 -0.777605 0.148308 -0.590624 -0.973635 0.420166 0.956018 0.210915 0.755115 1.58493 1.80337 0.655429 -0.688635 -1.07529 -1.17225 -0.50493 -0.369445 -0.773861 -0.501661 0.353829 0.234373 -0.459 0.505184 0.505184 
-0.698992 -0.698992 0.572541 0.123773 -2.09982 -2.07943 -1.22282 -0.0134414 0.987298 0.972907 0.082356 0.717218 0.851275 -0.0158924 -0.406102 -0.429737 0.476392 -0.625473 -0.705572 0.0295644 -0.414336 0.394962 0.32433 0.531049 1.35296 0.349034 0.185721 -0.300591 -0.517321 -0.320414 -1.37516 -0.062899 1.15251 0.3943 1.52362 0.83597 -1.12543 0.469915 1.47379 -0.608392 -1.40631 0.843429 0.689864 -0.958787 -1.89271 -2.31369 -2.24523 -0.204963 1.86414 1.8566 0.260225 -0.335199 1.24239 0.257906 -0.285083 0.914606 1.69579 0.999154 -0.0164177 1.0339 0.147273 -1.98378 -0.367465 0.528884 0.374267 0.0407597 0.462478 -0.641349 -0.641349 
1.54817 1.54817 1.38832 -0.196869 -1.29473 -1.44947 0.264887 1.47563 1.55987 2.15089 1.8612 -0.414346 -0.961435 1.37787 -0.209389 -1.54255 -0.201176 -0.0334117 0.313886 0.245058 -0.336152 -0.861416 -0.418386 0.13462 0.120168 0.177147 -0.202006 -0.901686 -0.746958 -0.941368 -0.987748 0.08413 1.64845 0.560955 -0.0608702 0.481967 -0.0826954 0.382425 -0.539771 -0.0852874 0.464154 -0.593505 -1.50925 -0.335272 0.0907451 -0.866657 -0.546395 -1.88411 -1.0943 0.868204 -0.359052 -1.08192 0.355098 0.0764074 -0.996431 -0.50703 0.754183 1.68069 1.31412 2.05466 1.54862 0.650619 -0.331014 -2.24752 -0.106791 -0.207636 -0.742071 -0.652316 -0.652316 
-0.383379 -0.383379 -0.815496 -0.244128 0.621561 1.81496 2.30261 1.03767 -0.321423 -1.24282 -1.12694 -0.278436 -0.456319 -0.769045 0.617996 1.19283 -0.456817 -0.0382986 0.889787 1.25537 0.677657 -0.629523 -0.469879 -0.863746 -0.0379991 0.487581 -0.145851 -0.0369286 -1.26558 -0.37112 1.2999 -0.0927543 -0.596502 -0.377547 -0.0902844 -1.4337 -0.728075 0.0856069 0.384131 1.42563 0.076509 0.28882 0.916436 -0.100181 -0.620448 0.780904 1.00584 -0.0218055 -0.475165 -1.2179 -1.27426 -1.15707 -2.11031 -1.34516 0.5545 1.49967 -0.301804 -1.00638 -0.119902 0.452827 1.07344 0.0813707 0.847091 -0.179847 -1.07473 2.52484 2.82246 -1.17853 -1.17853 
-1.27756 -1.27756 -0.558022 0.310895 1.00103 1.27252 0.412338 -0.273782 -0.906762 -1.04513 -0.827077 -0.514826 0.58009 -0.47303 -1.27203 0.205622 -0.290152 -1.10984 -0.527276 0.766718 -0.0503523 -0.912223 0.236274 1.04196 -0.153756 -0.518701 1.3932 2.57473 1.25858 -1.02996 -0.617739 1.42034 0.765687 -1.59633 0.209388 2.1263 0.315809 -0.69303 0.862585 2.00322 -0.467365 -0.845617 0.173864 -0.567719 -0.38953 -0.721497 -0.678072 -0.521117 -0.401151 -0.320309 0.224233 0.929511 -1.11679 -2.23277 -0.884205 0.43538 0.612567 -0.326017 -0.687484 0.0853388 1.07988 0.393767 0.607752 2.17007 2.28317 0.419076 -0.652654 -0.717218 -0.717218 
-0.0555531 -0.0555531 -0.734694 -0.365944 1.1008 -0.145443 -1.63595 -1.09275 0.50885 1.15771 0.0576858 -1.39701 -1.30184 0.339635 0.897234 0.52667 -1.77237 -2.38667 0.722524 1.30234 0.961343 0.716106 -0.349147 0.17953 1.32996 0.018526 -2.36258 -0.213793 1.61599 -0.401813 0.690097 2.35071 -0.116646 -2.07998 -0.56184 1.01744 -0.340108 -0.872 -0.624829 0.583008 0.249414 -1.18219 0.688828 1.59915 0.502242 -0.204695 0.164549 0.212902 0.792647 1.36691 1.06172 1.22144 0.0500184 -1.96594 -1.4027 -0.102761 0.175559 -0.312745 0.00388143 0.756504 -0.982257 -1.14307 0.428985 -0.0543619 -0.294571 0.299123 0.696982 0.0823993 0.0823993 
1.82258 1.82258 1.21206 -0.821489 -1.93612 -0.0436808 -0.117458 -0.440383 -0.556647 -0.916243 0.459801 2.61695 1.00403 -1.30349 -0.455898 1.41998 2.33243 1.10865 1.20953 0.809967 -0.241313 -0.702716 -1.24001 -0.0321994 -0.292341 -1.67483 -1.29336 -0.0437246 1.33146 -0.800621 -1.71342 0.903187 0.303733 -0.22415 -0.511446 -0.594083 0.90759 0.739359 -0.350359 0.777836 -0.673137 -0.853309 0.761132 -0.277344 -0.35562 -1.07702 -0.876727 0.135855 0.199184 0.48627 1.0002 0.156244 -0.0257887 0.886154 1.36014 -0.61194 -1.01935 -0.0385746 -1.1756 -1.22867 -1.22866 -0.551042 0.54246 -0.5802 -0.597634 1.47013 0.477061 -0.38999 -0.38999 
-0.0618506 -0.0618506 -0.061393 0.694284 1.10296 0.25229 -0.3044 -0.561835 -0.751786 -0.381679 -0.013218 0.477791 -0.0511661 -0.879185 -0.346733 0.0625187 0.00902231 -0.145501 0.0526536 0.117218 0.0884544 0.155937 -0.384931 -0.220802 -0.0452088 -0.271706 0.015708 -0.249835 -0.143753 0.421058 0.650657 0.678154 0.300177 0.0761277 2.20254 4.75945 0.88594 -4.34581 -2.80085 0.142145 0.150246 0.647125 1.1759 -0.38244 -1.11492 -0.534172 -0.392608 -0.191687 -0.225822 -0.25218 0.229888 0.0577036 -0.297276 -0.209511 0.0331316 0.586451 0.560011 -0.223667 -0.737882 -0.750427 -0.208756 0.494815 0.736949 0.520503 -0.0711119 -0.588275 -0.273256 0.0998366 0.0998366 
-0.521796 -0.521796 -0.444161 -0.211905 -0.891516 -0.396391 0.13319 0.0143176 0.219994 0.243819 -0.0913553 -1.10331 -0.158675 1.7962 0.67663 -0.496269 -0.0739916 -0.506993 -0.990676 0.232723 1.48765 0.84453 -0.495834 0.403589 0.886988 -0.916996 -0.879666 -0.372377 0.0797066 1.1807 0.118282 -0.278128 0.686354 -0.288109 -1.6374 -0.930727 0.207116 -0.680403 0.247236 2.44378 3.14057 4.09221 1.13915 -2.46266 -1.59814 -1.03667 -0.994885 -0.261917 0.255665 0.182679 -0.521471 -0.201153 0.162856 -0.76305 -0.662212 0.1384 0.529771 0.452952 -0.392826 0.0516472 0.648206 0.126458 -0.0217515 0.105084 -0.0205113 -0.433166 -0.460429 -0.104561 -0.104561 
0.0610766 0.0610766 -0.477604 -1.23465 -1.14243 -0.845969 -0.380417 0.838839 1.32115 0.661628 0.607699 1.01383 0.0944581 -1.69778 -0.674724 1.33438 0.534173 -0.133636 0.454534 0.226048 -0.462729 -0.222408 -0.192815 -0.898141 0.347752 1.49353 0.589027 -0.314911 -1.20304 -0.370614 0.553182 -0.487653 -0.191245 0.661794 -1.02653 -1.1058 1.86735 1.60287 -0.674694 -1.36716 0.729653 1.17891 -3.16593 -2.73608 1.51304 2.57139 1.78571 0.155107 -0.948907 -0.621161 0.221314 1.06367 0.818122 -0.0772628 -0.396038 -0.126089 -0.399229 -0.860642 0.337425 0.560879 -0.295765 -0.503595 -0.334913 0.265286 0.343952 0.169899 -0.101057 -0.183559 -0.183559 
1.11694 1.11694 1.99888 0.384329 -0.416038 0.843671 1.47705 0.53036 -0.533357 -0.636841 -0.638726 -1.01861 -0.406261 0.649406 -0.1274 -0.164771 -0.0900946 -0.44699 0.905727 0.118198 -1.49763 -0.798504 -0.13012 -0.361475 -0.290941 0.418158 -0.0749832 -1.4981 -0.919493 0.602724 0.986175 0.26533 -0.324071 0.549596 1.93684 -0.378333 -3.98657 -0.466254 3.30582 0.201649 -0.0402587 1.64832 -0.572403 -1.26083 -1.28513 -1.0146 0.170557 0.472859 1.04643 0.0264597 -1.09205 -0.00966058 0.175219 -0.154565 0.693944 0.877223 -0.243557 -1.46333 -0.76825 0.513402 0.240136 -0.0842531 -0.51542 -0.498638 0.310369 0.331697 0.146267 0.0739145 0.0739145 
-0.230116 -0.230116 -0.616754 0.44408 1.45798 0.292141 -1.38354 -1.80056 -0.559637 0.551872 0.882433 1.49896 0.673557 -1.21407 -1.09291 -0.193181 0.386139 -0.439594 -1.31882 0.311154 1.37694 0.338942 -0.640162 0.912202 1.51923 -0.922558 -0.795064 0.745182 -0.158893 -0.0841812 0.356663 -1.27002 -1.35986 0.278861 -1.27133 -1.96759 1.88187 2.28355 0.433797 -0.208129 1.52721 2.27034 -2.21201 -2.25857 0.571048 -0.551334 -0.740039 0.69108 0.581772 -0.255403 -0.62937 -0.788014 -0.400235 -0.253186 -0.469375 0.223948 1.17697 0.917425 -0.0832033 0.168436 1.02379 0.467906 -0.189755 0.0302158 -0.446164 -0.0804192 0.580701 0.128902 0.128902 
-0.214964 -0.214964 0.353534 0.49378 -0.0233242 -0.173654 0.389462 1.05854 0.205284 -0.601944 -1.32505 -2.15824 -0.407006 2.50653 1.67717 -0.683288 -0.563813 0.899316 0.555551 -1.34786 -0.429123 0.212876 -0.825335 -0.838432 0.143095 1.58293 0.369345 -0.717004 -0.314105 -0.436489 0.715375 1.0822 -1.60636 -2.21666 0.333825 0.824046 0.121274 0.64465 0.461336 -0.989469 0.271154 0.953385 -1.73152 -1.148 1.68945 1.64547 -0.613602 -1.19474 -0.584427 0.271594 0.870243 -0.298847 -0.155226 0.697016 0.12292 -1.7333 -1.35542 1.55923 0.612673 -1.15908 -0.441896 0.0227445 0.426684 -0.0927896 -1.04765 0.446477 1.8407 0.791863 0.791863 
0.0528287 0.0528287 -0.697531 -0.566192 -0.175537 -1.20015 -1.59528 -0.553923 0.800288 1.30145 1.33777 1.26001 0.0234912 -0.886618 0.17026 0.164517 -0.288827 -0.0289561 0.317097 0.351313 -0.568041 -0.547827 0.0794057 0.42706 0.474795 -0.725711 -1.11005 -0.680382 0.0339371 0.808226 0.769153 1.0389 -0.276211 -1.56838 1.19527 1.68042 -3.10622 -2.48886 2.613 2.39302 0.194805 -0.391616 -0.712909 -0.166095 -0.828098 -0.910106 0.76643 0.128806 -0.795827 0.71075 1.35984 -0.151095 -0.145198 0.967337 0.737219 -0.659887 -1.76365 -1.22587 -0.34491 0.399626 0.56383 -0.193253 -0.0966769 0.793329 0.51666 -0.577466 0.188024 0.677827 0.677827 
0.852925 0.852925 0.550924 -1.80114 -1.48542 0.587423 1.38756 1.48455 0.661008 -0.611746 -0.174827 0.514688 -0.496111 -0.848918 -0.281259 0.591119 -0.134481 -0.798168 0.438051 0.193229 0.243136 0.494329 0.0888205 0.68946 -0.125247 -0.788257 -0.439929 -0.475876 -0.0161001 -0.58005 0.170536 1.69825 0.304915 0.246985 0.294464 -1.78545 -0.249099 1.7464 -0.728412 -1.94094 0.974251 1.40787 -1.21557 -1.74072 -0.914548 -0.239986 1.41632 2.76266 1.38458 -1.08213 -1.47774 0.658195 0.396374 -1.03068 0.439169 1.33028 0.0541373 -1.155 0.0206245 0.107397 -2.03353 -0.349156 1.68815 0.496392 -0.331246 0.056602 -0.461789 -0.745586 -0.745586 
-0.070603 -0.070603 -1.24801 -1.94473 -0.88225 1.20655 2.22077 1.00999 0.549685 0.271948 -1.85722 -2.04841 1.37931 0.606718 -2.12104 0.05423 1.16906 0.430695 0.254965 -0.434691 -0.773713 -0.0129503 0.787943 0.448144 0.079717 -0.191168 -0.753183 -0.356638 0.0186548 -0.130719 0.809827 2.00619 0.402295 -1.22148 -0.0105393 0.0319186 -0.0258061 -0.291367 -0.299268 0.793803 -0.329353 -1.41763 0.239934 1.23654 -0.346561 -0.425112 -0.707595 -0.358834 2.09244 0.594244 -1.40034 0.57857 0.908489 -0.95573 -0.385223 1.34841 1.67308 0.46403 0.3259 0.222305 -0.994735 -1.34799 -2.10449 0.214673 1.56327 -0.42373 -0.282161 0.114795 0.114795 
-0.216272 -0.216272 0.142091 0.956076 1.34621 1.10911 -0.432762 -1.59104 -1.37558 -0.450468 0.659615 0.475365 -0.252958 0.728564 1.28524 -0.619372 -0.717413 0.899344 0.866141 -0.0782956 -1.12745 -0.664985 -0.0921526 0.325628 0.902306 -0.0128926 -0.274221 -0.647542 -0.154854 1.66382 0.229344 -1.13467 -0.12387 0.372252 -0.607666 -0.345271 1.00766 0.75233 0.895216 -0.138189 -0.658256 0.581555 -0.18923 -0.909184 0.60737 1.07476 -0.448709 -0.874136 -0.695439 -0.446442 0.0929038 -0.469622 -0.0632169 1.72613 1.83903 -0.482323 -1.51704 0.168842 0.969967 0.803219 -0.178226 -0.0872152 -0.109084 -1.15062 1.75114 2.49908 -2.26801 -2.45468 -2.45468 
0.441322 0.441322 0.994028 0.975323 0.595306 -0.390828 -0.999949 -0.855431 -0.507015 0.0343178 0.320952 0.87871 0.0102167 -1.19448 0.415312 0.608191 -0.853115 -0.1672 1.17728 0.286995 -1.08432 0.16595 1.22666 -0.264462 -1.00908 0.967627 1.95132 -0.101999 -2.30927 -1.20987 1.54223 0.863609 -1.93523 -0.370224 2.35155 0.0513237 -1.80971 0.331428 1.69868 -0.862333 -1.82848 0.391508 0.160398 -0.374736 -0.114186 -0.199907 0.11109 0.159776 0.111362 0.381429 0.778624 -0.869379 -2.02785 0.131578 1.6808 0.935707 -0.500683 -0.843314 0.245288 1.10783 0.179818 -0.316684 1.11351 1.04934 -1.13015 -1.88381 -0.739151 -0.0574375 -0.0574375 
-0.386067 -0.386067 -0.171792 1.07515 0.136701 -1.58171 -0.541896 1.25488 1.31628 -0.253593 -1.47594 -0.781428 1.01771 1.28642 0.117255 -1.54269 -1.68433 1.45832 2.1522 0.147346 -0.332079 -0.752934 -0.303225 0.984274 -0.0849854 -2.13711 -0.126425 2.32046 -0.100684 -0.529451 1.60802 -0.460214 -2.56604 -0.250124 1.80844 0.137417 -1.08936 -0.156875 0.854054 0.516581 -1.01716 0.263908 1.62476 -0.0998508 -1.03961 -0.187657 0.251231 0.37355 0.679146 0.164926 -0.0759543 -0.579313 -1.84357 -0.835583 1.09123 0.925676 -0.113447 -0.0911878 0.629896 -0.564458 -1.09524 0.828622 0.641204 -0.411876 0.213976 0.584748 -0.117363 -0.348553 -0.348553 
-0.34992 -0.34992 -1.70537 -2.04139 0.575465 1.26924 -0.207399 -0.235719 -0.260162 0.73453 2.41206 0.419775 -2.55614 -0.91609 1.87234 1.91557 -0.150491 -0.691443 -0.142068 -0.91003 -0.951251 -0.608653 0.503951 0.688683 -1.03787 -0.610202 1.14423 1.80658 -0.447486 -1.97253 1.19269 1.40155 -0.694401 -0.486334 -0.189556 1.00287 0.945821 -0.78146 0.0826678 -0.158125 -1.03021 1.01303 0.440928 -0.687346 -0.476001 -0.290321 0.865459 0.774165 0.290588 0.590936 -0.162957 -0.62685 0.543539 0.980809 -0.941528 -1.52902 0.439195 -0.0471231 -0.736233 0.0216519 0.508692 1.23755 0.0375858 -0.702904 1.42366 0.773354 -1.18284 -0.520908 -0.520908 
