62
0.817653 0.879245 0.90682 0.905585 0.725217 0.674686 0.676268 0.665353 0.645127 0.530818 0.448496 0.377826 0.355495 0.310897 0.364146 0.535508 0.684031 0.731791 0.695597 0.568787 0.297289 0.122641 -0.208689 -0.292048 -0.523318 -0.457661 -0.908275 -1.1481 -1.21225 -1.44221 -1.70148 -1.70344 -1.77364 -1.70642 -0.308013 0.0388221 1.03569 1.34355 1.36587 1.33282 1.25332 1.204 1.14839 1.01842 0.966088 0.850312 0.741698 0.589901 0.335819 0.179144 -0.0315066 -0.0728848 -0.346719 -0.601434 -0.788563 -1.02821 -1.17866 -1.38535 -1.72976 -1.88401 -1.9483 -1.94217 
0.305553 0.482137 0.70235 0.840401 0.976305 1.01081 1.03931 0.987323 0.863091 0.824495 0.892276 0.435336 0.262996 0.494752 0.767755 0.794528 0.348988 0.00991952 0.126057 0.635724 1.0051 1.21967 1.39602 1.11932 1.07751 1.06434 0.457609 -0.0501527 0.0355716 -0.746465 -1.90923 -1.65996 -1.63035 -2.32217 -3.43763 -2.45361 -0.147727 -0.237188 -0.67714 -0.586525 -0.255618 -0.232867 -0.151678 0.120711 0.0996619 0.532271 0.441563 0.23992 0.196447 -0.09878 0.121279 0.150895 0.115625 0.135814 0.343109 0.0863441 -0.279271 -0.339768 -1.02929 -1.5266 -1.62527 -1.36161 
0.983645 1.14676 1.07769 1.17285 1.59608 1.51759 1.21364 1.03679 1.12622 1.41905 1.51334 1.57029 1.74185 1.33991 0.73703 0.28018 -0.448408 -0.905684 -1.29345 -1.63094 -1.64361 -1.74555 -1.53244 -1.61988 -1.05927 -1.17274 -0.721133 -0.377412 -0.26404 -0.438069 -1.15853 -0.614884 -0.364722 -0.392513 -0.873775 -0.0133541 -1.29175 -1.4543 -1.40887 -1.01766 -0.742039 -0.498211 -0.609569 -0.57758 -0.329258 -0.228175 0.109003 0.123781 0.283709 0.458261 0.529359 0.484394 0.639666 0.880763 0.759494 0.785791 0.944308 0.64195 0.0801187 -0.00471077 0.1742 0.0648226 
0.548384 0.569519 0.780488 0.465315 0.522673 0.506186 0.351175 0.741866 0.495366 0.589294 0.0428572 -0.555254 -0.380811 -0.186561 -0.344259 0.26547 0.164904 -0.415074 -0.829621 -1.33939 -1.66297 -1.79489 -2.09122 -1.8656 -2.51056 -1.82238 -1.89648 -1.11432 -0.769098 -0.505148 -1.17614 -0.382994 -0.916352 -0.275312 -0.641821 0.559559 0.829465 0.951266 0.852872 0.707425 0.713638 1.13727 0.842641 0.626006 0.441309 0.586302 0.997853 0.793688 1.42379 1.87671 1.62094 1.49393 1.07425 0.947209 0.533201 0.467528 -0.113309 0.149368 -0.568923 -0.561113 -0.693463 -0.256652 
-0.967325 -1.39153 -1.46772 -1.07066 -1.00957 -0.78129 -0.536824 -0.674255 -0.975411 -0.992364 -0.888137 -1.23113 -1.41095 -1.24373 -1.32176 -1.4643 -1.1496 -0.855879 -0.159247 0.347742 0.354668 0.379191 0.314685 0.77859 0.621763 1.2889 1.02593 1.07122 1.22845 1.31782 1.42862 2.09638 1.28558 1.30243 0.486064 1.40616 1.6888 1.44277 1.30374 1.01404 0.69795 0.519309 0.411019 0.298402 0.0162657 -0.368295 -0.707802 -0.594459 -0.597894 -0.783668 -0.9407 -1.04356 -1.08169 -0.954121 -0.63601 -0.150973 -0.274222 0.246624 0.697771 0.791218 0.847974 1.01499 
-1.02547 -1.20133 -1.46443 -1.36479 -1.57523 -1.64945 -1.46995 -1.52643 -1.29549 -1.46068 -1.22776 -1.17188 -1.12359 -1.17355 -1.58029 -1.73031 -1.73853 -1.35137 -1.25001 -0.622933 0.0181859 0.32458 0.618206 0.49794 0.640459 0.861241 0.922335 1.28012 0.877712 0.962011 0.973077 1.72664 1.30463 1.2987 0.399045 1.03062 1.07388 0.706304 0.415098 0.644959 0.437082 0.556284 0.68069 0.514096 0.207699 0.289358 0.301149 0.0739715 0.0324137 0.105784 0.237678 0.384132 0.382033 0.446997 0.597821 0.760023 0.571419 0.551455 0.702189 0.786617 0.858594 0.950243 
0.974972 0.862903 1.38679 1.0371 0.673559 1.19566 1.64938 1.72433 0.939247 1.10196 0.580282 0.669193 0.324069 0.475995 1.10974 1.54657 1.28288 0.949244 0.581798 0.0257737 0.155026 -0.111526 -0.437843 -0.905491 -0.998678 -1.12886 -1.36791 -1.33808 -1.80209 -1.63643 -2.29676 -1.53611 -0.680027 -0.357724 -1.52063 -0.997889 -0.608926 -0.535637 -0.625262 -0.428279 -0.295163 -0.502229 0.293131 0.680644 0.823514 0.886721 0.809321 0.963618 0.956207 0.863328 0.582136 0.512469 0.0203539 0.116462 -0.592479 -1.05345 -1.56428 -1.34114 -1.0047 -0.401944 -0.417351 -0.267452 
-0.708149 -0.432655 -1.38909 -1.62112 -0.916825 -1.18415 -1.65492 -2.08246 -1.98777 -1.76498 -1.09815 -1.04576 -0.425637 -0.81624 -1.23948 0.0749326 0.893015 1.52808 1.87666 0.777799 -0.351904 -0.329052 -0.959769 -0.975323 -0.61173 -0.122117 -0.467198 -0.487515 -0.200239 0.165932 -0.281632 -0.587235 0.68863 0.952457 0.654109 0.905982 -0.114521 -0.694635 -0.548405 -0.553135 -0.874999 -0.362322 -0.0964591 0.537091 0.911531 0.686227 1.25499 0.704702 0.61037 1.00846 1.01935 1.45706 1.23637 1.24465 0.897471 1.30509 1.29942 1.05964 0.525947 0.924296 0.943045 0.842262 
-0.225159 -0.71507 -0.29792 -0.467884 0.0499444 -0.290073 -0.441729 -0.234528 -0.225874 0.0699086 -0.0680914 -0.652134 0.0749464 0.581234 0.492169 -0.0323221 -0.257989 -0.141373 0.416022 0.74274 0.0654385 -0.778969 -0.770292 -1.20111 -0.860665 -0.621172 -0.693376 0.546679 1.201 1.13299 0.877414 -0.01359 0.862689 -0.460655 -0.420189 -0.173864 -1.10401 -0.630011 -1.12597 -0.928118 -1.09396 -1.58564 -1.80937 -2.02292 -2.21474 -0.969172 -0.761188 -0.553752 0.647956 1.08746 0.24247 0.932549 0.895724 1.86438 1.76032 2.25253 1.56558 1.75479 2.03885 0.737553 1.09996 0.849592 
1.78314 1.90397 1.33958 1.17345 0.719082 1.26348 1.26579 1.30943 1.29403 1.41241 1.07079 1.40014 1.10815 0.906869 0.675572 0.0645535 -0.0206851 -0.311762 -0.578838 -0.629014 -0.288861 -0.249172 -0.213207 0.0817087 0.335394 0.0810965 0.2773 0.111009 -0.314069 0.176381 -0.735159 -0.100022 0.272993 -0.208626 0.938163 0.619776 0.480599 0.701563 0.875055 0.542936 0.0304365 -0.29041 -0.876724 -1.17899 -1.23016 -1.9223 -2.15172 -2.17591 -2.26099 -1.88551 -1.39295 -1.3489 -0.930953 -0.574802 -0.431391 -0.252974 -0.389963 -0.43624 -0.200307 -0.320117 -0.166905 -0.147206 
-0.417343 -0.81751 -0.834932 -0.917866 -0.382628 -1.16701 -1.09499 -0.991908 0.599278 0.289697 0.0563399 -0.202297 -0.0174716 0.754762 -0.036106 1.39519 1.91694 1.28193 0.344595 -0.294593 -0.300754 -0.0327396 0.543142 1.47172 1.95927 1.63639 2.85686 1.74809 0.871098 2.52927 0.959244 0.474167 1.63571 -0.286653 0.328247 0.0690244 -0.331035 -0.42271 -0.139321 -0.496105 -1.57526 -1.61848 -0.593036 -0.125939 -0.23509 -0.437302 -1.09311 -0.919534 -0.691114 -0.816895 -0.267475 -0.492547 -0.734065 -0.250446 -0.970154 -0.812227 -0.499836 -0.132338 -0.161398 -0.579682 -1.52979 -0.00126493 
-0.685171 -0.350051 -0.664229 -0.80688 -0.894447 -1.43963 -1.2587 -0.5262 -0.662052 -0.701692 -1.151 -1.47131 -1.66897 -1.14776 -0.812785 -0.833077 -0.344957 0.815606 1.36071 1.06983 0.674318 0.792731 0.886986 1.07543 0.856094 0.725215 1.24516 0.5772 0.701962 1.43835 1.87776 0.963525 0.251483 -0.223678 -0.795756 -0.871805 -0.101569 0.758087 1.4665 1.33036 1.58612 1.3636 1.84117 2.01477 1.27804 0.641355 -0.296097 -1.02088 -0.628455 -0.85257 -0.923156 -0.999172 -0.562865 -0.612538 -0.783678 -0.618173 -0.382495 -1.00264 -0.641508 0.127428 -0.446516 -0.537328 
1.05194 1.36624 1.79067 1.68728 1.46541 2.03252 1.63719 0.81706 0.965951 0.615106 0.251578 0.695699 1.20201 0.616917 0.34872 -0.11516 -0.321292 0.106219 1.05216 1.95355 1.28156 0.982148 0.633742 -0.168927 0.553394 -0.257762 0.447495 -0.107728 0.307006 0.0930748 0.260296 0.0678309 -0.801682 -0.674748 -0.453859 -0.452038 -0.0740715 -0.386718 -0.710549 -0.680175 -0.467745 -0.0458816 -0.358266 -0.49283 0.134868 0.223552 -0.0237797 -0.287586 -0.268773 -0.448775 -1.4033 -1.37504 -1.46381 -2.16144 -1.64253 -1.53699 -0.469852 -1.24697 -1.52067 -1.07338 -1.33759 -1.81127 
0.384504 0.384504 0.249386 -0.197825 -0.303842 0.0874677 0.172667 0.125765 -0.0965999 -0.230144 -0.136294 -0.00727451 0.0488001 0.211344 0.675796 0.8807 0.614875 0.217612 -0.157824 -0.66388 -0.766765 -0.895442 -0.69911 -0.483917 -0.163436 -0.635169 -1.29215 -0.461013 -0.439783 -0.859412 -0.369089 0.0375384 0.186334 3.34479 3.94614 3.08257 2.99874 0.902856 0.169663 -0.0493186 -0.0842961 -0.0329449 -0.206375 -0.199321 -0.168811 -0.289845 -0.367314 -0.680164 -0.690654 -0.597249 -0.349287 -0.485172 -0.943985 -0.757512 -0.725111 -0.646216 -0.575344 -0.992487 -0.879692 -0.277271 0.0676425 0.0676425 
0.592952 0.592952 0.542021 0.430585 0.293733 0.151764 0.0374405 -0.164421 -0.146723 0.107066 -0.445874 -0.763249 0.147023 0.735647 0.464716 -0.485007 -0.968552 -0.226164 0.895638 1.23035 0.840317 0.585184 -0.0641446 -0.352491 -0.00418091 -0.750859 -1.40457 -0.489329 -0.851848 -2.50202 -1.13891 0.437101 -0.806773 -2.32025 -0.105236 4.41687 2.99801 -0.631251 -0.39324 0.62563 0.535932 0.205873 0.535827 0.400695 0.612464 0.520393 -0.317919 -0.255487 -0.37918 -0.0308606 0.398494 0.0610167 0.0485585 0.369165 0.00310469 -0.754129 -0.494715 -0.922833 -1.50019 -0.719239 0.286566 0.286566 
0.236872 0.236872 0.104828 1.0614 0.724005 -0.68894 -0.880078 -0.115716 0.796908 0.806335 0.348015 0.498167 -0.393499 -1.89826 -2.00494 -2.24921 -2.25003 -1.58781 -1.35505 -0.626227 -0.168534 0.270158 0.29833 0.973541 0.922957 0.711164 1.5995 0.942298 -0.0637103 -1.68388 -0.28941 1.59655 0.486224 -0.934963 0.790869 -0.757997 -2.74567 -0.173418 0.902561 1.34983 1.06346 0.311544 -0.100068 0.598804 0.733056 0.905707 0.738013 0.393609 0.704056 0.531455 0.104926 0.268479 0.824309 0.28698 -0.130385 0.413248 -0.22534 -1.625 -1.20234 0.236953 0.189255 0.189255 
0.484059 0.484059 -0.149858 -0.439404 0.123599 -0.276703 0.490799 0.31835 -0.241028 -0.806388 -2.11083 -0.752026 0.74152 0.115459 0.898605 1.00629 -1.23622 -1.82805 -1.69571 -1.52424 -0.81203 -0.760663 -0.0867283 -0.743867 0.128037 1.20406 1.38119 2.17159 1.19481 -0.720691 0.276811 0.536246 0.249533 0.564031 1.62023 2.81983 0.784899 0.0906804 -0.413065 -0.215887 0.85678 0.289721 -0.917129 -0.709924 -0.0282808 1.0956 0.437468 0.849417 2.08798 0.41818 -0.674956 -0.983916 -0.983973 -0.973279 -0.857605 -1.17207 -0.553151 -0.81224 -1.29265 -0.188191 0.620446 0.620446 
-1.18176 -1.18176 0.538965 0.826596 0.472972 0.857185 0.0909381 -1.05226 -0.799828 0.0495346 -0.633579 -1.22873 -0.159738 0.0535572 -0.595462 0.227395 1.14145 1.94167 2.38851 0.943437 -0.067429 -0.217097 0.7035 0.510071 0.935885 0.713493 -0.5894 0.291004 0.38335 0.286071 1.49792 -0.433015 -1.7968 -1.80849 0.0840115 2.38666 -0.0566163 -0.940108 -1.03161 -1.40257 -1.16988 -0.734503 -0.59617 -0.960413 -1.53019 -1.6504 -0.607183 0.0969579 -0.529755 -0.851574 -0.677846 -0.428727 0.0540665 0.800472 1.54944 0.624698 0.699725 1.90321 1.00772 0.181385 0.335527 0.335527 
-1.29975 -1.29975 -0.583031 -0.446027 -0.898326 0.116104 0.162245 0.296087 0.0132716 0.0184258 0.593535 0.113211 -0.162131 -1.34591 -1.60618 -0.569454 0.828041 1.11313 1.73725 3.14145 2.3072 1.40318 0.293218 -0.0998905 0.787354 0.575525 0.931954 -0.273871 -0.985361 0.0903134 1.83142 0.704761 -1.27107 -2.51369 -0.855217 1.59781 -1.00148 -1.87162 -0.317375 -0.100591 -0.388472 0.475971 -0.267534 -1.38828 -0.742445 0.0853307 -0.718116 -0.856905 -0.0750216 0.376219 0.566346 0.217758 0.00576281 0.403597 0.656564 -0.226467 -0.700379 0.182418 0.453999 0.249108 0.267894 0.267894 
0.728667 0.728667 0.338424 -1.11897 0.312751 1.65492 0.920574 -1.11389 -0.969745 -0.53717 -0.658376 -0.368422 -0.264934 1.34263 1.81053 0.33671 -0.92862 -1.09903 -1.46425 -0.648529 -0.173134 -0.921305 -1.25156 -0.868697 -0.314489 -0.55404 -0.291239 -0.66068 -0.437623 -0.760048 0.217094 2.70748 1.9876 -1.32815 -0.99898 1.54962 0.811498 0.0255228 0.228663 0.594466 -0.0690955 1.0185 1.99496 0.923388 0.390786 0.0290412 0.178638 0.293579 -0.112354 -0.561979 -0.523858 -0.870252 -0.598003 -0.954093 -1.86898 -1.54363 -0.420107 0.971343 1.59477 1.01695 0.273225 0.273225 
-0.928453 -0.928453 -1.58674 0.567288 0.521519 -1.00258 -1.21039 -0.476982 0.366527 1.10862 0.887596 0.827021 0.252445 -1.10083 1.11063 2.72066 1.83953 1.23057 -1.0184 -2.93577 -1.48088 -0.833674 -0.883489 0.406166 1.06138 0.142209 -0.519186 0.301003 0.80229 -0.150823 -1.02214 1.21321 1.95178 -0.0900277 -0.105533 -1.04219 -2.12131 -0.608015 0.138277 -0.468857 0.202239 0.96454 1.12132 1.26215 0.148182 0.400224 -0.0212905 -0.881345 0.348732 0.485208 0.536591 0.236225 -0.320748 -0.484813 0.0331388 0.476093 -0.363605 -1.04848 -0.220804 0.495738 -0.151654 -0.151654 
-0.165109 -0.165109 0.275095 0.413615 0.179645 -0.741477 0.0114222 0.231988 0.353864 0.152088 -1.05843 0.131801 1.63195 0.509043 -0.90917 -1.09712 -0.215039 0.862349 1.15142 -0.547356 -2.15867 -1.21485 -0.645812 -0.18934 0.732919 0.165167 1.54181 2.54141 0.74168 -0.510215 -1.64253 -0.08526 -0.680101 -1.83007 0.329585 -1.00585 -0.692596 -0.0952156 -0.475155 -0.0209545 -0.969656 -1.0493 -0.666649 -0.622733 1.38482 1.93489 0.506562 1.87379 2.19308 -0.622895 -0.278131 0.833789 1.21707 1.12457 0.469044 -0.332934 -0.74982 0.586151 -1.46458 -1.35679 0.089151 0.089151 
-0.770081 -0.770081 -1.35989 -1.13375 0.326666 1.26532 0.236059 0.199667 0.353295 -0.317222 0.116398 0.218401 -0.872257 -0.747495 -1.58968 -1.28947 -0.63186 -1.00561 -0.51046 0.737639 0.922346 0.297119 0.821712 1.26921 0.140361 0.0222132 0.203102 -1.07388 0.275985 -0.72389 -0.426499 2.21378 -0.0816054 1.50881 1.84432 -0.798858 0.309726 0.952384 -0.184424 -1.59441 -1.57124 -1.72296 -1.68478 -0.58484 -1.38617 -1.75255 -0.379657 -0.0829703 0.738515 1.9258 1.24457 1.0912 1.7327 1.16842 0.803105 0.226773 -0.235066 0.531438 0.380301 0.210275 0.497019 0.497019 
-0.4714 -0.4714 -0.111406 0.515749 -0.280248 -0.805905 0.201182 1.92512 1.45684 -0.613646 -0.555835 -0.0812831 1.08854 -0.0186686 0.729228 2.21878 -0.126043 -1.78181 -1.78655 -0.729861 0.299628 0.960127 1.70973 1.60949 0.189341 1.02106 0.129233 -2.25095 0.888958 0.102505 -2.32964 0.770132 -0.860897 -1.48123 0.406099 -0.745671 -0.55554 0.220033 -0.0808107 -1.62702 -1.27119 1.1171 1.69621 0.408672 -0.350855 -0.971203 -0.544757 0.458665 0.118952 0.483221 0.370546 -0.527005 0.277213 -0.265434 -0.635028 0.536192 0.774011 0.386535 -0.505166 -1.55036 0.658862 0.658862 
0.0396063 0.0396063 -0.580869 -0.286571 -0.809332 -0.460647 1.19867 0.787275 -0.2155 -0.622582 -0.987079 -0.660274 0.432592 1.12433 0.421087 0.619971 2.15353 2.22755 0.342573 -0.879006 -0.347461 0.2886 0.379541 -0.0277094 -0.442404 0.517691 -0.179816 -0.693042 1.13077 1.53941 -0.604234 -2.09962 -1.5294 -1.34763 -0.829305 0.913941 2.12913 2.04885 0.755608 0.167754 0.0555799 0.343637 0.858076 -0.718916 -1.77122 -2.03191 -2.14632 -0.419219 0.230992 -0.370316 -0.177981 0.480316 0.514527 -0.274358 0.00509087 0.533421 -0.486899 -0.323968 1.48002 0.265643 -0.850901 -0.850901 
1.28259 1.28259 0.635973 -0.364554 0.673435 0.404909 -1.74264 -0.900138 -0.173658 -0.966916 0.263745 1.61031 0.0170209 -1.18196 -0.994322 -0.89824 0.48169 2.26517 2.99877 0.494102 -1.36481 -0.863878 -1.64296 0.0145979 0.00145892 -0.0249573 0.371244 -0.078505 0.449837 0.0666702 0.099902 -1.50503 -1.01058 0.677435 0.483751 0.726917 0.240101 -0.846327 -0.315309 0.514858 1.12091 0.308462 -0.552924 0.902386 1.24799 -0.106617 -0.652295 -0.240284 -0.11055 -1.61734 -1.29493 0.0453052 -1.07842 -0.137697 1.10567 1.95437 0.587941 -1.48776 0.40771 0.422399 -1.00332 -1.00332 
-0.140548 -0.140548 -0.630523 -0.598638 0.320066 0.529566 0.0494504 -0.287524 -0.38245 -0.0359983 0.251672 0.210285 0.247015 0.694444 0.740854 -0.0592557 -0.719004 -0.839097 -0.958293 -0.659679 -0.246213 0.0816159 0.458368 0.594389 -0.158224 -1.22916 0.198301 0.941366 -0.429004 0.0849456 0.990212 0.616027 3.631 4.12683 -0.279813 -1.0305 -2.38065 -3.09212 -1.03573 -0.270753 0.0254309 -0.126261 -0.174795 0.0486468 -0.0916889 -0.209994 -0.420151 -0.346767 0.0983355 0.381501 0.130285 -0.644074 -0.290891 0.247295 0.12943 0.17158 -0.371891 -0.32596 0.7911 1.04541 0.385387 0.385387 
-0.0367874 -0.0367874 -0.109409 -0.165404 -0.185302 -0.17062 -0.209652 -0.123614 0.17333 -0.198551 -0.570776 0.382792 0.973228 0.203443 -0.799091 -0.93765 0.165091 1.21129 0.945609 -0.0396485 -0.424049 -0.593029 -0.614674 0.0354822 -0.26321 -0.916225 0.166842 0.356613 -1.31526 -0.19067 1.91182 0.212854 -1.80055 0.453592 4.38695 2.01877 -3.29343 -2.21366 0.815507 0.601941 -0.277149 -0.00366414 0.123369 0.0463478 0.074411 -0.609922 -0.509234 -0.0435192 0.142792 0.503211 0.0562801 -0.231647 0.197223 -0.033218 -0.735642 -0.328023 -0.113539 -0.658856 0.129085 1.16082 0.651882 0.651882 
-0.10055 -0.10055 0.653182 0.491376 -1.37569 -1.26045 0.455167 1.32488 0.730026 -0.350211 -0.239327 -0.580782 -1.88478 -1.26625 -0.273031 -0.189624 0.524643 0.708697 0.761175 0.938412 0.709803 0.371361 0.557727 0.495671 -0.203246 0.536575 0.185617 -1.30703 -2.06581 -0.174346 2.58832 0.614657 -1.99121 0.243539 0.142935 -2.78312 0.464114 2.87812 1.20374 0.130271 -0.814623 -0.913305 0.229842 0.659956 0.245319 0.00740092 -0.400013 -0.0232622 0.112111 -0.468591 -0.203718 0.570333 0.0180727 -0.748758 0.102987 -0.0713253 -1.60255 -0.766333 1.47063 1.1 -0.0340894 -0.0340894 
-0.513813 -0.513813 -0.745858 0.213367 0.124606 0.288494 0.471098 -0.592278 -0.907162 -1.50427 0.037782 2.28012 0.689428 0.120105 0.708141 -1.71665 -2.27726 -0.374026 0.237691 0.702406 0.606156 0.57548 0.00767624 0.166331 1.5553 0.998506 0.76961 -0.15515 -2.32369 -0.74148 1.00154 -0.0276454 0.0164829 1.09271 1.80204 -0.675229 -2.19295 -0.965845 -0.251471 1.01188 0.399416 -1.42741 -0.806911 0.706548 1.44119 0.367472 -0.203081 1.31696 -0.351382 -2.22003 -1.12944 -0.253434 0.00274019 0.0954887 -0.165095 0.238209 0.282585 -0.598424 0.494336 1.52739 0.642266 0.642266 
1.25115 1.25115 1.47037 -0.110651 -0.0370381 -0.351531 -1.51569 -0.739275 0.779407 0.0663582 -1.03462 0.300799 0.916979 -0.392452 0.0721426 1.26349 1.24623 0.890129 -0.821181 -1.93222 -0.944886 0.527233 0.493879 0.116765 0.0946907 -1.22289 -0.382364 0.681056 -0.0641126 0.789149 -0.608424 -2.57152 -1.10871 1.37316 3.13709 -0.167536 -2.59594 -0.803475 -0.412832 -0.165737 0.448834 0.376918 -0.232536 -0.772244 -0.586243 0.643145 1.27144 -0.00133874 -0.783302 -0.173224 0.261931 0.497495 0.876516 1.07939 -0.194324 -0.707987 0.914098 0.174392 -1.37269 -0.572681 0.057131 0.057131 
0.481577 0.481577 0.582416 -0.278019 0.367792 0.734659 0.0865206 -0.155601 -0.250318 0.381138 0.0238127 -0.602143 -1.1199 -1.10882 0.52554 1.74571 1.19248 0.623253 1.44695 0.373543 -1.32537 -1.5283 -1.15226 0.317746 0.451173 0.0604777 -0.671132 -1.45715 0.222098 2.02728 0.406299 -2.32947 -2.41482 0.260131 2.98023 -0.153609 -2.59955 0.457572 1.25757 -0.0982819 0.378414 0.0430617 -1.41809 -0.395499 1.03867 -0.0280453 -0.739464 0.427384 0.861662 0.426113 -0.162584 -0.458557 0.0908305 0.433056 -0.509697 -1.0447 0.254999 0.803703 0.00313375 -0.18293 -0.032125 -0.032125 
-0.247058 -0.247058 -1.25489 0.00505382 1.94105 0.443137 -1.89192 -1.28441 0.421626 0.23813 0.139503 0.294886 1.20606 1.45806 -0.672822 -1.8714 -0.970054 -0.347596 0.334344 0.915655 -0.165826 -0.722961 0.0591877 0.670825 0.240404 0.0388865 -0.0509377 -0.0784222 -0.0459085 0.475567 2.42072 1.24717 -2.76797 -2.04251 2.01288 1.27481 -1.03116 -0.380242 0.416251 -0.183102 0.316038 1.45017 -0.0429621 -1.08653 -0.595663 -0.1239 0.205744 -0.178423 -0.568839 -0.261762 -0.190373 -0.0284654 -0.0351711 -0.856116 -0.384874 1.02475 1.76199 1.41616 0.0543435 -0.891086 -0.4915 -0.4915 
-0.457256 -0.457256 1.02994 1.45283 -1.08664 -1.19851 0.360127 1.08598 1.09198 0.356999 -0.197184 -0.441285 -1.3338 0.589751 2.6357 0.500494 -1.03156 -1.97595 -2.87931 -0.322069 1.44858 0.409691 0.853257 1.34003 -0.185004 -1.09403 0.106875 0.90962 -0.314713 -1.26239 0.939003 2.05051 -0.90255 -1.42318 -0.66016 -1.3945 0.297006 1.55732 0.0933173 0.0414001 0.986893 0.631794 0.202713 -0.674638 -0.597854 -0.119769 -0.887589 0.252712 0.940743 0.126942 -0.174665 -0.59469 -0.500584 0.241572 0.660674 -0.276683 -1.05536 0.0958328 1.0634 0.0449822 -0.449736 -0.449736 
0.280792 0.280792 0.377648 -0.0937468 -0.834667 -0.14463 0.653657 0.212435 -0.082874 -1.01451 -0.0411912 1.85416 0.236768 -1.8038 -1.15006 0.458343 1.34309 0.928447 -1.0127 -2.34148 -0.493732 1.03081 0.69005 0.937027 0.220872 0.538582 1.6345 -0.586468 -2.16076 -1.69409 0.27013 0.645944 -1.24701 0.678984 0.549301 -0.741733 0.609725 0.125032 0.0249183 -0.37277 -0.746046 0.184862 0.271259 1.40742 1.76133 -0.6411 -0.069727 1.15224 -1.77273 -1.75492 0.991533 1.01846 0.176314 -0.550038 -1.04612 -0.879257 0.615634 -0.526779 -1.38554 1.05939 0.984019 0.984019 
-0.568434 -0.568434 -0.363021 1.49928 2.14649 -0.114991 -1.00067 0.0738035 -0.5022 -0.247873 0.453842 -0.930727 -0.910054 -0.684351 -0.524985 0.83734 0.225154 0.0775849 1.55078 1.26879 -0.432832 -0.124098 0.85031 -0.651589 -1.16539 0.0243021 -1.02832 0.0335151 0.285224 -0.670785 2.63573 0.280594 -0.673039 1.71671 -2.12885 -1.42663 1.55804 -0.481546 -2.34606 -1.2924 -0.149455 -0.13582 1.00112 0.23855 -1.09337 0.881574 1.48387 0.982998 1.79197 0.426981 -0.790789 0.410709 0.0374535 -0.877083 -0.888028 -0.975705 0.244053 0.526277 -0.324414 0.0733331 0.227775 0.227775 
0.17759 0.17759 0.572409 -0.155334 -0.881075 0.254039 1.67025 0.741444 -1.6473 -1.3161 0.286103 0.986161 -0.00962222 -0.275244 1.35952 -0.587468 -2.56757 -1.0944 0.613203 1.26429 1.01487 0.838676 0.35976 -1.00619 -0.419484 -0.0868805 -2.1089 0.429237 1.43255 -2.07528 0.371257 0.875592 -1.46636 0.748584 0.414022 -0.65443 0.558909 0.24982 -1.21183 -0.798431 1.67849 1.81905 -0.495025 -1.33775 -0.917727 -0.17111 0.851118 0.368791 -0.0335817 0.109348 -0.685018 -0.107798 0.115629 -0.623333 0.455615 0.838006 -0.143256 -0.854334 -1.2684 0.683762 1.34176 1.34176 
-0.400886 -0.400886 -0.191603 -0.122115 -0.0834389 1.46829 0.927783 -0.965302 -0.962237 -0.50834 0.0135467 1.04992 1.30943 0.0321693 -0.318312 1.27234 1.18354 -1.24747 -2.1688 -0.450352 0.870668 0.557343 -0.184585 -0.544157 0.4282 0.227085 -0.820635 0.972344 1.62791 -1.19346 -2.54747 -0.617557 0.575117 0.538206 1.64862 2.14418 0.847415 -0.936399 -1.29735 -0.457458 0.165426 0.611028 -0.71526 -1.82942 -0.893354 -0.226387 1.18718 1.73092 0.0751278 -0.250481 0.645259 0.532813 -0.496319 -0.321923 0.614786 -0.309516 -0.569362 1.43908 0.45964 -1.61723 -0.753655 -0.753655 
-0.354064 -0.354064 -1.01074 0.0949227 0.575361 -1.51542 -0.786213 1.10011 0.0265065 0.357418 1.76186 -0.0915984 -1.76233 -0.593444 0.256553 1.03909 2.1466 1.72238 -1.09208 -2.79363 -0.820955 -0.112224 0.64691 1.14962 0.0443739 0.313038 0.0351901 0.121919 0.165619 -0.159339 -0.961227 -0.658513 1.50276 1.05112 0.102812 -0.0895809 -0.96224 -0.2942 0.963729 1.01298 -0.0651295 -1.02826 0.460149 1.25234 -0.591909 -1.17689 -0.0173955 0.425902 -0.833472 -0.707017 1.16159 0.212442 -0.0497756 1.50383 1.44343 -0.26947 -2.18885 -0.047957 1.32404 -0.855771 -0.865412 -0.865412 
