32
0.794922 0.758426 0.753841 0.845071 1.13609 1.26565 1.22904 1.31014 1.29028 1.09417 0.831242 0.713333 0.721191 0.623308 0.549509 0.372828 0.18562 0.0477698 -0.0244144 -0.522237 -0.823953 -0.939163 -0.975736 -1.10305 -1.18334 -1.12516 -1.0929 -1.24814 -1.39358 -1.34031 -1.36646 -1.38398 
0.866462 0.711452 0.601184 0.684201 0.63362 0.705341 0.760745 0.789312 0.81004 1.01272 1.10067 1.12782 0.900807 0.588313 0.450758 0.395738 0.487631 0.533119 0.362349 0.333475 0.14245 -0.189947 -0.656033 -0.898372 -1.22665 -1.38597 -1.43628 -1.38831 -1.72582 -1.53638 -1.77654 -1.7779 
0.75079 0.857613 1.07553 0.937475 0.4318 -0.0269507 -0.357708 -1.09971 -1.43973 -1.68501 -1.63715 -1.27968 -1.13191 -1.0829 -1.01721 -0.957647 -0.738458 -0.84502 -0.847649 -0.449006 0.142834 0.44688 0.815687 0.933628 1.08947 1.06492 0.968212 1.0209 0.81621 1.13844 1.26396 0.84139 
0.285574 -0.595109 -0.882193 -0.916674 -1.05597 -1.0926 -1.02828 -0.842054 -0.884203 -1.00447 -1.03097 -0.822743 -0.118473 0.84099 1.29089 1.70969 2.00294 2.00239 2.11215 1.42885 0.809093 0.275208 -0.0719038 -0.428264 -0.171151 -0.294062 -0.244554 -0.358465 -0.339087 -0.0743508 -0.118076 -0.384132 
-1.94075 -2.02816 -1.88096 -1.5909 -1.4506 -1.29923 -1.19278 -0.77939 -0.570462 0.0505208 0.29317 0.120691 -0.109901 0.045682 0.113388 0.383944 0.206835 0.339779 0.185613 1.04916 1.03515 1.10523 1.0965 0.739493 1.08095 0.220112 1.06059 1.04473 0.73404 0.855589 0.56005 0.521909 
-2.32424 -1.58175 -1.11422 -0.871449 -0.999963 -1.17796 -1.0043 -1.00905 -1.11051 -0.368898 -0.366519 0.219466 -0.155384 -0.541875 -0.512749 -0.244763 -0.0828762 0.412493 -0.0350768 0.307558 1.00831 1.14594 1.08018 0.835834 1.51769 0.74753 1.66365 1.24819 0.696652 1.07339 0.802138 0.742571 
1.66236 1.18929 1.09567 1.06568 1.18327 1.41948 1.73541 1.93829 1.62952 0.992109 -0.115276 -0.471425 -0.553933 -0.682586 -0.349657 -0.252655 -0.354731 -0.438766 -0.720419 -1.1827 -1.1499 -0.971487 -0.893178 -0.613655 -0.0904787 -0.791308 -0.748754 -0.695348 -0.902277 -0.814836 -0.485898 -0.631797 
0.186583 0.72902 0.576144 0.629642 1.60198 2.40482 2.18443 0.677246 0.19671 0.137604 0.00449204 -0.236332 -0.376421 -1.18246 -1.25178 -1.70724 -1.78367 -1.63209 -0.863329 -1.09544 -0.891506 -0.266294 -0.317796 0.251255 0.474382 0.0360517 0.212497 0.483074 -0.330864 0.373476 0.628024 0.147777 
-0.140346 -0.176018 0.328247 -0.926331 -1.81132 -2.62901 -1.94092 -1.17636 -0.318154 0.0693131 -0.055324 -0.23996 0.146138 0.253239 -0.628526 -0.182537 -0.477682 -0.673055 0.886649 0.739016 1.38392 1.53047 0.235125 0.590708 1.24369 -0.738021 0.680438 1.25103 0.347884 1.65266 0.310354 0.464703 
1.1143 1.69594 1.09495 0.85672 0.454032 0.617419 0.818395 0.665685 0.372324 0.101801 1.03696 1.28614 1.60087 1.34042 0.839005 0.245842 -0.0660577 -0.898735 -1.33803 -1.40327 -1.30646 -0.708721 -0.725944 -0.805912 -1.47213 -1.44303 -0.501499 -0.987931 -0.631592 -0.462384 -1.03732 -0.351796 
0.0723897 -0.576845 -1.07836 -1.24696 -0.991979 -0.72079 -0.635688 0.58518 0.370519 -1.24835 -1.49815 -0.340501 -0.979583 -0.901336 -1.09633 -0.541708 -1.06127 -0.353046 -0.35975 -0.38907 0.0380557 1.44471 0.649875 1.36776 0.721554 1.39744 1.02062 0.752537 1.17949 1.73749 1.7705 0.911594 
-0.367778 -0.476807 -0.290737 -0.612765 -0.124533 -0.207485 0.168376 0.959765 0.808691 0.978319 1.24853 1.82671 1.6761 1.53259 1.67853 0.940405 0.667369 -0.0519107 -0.755355 -0.912426 0.371456 -0.552233 -1.26087 -0.870589 -0.686601 -1.25974 -0.923145 -1.99894 -0.163033 0.465762 -0.469635 -1.33803 
0.993515 1.74812 2.21921 2.16418 1.30434 0.945237 0.0223735 -0.842586 -0.39399 -1.01829 -1.79245 -1.03172 -1.24759 -1.22362 -1.45984 -1.15559 -0.62296 -0.400818 -0.174537 -0.213525 0.147757 -0.127086 0.0231459 0.461401 0.0500747 0.0974976 -0.169103 -0.139809 0.894973 0.262064 0.43075 0.248864 
0.387848 0.387848 0.903545 2.09707 2.25181 0.928984 0.733356 0.800959 -0.318271 -1.29964 -0.983933 0.109379 0.190238 -0.139457 -0.457604 -0.915495 -0.758716 -0.294304 -1.7477 -2.67444 -1.12963 -0.0591143 -0.107992 -0.284481 0.464459 0.918864 0.0571727 -0.660284 0.181558 0.663192 0.377396 0.377396 
-0.329603 -0.329603 0.551371 0.77228 0.730474 1.12274 0.963022 0.834679 1.4791 1.72791 1.07825 -0.0875076 -1.34458 -1.01347 -0.0605158 0.788703 1.1607 0.188544 -0.0866789 -0.161647 -1.28503 -2.30307 -1.96976 -1.45972 -1.15245 -0.123653 0.64358 -0.419396 0.104218 0.464514 -0.241699 -0.241699 
0.584675 0.584675 0.120344 -1.25171 -1.8598 -1.52813 -2.06523 -2.08279 -1.14092 -0.40543 0.737506 0.926929 0.342027 0.186416 0.206419 0.497468 0.182473 -0.238133 0.719822 1.84704 1.66767 1.24476 0.89187 0.488059 0.217866 -0.261021 -0.114553 -0.319309 0.191779 0.817927 -0.594342 -0.594342 
-1.60842 -1.60842 -0.388375 -0.175296 -0.178393 0.11518 0.436485 0.282978 -0.15892 -0.136348 0.337269 1.39087 2.474 2.10726 1.32773 1.10186 0.497263 0.232722 -0.751673 -1.80348 -1.58805 -1.19495 -0.939003 -0.0678399 0.268744 -0.030578 -0.0176033 -0.0610441 0.484885 0.393905 -0.371385 -0.371385 
-0.223408 -0.223408 0.718936 0.701705 0.355491 0.270969 0.925093 1.18094 1.69919 1.78338 -0.197499 -1.37894 -0.559939 0.184762 0.471791 -0.139389 -0.482935 -0.425659 1.39829 1.74819 -0.232711 -0.219532 -1.28574 -0.411491 -1.66931 -0.423504 1.68599 -1.18791 -0.844878 -0.807043 -1.20571 -1.20571 
1.91433 1.91433 0.969238 -0.158011 -0.953794 -0.382312 -0.054648 -0.574965 0.836572 1.03296 0.738633 0.025203 -1.81398 -1.04997 0.187805 0.438887 0.868925 -0.283705 -0.572561 1.59919 1.21147 -0.238176 -0.960585 0.453322 -0.541108 -0.0980608 0.572756 -2.20292 -0.704679 -0.174606 -0.999772 -0.999772 
-0.76323 -0.76323 0.022003 0.396318 0.868098 1.2196 1.16053 0.0534224 -1.43577 -2.8511 -2.35264 -0.536324 -0.133146 0.603105 1.00302 0.232086 -0.0887528 -0.407006 -1.07735 -0.520058 0.615404 0.696048 0.875241 1.66365 -0.073764 -0.925538 0.411143 -0.0309997 0.0293182 0.979 0.565468 0.565468 
0.49249 0.49249 -0.126831 1.29844 2.24761 0.736811 -2.18921 -2.51873 -0.684497 -0.244429 -0.474605 -0.483441 -1.19938 -1.10973 -0.665675 -0.674683 0.0942317 1.16481 0.67881 -0.0366432 1.0493 0.725746 0.654609 1.00247 -0.273543 -0.332674 0.565275 -0.689208 -0.139776 1.21364 -0.286837 -0.286837 
0.440423 0.440423 -0.734355 -2.07332 -1.65225 -0.136113 1.38885 1.55281 1.18937 0.242109 -0.309283 0.182962 0.464137 -0.757825 -0.431205 0.134177 -0.483965 1.30373 1.34974 0.468058 0.751594 -1.11841 -0.916944 0.960847 -1.29183 -0.554067 1.90584 -0.33172 0.375876 -0.0473777 -1.15615 -1.15615 
0.170557 0.170557 -1.11202 -0.801805 -0.173524 0.770831 0.276338 -0.496989 -0.681292 1.24057 2.05358 1.08299 0.285744 -0.991006 -1.51149 -1.21502 -1.58971 -1.789 -0.588443 0.250219 1.28736 1.10897 0.0487896 -0.966478 -0.795858 1.71926 0.912777 -0.00268212 1.02298 -0.433873 0.373834 0.373834 
-1.40334 -1.40334 -0.835846 0.057353 0.576606 0.376033 1.49732 1.14339 -2.2095 -2.25099 1.02726 0.567634 -0.706821 -0.18249 0.379972 -0.00323804 0.178112 0.783643 -0.0871755 0.42505 2.12051 0.677736 -0.135497 0.0399899 -0.00960417 0.308464 -0.80608 0.142943 1.1183 0.653169 -1.01978 -1.01978 
0.173709 0.173709 -0.0559632 0.269851 0.527642 0.406474 1.34926 0.781075 0.110643 0.564903 1.00544 0.551683 -0.226505 0.0932566 -0.547907 -0.999678 -0.979355 -1.44345 -0.837237 1.30565 0.479025 -1.66946 -0.252639 0.709856 -0.328981 -0.164423 -0.706417 0.910248 2.74827 -0.239965 -1.85435 -1.85435 
1.71189 1.71189 0.605062 -1.21439 -1.63007 -1.71623 -2.40777 -0.5329 -0.203903 -1.87548 0.0179319 0.781141 -0.226045 -0.253862 0.129284 1.18035 1.06812 0.649312 0.292333 0.476887 0.154459 -0.134058 0.840788 0.0731055 -0.461185 -0.263337 -0.28812 1.49095 0.585677 -0.598328 0.0182473 0.0182473 
0.441632 0.441632 1.47685 1.16377 -1.01881 -1.32271 -0.11671 -0.917807 -1.82765 -0.583036 1.21647 1.01277 -0.221496 -0.567579 -0.678772 -0.266839 0.533133 -0.863473 -2.07011 0.530422 2.26277 0.88047 -0.201139 0.490858 1.03807 -0.35893 -1.37536 0.102222 1.14227 0.164198 -0.253554 -0.253554 
0.786983 0.786983 0.986807 0.152099 0.307106 0.200444 -0.270482 0.456915 0.798073 -0.372505 -1.65206 -2.2015 -0.847494 1.1516 1.62026 1.09475 -0.552788 -1.13823 -0.326678 -1.09389 -1.94695 -0.629283 0.752956 0.729394 1.19864 1.6147 -0.277426 -0.497793 0.789638 -0.322812 -0.64872 -0.64872 
-0.326162 -0.326162 -1.6741 -1.81534 -0.141553 -0.0718063 -0.414902 1.03806 1.77788 1.97542 1.43895 -0.258521 -0.59749 -0.00321804 0.435591 0.106482 -0.592664 0.65791 2.17852 1.06119 -0.461686 -0.632154 -0.613392 -0.53215 -0.605906 -0.19657 0.0727424 0.430954 1.24725 -0.642297 -1.25744 -1.25744 
1.15432 1.15432 1.37227 0.121165 0.2035 0.53532 0.0780174 -0.702638 -0.522533 0.413917 1.46852 2.09197 0.63915 -1.26609 -1.122 -0.943078 -0.982634 -1.37111 -2.17638 -0.949117 0.528823 0.570267 1.05927 1.14175 -0.0555043 -0.386514 -0.124781 0.420361 0.371734 -0.969468 -0.876407 -0.876407 
0.71973 0.71973 0.707162 -0.232707 -0.281789 0.447853 0.696113 0.597011 0.471806 -1.35105 -2.27419 -0.231974 1.17295 0.784926 -0.204046 -0.663984 -0.176416 1.40455 1.61798 -1.15726 -1.40286 -0.735683 -0.107626 -0.247391 0.0236258 2.47973 -0.525167 -1.81361 0.310191 -0.230802 -0.258398 -0.258398 
-0.513461 -0.513461 -1.33138 -1.22304 0.00954191 0.824707 0.0325064 0.818957 1.33899 0.10123 -0.558926 -1.67987 -0.607842 1.62478 1.2526 0.666509 -0.352014 -0.873637 1.53851 1.46677 -1.16089 -1.40373 0.674039 0.476663 -0.227786 0.980505 -1.35498 -0.754604 1.64403 -0.0418241 -0.426441 -0.426441 
0.530488 0.530488 0.81803 0.577241 0.559715 0.151928 -0.968554 -2.06715 -2.30393 -0.777044 1.70546 1.63227 0.802575 0.800067 -0.357726 -0.911396 -0.563656 -0.832142 -0.159561 1.22763 0.861478 0.126887 0.670579 -0.801726 -2.06169 0.299782 0.614454 -0.366027 0.70315 0.339146 -0.390385 -0.390385 
-0.348383 -0.348383 0.636096 1.71949 -0.308536 -2.98524 -2.16929 1.11875 1.65032 0.224379 -0.0856927 -0.42122 -0.353198 0.448043 0.379903 0.60429 1.34999 0.483185 -0.750479 0.335305 0.606004 -0.193221 0.270544 -0.561701 -0.842824 0.658796 -0.166868 -0.407599 1.39375 -0.0221789 -0.957021 -0.957021 
-0.681276 -0.681276 -1.59018 -0.506898 1.43117 2.18051 1.26264 -0.0192319 -0.773544 -0.901128 0.0760273 0.641183 -0.522441 -0.491592 0.721677 0.0803626 0.910084 1.36092 -0.451088 -0.289854 -0.960735 -1.01645 1.5276 -0.1383 -0.912164 2.28679 0.267108 -0.922379 0.309191 -0.923781 -0.636472 -0.636472 
-0.899077 -0.899077 -0.681258 0.660473 1.10575 0.317376 -0.888718 -0.670914 1.22155 1.92182 -0.109145 -1.23981 -1.45479 -1.26045 -0.155797 -0.0534249 -0.40153 0.704554 1.43337 1.31862 0.604485 -0.86818 -1.45581 -0.591582 1.88732 1.20124 -1.20758 0.0788814 -0.301267 -0.45431 0.568641 0.568641 
0.35773 0.35773 0.910473 0.880618 0.203754 0.576315 0.481411 -2.28737 -2.09402 2.00956 1.75081 -1.06657 -0.45766 0.679089 0.117471 -0.118375 0.493492 -0.157626 -0.215367 1.37274 0.162914 -1.38956 -0.388117 0.0844499 0.172684 -0.486344 -0.0958873 1.19742 0.322289 -1.31658 -1.02874 -1.02874 
-0.029704 -0.029704 0.183978 0.503675 0.210527 0.659771 0.366602 -0.691407 -0.0208499 0.707769 0.112254 -0.687035 -0.17973 -0.0898633 -0.595865 -0.162036 -0.170121 0.214131 1.9239 0.98418 -1.83027 -0.35893 1.68137 0.0708566 -0.452462 -0.126613 0.825736 2.38664 -0.63343 -2.89765 -0.937856 -0.937856 
-0.786362 -0.786362 -2.23793 -1.68653 -0.303703 -0.523778 1.04074 1.85493 -0.974443 0.273653 2.21614 -0.0979731 -0.729058 0.380156 1.2409 0.845677 -0.326994 -0.52225 -0.0408895 -0.0133235 -0.390742 0.644229 0.261949 -0.942047 -0.171743 0.234744 1.49625 0.793792 -1.57016 -0.356025 0.588579 0.588579 
