44
-0.425605 -0.575055 -0.50011 -0.449609 -0.438371 -0.388051 0.445224 1.11384 1.39291 1.53871 1.46697 1.30244 1.31649 1.34461 1.18834 1.1507 0.95917 0.54632 0.222609 -0.00667011 -0.143196 -0.0809451 0.365653 0.632076 0.783504 0.785119 0.65471 0.543438 0.43018 0.312981 0.0814941 -0.167094 -0.497467 -0.813411 -0.984629 -0.977454 -1.12669 -1.21174 -1.31347 -1.53516 -1.65833 -1.68671 -1.80094 -1.7968 
-1.98502 -2.35483 -2.24314 -2.20435 -2.41045 -2.39828 -0.655145 0.246119 0.361524 0.411013 0.418005 0.592169 0.670137 0.73566 0.999337 1.01529 1.04094 0.736618 0.459772 0.112509 -0.0321035 -0.179172 0.38855 0.807363 0.693436 0.750329 0.735033 0.512539 0.570624 0.511259 0.512756 0.621735 0.568871 0.476986 0.357566 0.340321 0.303242 0.296946 0.115612 -0.0494971 -0.274564 -0.393842 -0.728707 -0.453168 
1.31057 1.32062 1.39162 1.1395 0.843255 0.940982 1.46782 0.016268 -0.825359 -1.37021 -1.48181 -1.35695 -1.44747 -1.61404 -1.55088 -1.41646 -1.11261 -0.500647 -0.128432 0.387881 0.539801 0.174915 0.00809241 -0.928352 -1.03885 -1.01585 -0.877371 -0.60166 -0.641558 -0.582263 -0.441971 -0.384677 -0.00371459 0.492345 0.619029 0.455692 0.681962 0.829083 1.30001 1.37521 1.10143 0.937619 0.863466 1.12397 
-1.54955 -0.886444 -0.633004 -1.06387 -1.59597 -0.758611 -0.26329 -0.626656 -1.10406 -1.26683 -1.16609 -1.02982 -1.75778 -1.51779 -1.41445 -0.218467 -0.133852 -0.432143 -0.179308 -0.0678895 -0.760276 -0.85786 0.683429 1.03888 0.801587 1.03484 0.42974 0.187843 1.2564 0.986181 1.36899 1.6937 0.827484 1.04074 1.47013 1.15551 0.7656 0.934097 1.15398 1.04859 0.314518 0.269091 0.50357 0.319105 
0.7198 0.785515 0.670571 0.224713 0.283659 0.782402 1.00594 0.92045 0.191348 -0.232496 -0.232147 -0.627876 0.00828455 0.173363 -0.195158 -1.01642 -0.87017 -0.653831 -0.759682 -0.499658 -0.407797 -0.609279 -1.15862 -1.96876 -2.06865 -2.11391 -1.7114 -1.28874 -1.12259 -0.831723 0.282023 0.471097 1.23163 1.17195 1.73813 1.59757 0.703479 0.492287 0.433399 1.45178 0.868364 0.685461 0.687215 0.788467 
0.836546 0.377078 0.354987 0.553699 0.139553 0.220311 0.146493 -0.742937 -1.47831 -1.52663 -1.61742 -1.31687 -0.762603 -1.05503 -1.45129 -1.69968 -1.18539 -0.572891 0.414095 0.674462 0.274667 -0.0173811 -0.568891 -0.94111 -1.3482 -0.821967 -0.860718 -0.392896 -0.460096 0.295859 0.254917 0.215091 0.733416 0.853498 1.01021 0.734134 0.674837 1.34997 1.54193 1.71171 1.7263 1.40759 1.05239 1.26655 
-0.647787 -0.479589 -1.14099 -0.333459 -0.560891 -0.952538 -1.29072 -1.73475 -1.10706 -0.0860481 0.81178 0.839841 0.325873 0.419281 0.647346 1.14951 0.928983 0.710842 1.32201 1.60036 1.34964 2.55587 1.86471 1.58669 0.842788 0.479862 0.442 -0.222222 -0.142381 -0.0482766 0.329597 0.0158098 -0.46898 -0.684988 -0.406841 -0.864596 -0.992237 -1.31681 -0.907783 -1.34678 -0.301618 -0.927586 -0.195078 -1.0628 
0.727178 1.10998 0.721712 1.01613 0.789499 -0.0393278 0.492729 0.144561 0.949285 1.76313 2.36176 2.30788 1.7078 1.58235 1.06744 0.434363 -0.400288 -0.544335 -0.0295681 0.100247 -0.370835 -0.0115939 -0.639874 -1.16475 -1.41255 -1.25438 -1.08424 -1.3028 -1.3095 -1.28671 -0.644823 -0.672956 -1.08766 -0.677192 -0.159751 -0.19067 -0.386291 -0.503639 -1.18576 -0.124361 -0.317009 -0.573727 0.294704 -0.196159 
1.58123 2.33488 0.527689 0.787479 1.39461 0.344489 0.249561 -0.435183 -1.83981 -1.14593 -1.23266 -0.84238 -0.82214 -1.17012 -0.20937 -0.230141 -1.31821 -0.731299 0.02445 0.856351 -0.879519 -0.926152 -1.51469 -1.60307 -0.424252 -0.992564 -0.827529 0.0883675 0.997189 0.00864202 0.395047 -0.0143168 0.344808 0.688964 0.026038 -0.211875 0.0211086 0.483887 0.0293074 1.92716 1.63643 0.536449 1.55475 0.532332 
-0.414496 -0.952081 -1.06407 -1.29927 -0.304131 -0.403316 -0.863429 -0.0288114 1.42719 1.8968 2.27057 2.13509 1.90468 1.65065 1.16037 0.956527 1.05192 0.795613 0.67921 0.551387 -0.0587458 -0.430751 -0.611192 -0.744802 -0.227882 -0.31113 0.381464 0.234797 0.0194122 -0.0623823 -0.540578 -0.856447 -0.278462 -0.699258 -1.53501 -0.938762 -1.31776 -1.59225 -0.908102 -0.236635 -0.119591 -0.253758 0.190701 -0.253289 
-0.668458 -1.14415 0.0777319 -0.523554 -0.496401 0.396157 1.31098 1.1741 0.0940334 -0.779779 -1.27814 -2.15083 -1.77839 -1.26446 -1.1999 -1.32446 -0.564768 0.00637441 0.813665 0.573623 1.54766 -0.0708376 -0.645105 0.213365 0.595695 1.45669 1.51939 1.7129 1.66454 1.16349 0.0858133 0.112811 -0.193166 -0.466715 -1.289 -0.480707 -0.968685 0.0164317 -0.194254 -0.403584 0.545944 0.897216 1.39354 0.513201 
-2.10414 -2.06531 -0.837423 -1.58226 -1.85255 -1.43278 -1.34659 0.23923 0.652529 0.0475742 -0.301942 -0.210033 -0.0818972 0.23427 1.01451 2.02269 2.50376 1.69382 1.07198 -0.805691 -0.0213606 -0.455199 0.257986 0.5828 0.70069 1.44685 0.889551 0.247494 -0.0299636 0.312744 -0.323369 0.950712 0.362984 0.281484 -0.011629 -0.532223 -0.173424 -0.76658 -0.224138 -0.474279 -0.306054 -0.307142 0.545142 0.187171 
1.60427 0.523284 0.805824 1.4819 1.59773 1.84253 1.2786 -0.215973 -0.591138 -0.948253 -0.599977 -0.571218 -1.46521 -1.28879 -0.670397 0.0698188 0.625716 1.33574 0.469647 -0.105126 0.912243 0.576413 0.940362 1.60076 0.555438 0.630561 0.738276 0.779662 -0.430699 -0.403517 -0.600549 -1.03028 -0.609498 -1.44849 -1.32259 -1.10336 -1.05419 -1.12165 -1.76935 -0.81829 0.8677 -0.139343 -0.572984 -0.355626 
-0.0254812 -0.0254812 0.426029 0.28217 0.281761 2.13801 3.5342 2.28274 1.10215 0.309989 -0.390771 -0.197041 0.237984 -0.146631 -0.295107 -0.374727 -1.222 -1.52048 -1.10595 -0.68327 -0.0249636 1.29179 1.75283 1.08631 0.488345 -0.148073 -0.402984 -0.364256 -0.377639 -0.644612 -0.941305 -1.1646 -1.31669 -0.957305 -0.227669 -0.178025 -0.386279 -0.279012 -0.587556 -0.635989 -0.199461 -0.179256 -0.105846 -0.105846 
-0.552031 -0.552031 0.147003 -0.396666 -0.442214 2.89248 4.41352 1.62885 0.171653 -0.0138176 0.199473 0.320897 0.135039 0.452745 0.367944 -0.0392694 -0.587192 -1.10469 -1.17815 -0.951931 -0.609442 0.609199 1.57729 0.411147 -0.208015 -0.0392804 -0.517247 -0.391709 -0.112633 -0.209442 0.0785565 -0.0144435 -0.358076 -0.471937 -0.344245 -0.20338 -0.184648 -0.431434 -0.703129 -0.777946 -0.699539 -0.887378 -0.211936 -0.211936 
0.138092 0.138092 -0.265951 -0.831911 -0.292757 0.975705 -1.41191 -3.52086 -2.12354 -0.998487 0.0336208 0.066115 -0.383026 -0.146185 0.317672 0.688595 1.42456 1.52992 1.3825 1.043 -0.315023 -0.806241 -1.68708 -1.60027 -0.121663 0.262033 0.651495 0.376597 0.0430753 0.320769 0.317685 0.688584 1.36477 0.9729 -0.0433045 0.110169 0.588621 0.965657 0.854822 -0.29284 -0.661193 -0.353553 0.300371 0.300371 
1.1454 1.1454 -0.38173 -1.47829 0.292078 1.72629 0.0501529 -1.30772 -1.0277 -0.220634 0.196802 -0.960023 -0.815226 0.345233 1.67973 1.65359 -0.432329 -0.197503 0.374428 -0.945049 -1.2368 1.88128 2.51369 0.0308935 -0.139683 -0.653128 -1.31641 1.01992 0.980385 0.0231165 0.853606 -0.889962 -1.04554 0.763056 0.026167 -1.11754 -0.443135 0.408111 0.025777 -1.30589 -1.22219 0.129856 -0.0642332 -0.0642332 
-0.0715575 -0.0715575 -0.806974 -0.556998 0.800922 1.03753 0.197664 -1.17181 -1.65822 -0.609588 -0.569171 0.344846 1.15104 -0.29325 -1.71117 -0.971158 0.520448 0.158045 0.220844 0.505066 -0.158376 -1.08014 -1.95512 -1.30901 -0.209442 0.512773 1.18544 0.845659 0.656194 2.01843 1.87209 1.36433 1.00673 0.727335 0.611067 -1.48816 -1.5897 -0.389045 1.37854 0.624499 -1.10242 -0.2612 0.147287 0.147287 
-0.740612 -0.740612 0.249087 -0.340442 -0.517809 -0.00606085 -1.46492 -2.45969 -1.19492 -0.22568 0.298916 1.26888 0.377222 -1.05207 -0.98585 0.383338 1.67785 2.38862 1.85913 -0.226153 -1.05681 -1.28495 -1.4055 -1.18833 0.162657 0.716518 0.628692 0.585913 1.01918 1.05866 -0.137946 0.703017 0.943467 0.399722 -0.195982 -0.520801 0.909521 1.28734 0.527452 0.260739 -0.473794 -1.02985 -0.228574 -0.228574 
-0.700193 -0.700193 0.240352 0.878778 -0.885373 -1.0483 -1.12537 0.295564 2.45084 2.84825 1.38748 -0.68946 -0.593325 0.498304 1.09964 0.439701 -0.619966 0.603574 1.33398 0.0660233 1.43105 0.783113 -1.40042 -1.47802 -1.60292 -0.564237 -1.00748 -0.834328 0.281271 0.719718 0.119654 -1.14944 -1.00559 0.11679 -0.238852 -0.835821 -0.639886 0.149617 -0.0187214 0.917125 0.642065 0.182109 -0.17355 -0.17355 
0.0378739 0.0378739 -0.0929183 0.146285 -1.51609 -0.393247 0.318114 0.721654 2.44141 2.13639 0.852175 -0.921884 -1.0278 -0.901749 -1.65302 -2.12623 -1.40248 0.594619 0.999927 -0.459102 -0.119558 -0.352207 -1.66068 -1.09757 -0.0866882 0.531851 -0.025698 -0.287417 0.0697855 1.02967 0.954297 -0.609423 0.0396949 1.41924 0.766003 -0.289309 -0.417223 -1.13723 0.607285 1.33169 -0.619086 0.951281 0.604754 0.604754 
-1.02545 -1.02545 -1.53806 0.967939 -0.391714 -1.12043 -0.741181 -2.10062 -0.669641 0.69831 0.383177 0.494203 -0.272092 0.704137 1.04378 -1.08285 -0.452091 1.46174 1.71604 -0.870197 -1.78209 -0.591192 -0.634525 1.19994 0.701787 -0.350493 1.19008 1.96211 -0.0146551 -0.556909 0.0442672 0.0159512 0.798084 -0.262777 -0.866949 0.0629812 0.79028 0.0766079 1.56617 1.73624 -1.37542 -0.0166784 0.0638244 0.0638244 
-0.905374 -0.905374 -0.493356 1.01519 1.20053 -0.78237 0.490014 3.10089 2.60353 1.12889 0.304402 -0.518836 -0.680361 -1.03447 -0.966085 -0.168045 -0.239539 -0.528135 -0.353059 -1.02581 -1.35853 -0.773034 -0.448202 0.502011 0.570634 0.810005 0.723592 -0.513607 -0.425213 -0.783313 -1.10226 0.336874 0.193903 -1.73244 -0.346624 0.275744 -0.910707 0.537917 1.82685 1.05413 -0.0436116 0.402518 -0.0196418 -0.0196418 
0.671144 0.671144 0.542149 -0.684976 0.849371 1.7611 0.703763 -1.34521 -2.10214 -1.50466 -1.5035 -0.609088 0.815129 0.4989 -0.156908 0.557074 1.27164 1.32053 0.487352 0.658623 -0.757211 -2.3475 0.196631 1.17916 1.18176 0.853456 0.167885 0.0538131 -0.65959 -1.71681 -1.17444 -0.381821 -0.690516 -1.22082 -0.109649 0.233724 0.415341 0.700151 -0.526681 0.664989 1.24079 0.775301 -0.489703 -0.489703 
1.2157 1.2157 0.361486 -1.27158 -0.00212651 0.386452 1.65748 2.01404 -0.373971 -1.20546 -0.445861 0.0747956 0.319244 1.03006 1.78438 1.45826 -0.523544 -1.72574 -2.8896 -1.35684 0.216986 0.139436 0.966391 0.317502 0.776779 0.0408038 -1.47239 -1.16736 -0.0939363 -0.484881 0.530346 0.583086 -0.89454 -0.5734 -1.05203 -0.341422 -0.420516 -0.22034 0.153556 -0.254352 0.0171243 0.762769 0.373757 0.373757 
-0.757758 -0.757758 1.12832 0.949371 0.486424 -0.243256 -2.11034 -1.90771 -0.686735 0.0898258 0.504033 -0.829447 -0.670945 0.952484 1.55768 1.4906 1.45819 -0.0682155 -1.44735 0.574409 0.830896 0.129497 1.19887 -0.313874 -0.942123 0.295577 0.259363 -1.1555 -1.17074 -0.083007 -0.573467 0.0897066 -0.349602 -0.666138 0.469784 0.387422 0.079678 -0.668362 0.424948 2.93 0.828113 -1.44716 -0.13285 -0.13285 
0.428821 0.428821 0.289639 -0.147585 1.78748 3.13867 0.132019 -2.36098 -1.91661 -1.45238 -0.498551 0.600302 0.0407629 -0.523764 -0.228687 -0.904758 -1.1165 0.104262 0.801975 1.03783 1.90283 1.71198 -0.206809 -1.23138 -1.20225 -0.870353 -0.217162 0.016513 -0.279247 -0.553345 -0.511087 -0.371191 0.192546 1.04561 0.745933 -0.16146 -0.105711 -0.202741 -0.353377 0.367468 0.433873 0.0825632 0.0630157 0.0630157 
0.496088 0.496088 0.0826395 -0.483599 2.46581 3.65717 -0.996477 -3.26136 -1.28472 -0.0143559 0.219031 -0.0845129 0.0647551 0.141608 -0.409678 -0.761872 -0.845741 -0.484924 0.080658 0.396979 1.15169 1.62745 -0.186126 -1.3932 -0.378052 -0.270677 -0.303526 0.272188 0.103098 0.109884 0.11278 -0.367561 -0.383426 -0.0249942 0.16872 0.085858 -0.208942 -0.429805 -0.299027 -0.0327819 -0.118732 0.335299 0.478147 0.478147 
-0.329426 -0.329426 -0.776423 -0.0314826 1.41735 -0.89422 -3.56172 -0.572363 1.98187 1.69342 0.830516 -0.33938 -0.177987 0.543103 0.649002 0.863912 0.654167 -0.0435271 -0.394875 -1.35102 -1.47085 -1.09396 -0.637437 1.22606 1.46054 0.600332 0.080172 -0.490843 -0.0544044 0.206576 0.280191 0.816682 0.214242 -1.12241 -0.6917 0.488786 0.665357 0.199936 -1.00428 -1.20767 -0.0582623 0.749136 0.50616 0.50616 
-0.844054 -0.844054 -1.48993 0.4523 1.94293 -0.0870682 -1.73161 -0.579431 0.695723 0.77666 -0.380076 -0.54066 0.824224 1.52496 0.826048 -1.18858 -1.03487 0.530608 -0.384879 -0.893592 1.72014 2.26447 -1.03446 -1.50741 -0.347464 -0.637669 1.04086 1.40824 -0.531696 -0.0192474 -0.482379 -1.06318 1.02906 0.686665 -1.05225 -0.220994 0.954038 0.331616 -0.954126 -0.679627 0.901086 0.737463 -0.058893 -0.058893 
-0.525178 -0.525178 -0.347273 1.14253 1.13301 -0.431122 -1.57415 -1.3226 0.398335 0.773268 0.677466 1.22246 -0.455916 -2.03879 -0.48425 1.58642 0.801848 -0.215016 0.245178 -0.271677 -1.12996 -1.28051 -0.164671 1.24059 1.29474 0.990928 0.235119 -0.37845 0.832855 0.863547 -0.467307 -0.617658 -0.455132 -0.283379 -1.57853 -1.56805 0.780437 2.11067 0.719534 -1.76746 -0.632132 0.88761 0.288924 0.288924 
0.689939 0.689939 0.250563 -0.619251 0.201531 -0.753565 -1.87637 0.153547 1.61732 1.06567 1.06621 0.0106785 -1.77749 -1.06358 1.02212 1.93757 1.44686 0.0874303 -1.99648 -2.22094 -0.836801 -0.307556 0.024326 1.12106 1.372 0.299653 -0.145023 0.243344 0.304654 -0.910086 -0.312743 0.758294 -0.273729 -0.896914 -0.733748 0.776248 1.29993 -0.332439 -0.812811 -0.793911 -1.00956 0.135079 0.549509 0.549509 
0.62365 0.62365 1.06442 -0.802908 -1.35617 -0.191398 0.902105 2.44332 1.73667 -0.75985 -2.46815 -1.39326 0.794331 1.14312 -0.0661641 -1.21293 0.0874342 1.3233 -0.396831 0.0413163 0.469376 -1.98056 -1.58679 -0.165507 0.605171 0.385383 -0.212176 0.864056 1.04721 -0.137285 -1.31618 -0.802578 0.848504 0.503656 -0.68339 -0.30258 0.654644 0.403149 0.504185 0.430504 -0.533162 -0.588807 -0.271253 -0.271253 
-0.105914 -0.105914 0.067957 -1.04531 -0.403016 1.32239 0.799548 1.53252 1.01749 -1.16601 -2.23382 -1.37735 0.00379164 -0.465301 -0.90089 0.171268 1.96687 1.7354 -0.776766 -0.824568 0.0668549 -1.13104 -0.552631 1.13325 1.17354 0.0334879 -0.606349 0.0585601 0.946512 0.632083 -1.20226 -0.675644 1.46374 0.51709 -1.25274 -0.8709 -0.627175 0.733843 1.78375 -0.90226 -0.287354 0.878732 -0.262726 -0.262726 
-0.357533 -0.357533 1.26474 0.716397 -1.37761 -0.251923 -0.66022 0.0206168 1.7862 0.655852 -0.157824 -0.449886 0.110207 0.826138 -1.18251 -0.99405 1.62156 1.37785 -1.53529 -2.29022 0.154921 0.717189 1.1338 0.839372 -1.02938 0.290401 1.47138 -0.805582 -1.65639 0.0124488 0.345149 0.462292 -0.206131 -1.10356 0.185186 1.04712 -0.0168735 0.476584 1.04868 -1.92995 -1.16046 0.906007 0.026419 0.026419 
0.277544 0.277544 1.40309 1.23396 -1.37105 -0.559993 2.86747 1.54705 -1.50119 -1.74527 -1.25925 -0.764609 -0.414588 -0.243049 0.616584 0.512217 -0.298534 -0.114565 -0.401185 -0.780056 0.158729 0.649335 0.921458 0.730298 0.199931 0.0842561 -1.01743 -0.887002 -0.231098 -0.535019 0.805917 0.937214 -1.5738 -0.43316 1.46846 -0.450735 0.165744 2.01265 0.355286 -1.42544 -0.516042 -0.0119827 -0.344845 -0.344845 
-0.0318266 -0.0318266 -0.90854 0.279826 1.80792 -0.0436959 -2.15896 -1.94433 -0.0535806 0.488024 0.700168 1.71687 0.85193 -0.634134 0.101895 1.08095 0.60578 -0.499999 -0.412563 -0.828838 -2.08737 0.741801 2.57994 0.764151 -0.172367 -0.664023 -0.510968 -0.530852 -1.20468 -0.307499 1.01411 0.406071 -0.539088 0.475331 1.09953 0.435409 0.39357 -0.612689 0.0352118 1.32309 0.139145 -1.17601 -0.843443 -0.843443 
-0.558339 -0.558339 -1.7159 -0.210584 1.22241 1.22354 1.20084 -1.3928 -2.23492 -0.00380234 0.954641 0.589484 0.724278 1.08569 0.350674 -1.58877 -2.20976 -1.62998 0.308643 2.2492 1.10776 0.578356 0.173374 -0.0872481 -0.148977 -1.54712 -0.809228 1.02425 0.530917 0.489665 0.804162 -0.962846 -0.772597 -0.0644769 0.211588 0.494789 0.132981 0.454075 0.023047 -0.049552 0.768121 0.299947 -0.228589 -0.228589 
1.12338 1.12338 1.01076 -0.467643 -0.814254 -1.69797 -1.11121 0.832315 1.19353 0.685775 -0.642214 -0.803147 1.05783 1.33897 0.275015 -0.126268 -1.04472 -1.89231 0.340792 1.3702 -0.343667 0.167939 -0.342698 -1.41113 0.319914 0.69252 -0.976911 -0.963716 0.611334 0.312251 0.0450454 0.0772389 -0.539358 0.452039 0.599421 -0.309174 -0.72813 0.153647 2.20103 0.190084 -2.81849 -0.668452 0.763525 0.763525 
