70
-0.768878 -0.643545 -0.210612 0.776942 1.01241 1.10976 1.18335 1.20066 1.38258 1.50003 1.40508 1.17978 0.852444 0.335013 -0.0203462 -0.227569 -0.225118 0.168242 0.597702 0.7773 0.90832 0.925156 0.768694 0.644543 0.429221 0.351217 0.148289 0.0319979 -0.0276578 -0.238228 -0.471795 -0.657441 -0.858606 -1.1495 -1.26587 -1.21775 -1.57047 -1.89446 -1.93673 -2.09496 -1.86261 0.156699 0.395857 0.389508 0.397561 0.306024 0.16681 0.186511 0.331071 0.620739 0.826491 0.937565 0.949709 1.03165 0.911106 0.867897 0.723288 0.495992 0.392496 0.422422 0.391526 0.120032 -0.346322 -0.800546 -1.06214 -1.65287 -1.8378 -1.81612 -1.84698 -2.00476 
-3.88215 -3.78351 -2.28672 -0.468481 0.0295458 0.275946 0.582103 0.78337 0.598238 0.463846 0.61367 0.766675 0.974875 0.832753 0.660728 0.331793 0.360606 0.724739 0.907725 0.979607 0.912515 0.85951 0.851364 0.990587 0.794814 0.827623 0.587847 0.403429 0.139142 0.058434 0.0954012 -0.0260871 -0.105376 -0.241427 -0.105638 -0.19585 -0.41089 -0.800819 -0.728682 -0.835484 -0.577181 0.335814 0.813479 1.00423 1.0793 1.11679 1.04913 0.946592 0.911572 0.713628 0.58861 0.488856 0.422849 0.376839 0.260306 -0.0599072 -0.420946 -0.659017 -0.724928 -0.806203 -0.859258 -1.10971 -0.745068 -0.638722 -0.867078 -1.01833 -0.996615 -1.07706 -1.05104 -1.03271 
1.61565 1.68555 3.17816 1.5021 0.505331 -0.25654 -0.873045 -1.71084 -1.93567 -1.83516 -1.65189 -0.996068 -0.584291 -0.387882 -0.327623 0.0349519 0.233455 0.267027 -0.503348 -0.741736 -0.886594 -1.05757 -0.845145 -0.746873 0.0468803 0.323416 -0.119729 -0.514137 -0.793039 -0.830511 -0.812905 -0.556983 -0.393995 -0.455597 -0.181852 0.376077 1.14261 1.33973 0.931566 0.916535 1.33892 0.398029 -0.0878082 -0.199105 -0.0737103 0.533685 1.30977 1.27296 0.672001 -0.188015 -0.793648 -1.29175 -1.24352 -1.48086 -1.03825 -1.0128 -0.376388 0.274297 0.00826512 0.18881 -0.149842 -0.0455602 0.120463 0.933607 0.828746 1.49706 1.19138 0.80119 1.08622 1.42585 
-1.18131 -1.15308 -0.195965 -0.277299 -0.80466 -1.34696 -1.65882 -1.48155 -1.26479 -0.974714 -0.762358 -0.662102 -0.484824 -0.0651065 -0.342428 0.0133496 0.256493 -0.00709007 0.0744558 -0.175789 -0.12418 -0.435799 -0.563456 -0.760341 -0.922702 -0.849656 -0.829168 0.105992 0.518784 0.68109 0.62634 0.430239 0.172717 -0.193651 -0.376995 -0.325346 -0.102586 -0.106069 -0.546609 -0.65429 -0.809558 0.396278 0.145286 -0.200513 -0.486547 -0.911343 -1.45446 -1.25294 -0.881374 -0.301554 0.0541278 0.391298 0.707681 1.33019 1.49637 1.66293 1.43517 1.89234 2.19908 2.03587 2.19574 2.17753 2.23609 1.54827 1.29829 1.01637 0.229263 -0.296731 -0.58079 -0.522148 
0.353966 0.267544 0.938282 0.0805462 -0.382703 0.429972 0.325685 -0.0372586 -0.287077 -0.878812 -1.28411 -1.30899 -1.26571 -1.08628 -0.910453 -0.700725 -1.00377 -1.52946 -2.03957 -2.00947 -2.3933 -2.48679 -2.35866 -1.63047 -1.44511 -1.43741 -1.00404 -0.778618 -0.283716 0.162499 0.535057 0.942035 1.0213 0.904568 0.628914 0.308309 0.223038 1.21639 0.695736 1.00919 0.591394 0.283558 0.470606 0.402525 0.544594 0.37748 0.68165 0.935904 1.21024 1.42731 1.04326 0.95041 0.816063 0.494726 0.752089 0.640953 0.732999 0.270394 -0.119922 0.368538 0.0585799 0.156141 0.237815 0.282379 0.758303 1.15596 0.687327 0.654516 0.844117 0.789585 
0.384638 0.484061 0.933378 -0.628319 -1.60351 -1.62156 -1.20185 -0.996771 -1.19633 -0.832036 -0.945344 -0.933662 -1.11453 -0.311942 0.372403 0.162206 -0.127045 -0.364276 -1.27379 -1.59123 -1.59808 -1.49521 -0.694212 -1.05184 -0.78412 0.0791791 0.0946863 -0.164371 0.631416 0.805798 0.729175 0.28745 0.683598 0.727103 1.18984 1.22397 1.54013 2.31416 0.898732 0.882147 1.5808 -0.923304 -1.22326 -0.433121 -0.392671 -0.620729 -1.00281 -1.13703 -0.783314 -0.770625 0.06053 0.0645277 -0.107038 0.163654 -0.371628 -0.364733 -0.133817 0.154142 0.123648 0.0772763 0.23122 0.301023 0.544099 1.22223 1.38133 1.75042 1.51173 1.47076 1.46981 2.26282 
0.152001 -0.00119485 -0.879546 -0.68141 -0.745532 -1.1731 -1.07261 -0.899791 -0.268517 0.0693578 0.316783 0.296081 0.889405 1.16315 1.51616 1.84114 2.45081 1.89987 1.61447 1.30889 0.706202 0.69264 0.479698 0.136462 -0.541668 -0.207649 -0.273236 0.177951 0.450347 0.545584 0.920343 0.977051 0.497552 0.969623 0.0409607 -0.0519473 -0.130529 -0.129107 0.0163399 -0.10654 -0.0210334 0.775079 0.689612 0.351846 0.420166 1.00521 1.65022 1.47492 0.868067 0.311591 -0.380127 -1.09866 -1.79277 -2.04908 -1.87975 -2.01846 -1.89417 -1.50559 -1.00635 -0.495416 -0.733061 -0.265225 -0.348012 -0.491992 -1.23285 -0.829126 -0.485089 -0.916879 -0.814378 -0.255206 
2.51146 1.98431 0.860764 -0.138462 0.12992 1.23538 1.88287 1.69028 1.49222 0.7803 0.349293 -0.669437 -0.908076 0.174153 0.84933 1.20566 1.52273 0.887752 0.687204 0.693122 0.761878 0.151999 0.519599 0.132891 0.00124885 0.200599 1.16983 1.21457 0.850584 0.568186 0.164202 -0.188184 -0.204708 0.658236 -0.176802 -0.309075 -0.856885 -1.21933 -0.52154 0.387639 0.466572 0.584943 0.964362 -0.109719 -0.455982 -0.346442 -1.02483 -1.04539 -1.95312 -2.05749 -1.89724 -1.50351 -0.921391 -0.841815 -0.358283 0.246099 -0.282534 0.096145 -0.750193 -0.857008 -1.04825 -0.874048 -0.593033 -0.832119 -1.0298 -2.13658 -1.18782 -0.599186 -0.305291 0.12724 
0.977302 0.726252 0.423575 -0.101176 0.311566 -0.581815 -1.0704 -0.701914 -0.904792 -0.535967 -0.678041 -0.834934 -1.03791 -0.705494 -0.441065 -0.633108 -1.80129 -1.76247 -1.28307 -1.09569 -1.54379 -1.22659 -1.78308 -1.49788 -1.36427 -0.786263 -0.574051 -0.504712 -0.834071 -0.634792 -0.297376 -0.336881 -0.0794387 0.00775327 0.319533 1.1319 1.47448 1.2744 0.664677 0.663558 1.08787 -1.81728 -1.56099 -0.5564 -0.359413 0.192774 0.630485 0.521311 0.700426 0.587438 0.218645 0.331597 0.148192 0.318868 0.434838 0.263287 0.478351 1.61973 0.961954 0.955368 0.944245 1.50107 1.58762 1.76281 1.95432 1.08665 1.2427 0.280908 0.899411 1.24055 
0.205923 0.33726 0.10437 0.581286 1.58801 2.4421 2.5991 2.32701 2.83789 2.15243 1.33781 1.04662 1.08522 0.573188 0.660795 0.0211548 -1.24494 -0.776031 -0.413604 0.0526535 0.258234 0.19526 0.737581 0.813848 0.176384 0.262057 0.746113 0.0941951 -0.702043 -1.11018 -1.03964 -0.438697 -0.0102522 -0.965661 -1.00076 -1.04668 -0.937783 -0.128432 -0.217697 -0.608112 -0.250258 -2.16267 -1.92039 -1.51132 -0.815705 -1.10127 -1.23777 -1.11774 -0.28718 -0.231453 0.205611 0.221325 0.39002 -0.464016 -0.695152 -0.288412 -0.715492 -0.529969 -0.199774 -0.545888 0.239823 0.0369484 0.204279 0.0981179 0.663502 -0.0612527 -0.425278 -0.348581 0.380087 -0.126136 
0.286854 0.307945 0.26023 0.489105 0.289608 0.762322 0.567139 0.837813 0.564447 0.880073 1.4331 1.9219 1.26812 0.452002 0.826732 0.282294 -0.299687 -0.188793 -0.374292 -0.120773 0.0375252 0.0134731 0.47569 0.501387 1.17495 0.592951 0.803718 0.500726 0.606721 0.569745 0.958728 0.928362 1.12899 0.916417 1.14827 1.24973 0.970548 1.1419 0.501357 0.420943 0.684593 0.514009 0.249813 0.253424 -0.179973 -0.51142 -0.449475 -0.223466 -0.236485 -0.100763 -0.0956154 -0.25896 -0.148088 -0.425109 -1.58408 -2.12827 -1.84176 -1.83058 -1.70702 -1.659 -1.81691 -1.95312 -2.16755 -1.97114 -1.46807 -1.10421 -1.73016 -0.656364 -0.136999 -0.405535 
-0.917363 -0.746207 -0.999182 0.950262 2.50508 2.22149 1.04562 0.51358 0.775219 0.648226 0.441516 1.07997 0.81588 -0.042578 -0.23979 -0.267279 -0.987284 -1.53671 -0.380959 0.405036 0.225793 0.337772 1.05965 1.76575 0.910118 1.23773 1.96857 1.71246 0.833675 0.329319 0.916185 1.32768 1.01244 0.763231 0.993425 1.00808 0.822237 -0.0679154 -0.625049 -0.416232 -0.958413 -0.517953 1.01678 0.476922 -0.0585555 -0.715151 -0.310662 -0.130128 -0.842428 -0.763833 -0.774976 -0.457554 -1.36912 -1.35713 -0.701713 -1.25425 -1.14181 -1.04208 -0.984567 -1.09632 -1.06271 -0.791237 -0.876543 -1.3695 -0.400479 -0.190486 -0.158365 -0.973528 -1.19902 -1.39463 
0.280566 0.293538 -0.447886 -0.808048 -1.5524 -1.98776 -1.88549 -1.66465 -1.50026 -1.37175 -1.03007 -0.757838 -0.319388 -0.0958658 0.0201718 0.520421 1.12727 1.46606 1.24568 0.714324 1.06241 1.09294 0.839437 0.310254 0.0717205 -0.0465049 -0.519921 -0.533272 -0.957558 -0.537937 -0.999852 -0.934436 -1.16474 -1.69812 -1.48626 -1.80981 -1.67114 -1.13013 -0.64021 -0.865366 -0.525967 0.279465 -0.23711 0.457704 1.2486 1.89164 1.46175 1.19479 0.786999 0.422258 0.601056 0.629432 0.730219 0.354816 0.319688 0.216496 0.477839 1.20425 1.36402 0.968934 1.05279 0.989675 1.24986 0.734526 0.601291 0.963245 0.107576 0.149687 0.165985 -0.489639 
0.980672 0.980672 2.4191 2.08967 0.604559 0.334501 0.200974 0.381706 0.548766 0.0868665 -0.484949 -0.872633 -1.35998 -1.40673 -0.889219 -0.292291 0.709651 1.42202 1.06541 0.567524 0.295992 -0.183609 -0.418816 -0.51701 -0.440024 -0.419349 -0.483222 -0.244202 -0.401487 -0.69162 -0.65004 -0.595984 -0.771576 -0.630104 -0.0645272 -0.45883 -1.07961 -0.561708 -0.285169 0.172988 3.80573 3.81708 0.437718 0.0521695 -0.0899479 -0.335633 -0.150056 0.32336 0.773741 0.875828 0.577883 0.254888 0.206288 -0.0150748 -0.223862 -0.264007 -0.571117 -0.502529 -0.0734097 0.0477094 -0.455145 -1.18161 -1.48646 -1.14486 -1.37259 -1.24469 -0.223025 0.0340118 -0.265384 -0.265384 
2.25508 2.25508 4.85371 3.3444 0.969061 0.67911 0.610907 -0.131521 -0.638763 -0.132583 0.301726 0.389943 -0.0560495 -0.630638 -0.912945 -0.609443 0.43791 0.670893 0.229248 -0.148666 -0.337392 -0.248314 0.0421769 -0.241361 -0.402173 -0.468669 -0.796939 -0.833978 -0.677254 -0.222005 -0.283631 -0.459316 -0.481322 -0.1563 -0.0870293 -0.617195 -1.07012 -0.636145 -0.208289 0.0730406 1.61414 1.94564 0.854197 0.245794 0.0141978 -0.201488 -0.41311 -0.363783 -0.507955 -0.643958 -0.495575 -0.4064 -0.325182 -0.401536 -0.815908 -1.1854 -1.06127 -0.615277 -0.37833 -0.358901 -0.614559 0.0166588 0.555846 -0.340284 -0.729555 -0.351658 -0.244661 -0.238152 -0.088886 -0.088886 
1.81125 1.81125 -0.238857 -3.16188 -2.08845 -1.64194 -1.73109 -1.27118 -0.169434 0.309763 0.961814 1.23012 0.690681 0.277929 0.47304 0.635366 0.249051 -0.888605 -1.20794 -0.473459 -0.394308 0.0252181 0.341374 1.02396 1.23328 -0.219083 -1.0069 -0.814052 -0.394937 -0.0467777 0.297725 0.468433 0.0955958 0.225648 0.9531 1.53173 1.10807 -0.271255 -0.520367 0.454864 -0.63228 -1.69872 -0.724606 -0.00689726 0.836991 1.60103 0.844609 -0.772314 -1.73893 -1.74441 -1.31946 -0.551691 -0.245499 0.217576 0.526145 0.753709 1.48786 0.428208 -0.123829 -0.209101 -0.298649 0.293941 1.12629 0.808215 0.638152 0.40235 -0.840538 -0.146925 0.710024 0.710024 
1.53903 1.53903 1.3628 -1.02475 -1.76614 -1.41954 -0.26223 0.587984 0.769419 0.762325 0.457035 0.400618 0.914422 0.183267 0.08043 0.917519 -0.0786289 -0.338534 -0.317081 -0.36523 -0.463941 -0.752264 -0.567733 -0.623548 -0.189404 0.104681 1.49126 2.12222 0.879203 0.127233 -0.449211 -0.77534 -1.04919 -0.929883 -0.257567 0.39559 0.306919 -0.759899 -0.927485 -0.468669 1.64393 1.48997 -1.0056 -1.06196 -1.18902 -1.60249 -0.595161 0.875965 1.4844 1.45886 1.06859 1.00539 1.46432 1.22273 0.489397 -0.144179 0.323226 1.18288 0.185092 -0.051135 0.182079 0.019146 -1.05782 -1.55406 -0.901238 -1.76513 -2.15768 -1.3486 -0.408303 -0.408303 
1.05431 1.05431 -0.39893 -2.53548 0.611749 1.28807 -0.926919 -1.20111 -1.63218 -1.92513 -0.857113 -0.0119399 0.373006 0.622739 0.679822 -0.222424 -1.60804 -1.99817 -0.950998 -0.713071 -0.945914 0.0186681 1.56679 1.67461 0.317133 0.784415 1.19463 1.31057 1.72656 1.49605 1.42212 0.869524 -0.117197 -0.785902 -1.17002 -0.811319 1.66432 0.844005 -0.437005 -0.243197 -1.41376 -0.274183 0.17754 0.0927945 -0.0937948 0.21162 1.00552 0.949322 0.87926 -0.361229 -0.945144 -0.474664 -0.905163 -0.167142 0.2289 -0.0825729 -0.744779 -1.6536 0.138308 0.289709 -0.446785 0.291091 0.191238 0.934047 1.59931 -0.180332 -0.991377 0.248802 0.207876 0.207876 
0.611989 0.611989 -1.46832 -3.25229 -1.31911 0.427782 0.707226 -0.0683078 0.13108 0.239098 -0.202498 -0.287101 0.703386 1.78693 0.518573 -0.70071 -0.734566 -1.51135 -1.61181 -0.481348 0.0450312 1.05673 0.480033 -0.187823 1.3412 1.02535 -0.380237 0.596949 1.13977 0.0472029 -0.72438 -0.132305 0.475374 0.558762 0.547023 0.363461 1.29008 -0.878477 -1.86861 0.778962 -2.33628 -3.58689 0.538655 0.964957 -0.310177 -0.83933 -0.721812 0.199656 0.383638 0.981563 0.970679 -0.28508 0.0489144 -0.406584 -0.736951 0.222597 0.574587 0.24721 -0.171488 0.0594924 0.204984 0.316609 1.07845 0.973286 0.586247 0.0880766 -0.425458 -0.127721 0.916718 0.916718 
-1.49791 -1.49791 -0.976253 0.232715 -0.69633 -0.45191 0.43954 1.22765 1.47273 0.902786 0.370371 0.883962 1.32115 0.964339 1.04042 1.4215 0.120939 -1.20807 -0.843756 -1.31486 -0.881283 -0.302582 -0.792082 -1.4828 -0.477206 0.432301 0.606271 1.10811 0.579595 0.731584 0.674374 -0.594029 0.022703 -0.644217 -1.4831 -0.220897 -0.0808356 0.251804 0.0672395 -0.02176 1.34276 1.0889 -0.594686 -0.366342 1.00385 1.86013 0.731159 -1.12762 -1.69359 -1.81959 -2.06021 -2.06376 -1.37745 -0.095423 0.0791967 0.012328 0.795237 1.35196 1.53364 0.439516 0.375519 0.605453 -0.302972 -1.28007 -0.466845 1.144 -0.096565 -0.455198 1.01619 1.01619 
-1.75958 -1.75958 -2.28843 -0.729133 1.62862 2.05331 0.599187 -0.348026 -0.92981 -1.19077 -1.53447 -1.31897 1.03461 2.05831 1.24513 0.843962 -0.266546 -0.846405 -0.128443 0.173242 -0.5166 -0.181823 0.0681824 -0.491088 0.165438 1.39869 1.22548 -0.268049 -0.634521 -0.679325 -0.757728 -0.323679 1.03778 0.12085 -0.994033 -0.672268 -0.930118 0.465255 1.88978 1.19651 0.310616 0.647234 -0.688599 -1.50154 -0.175598 -0.547663 -0.693403 -0.950315 -1.0442 0.152185 0.710181 1.18278 0.830842 0.720405 1.30831 0.174446 -0.0783959 -0.434302 -0.978172 -0.244302 0.0704991 0.599536 0.13656 -0.399697 -1.37173 -0.0874291 1.81184 1.07823 0.90336 0.90336 
-0.748062 -0.748062 -1.10995 -0.164011 -0.651422 -1.84318 -0.174709 0.203057 0.203509 0.283906 -0.411212 -0.491741 0.155239 0.773255 0.079799 -1.81444 -1.50917 0.669292 0.865724 -0.360633 -0.188994 -0.332305 -0.37462 0.537842 0.925009 1.02894 0.356362 -0.359715 -0.187906 0.69372 0.377995 0.272252 0.439773 0.511619 1.47047 1.51119 0.172497 -1.08666 -0.823574 0.543639 -3.29613 -3.51828 1.65126 1.57284 0.974664 1.29296 0.418489 0.0765665 0.0715237 -0.652932 -0.354189 -0.109065 -0.0327417 0.363099 -0.0894002 0.0416228 1.77761 0.623521 -0.894347 -0.0393253 0.705628 0.834771 0.330163 0.468952 -0.909933 -0.956832 -1.08129 -0.469813 1.25295 1.25295 
-0.128609 -0.128609 0.319652 1.92759 2.41684 1.31463 -0.146173 0.312867 -0.223328 -1.94267 -1.43126 -0.324531 -0.610984 -0.547411 -0.712938 -2.46887 -1.03093 1.08147 1.07803 0.87458 0.188099 0.624894 0.805507 -0.724825 -0.712625 0.742131 -0.214618 -1.87533 -1.55911 -0.434785 0.874118 1.33837 -0.680421 -1.28169 -0.101971 0.0848058 1.1942 0.937164 -0.619086 -0.0391161 -2.01334 -2.16326 0.848003 1.43604 0.53501 -0.544347 -0.0182499 1.23615 1.15275 0.642333 0.59043 0.242323 -0.885855 -1.40449 0.230901 -0.0232639 -0.310211 0.672072 -0.0175296 0.573333 0.759133 -0.0429865 0.0824642 0.59879 -0.203605 -1.40917 -0.369582 1.04778 0.291659 0.291659 
-0.0256499 -0.0256499 0.366848 0.0801349 0.540742 0.54889 0.167242 0.0195569 0.104469 1.6655 1.99263 -0.286998 -2.75197 -0.809135 -0.295933 -2.10314 -0.865232 -0.116285 0.15313 0.802554 0.278228 0.852323 0.946298 1.34552 0.197603 -0.676603 -0.149569 -0.347481 0.155016 0.689573 0.702059 0.346269 0.00207707 0.0610564 0.654266 -0.311075 -0.179058 -0.861648 -1.33722 0.370769 0.200441 -0.796648 -0.467597 -0.787213 -1.42013 -0.484442 0.56858 0.426973 0.256424 0.290741 -0.274188 -0.0744789 -0.289211 -2.68791 -3.19258 -0.462114 0.586965 0.279153 0.348743 -0.182925 -0.530935 -0.637727 -0.00940607 1.34595 1.66225 -0.470452 0.870613 3.03409 0.498452 0.498452 
-0.0665266 -0.0665266 1.86189 3.82231 1.40075 -1.56048 -1.8299 -0.271027 0.168214 -0.339677 0.490396 0.42817 -1.19512 -1.12259 -0.221471 -0.788401 -1.35441 0.679714 2.12788 0.680176 -0.0507432 0.926456 1.57073 -0.139957 -0.550391 1.17001 0.537 -1.20851 -1.47771 0.111675 1.10484 0.126583 -0.589899 0.00157794 0.287717 -0.16344 -1.14463 -1.54727 -0.355523 -0.339308 -0.0881091 2.16415 1.10107 -1.14392 -1.27051 -0.251191 0.656614 -0.554461 -0.665006 0.095347 0.354336 -0.622104 -0.953325 0.745952 0.133764 -0.455054 0.252289 0.19272 -0.0366214 -0.0625419 0.353039 0.224086 -0.604879 0.538455 1.30075 0.284755 -0.826951 -1.10631 -0.434458 -0.434458 
-1.11834 -1.11834 -1.71783 -1.72253 -1.84334 -0.483143 0.571101 0.670906 0.522574 0.807425 1.03832 1.19378 1.11553 0.597539 1.04213 1.83068 1.57127 0.242228 -1.15575 -0.24245 0.660283 -0.306227 -1.20547 -1.18143 -0.521176 -0.898542 -0.730049 -0.651116 0.0445026 -0.015951 -0.585023 -0.212907 -1.17495 -0.464574 -0.127441 -0.245022 1.14399 1.7083 0.477364 0.235543 1.8913 0.516078 0.338359 2.43896 2.35578 0.394442 -1.06757 -1.03206 -1.18917 -0.24674 0.384846 0.259513 -0.389205 -0.607568 -0.170228 0.306086 1.63894 1.47575 -0.326065 -0.448034 0.0853213 0.36861 -0.357929 -0.989997 0.419462 -0.741211 -1.25507 0.145838 -0.975153 -0.975153 
1.25666 1.25666 0.972675 -1.54757 -1.49638 -0.331248 0.057356 0.316478 -0.237503 -0.874452 -0.810474 -0.737661 -0.44376 0.422485 0.977371 1.39497 1.49449 0.323344 -0.719959 -0.646613 -0.630852 -0.599538 -0.270745 -0.0016188 0.100852 -0.0205755 0.167649 0.0871229 -0.369034 -0.197602 0.0991064 -0.0881079 -0.0127497 0.626176 0.16431 -0.858393 -0.0720235 0.701515 0.650009 3.54323 3.15806 -2.88674 -3.22889 -0.438212 -0.317642 -0.035153 0.584749 0.813024 0.492919 -0.152177 -0.518619 -0.30367 -0.216059 -0.354148 -0.197929 -0.282689 -0.188955 0.445713 0.490997 -0.312412 -1.04308 -0.872383 0.0483457 0.114825 -0.0693899 1.00765 1.11897 -0.0198519 -0.241431 -0.241431 
2.65018 2.65018 1.12717 -3.89193 -2.66151 -0.333439 -0.790022 -1.23304 0.026895 0.976991 0.555234 -0.333056 -1.00188 -0.836706 0.0493531 1.39108 1.31992 -0.182589 -0.79903 -0.543816 -0.0725865 0.41098 0.0349827 -0.420416 -0.201405 -0.370382 -0.340658 0.148738 0.645493 0.425162 -0.211498 -0.171518 0.333732 0.425837 -0.437112 -0.964048 0.00884406 0.89762 0.743588 1.86694 1.91756 -0.738874 -1.6873 -0.819656 -0.423374 -0.40322 -0.135801 -0.067739 -0.254751 0.0404588 0.26768 0.199906 0.0328742 -0.467213 -0.763011 -0.219621 0.603264 0.717103 0.286669 -0.210407 0.406935 1.20899 -0.332216 -1.2691 0.0164894 0.517261 0.142502 0.185155 0.178587 0.178587 
-1.5429 -1.5429 -3.79608 -1.38834 1.20902 0.312858 0.323185 1.24117 1.25604 0.909399 0.746836 -0.171607 -0.696591 -0.130373 0.312918 -0.135267 -1.13734 -1.08571 0.357402 0.664569 0.42179 0.604482 0.807262 0.724907 -0.920795 -1.68942 -0.421231 0.509119 0.628835 0.571322 0.434535 -0.118417 -0.149755 0.698387 1.04417 0.156849 -1.35241 -1.21787 0.597111 -0.0488742 -1.62266 -0.0337763 1.34151 1.24113 1.27684 0.0432644 -1.79206 -1.95409 -0.711938 0.360734 0.956786 0.865241 0.630371 0.632203 0.450663 0.778715 -0.213516 -1.20495 -0.453868 -0.097365 0.425155 1.13578 0.433813 -0.33888 -0.275463 -1.10244 -0.386009 1.23262 0.697959 0.697959 
-0.108797 -0.108797 -2.08412 -2.55171 -0.289624 1.28125 1.69791 0.890528 0.181241 -0.221448 -0.262255 0.415418 -0.142822 -0.652997 0.644479 -0.0945952 -1.00219 -0.160281 0.0149147 -0.0845028 -0.283209 -0.0488702 0.143493 0.350008 0.639496 1.42749 1.7062 -0.469381 -1.61354 -1.06205 -0.709736 -0.459385 -0.0908592 0.691942 1.13362 0.504024 -0.918984 -0.984274 0.277947 2.16444 1.65747 -2.15507 -2.07432 -0.114746 -0.410205 0.528324 2.08754 1.75751 0.519253 -0.307018 -0.338175 0.364399 0.216819 -0.769591 -1.0939 -0.10048 1.13493 -0.0772834 -0.98395 0.0345086 0.0951474 -0.988825 -1.26458 0.166552 -0.13763 -1.00251 0.381612 1.48433 0.814951 0.814951 
-1.03091 -1.03091 -2.59558 0.773496 2.83346 -1.09348 -1.78957 -0.483145 -0.496877 0.600951 1.43443 0.9342 0.498139 0.258034 -0.585599 -1.64213 -1.2671 0.514513 0.974463 0.0370653 0.56922 1.87348 1.24604 -0.881821 -0.618576 0.675963 0.418661 0.422891 0.169176 -0.189608 -0.425482 -1.09395 -1.17898 -0.737677 0.0147293 2.10902 1.24559 -1.50553 -0.762852 -0.681972 0.0106501 1.19871 0.302092 -0.165365 0.120362 0.83841 0.573586 -0.0591248 -0.926419 -1.30273 -0.0497294 0.0626216 0.258551 0.863855 0.0952751 -0.679716 -1.11717 0.680057 1.45649 -0.395141 0.0343543 0.500588 0.504201 1.06452 -0.782755 -1.86391 0.347611 0.911596 0.00337129 0.00337129 
-1.35465 -1.35465 -2.51975 0.101425 2.4074 1.32736 -0.320014 -0.372297 0.204742 -0.213879 -0.339677 0.595603 1.35851 -0.116721 -1.62068 -0.814436 -0.525444 -0.568941 0.676664 1.08605 1.00848 0.288074 -0.808828 0.566401 0.79629 -1.12028 -0.275806 0.996679 -0.355056 -1.21348 -0.113257 0.787527 0.455308 0.0507716 -0.123571 0.489264 -0.807121 -2.05894 1.08644 -0.301454 -2.84732 1.88158 2.97675 -0.550386 -1.17439 -0.264857 0.682531 0.725938 0.514635 0.38737 -0.823256 -0.598018 -0.0753748 -0.509264 0.414891 0.860533 0.0200532 -0.483277 -0.118619 0.249849 0.171899 0.574432 0.432848 -0.317476 -0.574144 -0.656757 -0.136957 0.880542 0.686092 0.686092 
0.356882 0.356882 1.38086 0.152135 -0.664824 0.877112 1.33761 0.79014 -0.360109 -1.01864 -0.100899 0.720345 -0.0168775 -0.322735 0.302256 -0.863742 -2.31217 -0.902039 -0.175401 -0.116741 0.77243 -0.00940406 -1.08458 0.181741 1.53711 0.832735 0.487446 -0.10755 -0.403868 -0.0046793 -1.20773 -0.636912 -0.127464 -1.36035 0.27359 1.10274 0.315416 0.0404621 -0.31666 0.995395 0.855758 -1.72595 -1.31753 1.26899 1.80083 -0.315923 -2.61553 -2.13868 -0.671048 -0.395485 -0.291766 0.493339 1.5822 1.1488 0.0063081 0.521521 1.0497 0.540462 -0.857787 -1.06587 0.055591 -0.659629 -1.68197 -0.223754 1.9682 0.228667 -1.43946 0.85753 1.16129 1.16129 
-0.438016 -0.438016 0.710116 2.83557 2.00014 -0.806609 -1.81676 -1.17444 -0.669143 -0.493838 -0.143016 1.84303 2.43812 0.106384 -0.942761 -1.16169 -1.29326 0.0530676 0.702163 -0.334426 -0.310059 0.381965 -0.276336 0.0229913 1.34285 0.731909 -1.27586 -1.41817 -0.351449 -0.139339 0.213248 1.27344 0.278694 -1.54468 -0.632605 -0.00155861 0.788957 2.02772 0.489817 -1.21138 -0.453062 -0.784358 -1.6308 0.329111 0.653734 -0.429888 -0.345099 -0.306918 0.763169 1.24316 0.710222 0.0402251 -0.389072 0.302951 -0.450618 -1.06968 -0.49685 -0.711139 0.09128 0.723534 0.572712 2.20455e-005 -0.78437 -1.15919 0.181308 2.29549 0.809675 -0.717551 -0.177381 -0.177381 
-0.286094 -0.286094 0.331068 0.249175 -1.14552 0.261037 1.28504 0.196776 0.00276346 -0.451047 -0.556039 0.319585 0.775336 -0.0992035 -1.73827 -1.08668 1.57047 1.49947 -0.721937 -0.738113 -0.0315024 -0.171092 0.517725 0.797932 0.270421 -0.420986 -0.955983 -0.405081 0.637308 0.319226 -0.324963 -0.0096785 0.106186 0.62247 0.602167 -0.896818 -1.7449 -0.69985 1.01367 -1.66315 -2.7001 3.17784 3.27161 -0.491412 -0.232587 -0.412849 -0.843593 -0.276355 -0.525931 -0.327732 0.304851 0.159737 0.258069 -0.0869501 -0.259725 1.16811 0.329663 -1.79325 -0.482444 0.993887 0.520302 -0.294949 -0.288656 -0.859059 -0.980207 -0.161782 0.267761 1.47294 1.074 1.074 
0.295649 0.295649 1.37448 1.40197 -0.416366 -1.72473 -0.677224 -0.056872 -1.51843 -0.815552 1.08057 0.545248 -0.154644 -0.0735102 -1.29428 -0.21846 2.37695 1.40988 -0.143916 -0.602193 -0.17263 0.409137 -0.910682 -1.02368 0.97913 0.329026 -1.76125 -0.907175 0.961407 1.62744 1.18457 -1.0481 -1.763 0.382998 0.91173 0.864547 0.566773 -1.22171 -0.660128 -0.940563 -1.43027 1.91468 2.4098 -0.215104 -1.33382 -0.376309 1.1895 0.780562 -0.40352 -0.382388 -0.273487 -0.9956 -1.11001 0.744168 0.92161 -0.368157 0.461421 0.191265 -0.0713532 0.515986 -0.418618 -0.459108 0.425486 -0.19704 -1.35232 -0.116466 1.64335 0.438546 -0.512417 -0.512417 
0.283642 0.283642 0.084387 0.13172 0.336638 -0.248698 -0.356996 -0.0327543 1.15474 1.32307 -1.34604 -3.28645 -0.351995 1.71772 -0.888412 -0.384771 1.39166 0.718594 0.649428 0.0978089 0.0454586 0.475154 0.353626 -0.509444 -1.39443 -0.230401 0.239598 0.222546 0.731584 0.391044 -0.227713 -0.47559 -0.187341 0.464117 -0.247747 -0.568258 -0.371757 -0.79401 0.867354 1.07949 -0.80044 -0.453391 0.0174275 -0.651105 0.221286 1.39295 0.644269 -0.206066 -0.0838057 -0.357884 -0.242943 0.000430125 -1.80536 -2.00686 1.55771 2.63751 0.526023 -0.154685 -0.310256 -0.600473 -0.3052 0.373314 1.38945 1.17261 -1.25146 -0.539288 2.4464 -0.247767 -1.7513 -1.7513 
1.15804 1.15804 2.35177 -0.297019 -3.29391 -1.98342 0.768956 1.20047 -0.0580202 0.179965 0.451339 -1.04256 -0.96051 0.576657 0.187279 -0.706085 0.877746 2.10422 -0.0159365 -1.34283 0.133747 0.97113 -0.665579 -1.30781 0.781449 0.645916 -1.46455 -1.24301 0.787668 1.55635 -0.00714069 -1.04818 -0.0923362 0.51818 -0.116701 -0.888404 -0.858862 0.464286 0.719336 0.146615 1.50819 0.707895 -2.03057 -1.46032 0.527382 1.15725 -0.200885 -0.820979 0.379463 0.604479 -0.453088 -0.812479 0.816818 0.645732 -0.747535 0.055954 0.378224 -0.192142 -0.171652 0.221054 0.158315 -0.599513 0.175207 1.14416 -0.170701 -1.31182 -0.863267 0.222779 0.392887 0.392887 
-0.482083 -0.482083 -0.486004 -0.0874473 1.049 2.02737 0.977943 -0.0233468 0.130727 0.446481 0.338748 0.0813431 -0.479387 -0.0440551 1.0438 0.457632 -1.30552 -2.25352 -0.386496 1.52913 -0.0360439 -1.53641 -0.711651 0.586818 0.252593 -0.156854 0.22307 0.661966 0.54591 -0.507099 -0.146932 -0.474129 -0.192485 0.889238 0.199862 1.07568 1.64343 -0.537988 -1.20919 1.19433 0.250638 -1.27595 1.61809 1.69681 -1.68525 -2.8333 -1.17068 -0.0841881 0.670936 1.32762 0.438575 -0.627434 -0.704892 0.199383 0.777786 1.52341 0.990946 -1.61905 -1.58473 0.359587 0.697013 -0.352002 -1.11415 0.66433 0.224202 -1.3772 0.755635 0.250127 -0.916303 -0.916303 
