28
0.787499 0.900688 1.07632 1.0938 1.16708 1.16612 1.15181 1.11793 0.988103 0.877122 0.767944 0.628309 0.40214 0.172792 -0.0865506 -0.236368 -0.321516 -0.319243 -0.509961 -0.631194 -0.701805 -0.809561 -0.959892 -1.35901 -1.46473 -1.5735 -1.62078 -1.70353 
2.38979 1.82374 0.879222 0.161322 0.0629911 -0.0820086 -0.0681751 0.165999 0.962974 1.10845 0.473936 0.205011 0.232746 0.438652 1.1197 1.16647 -0.693794 -0.628376 -0.982824 -1.32663 -0.803669 -0.365568 -0.677233 -1.34908 -1.35095 -0.654015 -0.611849 -1.59683 
-1.18846 -1.17151 -1.15359 -0.810943 -1.25584 -1.1213 -1.15637 -0.985575 -1.12943 -0.790786 -0.690937 -0.713581 -0.650725 -0.256708 0.434167 0.692673 0.529684 0.706775 0.667396 0.842213 0.893592 0.947975 1.37041 1.41646 1.52858 1.17793 0.770321 1.09758 
-1.2456 -0.932473 -0.627411 -0.373974 -0.160531 -0.184027 -0.013001 0.00540498 0.388219 0.53005 0.736329 0.588583 0.80002 1.16549 0.890995 0.820721 1.16356 1.23633 1.22411 1.0689 0.743303 0.164497 -0.101119 -1.07096 -1.2663 -1.66686 -1.85931 -2.02495 
-0.738329 -0.627806 -1.21693 -1.32946 -1.0374 -0.837241 -1.05919 -1.17403 -1.08776 -0.886669 -0.383763 -0.188244 0.150692 0.562115 0.357628 1.0719 0.87083 0.482048 0.0616574 -0.0578718 0.0778388 -0.504035 -0.243472 0.677137 1.88455 2.23992 1.23022 1.70566 
-1.17027 -1.23219 -1.22924 -1.45326 -1.30623 -1.07752 -1.11549 -1.23318 -1.03691 -0.780904 -0.554637 -0.206749 0.121877 -0.140848 -0.0474906 0.443262 0.814188 0.76995 0.901368 0.951422 1.09735 0.919296 1.26436 0.811049 0.857362 1.30192 1.44944 0.882066 
0.439369 -0.0257672 -0.591322 0.000752037 0.483896 -0.310054 -0.308924 0.0509662 -0.629931 -1.04702 -0.688347 -1.12792 0.0702597 -0.523778 -0.951402 -0.835459 -1.16074 -0.530635 -0.187714 -0.482203 -0.290206 0.617244 0.514423 2.0669 0.313356 3.45196 1.37916 0.303149 
-1.30748 -0.935546 -0.24447 0.454956 -0.0924129 -0.118822 -0.295668 -0.775318 -1.09309 -1.06688 0.16696 0.499959 0.782781 0.607908 2.44108 1.38064 0.729075 0.511678 0.280764 -0.00160597 0.159628 0.631198 0.0900684 -1.15086 -1.98126 -0.18371 1.87708 -1.36667 
1.84862 0.782235 1.02892 1.12859 0.968111 0.375261 -0.19794 -0.507295 -0.878749 -1.02604 -1.26386 -1.86902 -0.758523 -0.470254 -1.74686 -0.813946 -0.390626 -0.135847 0.874707 0.498003 1.49104 1.75667 -0.146773 0.429504 -0.188089 -1.02645 0.221702 0.0168983 
1.62189 1.63622 1.50201 0.817103 0.786732 1.54969 1.25089 0.752656 0.647718 0.0812736 -0.615454 -0.288907 -0.890154 -1.18186 -1.24691 -0.899405 -1.2389 -0.429255 -0.808445 -0.995263 -1.07428 -1.32156 -0.180772 0.483644 -0.492369 0.204349 0.972977 -0.643625 
2.11294 2.20215 1.85966 1.47313 1.0292 0.341817 0.609851 0.608124 0.204146 -0.0559848 -0.918057 -0.883582 -0.830204 -0.765748 -0.534753 -0.729403 -0.857337 -1.28839 -0.973482 -1.09637 -0.77045 0.0303428 -0.0456449 -0.659236 -0.558717 -0.223564 0.0590333 0.660527 
-2.015 -1.20643 -1.20327 -0.581717 -0.717094 -0.419736 0.534709 1.25693 0.379671 -0.547562 -1.37682 -1.72714 -0.687784 -0.420044 0.289579 -0.277856 0.330644 0.337628 0.480219 -0.0719878 1.15527 1.24833 1.41325 1.48148 0.0562639 0.104886 0.361593 1.82198 
0.26085 0.160689 -0.266731 1.35901 1.14942 2.3052 1.3418 0.272143 1.15389 1.12629 0.914846 -0.65305 -0.955561 -0.766197 -0.453368 -0.199616 -0.304387 -1.51324 -0.71549 -0.629628 -0.883571 0.0229124 -0.621572 0.844598 -1.10957 -2.0906 0.304973 -0.0540404 
2.09616 2.09616 1.66208 1.19786 1.11421 0.716991 0.567664 0.0437042 -0.305962 -0.212314 -0.342276 -0.87289 -1.27978 -1.43024 -1.06953 -0.279471 0.410341 -0.068475 -0.628641 -0.0838912 -0.0227663 -0.38434 -1.70583 -1.50348 -0.186577 0.078439 0.196434 0.196434 
-1.32122 -1.32122 -1.4893 -0.55263 0.0815316 0.20569 0.625409 1.49229 1.39411 -0.19045 -0.649163 0.0839007 0.609505 1.33268 1.15653 -1.65654 -1.63589 0.0309452 -0.422036 0.549194 1.41471 0.490838 -0.737802 -0.394875 1.12027 1.16901 -0.692755 -0.692755 
-0.322957 -0.322957 0.595685 -0.709701 -1.29665 -0.14073 -0.0385002 -0.345335 0.128099 0.815478 -0.203546 -0.307886 0.867311 2.63864 2.25643 -0.151897 -0.381528 -0.0328828 -0.0392981 0.216683 -0.123 0.923562 0.900075 0.0248318 -1.0941 -2.55999 -0.647918 -0.647918 
1.21353 1.21353 1.10539 0.939404 0.437689 0.360842 0.436756 0.820449 1.04406 0.724228 0.199608 0.208953 1.13874 0.258385 -0.531052 0.587361 0.846517 0.203277 -0.209772 -0.777513 -1.54492 -1.43626 -2.14469 -2.01736 -0.986024 -0.980781 -0.555174 -0.555174 
-0.816327 -0.816327 -1.1218 0.0849971 0.51322 -0.190727 -0.622114 -0.199994 0.23267 0.803251 0.795623 0.571065 0.866746 0.122524 0.537277 0.541959 -0.968681 -1.26905 -0.900301 -0.138716 -0.771901 -0.600914 1.45675 2.75347 1.97937 -1.05699 -0.892545 -0.892545 
-0.603346 -0.603346 -1.06698 -0.654891 0.640048 0.110898 -0.879921 -0.209925 0.858972 0.944763 1.20756 1.50034 -0.246178 -0.919111 1.23604 2.02996 0.499742 -0.185317 0.0843849 0.125898 -0.52656 0.0430123 -0.74429 -1.5988 0.969355 1.25882 -1.63557 -1.63557 
-0.811492 -0.811492 0.114251 1.03254 -0.181127 -0.603201 0.407156 -0.190059 -0.870423 0.0398774 0.0201896 0.755301 0.620049 -0.803585 -0.181893 -0.09228 0.357947 0.94306 0.133439 0.0012821 1.05376 0.795601 1.36041 -0.0850344 1.30385 1.0243 -2.66622 -2.66622 
0.75964 0.75964 1.01639 0.0454732 -0.523564 -0.233083 -0.588414 -0.698894 -0.302314 0.914112 1.15463 0.409054 0.0108935 1.22634 0.532071 -1.41591 -0.754985 -0.425201 -0.476138 -0.168704 0.422368 -0.128269 -1.47083 -1.69761 0.684487 2.95112 -1.00115 -1.00115 
-0.785957 -0.785957 0.448757 0.0176186 -0.715675 -1.1527 -0.852515 -0.638888 -0.467277 -0.325777 -0.810614 0.617105 1.56315 -0.964522 -0.28192 1.5181 0.800041 1.42185 0.753186 0.734637 1.4148 -1.65225 -1.32331 0.0382617 -1.45968 0.515934 1.1868 1.1868 
0.0264106 0.0264106 -0.930899 -0.788744 1.19349 0.825991 -0.900674 -0.63526 -0.728643 -1.53884 -0.316276 -0.185558 -1.03198 -0.297896 0.577223 0.201497 0.834191 0.779841 -0.584378 -0.173422 -0.256202 1.4138 2.66198 -0.236072 -0.191849 2.19668 -0.970408 -0.970408 
-0.2375 -0.2375 -1.0041 -1.16757 -1.65235 -0.505102 0.599732 -0.483123 -0.899506 -1.63766 -1.16295 0.312178 0.360489 0.646694 0.22918 -0.349186 -0.730113 -0.0165358 0.480024 0.497774 1.98616 1.33854 -0.940548 -0.656131 0.872642 1.16604 1.59521 1.59521 
0.522287 0.522287 0.337424 0.200486 -0.11997 0.957287 1.37725 -0.433335 -2.06377 -2.01633 -1.44607 0.401009 1.01195 0.686012 -0.139535 -0.239492 0.328304 -0.132233 -0.684977 0.387186 1.02501 -0.0250787 -0.0496206 -1.62143 -1.64081 0.0217254 1.41721 1.41721 
-0.472031 -0.472031 0.943869 1.12257 0.737017 0.118608 -1.70709 -0.193374 0.661516 -0.235318 -1.49895 -1.57366 -0.132037 0.372776 0.425599 0.0830074 -1.11688 -0.376475 0.685684 -0.177104 0.496118 0.175725 0.634882 -0.439561 -2.4472 1.12125 1.63154 1.63154 
-0.346571 -0.346571 -0.906952 -0.48392 -0.403043 -0.482333 -0.635324 -0.877163 -0.13162 0.133594 -0.61998 -0.954275 -0.495374 0.431231 1.56658 1.96385 0.432133 -1.07677 0.158821 0.908808 -0.185255 -1.85427 -1.17353 2.01139 2.08704 0.639779 0.319867 0.319867 
-0.0919841 -0.0919841 0.521353 1.04667 0.514629 0.37421 0.860553 0.521427 -1.0838 -1.31988 0.197722 0.842261 0.835788 0.376269 -1.93929 -1.81042 1.12305 0.812916 0.357429 1.22079 -0.0201367 -1.39141 -0.561896 1.23476 1.04212 -1.16911 -1.20102 -1.20102 
0.577776 0.577776 -0.319297 -1.35396 0.337478 0.811091 -0.19413 0.0609653 0.744198 -0.281433 -0.82551 0.682379 1.97136 0.901093 -1.97121 -1.86635 0.0282641 0.18166 0.11798 -0.111044 0.432251 0.649543 -0.67114 -1.42394 -1.82983 0.2531 1.26047 1.26047 
0.00894585 0.00894585 -0.207627 -0.721156 -0.604851 0.148831 0.749736 0.942442 0.0245004 -0.951775 -0.522276 1.37542 0.214545 -2.02868 0.57929 1.94748 -0.3511 -1.22818 -1.12967 -1.59203 -0.709471 -0.632523 -0.608171 1.66185 1.50256 0.712214 0.705374 0.705374 
-0.208576 -0.208576 0.644704 1.16347 -0.187544 -0.795343 0.000858021 0.611798 0.716769 0.405454 -0.156759 0.0576994 -0.309736 -0.225546 0.303978 -1.0574 -1.27309 0.0557595 0.806626 0.0981978 -0.319393 1.58321 2.37918 0.376936 -2.68683 -2.02322 0.123682 0.123682 
-0.164834 -0.164834 0.0867685 1.16047 0.585795 -0.809782 -0.0776395 1.17993 0.823238 0.331074 0.45745 -0.769347 -1.35896 1.02321 1.91881 -0.33131 -1.23431 -0.135358 0.308253 -0.254775 0.0676338 -0.014696 -0.884172 1.16451 1.86297 -1.47221 -1.64894 -1.64894 
0.759163 0.759163 1.36172 -0.0420971 -0.921601 0.537733 0.422811 -0.686586 0.302598 0.736112 0.621159 0.545329 -0.871171 -0.374488 0.618457 0.505947 0.831078 0.00440553 -0.466244 0.755604 0.672927 0.35294 -0.426124 0.114607 0.87963 -2.45331 -2.26988 -2.26988 
0.288755 0.288755 -0.256156 -0.719615 -0.0116754 0.108264 -0.11677 0.30523 1.04994 0.96235 -0.138796 -0.497246 0.603348 0.437164 -1.33826 -0.577682 0.700682 0.301159 0.288616 0.648934 0.167354 -0.917869 -0.73611 1.3543 2.75369 -0.801377 -2.07349 -2.07349 
0.748303 0.748303 0.433779 -1.00192 -1.00622 -0.252274 0.222393 0.128593 0.0759745 -0.402918 0.535406 1.57926 -1.30627 -1.49846 1.65868 0.636867 -0.222663 -0.186628 -0.653785 0.330214 -1.89373 -2.14995 1.08081 -0.25193 0.196025 1.77821 0.336964 0.336964 
-0.449535 -0.449535 -0.363039 1.42555 1.11545 -1.14127 -0.756162 0.237623 -0.416844 0.383857 0.956367 -0.30253 0.064596 1.11209 0.436809 0.289304 0.484848 -0.730192 -0.447072 0.332631 1.09871 1.90854 -0.87093 -1.60349 1.61318 -0.340772 -1.7941 -1.7941 
-0.691673 -0.691673 -0.819373 -0.599228 0.424644 1.66637 -0.0756762 -1.26398 -0.994715 -0.298632 1.43028 1.09719 0.168463 -0.195417 -0.870779 -0.842198 0.167005 0.852455 0.308909 1.08368 0.56392 -2.37905 -1.65099 1.32353 1.33054 0.471589 0.242403 0.242403 
-0.195104 -0.195104 -0.286595 -0.377186 0.434035 0.92872 -1.00069 -2.37059 -1.12921 0.341101 1.54346 1.57064 0.118819 -0.840916 -0.689936 0.240975 6.61791e-005 -0.748582 0.275436 1.07087 -0.347035 -0.789573 -1.13814 -1.13469 1.02622 1.97151 0.860749 0.860749 
0.765606 0.765606 0.87992 -0.272441 -0.782341 -1.70358 -0.339691 1.37504 -0.166952 -1.52214 -0.996236 0.734272 1.10498 0.216589 -0.325482 -1.12682 -0.434044 1.01295 -0.012587 -0.261383 0.0855777 -0.0513563 -0.533709 -2.11167 0.858306 2.46898 0.186302 0.186302 
