61
-0.969959 -1.05012 -1.06696 -1.03943 -1.16654 -1.19648 -1.22323 -1.2668 -1.28158 -1.26281 -1.14704 -1.18221 -1.22244 -1.19823 -1.06572 -0.552875 -0.391418 -0.231282 -0.129058 0.198219 0.503359 0.930266 1.0671 1.12009 1.1476 1.14865 1.1824 1.18593 1.16348 1.1499 1.18208 1.20949 1.2333 1.21179 1.23072 1.23282 1.23064 1.15289 1.08219 0.997034 0.944349 0.862163 0.759059 0.698717 0.661635 0.457929 0.300523 0.288496 0.23751 0.168529 0.0633214 -0.191183 -0.404239 -0.689256 -0.868585 -1.00961 -1.20608 -1.21144 -1.24079 -1.27328 -1.26353 
-1.21399 -1.43886 -1.4414 -1.32049 -1.45195 -1.32512 -1.16549 -1.21059 -1.25426 -1.36773 -1.38581 -1.59879 -1.48319 -1.40419 -1.23289 0.101736 0.393101 0.655368 0.794577 0.32974 0.452969 0.810047 1.06549 1.08271 1.08005 0.973276 1.03003 1.03003 1.07157 1.0834 1.05869 0.942146 0.943644 0.978085 0.970787 0.933559 0.799261 0.933354 0.999117 1.09341 1.3722 1.15236 0.869726 0.665509 0.611676 0.802806 0.55413 0.298767 0.0673118 -0.147554 -0.260381 -0.191626 -0.524628 -0.745075 -0.960225 -0.596529 -1.03098 -1.12823 -0.712322 -0.72728 -0.681051 
0.873366 0.897187 1.11101 0.850624 0.969359 0.838693 0.650766 0.894331 0.953938 1.20757 0.958862 0.515915 0.920206 0.622099 1.25347 1.65612 1.36677 1.13609 0.604455 0.678547 0.338524 -0.430623 -0.805598 -0.496498 -0.306149 0.048766 -0.0269971 0.0470948 -0.0807463 -0.0255799 -0.0323463 0.0177961 -0.196894 -0.438881 -0.794436 -1.24451 -1.45034 -1.64854 -1.87321 -2.21391 -2.27243 -1.97284 -1.77916 -1.23637 -1.44111 -1.28069 -0.75013 -0.777326 -0.634337 -0.663338 -0.282806 0.28096 0.70971 0.427408 0.427125 0.88316 0.617706 0.0595449 0.610833 1.00729 0.720507 
-0.172717 -0.256779 0.366883 0.226774 0.277388 0.156147 0.472319 0.0215908 -0.218238 0.0437469 -0.0481807 -0.164094 0.111298 -0.0983065 0.160209 0.585064 1.10363 1.31058 1.55678 1.4031 0.785603 0.00551061 -0.276202 -0.770228 -1.08672 -1.05362 -1.68141 -1.74403 -1.38182 -1.34792 -1.22525 -1.47613 -1.44378 -1.25155 -1.39812 -1.25361 -1.28324 -1.06116 -0.712901 -0.739742 -0.756525 -0.788681 -0.259448 0.403551 0.887579 0.952634 1.28313 1.65862 1.85717 1.83384 1.65391 1.63662 1.71383 0.65599 0.477523 0.445411 0.010701 0.120755 0.067725 0.115126 -0.410318 
0.694171 0.552731 1.11942 1.04039 0.930369 0.993515 0.870514 1.20077 0.619544 0.974142 0.699385 0.837204 0.687723 0.820202 1.10041 1.72226 1.41645 1.37589 1.0791 0.779058 0.488232 -0.662498 -1.44421 -1.57878 -1.63584 -1.90553 -1.57871 -1.25652 -1.38672 -1.65565 -1.79186 -1.63371 -1.57811 -1.75798 -1.56607 -1.23536 -0.642926 -0.333288 -0.306571 -0.231438 0.162697 0.186859 0.117879 -0.0697252 0.256954 0.477501 0.282381 0.123123 -0.307547 -0.140668 -0.456622 -0.225778 0.186863 0.163968 0.2422 0.412745 0.231172 0.828607 0.622492 0.38614 0.699051 
1.27216 1.19878 1.5314 0.679997 0.752416 0.439742 1.55537 2.03344 1.19024 1.45954 1.59142 1.51099 0.952929 1.00278 0.979215 0.637459 -0.0527947 -0.656614 -0.574341 0.216924 -0.394434 -0.478995 -1.04009 -1.37385 -1.55733 -1.83609 -1.42404 -1.82947 -1.81505 -1.31118 -1.05829 -1.22755 -1.04423 -1.15396 -1.02004 -0.864128 -0.839144 -0.764595 -0.525449 0.215328 0.294493 -0.285444 -0.102491 -0.25795 -0.315475 -0.583087 -0.44056 -0.492448 -0.399115 -0.083534 0.098793 0.207813 0.292962 0.988712 0.983889 1.22128 0.0962147 0.415389 0.786231 0.652211 0.543652 
-0.879107 0.0505391 0.166291 -1.19026 -0.632247 -0.97208 -0.810761 -0.669203 -0.551025 -0.00733831 0.159709 0.443858 0.106619 -0.379204 -0.18185 0.189883 -0.240338 0.0924629 0.112386 0.0251488 0.969579 1.37679 1.6104 1.91099 1.67429 1.63973 1.21591 1.18427 0.928206 0.78591 0.664433 0.812244 0.993759 1.26111 1.322 1.66367 1.85912 1.4724 0.154878 -0.879362 -0.912358 -1.33302 -1.21526 -0.849173 -0.729244 -0.571808 0.119926 -0.10725 -0.63145 -0.724123 -0.986511 -1.73216 -2.23366 -1.35346 -0.460047 -0.138263 -0.84354 -0.728247 -1.012 0.0098734 -1.02202 
-0.45367 -0.018923 -0.0719535 -0.84517 -0.627821 -0.681531 -0.184126 -1.21873 -0.538828 -1.36423 -1.68694 -1.07224 -1.10738 -1.37373 0.205472 0.257268 -0.13719 0.0985142 -0.147534 -0.523567 -0.606327 -1.26188 -0.318418 0.0723645 0.332672 1.07872 1.03199 1.00616 1.54537 1.9204 2.21539 1.94848 1.69996 1.82093 1.65742 1.07141 1.05152 1.05581 1.19185 0.529856 -0.0219322 0.517572 0.691948 0.42732 -0.866296 -1.16661 -1.73717 -1.1243 -0.307934 -0.756466 -0.729859 -0.470092 -0.169591 -0.677459 0.318204 0.795164 0.440237 -0.501668 -1.32604 -0.111189 -0.775194 
-0.401512 0.946928 1.27259 1.16279 1.22348 0.819777 0.984137 1.72697 1.86982 0.320651 -0.0403032 0.415888 0.0577049 -0.330164 1.26689 -0.368861 -1.24732 -0.625505 -1.59654 -1.61514 -2.20728 -1.10801 -0.900672 -0.295533 -0.0273083 -0.499153 -0.905198 -0.15338 -0.408399 -0.969234 -0.934977 -0.840934 -0.879582 -1.16618 -1.5337 -1.43155 -1.91164 -0.882616 -0.388817 -0.430739 -0.0106043 0.665669 0.590215 -0.200112 -0.0176563 0.4534 0.719747 0.726207 1.14754 1.73492 1.09214 0.887849 -0.309505 0.393648 0.136553 0.419447 0.93578 -0.678399 0.459761 1.93647 0.949557 
-0.751286 0.0291385 0.692409 0.638515 0.553775 0.574246 -0.0805609 0.789032 0.143771 -0.693557 0.0911059 0.0949199 -0.749357 0.0573901 0.136627 -1.77296 -2.30131 -2.75758 -2.22807 -2.09705 -1.74933 -0.660016 -0.487006 -0.718001 -0.588651 -0.010477 0.00901771 -0.424031 -0.177409 0.156665 0.240692 -0.00164439 -0.0657074 -0.13588 -0.124185 -0.170954 0.11381 -0.302646 0.0603103 0.802951 1.30016 2.02472 2.44416 2.0111 1.60148 0.384716 0.482289 -0.154186 -0.402605 -0.54049 -0.165352 -0.060928 0.524733 0.860124 0.884878 1.35974 1.04393 0.792151 0.184759 -0.0822381 -0.629852 
-0.612773 -0.439436 0.628768 0.34522 0.854746 -0.204024 1.62201 1.35377 -0.221677 -0.216933 1.29843 0.850203 1.0801 1.04708 1.22072 0.21083 0.975041 0.157071 0.947281 1.21088 0.712769 1.08804 0.432965 0.44726 0.0970574 -0.545993 -0.0390958 1.18714 1.37712 1.03217 0.521654 0.35119 -0.00200955 -0.476186 -0.568307 -0.180353 -1.04543 -0.0843574 0.235004 -0.447712 -1.02637 -2.76805 -2.50492 -2.41634 -2.43362 -1.54898 -0.75907 -0.619051 -1.05423 -1.31699 -0.324975 0.635752 0.644902 0.143719 -0.336204 -0.0783272 0.656078 -0.142966 -0.514226 0.0210788 -0.45746 
-0.164274 0.4739 0.150134 0.337334 0.337475 0.14769 -0.0560679 0.326906 0.870029 -0.399177 0.721819 0.0596472 -0.8453 -0.713514 0.299831 1.70992 2.31033 1.86471 1.2208 1.7321 0.903986 0.287939 0.194428 -1.22727 -1.97643 -1.50808 -1.14508 -1.34275 -1.42075 -1.26217 -1.34957 -1.6386 -1.83321 -1.80303 -1.32224 -0.905265 -0.33214 0.0491322 0.141387 0.535221 0.707581 1.1753 1.51522 1.51001 1.33275 1.02128 0.554316 0.2548 -0.121783 -0.396466 0.223682 -0.0953898 0.16131 0.436578 -0.43038 0.23551 -0.424571 -0.220096 -0.28997 -0.0564128 -0.523068 
-0.733878 -0.997186 -1.20203 -0.325065 -1.10566 -0.579416 -0.355707 -0.246845 -0.636493 -0.852799 -0.0451042 -0.95588 -1.70089 -0.895457 -0.863099 -0.94257 -1.0782 -1.05864 -1.35804 -2.19677 -1.41459 -1.13573 -0.830984 0.878241 1.4078 1.15212 0.510913 0.442728 0.373767 0.375729 0.406726 0.665557 0.967258 1.13736 0.534757 0.244769 -0.400585 -0.248259 -0.211875 -0.303433 -0.715728 -0.258057 0.129841 -0.573006 -0.508185 -0.405008 -0.0311647 0.228206 0.502763 0.820653 1.75264 1.82421 2.52907 1.9817 1.68358 1.42677 0.459898 1.04915 0.72419 0.856458 0.0995115 
-0.329113 -0.329113 0.080326 -0.338941 -0.55741 -0.175877 -0.22769 -0.182165 0.054838 0.551173 0.346111 -0.246982 -0.0212494 0.635516 2.49325 2.60331 1.26235 1.03714 1.6726 2.44407 2.82286 2.18296 0.761365 0.345741 0.148239 0.171964 0.181408 -0.0322582 -0.0972921 0.110395 0.266221 0.234411 0.0483912 0.0298473 0.119627 0.0393733 -0.264227 -0.52472 -0.552868 -0.484411 -0.4731 -0.664791 -0.581743 -0.330728 -0.875791 -1.33326 -0.604504 -0.199903 -0.416439 -0.622583 -1.32793 -1.73796 -1.85397 -1.72574 -1.1783 -1.24346 -0.727677 -0.0923091 -0.195436 -0.0467685 -0.0467685 
-0.614515 -0.614515 0.254213 -0.0696795 -0.0548204 0.676521 0.244578 -0.266228 -0.437993 -0.373673 -0.623677 -0.287827 0.445737 0.585661 3.74029 4.04195 1.34776 0.965484 -0.861285 -0.901433 1.16354 1.49572 0.641862 -0.00659613 -0.318126 -0.168868 0.0994032 0.0611954 0.0909062 -0.0755481 -0.398057 -0.332211 0.0471115 0.0250128 -0.155044 -0.474118 -0.0436964 0.458935 0.358935 0.894145 0.104934 -1.30558 -1.26634 -0.691502 0.301763 -0.187757 -1.30952 -1.26626 -1.16452 -0.866471 -0.153905 -0.707073 -1.43366 -1.13757 0.330026 -0.220951 -1.37901 0.757422 0.964154 0.0353835 0.0353835 
0.47192 0.47192 -0.104578 -0.297456 -0.034331 -0.656389 0.102735 0.604853 0.625277 -0.000138283 -1.41314 -0.0885414 0.205266 0.665892 2.08736 0.219696 -1.06499 -1.55647 -0.938254 -0.549565 -2.26006 -2.33096 -0.143755 1.003 1.09593 0.556129 -0.0135176 -0.119157 -0.157547 0.088051 0.0778598 -0.34391 -0.93649 -1.22223 -1.64434 -1.34062 -0.829694 -0.867918 -1.15697 -0.819941 0.478887 0.990476 1.48378 0.675589 -0.10003 1.39152 1.01094 0.224756 0.221095 0.702948 1.90537 2.00318 0.286939 -0.583347 0.91436 0.376463 -1.68082 -0.0240692 1.91235 0.212344 0.212344 
0.979799 0.979799 0.877421 -0.169342 -0.134877 0.350207 -0.251652 -1.26727 0.0346065 0.30477 -0.38552 0.285449 0.114307 0.0834776 1.24242 1.71744 1.3194 0.821877 0.163131 -1.41453 -2.55877 -1.94542 -1.42287 -1.48641 -0.523531 -1.09214 -1.267 0.541373 0.71769 0.280135 -0.240059 -0.405048 0.404372 0.0775405 -0.00962877 0.203979 0.345665 1.03595 0.581262 -0.0855519 -0.095259 0.902124 2.17193 2.08936 0.99712 0.716661 1.28374 1.04272 0.314197 -0.377143 -0.366113 0.103578 -1.79715 -2.26417 -0.39052 -0.858589 -0.598899 0.098298 -0.0161479 -0.879085 -0.879085 
0.837411 0.837411 0.961954 -0.388352 -0.104665 -0.130559 0.402432 -0.51191 -0.463338 0.148189 -0.28437 -0.0343956 -0.0450516 0.812357 1.78883 0.619494 -0.702255 -0.684268 -1.20205 -1.19015 -2.8876 -3.86711 -1.83946 -0.393507 -0.663131 0.102872 1.28391 0.371975 -0.807555 -0.819551 0.0326667 0.415395 -0.25911 0.0128957 1.03172 1.83092 1.78886 0.660036 0.192105 0.925249 0.823543 -0.100554 -0.523111 0.266384 1.08081 0.0396117 -0.718251 -1.18826 -0.537491 -0.308589 -0.180954 1.27288 0.766573 0.0992942 0.485282 -0.0331309 0.818684 0.769712 -0.89402 0.141641 0.141641 
0.498952 0.498952 -0.888092 -1.35198 -0.391542 1.46827 2.87797 -0.614162 -0.986351 0.75198 0.128506 -1.1015 -0.869241 0.0836398 -0.61451 -1.80306 -2.27025 -0.893019 1.59409 0.357511 -1.20389 -1.11428 -1.55854 -0.885339 -0.787292 0.274408 0.0485819 -0.660301 0.960765 1.38589 0.185874 0.0618441 0.167973 0.0799022 0.553483 0.359282 0.214222 0.596024 1.78375 1.49854 -0.855982 -0.670953 0.0857941 -0.342923 -0.542867 -0.186219 0.198367 0.110666 0.765777 0.924432 0.556182 0.382937 1.42894 1.26854 0.451397 -1.54574 -1.39994 1.26692 0.458978 -0.395686 -0.395686 
1.3957 1.3957 -1.69789 -1.09945 0.276331 -0.260454 0.390946 0.332569 0.876713 0.942842 0.591646 -0.090736 -1.13263 -0.40924 0.751171 -0.0980406 -0.150721 0.458397 -0.109983 1.14102 1.81009 0.848238 0.703961 0.0675542 -0.385954 -0.63916 -0.635203 -0.408199 -0.557945 -0.375823 0.0167385 0.426735 0.588487 0.425272 0.525832 0.707907 -0.277712 -2.32501 -3.20121 -1.46304 -0.63277 -0.42877 0.635828 0.638761 0.356424 1.13017 0.609727 -1.03563 -0.853624 -0.499351 -1.38294 -1.70649 0.493545 2.38109 1.62547 -0.537824 -0.817239 -0.246855 0.979901 -0.0324439 -0.0324439 
0.490143 0.490143 -1.09629 -0.741195 0.20374 0.571539 -0.716676 -0.477003 -0.202256 -1.519 0.372308 0.749984 -0.407127 1.71301 2.13084 -0.46119 -0.219663 -0.0247539 -0.828155 -0.613707 -0.980798 0.366945 1.7411 0.843914 1.31049 0.907249 -0.106471 0.663067 1.18952 0.868769 0.0257017 -0.688091 -0.17868 -0.0670369 -0.995514 -0.806905 -0.0316643 0.173127 -0.701907 -1.60524 -0.0273007 0.926378 -0.129698 -2.05763 -2.10449 -1.1549 0.0443882 1.86587 0.471917 -0.565288 0.364929 0.724637 -0.283506 0.629457 1.92284 0.149098 -1.71431 -2.33084 0.501652 0.712266 0.712266 
1.76507 1.76507 0.156645 -0.135616 -0.459792 -0.345442 0.91918 0.895446 -1.63261 -2.18829 0.0235958 0.0266523 -0.904337 1.25227 -0.124131 -2.85459 -0.364525 -0.466637 -1.17301 -0.755095 0.477917 1.35973 0.8147 0.881862 -0.306041 -1.04975 0.299935 0.466514 -0.981328 -0.66226 0.0600644 -0.0203489 -0.440194 -0.802939 -0.374145 -0.498311 0.524016 1.59821 0.416966 0.335716 1.12788 0.581248 -1.0364 -0.751925 0.639368 0.731899 0.219455 0.390403 1.03115 -0.142559 -1.01576 -1.62745 -0.626548 0.410547 -0.0529931 0.80009 -1.29236 -0.606494 2.80272 0.458791 0.458791 
1.70633 1.70633 0.713023 -0.177526 -0.0889905 -0.767687 0.243242 0.254606 -1.77758 -0.0751757 0.926253 -1.01309 -0.0571557 1.04234 -2.19161 -2.91498 -1.18473 0.0747246 0.77392 0.557486 1.6984 1.4904 -0.0815087 -0.133489 0.829873 0.699085 -0.504835 -0.234426 0.678878 0.485299 -0.200951 -0.377261 -0.17229 -0.0820953 -0.0542313 0.270872 -0.169261 -0.0761687 1.3038 1.46364 1.44211 1.34952 -0.0286879 -1.01574 -1.94878 -1.34493 -0.654068 -1.06599 -0.472391 0.269989 0.558472 0.809112 1.08409 0.416299 0.582347 0.176884 -0.688222 -1.03537 -1.05349 -0.982315 -0.982315 
1.29003 1.29003 0.802991 0.207442 -0.618942 0.784448 1.62716 -1.99881 -1.70782 1.58699 1.10411 -0.266192 0.176424 0.116452 -0.924895 -0.295347 -0.0907564 -0.0630427 1.08991 -0.283439 -0.164403 -0.331721 -0.716516 -0.391527 -1.09226 -0.178589 1.81407 1.47624 -0.198642 -0.945379 -0.759378 -0.591675 -0.915431 -0.637123 0.281907 -0.542058 0.0688812 1.33149 -0.420786 -1.37807 -2.50692 -1.60959 0.341466 0.0425587 0.891157 1.75161 0.957853 -0.348088 -0.777455 0.743932 2.04817 1.00044 -0.557956 -1.07931 -0.270151 1.02432 -0.102355 -1.28099 0.141421 0.027063 0.027063 
0.416768 0.416768 -0.156865 0.255139 -0.22438 -0.483737 0.244804 1.19483 -0.906722 -0.171677 0.600462 -1.97651 -0.966606 1.47344 3.09942 2.57417 0.213735 -1.36903 -0.151836 -0.386138 -1.8201 -0.885703 -1.91048 -2.74445 -0.340352 1.0743 0.227153 -0.333803 0.119332 0.107388 -0.461968 -0.598344 -0.1923 0.666802 1.15878 1.27623 1.23082 0.619163 0.635142 0.737036 0.83102 1.04415 0.442589 -0.215261 -0.604814 -0.973309 -0.958108 -0.843145 -0.811558 0.456272 0.399809 -0.0624922 0.6935 -0.735778 -0.238911 0.0242338 -0.562681 0.188055 0.225047 -0.279653 -0.279653 
-0.682099 -0.682099 0.891434 0.0969268 -0.387058 0.99884 0.42287 -0.423539 -0.872256 0.780029 -0.178313 -2.32099 0.0473168 1.12006 -0.101078 -0.332891 -0.196234 -0.422239 -1.60665 -0.114104 1.42813 0.769294 2.74314 3.05337 0.341874 -1.27373 -1.01499 -0.22532 -0.128521 0.00941792 0.363887 0.737447 0.615001 -0.632898 -1.2678 -1.3268 -0.716422 0.224347 -0.112203 -0.731361 0.0265526 1.13079 -0.470682 -0.916514 0.195766 0.622204 0.837746 0.700734 0.781488 1.68871 1.3488 1.03538 0.181266 -1.2028 -0.801837 -1.7247 -0.557168 0.328647 -0.301973 -0.898095 -0.898095 
0.494614 0.494614 -0.0357137 -0.82995 0.182977 0.393778 -0.0312366 0.334086 0.904311 0.345147 -1.03286 -0.487953 1.09298 3.15729 2.46576 -1.58025 -2.00431 0.495642 1.75634 1.43168 -0.353569 -2.63085 -2.34716 -0.79882 -0.243092 0.018674 -0.281601 -0.375808 0.157159 0.436522 0.133584 -0.298813 -0.282033 0.0668229 -0.0112328 -0.508816 -0.7368 -0.388382 0.0277048 0.0776156 -0.251444 -0.160703 0.399271 -0.395222 -1.29137 0.319867 1.41029 0.2146 -0.557926 -1.17622 -1.43412 -0.688661 -0.00782098 0.831361 0.586749 0.54671 1.4328 0.649945 0.0343217 0.164766 0.164766 
0.656627 0.656627 0.405949 -0.254908 0.561797 0.215991 -0.745376 -0.54401 -0.0988879 -0.159441 0.0507114 0.811949 0.660311 2.53411 2.65929 -1.86744 -2.39678 -1.72543 -1.46064 1.5514 1.83956 -0.419486 -1.17846 -0.758717 -0.141321 0.307419 0.162329 -0.022306 -0.121563 -0.394166 -0.214376 0.328811 0.260746 -0.172189 -0.402035 0.0704483 0.706412 0.295889 0.321103 -0.212315 -1.71822 -1.07703 0.459543 1.19791 0.374146 -1.26279 -0.850442 0.0964981 0.293688 0.766438 0.107637 -1.0062 -0.348915 1.34929 0.693692 -1.33845 0.741488 1.79778 -0.574556 -0.734557 -0.734557 
-0.390848 -0.390848 -0.532906 0.0854937 -0.230606 0.134707 0.962685 0.418618 -0.411833 -1.46758 -0.0313556 1.22575 0.589411 1.41996 -0.294878 -2.28801 -1.27442 0.127097 0.775358 -0.939783 -1.27828 1.59246 2.48928 0.94681 -0.295372 -0.783377 -0.463606 -0.0723255 0.186368 0.207137 -0.284393 -0.713334 -0.613148 -0.487587 -0.053437 0.633755 0.381908 -0.207292 0.0690912 1.2386 1.36716 0.773876 -0.198165 -1.13275 0.561053 0.852009 -0.82559 -0.547984 0.385953 1.27426 0.9914 -1.15825 -1.87127 0.495863 0.740675 -1.87765 -0.261245 2.6802 0.207878 -1.21834 -1.21834 
-0.0235077 -0.0235077 -0.984476 -0.858848 0.547445 -0.0367248 -1.41443 0.333276 1.51368 -0.315212 0.0527415 0.529339 -0.114938 1.10613 1.57052 0.141153 -0.751684 -0.99102 -1.98263 -2.42833 -0.416892 1.11328 0.491866 0.89611 0.43243 -0.612056 1.57011 1.8925 -0.169347 -0.80877 -0.558545 0.662091 0.513514 -0.309589 0.186555 0.396653 0.834265 0.286767 -0.959106 -0.550593 0.977203 2.15185 1.16041 -1.00804 -1.18971 0.333605 0.369812 -0.819595 -1.23301 -0.554071 0.5118 -1.24327 -2.1032 1.36182 1.36086 -0.12082 0.948938 0.605468 -0.826795 -0.72173 -0.72173 
0.107038 0.107038 -1.01919 -0.886452 0.218176 0.426108 -0.314903 -0.718934 0.553719 0.152431 -0.149122 0.202767 0.709399 1.53272 -0.157695 -2.07453 -1.08424 -0.413691 -0.418765 -1.40267 -2.22956 0.877365 2.90033 0.984282 0.417169 1.6271 0.227609 -1.74123 -0.990632 0.703951 1.03317 -0.240194 -0.332542 1.07978 1.51949 0.634657 -0.973416 -1.32861 0.224365 0.529815 -0.85241 -1.12002 0.309208 1.34091 -0.185977 -1.49734 -1.02095 0.153926 0.736858 0.300534 1.32219 0.793449 -0.97567 -0.231447 -0.107286 0.281237 0.672775 -1.42532 -0.520681 0.866958 0.866958 
-0.843858 -0.843858 -1.1402 0.359421 1.84384 2.13084 -1.28808 -2.42639 0.914934 0.754407 -1.14183 -0.595167 0.799307 0.204941 -1.16305 -1.01551 0.623565 2.51084 0.841078 -1.74519 -0.897995 -0.184347 0.188466 0.534904 0.783084 0.576187 -0.554896 0.624935 1.34936 -0.452802 -0.803614 0.0307786 0.0537502 0.288486 0.220687 -0.174513 0.19345 1.04486 0.618762 -1.6441 -1.3437 0.64384 0.251767 -0.359387 0.14232 0.515729 0.23187 0.404687 0.562064 -0.0916786 -0.303703 0.599749 0.607954 -0.582259 -1.7556 -1.14046 1.839 1.22973 -1.01989 -0.503762 -0.503762 
-2.03509 -2.03509 -1.62633 1.42643 0.651024 0.156245 0.483018 0.409758 0.4948 -0.116754 -0.628018 -1.09979 -0.139592 1.36467 0.29052 -0.538071 0.458028 0.105785 0.544221 1.38945 -0.122027 -0.677576 -0.45528 -0.666498 -0.404756 -0.0922883 0.235715 0.130729 0.100072 0.470491 0.626139 0.468487 0.0769592 0.035162 0.27101 -0.470894 -1.99365 -1.91891 0.66672 1.83231 0.784406 0.944463 0.807126 -0.112886 0.41361 0.250975 -1.40137 -0.921569 0.444258 -0.283584 -0.746568 1.35967 2.86994 0.851107 -1.91578 -1.59051 0.276702 1.30548 0.22441 -0.613514 -0.613514 
-1.01931 -1.01931 -0.78894 0.853318 0.861562 -0.587224 -0.670348 0.343644 -0.666103 0.382664 1.48194 -0.495761 0.634682 1.65645 -1.40063 -1.51501 0.293052 -0.38486 -0.372184 -0.0891214 0.646119 1.77578 0.319348 -0.269456 0.0509971 -0.909367 -0.148509 0.850697 0.14336 -0.745133 -1.00013 -0.122688 0.412825 -0.520024 -0.470091 0.635218 0.645717 -0.424921 -1.14383 0.447568 1.65233 -0.0565238 -1.92601 -1.27127 0.595563 1.40402 1.96967 0.287273 -1.56734 -0.0595018 0.846764 -0.410774 -0.0518413 1.44131 -0.301732 -2.34975 -1.59899 1.44754 1.98417 0.146547 0.146547 
-0.961498 -0.961498 -1.14874 -0.325976 -0.0654779 0.952396 0.863932 -1.56587 -1.90667 1.13001 1.48797 -0.525539 0.854147 0.568793 -2.56214 -0.0850616 1.59881 -0.449014 -0.115854 1.12663 1.42383 0.28471 -0.237201 -0.649062 -1.16855 0.457171 1.04036 -0.751902 -0.654209 0.736124 0.480193 -0.251546 -0.432423 0.111263 0.264111 0.644361 1.4121 0.000365878 -0.739877 0.524399 0.22625 -1.31761 -0.785159 1.14254 1.01957 -0.200072 -0.149834 0.588968 -0.272497 -1.24242 -0.882355 0.318301 1.3746 0.436401 0.318512 -0.725063 -0.83219 2.6925 0.751431 -1.43271 -1.43271 
-0.691646 -0.691646 -1.38369 -0.542995 -0.378364 0.338428 0.874676 -1.49013 -0.176023 2.1814 -0.648606 -0.683957 1.67753 -1.57843 -2.99499 0.862697 2.40355 1.60232 0.455405 0.798666 0.80522 -1.30292 -1.18168 0.788486 0.727245 -0.956952 -0.645182 1.00011 0.63955 -0.603465 -0.590046 0.102523 0.309624 0.171994 0.354542 -0.00913929 -0.189435 1.22497 1.27684 0.187733 -0.00843399 -1.06271 -1.75779 -1.41186 -0.175569 1.08637 0.297017 0.221432 1.11844 0.881335 0.499204 0.48871 -0.225005 -0.309655 -0.105799 -0.90711 -0.86179 -0.203596 0.121476 0.135557 0.135557 
-0.275006 -0.275006 -0.650844 -0.864999 0.396491 1.44982 -1.7241 -2.07228 2.29528 1.80691 -1.13715 -0.553092 0.273833 -0.662665 -0.227524 0.558761 0.178956 0.777447 -0.106734 -0.759215 0.00188408 -0.316073 -0.00538817 -0.204768 0.166734 1.86647 1.07668 -1.23782 -1.49588 -0.321515 0.255569 -0.0661278 0.00367292 0.787969 0.0923471 -0.102082 1.21471 -0.276664 -1.67759 -1.28416 -0.113753 1.82991 1.07499 0.379253 1.1109 0.0744448 -1.29272 -1.06276 0.721505 1.81555 0.194229 -1.61232 -1.28013 0.213982 1.35991 0.138246 -1.42248 0.186196 0.85784 -0.0398151 -0.0398151 
-0.389969 -0.389969 -0.0885953 -0.0197531 -0.510841 0.372833 1.25747 -0.812687 -0.969939 1.13211 -1.29057 -1.11665 2.5532 3.00385 0.834803 -2.08119 -2.85475 -0.237776 0.748599 -1.19067 -0.33579 -0.0364726 -1.33001 1.17815 2.82298 0.444753 -1.00037 -0.0492363 0.352357 -0.395577 -0.486597 0.22689 0.955064 1.01793 0.47542 0.08233 -0.451001 -0.406097 0.115855 0.172914 0.254283 -0.254497 -0.891604 -0.736523 -0.524866 -0.228794 0.124846 0.136832 0.980132 0.915726 -0.349833 0.244462 -0.462863 -0.652408 0.585568 -0.207199 0.149465 0.605842 -0.312487 -0.339546 -0.339546 
1.09268 1.09268 0.53781 -0.899114 0.623631 0.559391 -0.999601 -0.910731 0.834299 0.47839 -2.17192 0.15133 2.3969 -0.10988 -1.02095 -0.0726988 -0.0686426 -0.991245 0.20895 2.11317 0.610701 0.912129 1.5889 -1.68323 -3.02819 -0.95385 0.725942 0.612848 0.157691 0.337642 0.502194 0.169128 -0.963262 -1.32115 -0.490849 0.378826 1.07704 0.415728 -0.673689 0.0906591 1.29424 -0.353502 -1.43603 0.459187 1.06836 0.4421 0.0485992 -0.0455336 0.683735 0.389952 -0.462515 -0.821623 -1.56934 -0.692821 -0.370726 0.164626 1.42776 0.171978 -0.862973 -0.422562 -0.422562 
