42
-0.788485 -0.71046 -0.00429025 0.48911 0.672215 0.7725 0.809514 0.849936 0.874878 0.877648 0.908169 0.895644 0.931701 0.938132 0.929696 0.9589 0.984876 1.02256 0.980254 0.898644 0.8091 0.642649 0.530773 0.43129 0.364545 0.252782 0.102391 -0.120728 -0.0848447 -0.1875 -0.353861 -0.565856 -0.733488 -0.838203 -1.2422 -1.52199 -1.74302 -1.75579 -1.69478 -1.81647 -1.87131 -1.89463 
0.244502 0.505768 0.822806 1.01183 1.15991 1.1023 0.848309 0.72901 0.592138 0.576812 0.378852 0.408011 0.305843 0.244258 0.44511 0.431314 0.425356 0.367797 0.200517 0.466607 0.593452 0.972961 1.22221 0.989139 1.15772 0.86393 0.283944 0.00309643 -0.393787 -0.548991 -0.640052 -0.854016 -0.78079 -0.865462 -0.872092 -0.98614 -2.02259 -1.59426 -1.4138 -1.82955 -2.04911 -2.50285 
2.18702 1.95379 0.678575 -0.464131 -0.972082 -1.07978 -0.594614 -0.346305 -0.209138 -0.221033 -0.00496487 0.106729 0.186098 0.12606 -0.0585628 -0.152661 -0.225711 -0.328614 -0.512395 -0.838431 -1.32537 -1.68105 -1.7394 -1.77624 -1.45716 -1.0394 -0.632837 -0.442383 -0.337132 -0.291915 0.206976 0.418147 0.493649 0.581295 1.17492 1.41442 1.08353 0.807778 1.37503 1.27544 1.38039 1.28143 
0.929624 0.656316 -0.258731 -0.349638 -0.352795 -0.273779 -0.575144 -0.750411 -0.67336 -0.697242 -1.04049 -1.16297 -1.21488 -1.43369 -1.3956 -1.23555 -1.18795 -1.1106 -0.810972 -0.674509 -0.64969 -0.285391 0.110667 0.443834 0.543094 0.722626 0.994424 1.46056 1.96855 1.98582 2.07093 1.74204 1.47522 1.04612 0.603904 0.379091 0.256182 0.216859 -0.380185 -0.541301 -0.345198 -0.205777 
1.72992 1.32883 0.845893 -0.309926 -0.936075 -1.44728 -1.60196 -1.267 -1.41728 -1.659 -1.04246 -0.904689 -0.804482 -0.539061 -0.527119 -0.666038 -0.2322 -0.227965 -0.590489 -0.654593 -0.338871 -0.203464 -0.271915 -0.104069 0.349908 0.204293 -0.00776922 0.22688 0.115476 0.142731 -0.315597 -0.299358 -0.110481 0.0875122 0.86405 1.58151 0.948605 1.30485 0.778962 1.83463 2.12763 2.00747 
0.0851513 0.86461 0.429496 -0.0989941 0.0659623 -0.189909 -0.628222 -0.747215 -0.886779 -0.864937 -1.12005 -1.20156 -1.28885 -1.43722 -1.29945 -1.3072 -1.69925 -1.36877 -1.33208 -1.15583 -0.610184 0.390489 0.297802 -0.0077807 -0.0839081 -0.221867 -0.292473 0.281132 0.606692 0.842201 0.999681 0.713132 0.580469 0.742857 1.09492 1.70888 1.51925 1.24237 1.48171 1.74249 1.08698 1.06625 
0.281034 -0.0079055 0.10823 0.248831 0.201404 0.714258 1.06369 0.995586 0.984746 0.888494 1.07526 1.06397 1.23065 1.36316 1.43418 1.581 1.74345 1.36428 1.2487 0.915573 0.371803 0.0521176 -0.372141 -0.645187 -0.767047 -0.906335 -0.873243 -1.16137 -1.06105 -1.14429 -0.872534 -0.967634 -1.09403 -1.08488 -1.2637 -1.2316 -0.906671 -0.930005 -0.916528 -1.07835 -0.91623 -0.729678 
-0.392754 -1.00096 -0.935159 -0.0768827 0.917152 0.939715 1.01905 1.04367 1.37726 1.60899 1.71355 1.89227 1.72001 1.4844 1.40283 0.673109 0.334796 0.660757 0.730488 0.238648 -0.2097 -0.229369 -0.365742 -1.11814 -1.22697 -0.917394 -0.111587 -0.0375387 -0.120882 -0.455499 -1.08578 -1.19263 -1.18329 -0.979111 -1.9127 -0.816897 -0.70439 -0.771322 -0.390335 -0.525309 -0.601846 -0.394498 
-1.36232 -1.55259 -1.01787 -0.799582 -1.1409 -1.39767 -1.4267 -1.24935 -1.50977 -1.09425 -0.832664 -0.902206 -0.688099 -0.643516 -0.687471 -0.498265 -0.709745 -0.655812 -0.453149 -0.21179 -0.157783 0.322775 0.856515 1.06209 0.965786 1.00331 1.28379 1.04011 1.10545 0.937395 0.813921 1.3208 0.894964 1.36156 1.62046 0.941519 1.27057 0.441536 0.603696 0.783665 -0.167051 0.528642 
-2.66074 -2.70412 -2.24684 -0.712878 0.234515 0.685751 0.386859 0.0539276 0.898038 0.67283 0.446535 0.444241 0.290845 0.58058 0.412602 -0.0270936 -0.0997024 -0.550131 -1.0183 -1.11088 -0.446987 -0.635777 0.102265 -0.0331453 0.887561 0.943556 0.20076 0.1703 -0.439701 0.19462 -0.880503 -0.647823 -0.134222 1.12933 1.45381 1.49298 2.19165 0.404725 0.706026 0.162004 -0.790444 -0.00701933 
0.786784 1.14166 1.99374 1.65729 1.27785 0.749086 0.51244 1.11147 1.26774 1.3181 1.25436 0.808803 0.612731 0.512273 0.982725 0.512197 -0.0635708 -0.0472907 -0.777047 -0.623989 -0.429298 0.417185 -0.0815632 -0.331144 -0.924763 -0.201495 -0.409213 -0.594142 -1.13594 -1.28364 -1.25306 -1.79167 -2.00699 -1.64533 -0.202634 -0.152926 -0.678607 0.430708 0.29507 -0.836813 -1.20286 -0.968214 
0.682263 0.491067 -0.673412 -0.782073 -1.54264 -1.65624 -0.976923 -0.782958 -0.570827 -0.906262 -0.941834 -0.297389 0.232482 0.197886 -0.290532 0.174773 0.320076 -0.251983 0.146566 0.469529 0.613908 0.41485 0.482455 0.83333 1.96271 1.29541 1.69717 1.6003 0.543079 0.616596 0.465533 0.534499 1.37496 0.410776 1.32788 -0.531012 0.43066 -1.49596 -1.43176 -0.72234 -2.46463 -0.999962 
-1.45649 -1.34568 -0.753545 -0.943773 -1.00047 -0.545169 0.011902 0.117257 -0.0681082 -0.0705255 -0.0264933 -0.44955 -0.47267 -0.530271 -0.308632 -0.441078 -0.531332 -0.750302 -0.706903 -1.53269 -1.8455 -0.560948 -0.499405 0.259946 -0.43652 0.0187334 0.781571 1.20032 0.60016 1.38485 1.39507 2.27158 3.12948 1.39818 0.852319 0.282471 0.983345 0.320137 0.327615 -0.0741179 -0.304431 0.319667 
2.2965 2.2965 3.45788 1.9954 0.896265 0.487798 0.32042 0.286671 0.181397 0.196993 0.154229 0.16971 0.222709 0.0983063 0.161982 0.258198 0.281907 0.0909883 -0.242555 -0.374627 -0.611841 -0.674281 -0.487038 -0.360855 -0.395191 -0.629059 -0.940407 -0.419593 -0.082779 -0.648247 -0.95396 -0.957511 -0.65756 -1.31842 -1.80793 -1.29637 -0.549792 0.238776 -0.0657478 -0.389648 -0.114606 -0.114606 
1.639 1.639 1.47149 1.0797 0.507759 -0.424583 -0.567615 -0.296041 -0.0549391 -0.196594 -0.0934406 0.128687 -0.0817363 0.620932 0.731748 0.252181 0.150699 -0.223385 0.527117 1.20915 1.47216 1.75599 0.335503 0.14845 0.00764301 -1.72819 -1.69818 -1.27359 -0.982234 -0.273072 -0.409327 -0.0283646 0.271444 0.0862686 0.0181512 -2.36988 -1.11216 1.7097 -0.247643 -1.17521 -1.2633 -1.2633 
-2.01208 -2.01208 -3.28512 -2.21114 -0.762389 0.627722 1.12604 0.638932 0.274712 0.385154 0.558148 0.366803 0.126422 -0.2431 -0.290775 -0.134602 -0.146927 -0.301921 -0.61425 -1.03859 -1.08009 -0.48018 -0.0338746 0.49443 1.13075 1.25321 0.93503 0.513274 0.309981 0.860977 1.09327 0.500632 0.327728 1.05297 1.26553 -0.0285581 -0.749782 0.507388 0.753974 0.10687 0.107752 0.107752 
-2.07915 -2.07915 -1.73969 -0.0425815 0.273662 -0.281331 -0.754574 -0.0503081 0.231433 -0.550784 -0.734275 -0.192071 -0.371362 -0.203851 0.501236 0.518938 0.365016 0.834063 0.944093 0.43264 0.856665 1.54757 1.48963 0.937266 0.651338 0.972447 1.50584 1.94541 1.11005 0.323019 -0.321213 -0.976191 -1.1627 -1.48911 -1.10891 -0.514662 -0.169447 -1.05185 -1.27852 0.197594 0.756921 0.756921 
-1.35107 -1.35107 -2.49329 -2.71004 -1.73446 -1.02093 0.259671 0.266345 -0.606413 0.554099 1.12843 0.347011 0.540192 0.406609 -0.205329 0.43318 0.649832 -0.555403 -0.65883 0.367646 0.669592 0.0881733 0.137268 0.927926 0.453524 -0.554478 0.0210247 0.173363 -0.140514 -0.665557 -0.682229 0.29727 0.572341 1.46172 2.2479 0.114809 -0.431875 -0.269902 0.788623 2.02796 0.248435 0.248435 
0.609793 0.609793 -1.85497 -0.724165 -0.210429 -1.34726 -1.08932 -0.526342 -0.260945 -0.478687 -0.67345 -0.357196 -0.483203 -0.0590839 0.205913 -0.792517 -0.155137 0.652814 0.362184 1.32127 2.87484 1.67195 -0.789623 -0.758418 -0.442539 -0.432134 0.908768 1.65532 1.0182 0.701462 -0.28233 -0.829089 0.0169098 0.930351 1.78131 0.76052 -0.918208 -0.109844 0.903337 -0.782946 -1.31345 -1.31345 
-0.358392 -0.358392 0.814067 0.367613 1.3837 2.46696 0.881192 -0.102201 -0.179026 0.360361 0.59225 0.537434 0.929956 0.668838 0.707888 0.957436 -0.478268 -1.23716 -1.11147 -2.28025 -2.24357 -1.91736 -1.79005 -0.964632 -0.599532 -0.176579 -0.582854 -0.399355 0.159916 0.627866 0.595482 -0.491312 -0.206741 -0.349814 -0.287186 1.08781 0.936502 0.0863832 -0.291619 0.114102 1.065 1.065 
-0.826165 -0.826165 1.40891 2.82363 1.54992 0.155818 0.158947 0.546466 0.862123 0.513052 0.432274 0.0103716 -0.621127 -0.482909 -1.23597 -1.62727 -0.0183093 0.603593 -0.642822 -1.43243 -0.712791 -0.237308 -1.35407 -1.31208 0.306477 1.70047 1.34151 -0.0136511 -0.636499 -1.47008 -1.12294 -0.148098 0.325936 -1.1112 0.247748 1.84211 0.0699766 0.479169 0.375465 -0.321849 0.199885 0.199885 
0.656552 0.656552 1.67143 -0.504689 -1.68475 -0.909012 0.169349 -0.405432 0.186215 1.48289 0.277963 0.160034 0.443525 -0.197516 0.161735 -0.254402 -0.590427 0.438322 0.903896 0.53463 1.12881 2.32049 1.63741 0.0723613 -0.345075 0.590855 -0.107659 -0.642061 -0.454225 -0.923257 0.753311 0.00224191 -0.0978236 1.60309 -1.24247 -1.06822 -1.44106 -1.85561 0.650791 -2.11365 -0.832563 -0.832563 
0.332894 0.332894 2.08719 2.63228 1.42809 0.0420025 -0.830132 0.441092 0.560899 -0.629583 -0.381662 -0.300587 0.0242027 0.00798548 -0.803274 -0.697206 -0.709142 -1.14908 -0.751083 0.507974 0.400968 0.483435 0.542803 0.745959 0.958836 -0.891277 -0.98743 -0.839739 -0.100382 -0.617682 -1.06438 0.702568 1.84908 1.63874 0.277009 0.693189 -1.33776 -1.77972 -0.39738 -1.79177 -0.315416 -0.315416 
1.65257 1.65257 0.759293 -0.831992 -1.08049 -0.895973 0.561279 1.06898 0.360029 0.0757432 -0.565049 -0.736037 -0.290124 0.571114 0.0929349 -1.25892 -0.629899 -0.828873 -0.652138 0.54237 1.43837 0.542351 -0.873907 -0.996492 0.260556 0.759191 -0.414319 -0.845998 -0.797893 -0.0582925 -0.563412 -0.881149 0.282126 2.4245 2.02142 -0.521986 0.847164 1.35115 -1.54477 -1.84249 -0.0767547 -0.0767547 
-1.55409 -1.55409 -1.44776 -0.927427 -0.933791 0.921138 1.31736 0.715504 0.0335079 -0.285592 0.97673 1.70516 0.830389 -0.481416 0.162578 0.978966 -0.357411 -0.03117 1.12184 0.794405 0.121914 0.02301 0.731458 2.09928 0.787619 -0.149724 0.585134 -1.29439 -1.0749 0.0924554 0.0865923 1.36392 0.0329688 0.131696 -1.0209 -0.963479 -1.05074 -2.2069 1.18897 -1.13823 -0.165291 -0.165291 
0.791172 0.791172 0.40056 -0.441313 0.396278 1.19266 0.738595 -0.224737 -0.364574 -0.066925 -0.612716 -0.699848 -0.22566 0.0919227 -0.00519188 -0.409881 -0.522148 -0.34873 -1.1361 -1.59829 1.13995 1.62568 0.944212 -0.0393257 -0.433902 1.45959 1.41222 -0.356307 0.118514 0.91049 1.02963 2.12953 -1.25418 -3.0756 -1.56859 0.0490879 -0.0720483 -0.97175 -0.632479 -0.941019 0.390025 0.390025 
1.73572 1.73572 -0.308132 -3.46726 -1.99425 -0.692098 -0.16842 -0.0816283 -0.0126677 0.0746917 0.0745313 0.208362 0.0128719 0.0277936 0.336113 0.280258 -0.121019 -0.620289 -0.538049 -0.403427 -0.306115 0.287075 0.550682 0.241019 -0.262162 -0.649293 0.405394 1.31122 -0.20689 -1.10484 -0.319545 0.526888 -0.391723 -1.49501 0.143484 1.87094 2.25806 0.789125 -0.765579 0.04438 0.497039 0.497039 
-0.0198054 -0.0198054 -0.353961 -0.69889 -1.15992 -0.794109 0.232696 0.560319 0.207881 0.0902266 0.400492 0.133046 0.542893 0.816874 -0.191439 -0.372505 -0.28254 0.444107 1.34486 0.929076 0.589451 -0.846374 -1.24798 -0.156564 -1.47749 -1.33181 0.510786 0.733683 0.97639 0.611689 0.331771 0.703685 0.220833 -0.0929666 -1.97176 -0.84096 3.60249 0.860396 -2.33744 -0.743181 0.0479255 0.0479255 
-1.36108 -1.36108 -0.273203 2.48381 2.80403 1.8413 -0.0602146 -0.933917 -0.328631 0.215534 -0.0901582 -0.508883 -0.689366 -0.494166 0.0383329 0.07414 -0.241054 -0.54494 -0.817774 -0.543434 0.494069 0.988182 0.915654 1.10813 0.697027 -0.269823 -0.821078 -0.704708 0.280634 0.721857 -0.436579 -0.847018 0.487919 0.878367 -1.1671 -2.11296 0.471313 1.45165 -0.477271 -0.726155 -0.0706764 -0.0706764 
0.199595 0.199595 2.05049 2.02517 -0.431013 -1.29204 0.08133 0.904727 -0.716455 -1.22384 0.22059 0.22517 -0.183476 0.781042 0.617658 -0.319192 0.173053 0.460923 -0.608427 -0.265978 1.04534 0.519696 -0.83624 -1.08489 -0.132259 0.761303 0.890503 -0.602284 -1.94003 -1.73158 -1.58757 -1.08837 -0.730025 -0.111963 0.892121 0.85397 -0.756499 -1.3802 1.19204 2.04926 0.439383 0.439383 
-0.960504 -0.960504 -1.14172 0.628922 1.4067 1.66172 1.07074 -0.729629 0.235064 1.44494 -0.17866 -0.497331 0.0443091 -0.62883 0.0166961 0.709459 -0.832048 -1.09966 0.766219 1.10514 -0.239179 -0.450582 0.696576 0.258895 -1.24492 -0.367121 0.603011 -0.140577 -0.706919 -0.458434 0.799476 1.0434 0.96805 1.39538 -1.13164 -2.24601 -0.327166 1.01491 1.91566 -0.457157 -1.49333 -1.49333 
-1.61727 -1.61727 -0.822779 1.26989 -0.323331 -0.503051 0.691223 0.696462 0.147933 -0.175372 0.199811 0.248118 0.323903 0.59862 -0.400854 -0.139219 1.12993 0.477917 0.584101 1.87983 0.360836 -2.46018 -1.59311 0.35831 0.343696 1.06387 1.58108 0.191337 -0.555724 -0.799292 -0.960904 0.324696 1.35062 1.35411 -0.00487101 -1.78221 -0.497061 1.39426 -0.358466 -1.44305 -0.258275 -0.258275 
1.03813 1.03813 0.598452 0.444449 1.95097 -0.611426 -2.64674 -1.16068 0.339004 0.643036 0.0578456 0.216043 0.0128694 -0.335242 0.167679 -1.28471 -2.27786 -0.740146 -1.14381 -1.23146 0.240844 0.330097 0.821732 1.05592 0.659558 -0.100117 -0.335939 0.614963 0.8951 0.312418 -1.21875 -0.906598 0.0228104 -0.195767 1.29928 1.08859 -1.10278 -1.32604 -0.089244 1.2195 0.819935 0.819935 
1.44117 1.44117 2.40263 0.0180164 -1.89089 -1.02314 0.187675 0.400073 -0.100523 -0.369945 -0.419442 -0.793719 -0.413054 -0.495671 -0.855539 0.749725 1.43831 -0.502241 -1.46152 -0.125366 0.734405 -0.513634 -0.808244 1.05071 1.96956 0.625606 -1.24275 -1.42209 -1.06762 -0.408408 0.820624 0.906863 -0.732348 -0.130952 1.92929 -0.19863 -1.00409 0.1298 -0.622196 -0.197141 0.276763 0.276763 
0.809482 0.809482 -0.898877 -2.62201 -0.30466 1.46831 0.408087 0.0259936 1.49518 0.0847787 -1.02575 0.142727 -0.267941 -0.208466 -0.0319054 -0.57773 0.556574 1.18587 0.0883586 0.189323 1.41474 0.412023 -1.75214 -1.54359 0.419795 0.199135 -0.955146 -0.259318 -0.208 0.960727 0.739314 -0.655429 1.26949 -0.885846 -2.08435 -0.14315 -0.605389 1.65495 -0.189815 -1.15175 1.01846 1.01846 
1.30262 1.30262 1.71828 -0.537708 -2.01033 -1.75712 0.269211 1.02562 -0.851556 -0.753864 0.215761 0.274378 0.200188 -0.666106 -0.572857 0.0366654 -0.379689 -0.0670963 1.22847 0.843382 -0.053826 0.0730419 0.165073 0.282131 -1.28359 -1.51924 0.0041854 0.641303 0.134215 -0.770209 0.971641 2.18654 0.678764 -1.2339 -0.756144 -1.26646 -1.92083 0.681973 -0.0443085 0.0273875 1.09068 1.09068 
-0.528603 -0.528603 -1.53997 -1.13017 -0.00152839 1.08259 1.28799 -0.0887715 -0.592132 -0.548813 -0.476804 0.213869 0.869916 0.282595 -1.12397 -0.420273 0.312459 0.0250018 0.910652 1.36779 0.0391235 -1.43047 -0.938901 0.760162 1.15499 -0.389792 -0.981068 -0.204651 0.539775 0.188164 -0.483844 0.576531 2.14009 1.14457 -1.83355 -0.70718 1.22964 -1.4811 -1.99063 0.972157 1.16138 1.16138 
0.0116481 0.0116481 0.429768 0.339215 1.41165 1.73515 -0.239031 -1.10544 -0.878234 0.684146 1.5259 -0.191385 -1.83084 -0.610419 1.09972 -0.491635 -0.885498 1.11488 0.58961 -0.877292 -0.693655 0.416016 1.59462 -0.0286627 -1.881 -0.2365 -0.993605 -1.40773 1.04063 0.859539 0.947909 -0.116881 -1.06396 -0.920639 -0.953833 -0.0977677 -1.07296 1.72595 0.784953 -1.16202 0.708026 0.708026 
-0.256356 -0.256356 -0.804259 -0.00492723 1.06127 0.220644 -0.924602 -0.720099 0.100566 -0.163635 -0.414056 0.249761 0.513155 0.141343 -0.328722 -0.338583 0.0376571 -0.401706 -0.815369 1.47914 2.09606 -0.129527 -1.08575 -0.899037 0.973373 1.19934 -1.18395 -0.844104 0.822309 0.59083 0.791228 -1.48848 -3.38971 -0.206763 2.03145 0.971831 -0.666516 -0.366877 0.0178591 0.66332 0.864122 0.864122 
