47
-0.811031 -0.72159 -0.516662 0.271793 0.485389 0.592564 0.676924 0.677429 0.732352 0.749611 0.748318 0.753533 0.767152 0.803246 0.851461 0.899258 0.905197 0.945601 0.969496 0.937933 0.926655 0.917877 0.885255 0.859831 0.784505 0.708583 0.632873 0.500077 0.366081 0.164094 0.183262 0.113688 -0.0466807 -0.176496 -0.330768 -0.450288 -0.58969 -0.822222 -0.898835 -1.11417 -1.38178 -1.73413 -1.87789 -2.06655 -2.05746 -2.0472 -2.16659 
1.76108 2.02914 1.94244 1.22561 1.73631 1.54077 1.02766 0.965201 0.586023 0.483461 0.437958 0.301349 0.152412 0.00626863 -0.169927 -0.30509 -0.114891 -0.0655841 -0.0232763 0.340129 0.272645 0.0693109 -0.332592 -0.355381 -0.228749 0.00361449 0.805014 0.746568 0.721106 1.00866 0.0888842 -0.290354 -0.255134 -0.453254 -0.816013 -0.593811 -0.997995 -0.763425 -0.670966 -0.863056 -1.07507 -1.54068 -1.55062 -2.04274 -1.86257 -1.4279 -1.45252 
1.48385 1.0999 0.54934 -0.195146 -1.10953 -1.00909 -0.428719 -0.133472 0.0765353 0.193423 0.161091 0.230927 0.278544 0.356275 0.374538 0.456987 0.341089 0.146211 0.0561949 -0.155348 -0.373717 -0.644499 -1.02009 -1.16621 -1.35208 -1.52199 -1.77613 -1.81279 -1.56497 -1.29871 -1.0289 -0.97298 -0.877134 -0.411584 -0.0974023 -0.0688088 0.0150553 0.557011 1.06536 1.16638 1.49667 1.53361 1.41731 1.52188 1.51078 1.3589 1.57142 
0.53013 0.733709 0.54777 -0.196386 -0.148596 -0.491693 -0.893442 -1.01144 -1.18284 -1.14729 -1.14403 -0.950564 -0.967342 -0.988418 -0.992326 -1.1969 -1.27851 -1.08314 -1.0951 -1.0765 -1.02068 -0.845848 -0.777966 -0.624971 -0.482691 -0.277146 0.00726978 0.239325 0.590747 0.744377 1.0333 1.48665 1.66891 1.64635 1.54539 1.63395 1.70975 1.62017 1.51521 1.22847 0.879004 0.398856 0.181809 0.243482 0.110739 -0.216671 -0.20489 
1.305 1.09709 1.67672 0.916576 -0.463335 -0.749509 -0.769515 -0.792396 -0.952297 -1.08103 -1.00917 -1.11526 -1.0046 -1.07683 -1.46321 -1.5007 -1.41768 -1.5214 -1.36283 -0.840259 -0.687615 -1.1734 -0.773031 -0.155797 0.0434283 0.161431 0.25984 0.0458185 0.305463 0.973617 0.320512 0.581817 0.250169 0.281417 0.216254 0.44537 0.210889 0.486628 -0.00844465 0.660924 0.723481 1.6393 1.49813 1.30043 1.20999 2.11201 1.196 
0.843346 0.731435 1.23449 0.326728 0.305256 0.0889813 -0.404117 -0.761615 -0.545902 -0.509284 -0.8873 -1.09784 -1.3884 -1.40078 -1.10695 -0.719987 -0.847814 -0.994084 -1.04518 -1.4657 -1.72602 -1.35952 -0.912808 -0.434817 -0.696064 -0.677264 -0.323859 -0.227862 -0.444206 -0.517049 0.40403 0.0584062 0.247306 0.243235 0.656173 0.783277 0.932239 0.973739 1.41896 1.30196 1.15368 1.18796 1.83544 1.7792 1.021 1.76115 1.20643 
0.029007 0.0763699 -0.210786 -0.367502 -0.135651 0.357127 0.613114 0.694352 0.632072 0.755089 0.998688 1.17919 1.32395 1.40655 1.31152 1.16364 1.25921 1.29184 1.41823 1.57611 1.57546 1.17478 1.10051 0.904572 0.291233 -0.163867 -0.701024 -1.01734 -1.25973 -1.18625 -1.28738 -1.22568 -1.12098 -1.08685 -0.993879 -1.10108 -1.15456 -1.02031 -1.08952 -1.04989 -0.887865 -0.523929 -0.317315 -0.997515 -0.866992 -0.498868 -0.867833 
-0.429717 -0.665446 -1.26403 -0.472619 0.665693 1.14015 1.82563 2.82155 2.21381 1.22275 0.681513 0.744844 0.0682212 -0.325681 -0.230085 0.00269589 -0.167247 0.194348 0.0320669 -0.00364687 -0.218521 -0.0652902 0.376714 0.298669 0.262422 -0.207972 -0.0896463 0.718107 1.28454 0.0338012 0.601533 0.472787 0.782807 0.519158 0.387613 -1.57204 -2.03024 -1.75813 -0.92457 -1.07941 -0.767069 -0.66479 -0.379383 -1.95801 -0.473555 -0.324164 -1.28016 
-0.681877 -0.664676 -1.5684 -0.474097 -0.674324 -1.2528 -1.59843 -1.81648 -1.56881 -0.502807 -0.240498 -0.711262 -0.484628 -0.222799 -0.677391 -0.56681 -0.363105 -0.760341 -1.0323 -0.581947 -0.402022 -0.496048 -1.1497 -1.13625 -0.414496 0.435425 1.17866 1.63833 1.69316 1.6019 0.520506 0.831944 -0.0448034 -0.107302 0.832234 1.46252 0.408903 1.29338 1.30762 0.246796 1.14729 1.51811 1.13625 0.162684 1.33749 0.729531 0.711684 
-2.42806 -2.50861 -2.03125 -0.883829 0.000339853 0.186101 -0.151392 -0.654066 -0.454842 -0.22773 0.356649 0.997871 1.43164 1.85512 1.98131 1.47781 0.950008 0.875312 0.551533 0.148961 -0.0232413 -0.563413 -0.16223 0.078598 0.381771 0.235407 0.680454 0.831808 1.20744 0.79216 0.512183 0.533175 -0.496562 -0.748978 -0.89115 -0.733255 -1.15555 -0.320669 -1.27024 -0.625819 -0.867888 1.24564 0.776868 0.222513 -0.19214 -0.686282 -0.233464 
0.573873 0.84959 1.49379 1.99832 1.9414 1.97671 1.70011 1.52228 1.27273 0.652914 -0.394568 -0.851802 -1.28411 -1.46025 -1.27293 -0.485014 -0.35539 -0.779873 -0.884189 -0.933649 -0.504371 0.371573 0.557745 0.743162 0.871506 1.00122 1.01473 0.681492 0.233983 -0.0179616 0.104732 -0.861852 -0.187733 -0.21703 -0.932877 -0.770714 -1.35214 -0.847704 -1.14465 -1.19149 -0.723354 0.268622 -0.699477 -0.521688 -1.17031 -0.0852208 0.0998638 
2.38872 2.21018 0.769978 -0.0333457 0.130669 -0.946361 -1.3702 -1.27017 -0.650987 0.0785077 0.472296 0.642576 0.77177 0.545307 0.232613 -0.227601 -0.197671 -0.667114 -0.654078 0.105863 -0.498212 -1.73094 -2.1207 -1.44478 -1.43426 -0.972778 -1.33568 -0.434817 0.0518009 0.360212 0.216255 0.0131138 0.610127 0.71998 0.245446 0.258753 0.328686 0.928944 2.28199 0.0678384 0.670384 1.38962 -0.810115 0.442901 0.658264 0.396351 -1.18935 
-1.88145 -1.85729 -1.29725 -1.12714 -1.46101 -0.819313 -0.0658926 0.061764 -0.320652 -0.315229 0.141329 0.132896 0.226967 0.43874 0.759426 1.05629 0.949385 1.19624 0.673412 -0.82054 -1.25515 -1.10174 -1.17315 -1.13792 -1.02741 -1.19763 -0.929779 -0.119707 -0.0974937 0.0494519 0.400022 0.682603 1.44708 1.30715 1.0333 1.29429 1.23892 1.45728 1.62515 0.9436 0.887484 0.690955 0.886479 0.472266 -0.18244 -0.507671 -1.35662 
1.14291 1.14291 3.44212 3.47063 1.22976 0.804671 0.45381 0.356987 0.412095 0.227187 0.187572 0.236623 0.33819 0.451981 0.490478 0.351422 0.327104 0.386165 0.149452 0.0337617 0.108703 0.0384991 -0.0162546 -0.156716 -0.322811 -0.324076 -0.511148 -0.702865 -0.930447 -0.426656 0.00887679 -0.581659 -0.779806 -0.759749 -0.725887 -0.676978 -1.0487 -0.84217 -0.785619 -1.41385 -1.86451 -1.45712 -0.918708 -0.415984 0.238313 -0.18426 -0.18426 
0.695272 0.695272 -1.50862 -0.171827 0.99466 -1.29632 -0.998509 -0.698813 -0.788558 -0.0418889 -0.118078 -0.349534 -0.370867 -0.431863 -0.407294 0.412591 0.825383 0.494444 1.19731 0.951623 -0.316576 -1.06491 -0.660901 0.521809 1.09277 2.6027 1.95195 0.101676 0.875915 -1.12529 -2.61737 -0.480377 -0.0750862 -0.965648 -0.0250907 -0.117785 -0.0901081 1.02123 0.0664897 -0.614825 -1.22689 -0.774711 -0.834028 -0.408619 1.66528 1.20701 1.20701 
-1.65124 -1.65124 -2.29604 -2.94672 -1.43562 1.23766 1.58604 0.923678 0.604694 0.171287 0.0871385 0.230122 0.244242 0.191742 0.200181 -0.0397556 -0.535737 -0.489449 -0.519252 -0.748804 -0.854749 -1.13592 -0.912982 -0.573691 -0.616217 -0.738306 -0.500006 0.397704 0.939456 0.978799 0.602609 0.291479 1.02408 1.41456 0.633095 0.221188 1.1393 1.89847 1.10988 0.791422 0.676836 -0.121855 -0.000916281 0.187231 -0.271414 0.128507 0.128507 
0.148863 0.148863 -2.20879 -1.62735 -0.629645 -1.74795 -1.18798 -0.614951 -0.232967 0.20154 0.594363 0.54451 0.0108102 0.042826 -0.413657 -0.606951 0.387985 0.561251 0.121496 0.290103 0.678758 0.708769 0.654446 0.839523 0.970252 1.32384 1.38979 1.55648 1.36138 1.20591 1.95151 1.68615 0.502248 -0.202295 0.074142 0.513859 0.0707067 -0.378984 -0.869444 -1.47768 -1.95883 -1.62941 -0.28154 -0.0718188 -1.03973 -0.6802 -0.6802 
0.597632 0.597632 -0.359441 -3.75545 -2.93402 -0.577225 -0.120921 -0.363368 -0.546824 -0.145156 -0.105918 -0.0386781 0.0200133 -0.84139 -0.781188 0.0322978 -0.0824751 0.0484632 1.13387 1.1236 -0.623941 -0.194628 1.71697 1.36838 0.503179 0.328459 -0.246959 0.0324726 1.56134 -0.0205157 -0.725611 -0.168505 -0.567208 -0.105372 0.237546 -0.0558939 0.0249056 -0.426715 0.255471 1.22188 1.64898 1.29592 -0.633865 -0.545969 1.35992 -0.0708394 -0.0708394 
0.728876 0.728876 -0.932083 -2.02678 -0.583634 -1.56793 -1.86267 -0.383359 0.439172 -0.799955 -1.31579 -1.13326 -0.719694 0.499944 1.33339 0.453374 -0.659497 -0.499353 -1.07173 -1.50838 0.134168 1.60974 1.84242 0.364902 -0.593443 0.689351 0.850464 -0.338617 -0.69099 1.68284 1.11354 -0.414536 0.298292 0.765866 1.03963 0.488706 0.310048 0.92835 0.597551 -0.6411 -0.325363 1.3354 1.14649 -1.78719 -0.125127 0.299551 0.299551 
-0.488525 -0.488525 -0.978794 0.268044 1.82836 1.88634 0.897676 0.133088 0.233457 0.968283 1.10638 0.868928 0.633737 0.0576982 -0.495989 -0.0381302 0.395517 0.469558 0.770465 0.465277 -0.87661 -1.05346 -0.561583 -1.85662 -2.47922 -2.29621 -1.96279 -1.25467 -0.318256 0.0211241 -0.00718104 0.487307 0.421063 0.392877 0.0533592 -0.298473 0.281582 0.243804 0.0164854 0.571982 1.35109 1.45821 -1.05018 -1.23298 1.28547 0.0855227 0.0855227 
-0.826264 -0.826264 0.249979 2.06991 1.73781 1.26333 1.80973 0.454675 -1.62731 -1.55763 -0.452817 -0.594681 -1.07378 -0.264636 0.392011 0.113776 0.248748 0.256777 -0.159528 -0.214636 -0.0166572 0.671628 0.429294 -0.0718239 -0.482931 -0.320968 1.01829 1.48782 -0.669091 -0.667732 0.507908 0.237874 0.096521 -0.366155 -2.14324 -2.48553 -0.147058 1.20647 0.759108 0.212964 0.482374 0.454156 -1.30712 -0.0507416 1.7599 -0.797235 -0.797235 
-1.12153 -1.12153 0.200626 1.06418 -0.989169 -1.16766 -0.725233 0.00304877 1.57923 1.5972 -0.289191 -0.332982 0.566281 -0.269929 -0.455587 0.352478 -0.270871 -0.854756 0.185668 0.740363 0.0721309 -0.95109 -0.819166 0.869155 1.89593 1.92229 1.44327 0.598243 -0.0780311 -1.47275 -0.978437 -0.727232 -1.18624 1.04326 1.89365 -0.552952 -0.240934 1.06987 -1.31799 -0.230115 1.52724 -0.046859 -1.69711 0.213705 0.662498 -0.801488 -0.801488 
0.372188 0.372188 1.87669 2.37511 1.19689 -0.29988 -1.14334 -0.485762 0.408362 0.880251 1.38761 1.20309 0.936315 0.559475 -0.576262 -1.37752 -0.852149 -0.602186 -1.0039 -0.818187 -0.986773 -0.284267 0.672606 0.552524 0.0781409 0.251964 0.616725 0.531677 -0.162556 -0.9658 -0.431286 -1.34988 -1.68486 -0.597425 -0.0947156 -0.437922 0.391517 -0.254494 -0.487846 0.378978 2.17892 1.90116 -1.36751 -1.3012 -1.22743 -0.164609 -0.164609 
1.19459 1.19459 1.49721 0.569982 -0.050562 -0.341086 -0.622965 -0.587188 -1.17172 -2.22698 -2.01196 -1.1984 -0.82665 -0.00719662 1.26776 1.19146 -0.411933 -0.721316 -0.225351 0.480323 1.70416 1.38266 0.46944 0.392964 0.319299 0.167428 -0.444823 -1.05452 -0.947006 -0.192916 -1.13802 -0.408766 0.83079 -1.00743 -0.754227 -0.576461 -0.123802 0.252423 -0.476634 0.53518 1.909 0.00959454 -1.06716 -0.644654 0.555241 1.65781 1.65781 
-1.3646 -1.3646 -1.9607 -0.430136 -0.691276 -1.25214 -0.129118 0.866011 1.46657 1.25153 0.717991 0.465545 0.0870166 -0.334583 -0.557601 -0.230708 -0.239515 -0.255632 0.917309 0.32853 -1.57265 -1.36817 0.45284 0.834739 0.630152 0.27388 0.693081 1.5036 0.938348 0.336724 -0.151342 0.555609 0.854233 -0.168118 -0.260231 0.259239 0.819241 2.04345 -0.64175 -1.3578 1.44091 -1.23271 -0.723431 1.58078 0.135408 -1.58296 -1.58296 
0.776819 0.776819 0.980409 -0.266563 0.391283 1.90801 1.19095 -0.393503 -0.564015 0.606322 0.586994 0.0813378 0.388518 0.704638 0.823333 0.226862 0.157109 -0.423095 -2.85146 -2.7284 -0.430381 0.0762641 -0.0885998 0.165181 -0.121418 0.0980674 1.46554 1.12288 0.197847 0.655893 0.845098 1.42248 0.833094 -0.615324 -0.0560586 0.248701 0.189236 0.500655 -0.754684 -1.06714 -0.390554 -0.0395245 -0.343186 -1.52923 -1.4051 -1.67605 -1.67605 
2.5913 2.5913 2.6232 -2.45709 -2.96466 -0.849759 -0.482436 -0.0281631 -0.126728 -0.232722 0.0290741 0.187056 0.259498 0.188923 -0.0940073 -0.164297 0.0573923 -0.180274 -0.375818 -0.0270814 0.023817 -0.12131 -0.199927 -0.324517 -0.168757 -0.19223 -0.405344 -0.450674 0.32759 1.06961 -0.15493 -0.86401 -0.180765 0.0788507 0.111136 -0.342705 -0.166332 0.312897 -0.621187 -1.18875 -0.0298962 1.07685 1.18353 1.31321 0.277812 -0.454338 -0.454338 
-1.57439 -1.57439 -0.604077 1.84231 -0.790904 -1.42143 0.459006 0.177701 0.502135 0.511975 -0.197997 -0.15818 -0.0344516 -0.00113341 0.638254 0.920045 0.0847199 0.295268 0.357151 -1.07354 -1.43839 -0.224621 1.17703 1.29821 1.53572 0.648948 -1.79006 -0.755734 -0.865288 -2.51029 0.493419 1.87062 -0.326927 0.0615963 0.640729 -0.0218858 0.852062 0.138974 -1.16222 -0.913495 -0.0907458 0.310469 0.291035 1.83943 1.19801 -0.307324 -0.307324 
-0.709716 -0.709716 -1.3553 0.78371 4.08162 2.92801 -0.381489 -1.04363 -0.816467 -0.583471 -0.0115968 0.0859009 -0.108051 -0.113687 -0.299655 -0.800122 -0.516141 -0.0536159 -0.327294 -0.402839 -0.454056 -0.127749 0.487854 0.224469 -0.233297 0.0453288 1.05714 1.35821 0.506571 -0.40418 -0.751906 0.348201 1.04431 -0.457897 -1.25399 0.432268 1.59417 -0.0991577 -1.16834 -0.499626 -0.976092 -0.742413 0.236692 -0.338349 -0.128235 0.326816 0.326816 
-2.37208 -2.37208 -1.76712 1.72396 -0.0445416 -0.499979 1.25977 1.07458 0.93046 0.941737 0.437783 -0.52622 -0.441039 -0.360699 -0.595123 0.915011 1.2964 -0.196331 -0.201177 0.660745 0.516542 0.0556431 0.216983 0.409521 0.584847 0.517445 0.322988 0.0513849 -0.283811 0.694938 0.580615 -1.42694 -1.8839 -0.364485 0.826064 0.0773652 -0.848022 -0.897243 -1.0622 -1.05251 -0.0769279 1.82608 1.70154 -0.707919 -0.552053 0.455011 0.455011 
-0.602155 -0.602155 -2.9317 -1.71171 2.23451 1.98405 0.201062 -0.237791 0.204049 0.356809 0.127403 0.140747 -0.496268 -0.495232 0.653682 0.533655 0.0654519 0.888729 0.791867 -1.15143 -0.849893 1.66014 1.12653 -0.778251 -0.658985 -0.460205 -0.148673 1.29479 0.018015 -1.5144 -0.0471521 0.163022 0.0976699 0.606395 0.0883032 -0.0915006 -0.200007 0.212523 1.18524 1.01026 0.105155 -1.51159 -1.20911 1.42203 0.380285 -0.927089 -0.927089 
-1.06348 -1.06348 -1.78372 0.258584 0.331222 -0.812195 0.808698 1.54379 -0.244768 -1.12533 -0.189967 0.421518 1.10387 1.38012 -0.00131378 -1.28187 -0.597508 -0.241899 -0.634547 0.822732 2.08085 1.15325 -0.789695 -1.57332 0.242793 0.979325 -0.647011 -0.984852 1.35932 1.21659 -1.35061 -0.507055 0.805955 0.517081 -0.153027 -0.450693 0.318584 0.218485 -1.00327 -0.577892 1.32973 0.997711 -2.02514 -0.807316 1.40227 0.308737 0.308737 
-0.40789 -0.40789 0.654437 2.40157 1.38864 -0.783129 -1.48397 -0.556098 0.721428 0.753569 -0.074825 -0.392868 -0.681353 -0.952718 -0.0718199 0.769406 0.442386 0.329289 0.00618067 -1.39351 -1.28416 0.278236 -0.67448 -1.62403 -0.364705 0.449837 0.89723 1.411 1.09683 0.274868 0.407024 0.374699 -0.0706292 -0.303462 -0.579214 0.204277 0.471856 -0.216039 0.28944 1.14693 0.764906 -2.03609 -2.2831 1.99984 1.13321 -1.01255 -1.01255 
0.717687 0.717687 1.8981 0.98464 -0.503518 0.0662839 -0.504856 -2.20963 -1.28554 0.781414 0.644201 -0.383119 0.233702 0.970344 0.265073 -0.0732849 0.112386 -0.245173 -0.286123 0.112301 0.594466 0.308879 -0.462568 -0.572034 -0.141959 0.993327 1.19282 -1.0748 -1.37846 0.783037 0.607011 -0.247191 -0.372138 -1.43308 -1.35499 1.31436 2.41426 0.607374 -0.624754 -0.159854 0.176072 -1.14103 -0.307841 2.0089 -0.464541 -1.63892 -1.63892 
0.819911 0.819911 1.35976 -0.750422 -1.40185 0.158371 0.725234 1.434 0.989949 -1.17466 -1.21327 0.528167 0.0327905 -0.645443 0.382467 0.108847 -0.761324 0.278776 0.990554 -0.0776046 -1.06403 -0.563817 1.13129 1.6907 0.651737 -0.28961 -0.834351 -0.957658 -1.3013 -0.569511 0.459428 -0.136536 1.10019 1.91876 -1.00449 -1.34106 1.00787 -0.679946 -0.819306 1.77206 0.107934 -2.02231 0.156263 1.46847 -0.64127 -0.921831 -0.921831 
1.09015 1.09015 1.4591 -0.526736 -2.00364 -1.75584 -0.161122 1.1251 0.987642 0.701348 0.215449 -0.357592 -0.499948 -1.14318 -1.45736 -0.227746 0.550405 -0.135854 -0.183416 -0.0108503 0.371699 1.2048 0.595895 -0.463568 -0.24601 0.375152 0.183527 -0.600375 -1.13201 -0.222448 -0.307836 -0.951462 0.533469 1.15355 0.0945431 0.336399 0.112254 -0.674458 0.445391 1.9505 1.10324 -2.6487 -2.39401 0.0801674 0.817814 0.763206 0.763206 
0.205772 0.205772 -0.548357 -1.29918 -0.781335 -0.505893 -0.240508 -0.486657 -1.37402 -0.723732 0.796212 0.923686 0.928479 1.66307 0.93454 -1.40647 -1.59604 0.111403 0.936967 1.52896 0.693538 -1.04457 -0.845284 -0.16246 -0.22378 -0.661822 -1.03418 -0.448782 0.660407 -0.195705 -0.215903 1.56092 -0.527253 -1.32947 0.310168 0.472388 0.633799 -0.327312 0.189624 1.89993 -0.467816 -2.46091 -0.57246 1.27918 1.83229 0.856391 0.856391 
-0.378469 -0.378469 0.699119 0.934945 -0.537516 0.436996 1.53249 1.16465 0.312635 -0.485824 -0.512158 -0.403022 -0.522114 -0.412628 0.114344 0.265159 0.0236647 0.855668 0.452488 -1.71183 -1.15334 1.46725 1.59216 0.166048 -0.353658 0.0855172 0.906988 0.21389 -0.780319 -0.725979 0.195317 0.749182 -0.468325 -0.743421 0.342091 0.80121 1.29737 -0.987392 -2.35342 1.5075 0.129281 -1.48258 2.02204 0.645874 -2.18621 -1.1686 -1.1686 
0.255337 0.255337 -0.773742 -0.398862 1.88191 0.747253 -1.81203 -1.36098 0.91244 1.03721 -0.345928 -0.0764731 0.601708 0.446158 -0.306968 -0.462487 -0.449063 -2.39554 -1.81516 2.08535 2.4019 0.369381 0.160701 0.0602378 0.0319357 1.39698 0.933063 -0.958859 -0.298067 0.621474 0.719954 0.0774155 -1.5944 -0.646462 0.800369 0.289754 0.29525 -0.69166 -1.20652 0.387825 0.93537 0.126413 -1.14207 -0.789034 -0.0338509 -0.136288 -0.136288 
