42
0.481033 0.350141 0.162601 0.185843 0.30387 0.458771 0.633362 0.631255 0.590272 0.663378 0.714333 0.755382 0.641468 0.486185 0.153227 -0.0855796 -0.165448 -0.106464 0.0430685 0.239666 0.48181 0.655411 0.734919 0.782176 0.913063 1.03203 1.00115 0.894798 0.765547 0.563031 0.437409 0.112253 -0.109993 -0.574876 -0.885252 -1.22407 -1.60893 -1.82727 -2.01854 -2.32634 -2.47302 -2.46168 
-2.40058 -1.88457 -1.35698 -1.21852 -1.46854 -1.51948 -1.40644 -0.614002 -0.317427 -0.298124 -0.152021 -0.176971 0.0622935 0.128526 0.249689 0.604811 0.675191 0.805688 1.14258 1.32039 1.42775 1.19762 0.981494 0.739876 0.913693 0.392967 0.0449354 0.158987 0.557567 0.78567 0.725494 0.57741 0.662443 1.0319 1.23593 0.693734 0.333916 -0.669309 -0.416635 -0.705064 -1.18605 -1.65985 
0.594805 0.324498 0.128435 -0.0105954 -0.0619742 -0.213696 -0.367539 -0.933146 -1.18306 -1.35728 -1.44299 -1.30919 -1.13124 -0.79103 -0.0799869 0.259584 0.30502 0.182093 -0.109474 -0.402928 -0.885425 -1.10472 -1.28795 -1.06972 -1.26974 -1.18158 -0.658432 -0.491881 0.0533737 0.589436 0.522801 0.223615 0.846826 1.08498 1.41143 1.92075 1.88638 1.50954 1.35721 1.33223 1.46367 1.34691 
1.4021 1.5631 1.64995 1.91755 1.97555 1.90427 1.51785 1.09114 0.683936 0.603444 0.416575 0.189029 -0.267892 -0.678763 -1.06964 -1.35899 -1.41179 -1.37176 -1.28809 -1.3632 -1.41164 -1.35714 -1.00121 -0.536928 -0.243086 0.0165528 0.219143 0.19574 0.164691 0.320321 0.151356 -0.313762 -0.316683 0.116177 -0.0899134 0.499773 -0.0160967 -0.310936 -0.473113 -0.664541 -0.511757 -0.541302 
0.562305 0.36429 0.136191 0.194746 0.42443 0.63887 1.03397 0.870633 0.817226 0.616054 0.721748 0.858992 1.10661 1.14557 1.19811 1.27363 1.26534 1.10737 0.931391 0.805037 0.741518 0.689954 0.499143 0.0195353 -0.318685 -0.816093 -1.10321 -1.12376 -1.41223 -1.65324 -1.58073 -1.8145 -1.81212 -1.60638 -1.49945 -1.0952 -0.811942 -0.848371 -0.279704 -0.098948 -0.118943 -0.0291547 
1.42044 1.21068 0.816476 0.563559 0.575168 0.702595 0.56682 0.389896 0.458643 0.761704 0.68733 0.772771 0.889686 0.92271 0.471637 0.269469 0.45136 0.125342 -0.218813 -0.436063 -0.819139 -1.10825 -1.32594 -1.98623 -1.86524 -1.84997 -1.58448 -1.39622 -1.16463 -1.20034 -0.701334 -0.924559 -0.746583 -0.230488 -0.224158 -0.233033 0.383608 0.428773 1.18655 1.18643 1.10183 1.672 
0.145243 0.0480938 0.356913 0.248656 -0.173669 -0.675831 -0.862945 -1.32045 -1.70066 -2.06393 -1.93272 -1.83582 -1.46094 -0.465755 0.0071692 0.586088 0.349263 0.147841 0.028562 -0.276322 -0.731061 -0.769707 -0.532672 -0.236427 -0.12814 0.886014 0.962853 1.55174 1.54374 1.16345 1.2823 1.70715 1.98376 1.06699 0.855678 0.231549 0.18041 0.30333 0.451279 -0.0291751 -0.723342 -0.168489 
-0.669625 -1.34644 -1.65703 -1.37218 -1.30227 -1.16336 -1.40414 -1.90691 -1.61506 -1.42736 -1.25591 -0.793368 -0.554985 -0.448615 0.33861 0.179256 0.283782 0.421147 0.483421 0.537349 0.858787 1.29051 1.23727 1.26127 1.34817 0.366125 0.101273 0.213541 0.0729516 0.0969585 -0.437028 0.0801743 0.662889 0.884429 1.08419 0.673202 0.85881 2.08018 1.08453 0.512091 0.110863 0.2325 
0.506517 0.696425 1.21362 1.12082 0.974803 0.583961 0.655871 0.849792 1.31583 1.11575 0.644255 -0.132986 -0.702255 -0.710096 -0.214456 -0.262303 0.0597384 0.143485 -0.43474 -1.26116 -1.49425 -1.51874 -1.38437 -1.58558 -2.07441 -1.67927 -1.49006 -1.26632 -0.796999 -0.694337 -0.490052 0.819885 0.705622 0.84453 1.19279 0.612114 0.88466 1.17928 1.09715 0.337686 0.0831036 0.554698 
1.61356 2.08037 2.24301 1.96455 1.7929 1.69104 1.05003 0.457429 0.492654 0.143572 -0.0152429 -0.0669659 -0.351334 -0.851942 -1.40851 -1.37282 -1.78535 -1.71167 -1.07272 -0.463387 0.074821 0.554541 0.147216 -0.463356 -0.751642 -1.15103 -0.529555 -0.400088 -0.227058 -0.90425 -0.697071 0.411518 -0.201484 -0.579136 0.0616676 0.212265 -0.0435272 -0.475704 -0.133051 -0.0238982 0.415694 0.273955 
-0.281627 -0.842099 -1.0927 -1.56368 -1.93711 -2.34416 -2.43685 -1.7986 -0.896109 -0.067122 0.491387 0.815492 0.776332 0.491406 0.0230023 -0.578957 -0.572594 -0.800272 -0.788696 -0.508506 -0.0559169 0.243839 0.599834 1.11901 1.46131 1.31882 1.31006 0.672284 0.697682 0.625934 0.457846 0.344577 -0.110807 0.00661862 0.476069 1.07566 0.822003 0.506169 -0.0369991 0.405011 0.834745 1.13772 
-2.22512 -1.69719 -1.83776 -1.46349 -0.98317 -0.611814 -0.714695 -0.432882 0.0660798 0.32875 0.257298 -0.09598 0.00942262 -0.0249187 -0.462894 -0.619692 -1.07363 -0.754842 0.173385 0.781378 1.08835 1.64527 2.08527 2.24877 1.40968 1.25336 0.767985 0.456974 0.674566 0.375657 0.410072 0.13425 0.427462 0.381453 0.408557 0.741387 0.0692414 -0.515402 -0.683824 -0.903368 -1.19005 0.0960902 
-0.725283 -0.844483 0.647601 0.879408 0.833937 -0.158814 -0.597168 -0.267639 -0.0246607 -0.460579 -1.522 -1.76839 -2.3307 -1.75835 -1.27982 -0.599408 -0.683838 -0.524929 0.014165 0.471354 1.32259 1.80181 1.01929 0.49003 0.349593 0.725516 0.733339 0.389158 0.581901 1.42427 2.30984 1.05932 -0.0974916 0.495106 -0.184222 -0.182209 -0.333257 -0.900222 -0.662645 -0.597138 -0.342142 1.29716 
-0.494711 -0.494711 -0.0470788 0.840338 1.2227 1.38697 0.930994 0.304929 0.52336 0.790364 0.697265 0.218459 -0.351725 -0.987869 -1.23043 -0.495415 0.369418 1.03564 1.43529 1.70425 1.63747 1.16514 0.798217 0.94743 1.1557 0.685891 0.0315117 -0.254166 -0.533439 -0.522898 -0.879069 -1.15968 -1.56547 -1.82142 -1.4553 -1.67161 -1.32172 -0.759513 -1.01933 -0.889812 0.0370192 0.0370192 
1.69964 1.69964 1.06253 -0.24964 -0.56924 0.0433925 1.46656 1.77627 0.471637 0.217721 0.143047 0.300253 0.45412 0.254828 0.74232 0.656624 0.277577 0.727306 0.807146 0.419825 -0.268568 -0.81444 -0.833816 -0.175806 -0.64679 -1.52739 -0.456227 0.803652 0.99611 0.221975 -0.412826 -0.16779 0.705541 0.906342 -0.632038 -1.58351 -2.36148 -1.32792 -0.12173 -1.35975 -1.67256 -1.67256 
-0.922471 -0.922471 -0.680585 -0.413997 -0.437382 -0.626177 -1.38879 -1.5658 -0.844648 -0.542094 0.0254503 0.511263 0.891589 1.87384 1.87267 0.646243 -0.205939 -0.826886 -1.14109 -1.49289 -1.35625 -0.804837 0.00134151 -0.0296031 -0.269269 1.06322 1.20766 1.24839 1.92924 0.801793 -0.737203 0.533879 1.52396 0.97717 1.47679 0.811957 -0.820833 -1.03817 -0.389861 0.133002 -0.0360973 -0.0360973 
0.731628 0.731628 0.964655 0.901602 0.160783 -0.810703 -1.58768 -1.63312 -0.87628 -0.394627 -0.71609 -1.30643 -1.70718 -1.56281 -1.29715 -0.558109 0.161898 0.460224 0.208552 -0.0802489 0.203071 1.08703 1.98282 1.8471 1.39975 1.20027 0.581535 0.0707951 0.462162 0.160678 -1.19629 -0.833313 1.12968 0.68555 1.02837 0.351192 -1.58239 -0.809217 -0.583156 0.105352 0.45923 0.45923 
-0.973176 -0.973176 -0.336287 0.800078 1.18704 1.59765 0.659889 -0.453443 -0.547373 -0.152429 0.687628 1.03992 0.795949 0.311713 0.402478 0.251474 -0.328141 -0.744398 -0.665909 -0.386752 -0.201097 -0.517076 -1.57962 -1.94554 -1.98972 -1.86287 -0.679164 -0.682501 -1.22975 -0.333701 -0.315735 -0.489817 0.601203 0.860741 1.3535 1.79119 0.697284 1.40577 1.94489 0.483638 0.257827 0.257827 
-1.27778 -1.27778 -1.36901 -0.51126 0.29265 -0.0188696 -0.662158 -0.229871 0.784645 0.482139 0.0221669 0.426483 0.315693 -0.884828 -1.38194 -0.0440803 -0.305857 -1.41773 -1.18783 -1.2701 -1.42197 -1.07242 -1.85696 -1.14111 0.286773 0.592207 0.957837 0.886184 0.412807 0.978021 0.581672 -0.0968637 1.46579 1.10299 -0.00660385 1.28337 1.39759 1.6959 1.60018 -0.180295 1.02511 1.02511 
0.342462 0.342462 0.326329 -0.735612 -1.30773 -0.966105 -0.901245 -1.18171 -1.04483 -0.302028 0.366339 0.72026 2.02496 2.16736 1.56276 0.531895 -0.601501 -0.430773 -0.581045 -1.06828 -0.681585 0.323172 0.809579 0.622581 1.6653 1.61962 1.00195 0.878729 -0.528938 -0.344698 0.824708 1.05384 -0.894765 -1.60344 -1.1784 -0.945759 0.139283 0.428445 -0.447917 -1.67104 -0.16732 -0.16732 
-1.59171 -1.59171 -0.0812852 0.516354 0.287127 -0.200854 -1.20869 -0.372135 0.712339 0.523249 0.95492 1.06004 0.500629 1.36266 0.945306 -0.126967 0.339069 0.272709 0.141659 0.548711 1.14208 0.553607 -0.0867776 0.133333 -1.44679 -1.99928 -0.280507 -0.0853349 -0.223961 -0.841845 -0.0672144 1.68672 1.22234 0.620857 -0.372614 -0.394841 2.169 0.313672 -2.50376 -1.57013 -0.479989 -0.479989 
1.03534 1.03534 0.616335 -0.366619 -0.808356 -0.485365 0.381327 0.965475 0.381523 -1.00803 -1.86346 -2.00837 -0.868016 0.710312 0.651018 0.393723 0.58876 -0.745547 -2.09453 -1.58299 -0.39444 0.150184 -0.111721 -1.03539 -0.151538 0.853417 0.599382 1.01453 0.835082 0.442265 2.2316 1.75947 0.0238584 0.709379 -0.357136 -0.469357 0.827945 0.302269 -1.26002 -1.51561 0.308971 0.308971 
1.00017 1.00017 -0.0977815 -0.590264 -0.330083 -1.02156 -1.74454 -0.748289 -0.389529 -0.675394 -0.237316 -0.422285 -1.08359 -1.4846 -0.694525 -0.482316 -0.42635 1.12271 1.91187 1.76345 1.57249 0.179508 -1.42674 -1.25137 -0.940243 0.400039 1.17916 0.518502 -0.669893 -0.619582 2.01128 0.802967 -1.38661 0.460536 1.23877 -0.0821217 -0.940681 -0.0590343 0.738467 0.88128 0.511659 0.511659 
-1.17918 -1.17918 -1.05967 -1.22371 -1.13832 -0.763376 0.632658 1.96175 2.21649 1.75709 1.0828 0.284592 -0.528792 -1.10206 -1.52547 -0.891404 -0.391537 -0.384575 0.293702 0.882692 0.908822 0.779818 1.07286 1.05457 0.170899 -0.297958 -0.959441 -0.913818 -0.157864 -0.416272 -0.471726 -0.855421 -0.547318 0.687833 1.33178 0.366046 -0.856539 -1.24319 -0.231062 1.06829 0.8826 0.8826 
0.429785 0.429785 0.199676 1.12943 1.12507 0.251744 0.117656 1.0189 0.990235 0.136056 -0.78631 -0.521475 -0.0438761 -0.85757 -1.04095 -1.06484 -0.352672 1.71708 2.15016 1.21985 1.14336 1.34257 0.753435 -1.16197 -1.64089 -1.11121 -1.34285 -0.290181 -0.272058 -0.546361 -0.511789 -0.124248 0.219892 -0.178598 0.388703 -0.658405 -2.0323 -1.27798 -0.731257 -0.908347 1.34637 1.34637 
1.2025 1.2025 1.54428 0.0471582 -1.14519 -1.52775 -0.24024 0.423174 -0.322143 -1.59223 -1.4077 -0.921714 -0.124493 0.888964 0.994182 0.446035 -0.0617565 0.545368 0.835804 1.13974 1.16119 -0.429605 -1.41156 -0.786358 0.0950161 0.239376 -0.461789 -0.281732 0.873609 1.54822 -0.489624 -2.4783 -0.683656 -0.218727 -0.793779 -0.279393 -0.833406 -0.455002 0.160836 0.177797 1.7102 1.7102 
0.497882 0.497882 1.63198 1.54856 0.624403 -0.446972 -1.457 -0.595127 0.546193 0.148065 -0.805061 -1.41476 -1.61584 -1.19715 0.555162 1.97039 1.88246 1.28798 0.780292 0.184196 -0.763149 -1.14672 -0.352412 0.382674 -0.408421 -1.51087 -1.27555 -0.796173 -0.417613 -0.515888 -0.887973 -0.951388 -0.919864 0.0666149 0.117266 0.0965321 1.09146 0.312271 -0.240701 1.2758 1.11029 1.11029 
-0.395658 -0.395658 -1.53942 -1.26265 0.415109 1.9342 1.67016 -0.707544 -1.19883 -0.126732 0.231625 0.430834 0.12009 0.410897 0.509914 -0.24541 0.221296 0.621287 -0.108332 -0.777966 -0.916169 -0.333016 0.716355 0.322708 -1.01843 0.325791 2.19155 1.42562 -0.347337 -1.06842 -0.180055 1.13452 1.09596 -1.00622 -2.01061 -1.34779 0.382469 2.11197 0.131944 -1.1921 -0.112976 -0.112976 
0.182163 0.182163 0.427497 0.183375 -0.235702 -0.915989 -0.905148 0.460317 0.901652 0.760289 0.928936 0.756645 1.2135 0.862419 -1.17016 -1.95332 -1.39612 -0.901033 -0.653344 -0.238445 0.592759 1.20892 0.672988 -0.289473 0.965258 1.31874 0.129966 0.623609 -0.451427 -2.49429 -0.286992 2.04045 0.367511 -0.0838451 -0.192479 -2.15488 -1.74306 0.356173 1.03736 0.285121 -0.196056 -0.196056 
0.217224 0.217224 0.158193 -0.75353 -1.60401 -1.63786 -0.770896 0.665079 1.15855 0.149032 -0.854573 -0.928801 -0.240964 0.382928 0.939668 1.36504 0.952433 0.0427384 -0.506934 -0.00606954 1.09188 1.66528 0.710642 -0.546822 -0.606509 -0.766954 -1.05836 -0.112696 0.0832104 -1.55359 -0.931521 2.17665 1.42103 -0.0957855 -0.313967 -2.44516 -1.08732 0.934556 0.855289 0.974953 0.330365 0.330365 
0.59892 0.59892 1.79613 1.53281 0.768202 -0.627441 -2.23298 -1.34397 0.245061 1.22906 1.18412 0.0420512 -0.839267 -0.486607 -0.135534 -0.841807 -1.12126 -0.427922 0.304726 0.41763 -0.209371 -1.5244 -1.57701 -0.504131 0.0150242 1.30866 1.1715 -0.652131 0.295406 0.89088 -0.236544 0.893963 1.3508 0.720503 0.908195 -0.763416 -0.478127 1.24233 -1.04357 -1.84946 -0.309971 -0.309971 
-0.231742 -0.231742 0.64232 1.55448 0.362974 -1.11174 -0.353792 1.33553 0.586769 -0.915754 -0.195493 0.160328 -1.47502 -1.86869 0.717955 0.957762 -1.53855 -1.03752 0.0116595 -0.377374 0.0626523 -0.582036 -0.20877 2.04571 1.62749 0.545045 0.160787 -0.694173 -0.045195 0.0332967 -1.2341 0.762152 1.08389 -1.63917 0.0450292 1.29212 0.281597 0.0676598 -2.05065 -0.724787 1.08954 1.08954 
-0.0225884 -0.0225884 -0.901992 -1.36241 -0.200101 0.32739 -0.187772 -0.128136 0.719245 1.15938 0.837338 1.3643 1.18913 -0.391984 -1.36357 -1.80147 -0.806423 0.00771186 -0.537152 -0.0924865 1.14305 1.22562 0.238715 0.699401 0.816433 -0.558554 -0.62277 -1.27697 -1.02236 1.11174 1.14892 -1.43314 -2.20975 -0.244108 0.535403 1.08196 1.12876 -0.495494 -1.74783 0.223138 1.23602 1.23602 
0.964378 0.964378 1.37736 0.175213 -0.574981 -1.11302 -0.197729 1.24812 0.539366 0.0882603 0.291568 -0.393298 0.129749 0.227915 -1.10875 -0.498296 0.196818 -0.215786 0.111355 0.611952 -0.0759861 -0.928548 -0.369791 -1.01918 -1.55306 0.726567 1.24322 -0.0402943 -0.60214 0.0289462 1.66794 0.811748 -0.81591 -1.18153 -0.781246 1.67696 0.410233 -3.30838 -1.38113 1.31911 0.673949 0.673949 
-0.299701 -0.299701 -1.00466 -1.02096 -0.0843578 0.854029 1.04133 0.000945742 -1.41456 -1.60926 -0.716623 0.714722 1.9506 1.09023 -0.226247 -0.0438447 -0.816263 -1.92361 -0.599799 1.22008 1.24381 0.203568 -0.84947 -0.0277513 1.35543 0.539355 0.116356 0.169846 -0.409617 1.00237 0.945487 -1.58255 -0.752306 -0.272438 -0.844567 0.850728 0.554205 -1.49665 -1.30295 1.12606 1.30937 1.30937 
-0.729626 -0.729626 -1.07522 -0.122169 -0.261809 -0.951725 0.232607 0.991697 0.0919969 0.147657 0.218459 -0.553017 -0.704617 0.313867 0.74418 0.229032 1.16715 1.68165 0.490469 -0.197305 -1.07066 -2.06382 -0.96325 0.382235 1.19969 1.5281 0.123974 -1.2567 -0.757787 1.92231 1.03909 -2.34357 -0.199451 1.88316 -0.339957 -1.48855 0.0570453 1.21916 0.700694 -0.118314 -0.218531 -0.218531 
0.0203428 0.0203428 -0.125295 -0.155601 0.322923 1.48655 2.33366 1.32039 -0.26747 -1.09228 -1.39308 -1.51657 -1.31687 -0.970641 0.101259 0.920964 0.364206 0.522601 1.03934 0.460349 -0.177102 0.0598688 0.158161 -0.886548 -1.28657 -1.08931 -0.632541 0.625889 0.355964 -0.364421 -0.475653 -0.15288 1.28437 1.58254 -0.371457 -2.02861 -1.51448 0.469544 1.96641 0.902964 -0.250623 -0.250623 
-0.258136 -0.258136 0.487307 0.668302 -0.77734 -0.88135 0.541435 0.625958 -0.781477 -1.49801 -0.600827 0.521612 -0.343111 -0.873057 -0.239828 0.478189 2.1568 1.93303 -0.472299 -0.880855 0.0247472 -0.386275 -2.08169 -1.99333 -0.0329456 0.165314 0.584627 0.784878 -0.279039 -0.265851 0.264791 0.512991 -0.11722 0.061703 -0.458335 -2.01471 -0.570399 0.969482 0.222718 1.59212 1.73411 1.73411 
0.195225 0.195225 -0.875473 -1.97264 -1.17553 0.597995 1.34604 -0.107778 -1.49057 -0.825563 0.430334 0.86851 1.24574 0.750842 -0.365975 -0.804382 0.0218372 0.592707 0.375874 0.183503 -1.17156 -1.88916 -0.304344 1.02826 0.684374 -0.447416 -0.421887 0.905837 1.25953 -1.02415 -2.92886 -0.18797 1.56678 -0.127961 -0.0925899 -0.0775439 -0.174795 0.661852 0.403357 1.05886 1.04673 1.04673 
