39
0.913973 1.01033 1.01785 0.832059 0.57026 0.702533 0.971846 1.12172 1.0394 0.882378 0.744991 0.435628 0.11515 -0.16197 -0.432415 -0.41753 -0.143222 0.142879 0.396845 0.538284 0.59555 0.802673 0.855602 0.829803 0.721614 0.576485 0.391042 0.0173299 -0.411946 -0.579563 -0.874808 -1.12223 -1.21814 -1.25475 -1.4465 -1.73129 -2.08049 -2.14769 -2.20367 
-2.63549 -1.75002 -1.47403 -1.37413 -1.17703 -1.29129 -1.01572 -0.643979 -0.236293 0.302248 0.568115 0.958083 0.810838 0.673421 0.904143 0.93319 1.23281 1.4567 1.52304 1.37401 1.01391 0.91074 0.392611 0.215059 0.228947 0.297511 0.334046 0.493422 0.526581 0.462217 0.30882 0.33785 -0.10427 -0.219066 -0.379176 -0.963019 -1.10422 -0.899702 -0.990876 
1.35406 0.307885 -0.520322 -0.45595 -0.27434 -0.623833 -1.17889 -1.51084 -1.76505 -1.86649 -1.34823 -0.709562 0.0311017 0.436257 1.1229 0.744166 1.14573 0.85042 -0.199713 -0.744689 -0.958289 -1.50644 -1.41018 -0.783178 -0.525561 -0.199346 -0.164717 -0.0298565 0.634535 0.756308 1.07761 1.3875 0.526836 0.690892 1.19994 1.62342 1.2075 0.902389 0.776047 
0.9568 0.946256 1.27845 1.62232 2.15756 2.17105 1.86453 1.53644 1.09072 0.877957 0.628429 -0.285022 -0.925618 -1.08506 -1.04875 -1.15045 -1.12539 -1.08893 -1.29435 -0.96526 -0.618817 -0.132618 0.0788751 0.19384 0.0521763 -0.0306787 -0.0535586 -0.0938779 -0.037261 0.00232707 0.0864808 -0.255684 -0.810867 -0.685524 -0.807829 -0.574828 -0.638465 -0.800881 -1.03449 
0.665405 0.927681 1.32612 1.18615 0.979278 1.03532 1.39837 1.40267 1.16239 1.01321 0.90107 1.07 0.858033 1.06391 0.698686 0.792581 0.42295 0.232065 -0.156859 -0.605865 -0.906171 -1.00475 -1.21964 -1.30607 -1.16837 -1.09259 -1.16545 -1.38076 -1.22893 -1.0776 -0.728921 -0.578165 -1.06345 -1.10594 -1.32104 -0.745792 -0.107221 0.0676983 0.760013 
1.14726 1.25059 0.695072 0.710249 0.68253 0.669624 0.327447 0.165439 0.316505 0.569382 0.674856 0.809278 0.941535 1.0773 0.839549 0.582978 0.0382634 -0.303072 -0.302066 -0.818309 -1.11132 -1.30904 -1.16854 -1.30359 -1.67542 -1.7809 -1.56669 -1.34932 -1.39465 -1.18741 -0.929629 -0.594583 -0.11266 -0.0273933 0.455591 0.822073 1.16317 1.38575 1.61016 
-0.421947 -0.811283 0.0425096 0.318675 0.109724 -0.141257 -0.424006 -0.738898 -0.88629 -1.43695 -1.42858 -0.737405 -0.641319 0.194364 0.457381 -0.108312 -0.0712969 0.0124508 -0.402647 -0.0552598 1.22917 1.5414 1.58126 2.06226 2.15862 2.02048 1.72726 1.05335 0.226402 0.0572698 -0.270992 -0.315833 -0.414369 -0.879092 -1.18728 -1.45184 -0.0419118 -1.01993 -0.905879 
-1.11089 -0.892368 -1.1376 -0.827304 -0.311072 0.323802 -0.5462 -1.32631 -2.11939 -2.36546 -1.73412 -1.44885 -1.1712 0.0285846 0.131257 -0.123872 -0.080038 -0.401079 -0.140095 0.677177 1.36722 1.08064 0.981278 1.13326 1.06341 0.992365 1.00231 1.34826 1.32873 0.766993 0.483436 0.656957 -0.0617043 0.715811 0.133196 0.224457 0.364552 0.36395 0.629909 
-1.28967 -0.745678 -0.297781 0.442306 0.0217865 -0.104793 0.743699 0.687555 0.738654 0.352206 -0.73846 -1.85655 -0.994808 -0.528941 0.212502 0.666465 -0.445169 -0.638909 -0.422642 -1.3972 -1.19995 -1.10416 -1.1608 -1.06729 -0.352711 -0.462089 -0.347142 -0.382473 0.571929 0.442366 0.583761 0.887695 -0.336561 0.587508 1.61784 2.82398 1.2551 1.74152 1.4969 
1.12546 1.07007 1.40298 1.28023 0.802047 -0.0412779 -0.662236 -0.437682 0.0739953 -0.0169666 -0.859968 -1.79482 -1.69413 -0.833196 -0.856437 -0.582995 -1.1497 -0.834494 -0.538756 -1.42729 -1.711 -1.15212 -0.745821 -0.753752 -0.457967 0.475798 0.642557 0.84755 1.16531 1.15172 1.22405 0.795303 0.106304 -0.117086 -0.275039 1.4773 1.30895 0.920995 1.07209 
0.184367 -0.302942 -0.558847 -1.38116 -1.87344 -1.72581 -1.48315 -1.05007 -0.454181 -0.545103 -0.425067 -0.441628 -1.43306 -1.31598 -0.752638 -1.15513 -1.20152 -0.123925 0.386765 1.15536 1.60344 1.7338 1.40891 1.19664 0.441142 0.278912 0.766741 0.914398 0.705303 0.404229 0.270143 -0.143943 -0.175143 0.592775 0.460295 1.34899 1.06559 0.95485 0.670068 
-1.88952 -0.972619 -0.917762 -0.693841 -0.844528 -0.0420439 0.691119 1.23409 1.78829 1.02449 0.323609 1.11506 0.797086 0.0432867 -0.372611 -0.893925 0.0140842 0.337742 1.60704 2.48259 1.80148 0.336399 -0.232838 0.126573 0.162154 0.310957 -0.388687 -0.0549566 -0.217443 0.402146 -1.11465 -1.93047 -1.05819 -1.00671 -0.806576 0.364048 -0.616025 0.186143 -1.095 
-0.220902 -0.693044 -0.866656 -0.55114 0.160001 -0.38308 -1.48596 -1.67809 -1.89648 -1.03947 -0.236494 -0.216341 0.953182 0.372631 -1.06918 -0.623665 -0.483168 0.46219 1.90161 1.82495 0.834574 0.312968 0.823793 1.38413 1.45576 1.38507 1.22994 1.139 1.24585 0.7549 0.166879 -0.234761 -0.610502 -1.3194 -0.326728 -0.262924 -0.540142 -0.675567 -0.99372 
0.723004 0.723004 -0.0459587 -0.779945 0.0868931 1.53435 1.58232 0.623995 -0.212394 -0.362458 -0.77765 -1.27664 -1.18876 -1.05241 -0.256591 1.22805 1.9672 1.91176 1.51751 0.981436 1.16045 1.14863 0.513835 0.0747326 -0.250482 -0.461024 -1.08399 -1.74852 -1.18684 -0.821562 -1.03906 -0.495793 0.0787405 -0.182476 -0.85885 -1.28794 -0.694935 0.104181 0.104181 
2.13215 2.13215 0.559111 0.401156 -0.0276642 0.129455 1.10262 1.36717 1.70117 1.41719 1.11969 0.292474 -0.763557 -0.00671765 0.326609 0.464568 0.854727 0.387597 -0.359138 -1.21302 -1.12119 -1.43764 -1.58658 -0.52127 -0.0284508 0.0168992 0.19874 0.191978 -0.256034 -0.629594 -0.442584 -1.02072 -1.30871 -0.74402 -1.68324 -1.64537 -0.0667648 0.0334099 0.0334099 
-2.11366 -2.11366 -0.820859 0.354686 -0.127101 -0.984663 -0.964249 -0.614023 -0.34568 0.553553 1.41514 1.67404 1.4022 1.33931 0.426777 0.0949163 0.192026 -1.49792 -1.78856 -0.814736 -0.818438 -0.457723 0.910301 1.09814 0.747984 0.488399 0.26564 0.998757 0.983522 0.584128 0.803113 -0.572832 -0.742596 0.851901 1.15391 0.0771388 -0.771034 -0.433926 -0.433926 
0.78394 0.78394 1.44639 1.82591 1.20839 -0.364983 -1.00344 -1.26362 -1.04806 -0.681345 -1.99103 -2.72199 -1.31265 -0.0474227 0.0605262 0.0394871 0.297723 -0.133066 0.413886 1.44539 1.73905 1.48681 0.792928 0.132831 -0.23692 -0.014898 0.0646068 0.213197 0.362554 0.414024 -0.299523 -1.49453 -0.620693 0.188412 0.389639 0.499299 -0.239788 -0.557494 -0.557494 
1.31389 1.31389 0.489596 -0.750828 -0.34916 0.818742 0.712729 -0.523645 -0.838165 -0.57557 0.0762964 -0.128263 -0.0525412 -0.366609 -0.596089 -0.605115 -1.1887 -1.22823 -1.75718 -1.57558 -0.857488 -0.682439 -0.657525 0.0649882 0.397384 -0.0340887 -0.630595 -0.17015 0.581185 0.984571 0.983389 -0.725596 -1.12161 -0.567928 0.697969 2.44733 1.62696 1.73709 1.73709 
-0.955821 -0.955821 -1.13608 -0.0567362 -0.114167 -0.757237 -1.06215 -0.0534634 0.794981 0.701744 0.4595 0.514274 0.517025 -0.239651 -1.04198 -1.66972 -1.84307 -0.727064 -1.08475 -1.68602 -1.03465 -0.148107 -0.0199257 -1.06767 -1.00721 0.191278 0.851502 0.320731 0.300017 0.919887 1.18125 1.63962 1.12882 1.13099 1.70608 1.41591 1.12164 0.883017 0.883017 
0.644802 0.644802 1.51618 0.124672 -0.565547 -0.662176 -0.745858 -0.568627 -0.877329 -0.673382 0.952613 1.06746 1.25668 1.47525 -0.359645 -0.65556 0.194786 -0.39719 -0.0519921 2.17328 2.12725 0.497674 0.718659 0.792635 -0.0180428 -0.528133 -1.22966 -1.92849 -1.26755 -0.614599 -0.451858 -0.151066 -0.70084 -0.975346 -0.713258 1.53635 0.602184 -1.09457 -1.09457 
-0.153965 -0.153965 -0.0251343 1.04382 1.49947 -0.446549 -2.43293 -2.32495 -1.57526 0.424386 1.17028 0.673756 1.95759 1.71195 -0.330494 -0.413092 -0.505622 -0.200782 1.39721 1.99952 0.449919 -0.658264 -0.0426072 -0.00117422 -0.314263 -0.202242 0.383142 0.341752 -0.932469 -1.30311 -0.270943 -0.881752 -0.0338527 0.157132 -0.806246 0.20831 0.0793506 0.256041 0.256041 
0.884465 0.884465 1.09469 0.163711 -0.765391 0.595042 0.670552 -0.184287 -0.538387 -1.76241 -2.54676 -0.453693 1.24438 1.11541 1.10265 -0.883929 -1.57829 -0.154728 -0.991794 -1.01218 0.135268 -0.136908 -0.139349 0.687423 0.469921 -0.172909 -0.0935266 0.806404 0.705383 -0.166193 0.298533 -1.1655 -0.500691 1.91632 2.21871 -0.567747 -1.33932 0.0803387 0.0803387 
0.33858 0.33858 0.257622 -0.717381 -1.58357 -1.7552 -0.471523 0.889996 0.51072 -1.11771 -2.13213 -0.997737 1.16093 1.01196 0.305748 -0.347542 -0.297335 0.739394 -0.7076 -1.40415 0.335758 1.16521 0.48386 0.351012 1.48301 1.32791 0.451863 0.633383 0.370624 0.0755967 -0.423455 -1.33864 -1.09178 -0.453418 1.92157 1.90907 -0.663743 -0.279738 -0.279738 
-1.00944 -1.00944 -1.45514 -1.76963 -0.479173 0.498626 0.878412 1.34836 0.651198 0.0181038 0.117038 -1.36171 -1.18392 0.884636 0.193376 -0.617842 1.35134 2.0925 1.6814 1.5981 0.748953 -0.279447 -0.735294 -1.3082 -1.24162 0.412563 0.824852 -0.102371 -0.699385 -0.59959 -0.749946 -0.613062 0.959537 0.824788 0.985475 0.78469 -0.545013 -0.546859 -0.546859 
0.87177 0.87177 0.2072 0.0100837 0.564925 1.41254 1.16366 0.992039 -0.26115 -1.46478 0.0267098 0.393916 -1.08798 -1.18189 -0.958934 0.310693 1.12102 1.4675 1.99676 0.126323 -2.11835 -2.01106 -0.261371 0.318649 0.116676 -0.588405 -0.411059 0.104075 0.378213 -0.920566 -2.29713 -0.00600278 0.825733 0.181146 1.25441 0.12259 -0.230759 -0.519486 -0.519486 
-0.605129 -0.605129 0.191654 1.08666 0.218114 -1.61692 -1.26191 -0.367165 0.694126 1.72732 0.880773 1.25156 0.643902 -1.99769 -0.959732 0.640909 1.14654 2.46051 1.42665 -1.03129 -1.48139 0.037201 1.13168 0.687394 0.0490574 -0.180333 -0.200813 0.0642086 -0.340441 -1.04337 -0.95302 -0.73828 -1.0491 0.335169 1.11682 -0.16778 -0.369317 -0.410725 -0.410725 
-0.697017 -0.697017 -1.39024 0.154716 2.21502 1.44162 -0.830559 -1.66581 -0.902428 -0.504622 -0.834167 -0.359038 0.241019 0.909643 2.18305 2.12953 0.674987 -0.395475 -0.849417 -0.307991 0.187146 -0.581459 -0.985012 -0.692629 -0.476761 -0.757977 -1.18675 -0.0678948 0.904719 0.168816 0.336919 1.08496 0.32516 -0.85628 -1.01483 0.184054 1.34405 0.78398 0.78398 
-1.49904 -1.49904 -1.66489 -0.463453 -0.132623 1.33947 1.45227 0.781143 0.20519 -0.457892 -1.02829 -1.82475 -0.161489 1.29734 0.647516 0.70719 0.071845 -1.1219 -1.52799 -0.647499 -0.0831879 -0.33599 1.11485 1.7887 0.717745 0.391215 0.336497 -0.324851 -0.70999 -0.0432138 -0.258019 -0.756777 0.443199 -0.240585 -0.793762 1.84997 1.91539 0.257848 0.257848 
1.0171 1.0171 2.04352 0.494048 -1.28115 -0.842658 0.211919 0.428398 0.907761 1.42575 0.866648 -0.122998 -0.403974 -0.963392 -1.19824 -0.316676 -1.50248 -1.84104 0.484814 0.735353 0.200021 1.39774 1.24679 -0.25343 -0.644097 -0.532861 0.333914 0.515112 -0.473736 -0.269228 -1.1219 -1.46133 1.1323 1.54423 -0.788185 -1.79246 -0.557938 0.182641 0.182641 
0.659738 0.659738 1.00634 -0.162597 -1.94611 -1.96523 -0.765937 0.0139961 0.586519 -0.80642 -1.80889 0.674285 2.49733 1.30882 0.134123 0.271374 -0.102834 0.160839 1.4963 1.26497 0.0925807 -0.809307 -1.18179 -0.885768 -0.0801631 0.330124 0.263062 0.326856 0.23816 -0.549898 -1.68825 -0.23856 1.59171 0.977448 0.338673 -0.520079 -0.910376 -0.235397 -0.235397 
-0.757952 -0.757952 -1.89387 -0.771196 1.43423 0.96932 -1.2324 -1.42334 -0.0506554 0.834314 0.406516 -0.121088 -0.221371 -0.500859 -0.221517 -0.545787 -0.573726 -0.523695 -0.321193 0.820789 0.814793 0.180011 0.681352 0.962928 -0.093835 -0.944477 -0.127704 1.10658 1.05433 0.365213 -1.56919 -1.93076 0.141279 1.66318 2.75811 0.847621 -0.653499 0.0977488 0.0977488 
-0.299851 -0.299851 0.926903 1.06651 -0.891139 -1.17242 0.704918 2.01579 0.763376 -0.476268 -0.308043 -0.0295892 -0.951859 -1.8669 -1.72035 -1.00546 0.976429 0.766909 -1.18489 -0.0380198 1.65297 1.05833 -1.14012 -1.21708 1.33592 2.01758 0.0521615 -0.721772 0.586013 0.906619 0.723059 -0.154564 -0.673066 0.561125 0.228864 -0.759228 -0.700645 -0.366183 -0.366183 
0.741667 0.741667 -0.309564 -1.48929 -0.511061 -0.0528433 0.154048 -0.015947 0.0042358 1.46583 1.39852 0.313086 0.391441 -1.1377 -1.52638 0.502227 0.278565 -0.103057 2.02527 1.72972 -1.18249 -0.980768 0.306207 -0.473177 -0.914418 -0.831956 -0.974541 0.0547475 1.07597 0.6996 0.433557 -0.104722 -0.539339 0.0739928 1.98087 1.07714 -1.90419 -1.19846 -1.19846 
0.0697682 0.0697682 0.815775 1.04386 -1.06025 -2.7645 -1.33105 0.578415 1.89858 1.89593 0.153891 0.52931 0.704398 -1.61696 -1.50317 -0.14236 0.128027 1.30781 1.51542 -0.681238 -1.87497 -0.363867 0.438432 -0.209726 -0.160463 0.466568 0.359505 -0.938286 -1.16806 0.441528 0.273917 0.145321 0.704881 -0.559183 0.0155752 0.597904 0.0131698 0.103168 0.103168 
0.132598 0.132598 -0.456166 -1.17669 0.272429 0.907761 -0.49321 -0.764902 -0.998377 -1.27048 0.827299 2.39722 0.991972 -0.0899838 -1.26476 -1.69582 0.460807 0.370561 -0.542617 0.71242 0.553185 -0.174023 0.520969 0.38496 -0.544438 -0.356683 0.618982 0.504892 -0.615436 -0.257649 -0.632328 -0.505792 1.94864 1.71944 -1.57131 -2.2505 0.409508 0.897464 0.897464 
-0.0366346 -0.0366346 -0.663065 -1.16757 -0.651409 0.729863 1.71489 0.646462 -1.27455 -1.68263 0.0924637 2.13114 1.30659 -0.534068 -0.858084 -0.372096 0.713726 -0.248211 -1.36182 0.685728 1.66617 0.110534 -0.507735 0.657322 0.643025 -0.64712 -0.430844 -0.036815 -0.342993 -0.494808 -0.893253 -0.414012 0.584126 1.95143 1.53326 -1.64566 -1.39091 0.262099 0.262099 
-0.362443 -0.362443 -0.611341 0.762738 1.78551 1.06477 0.662831 -0.189521 -1.06253 -0.432453 -1.10175 -1.03933 1.76818 1.08036 -1.19883 0.906772 2.1354 0.251535 -0.400988 -0.747675 -1.49567 -1.1844 -0.823895 -0.410428 1.3522 1.62582 -0.417236 -1.21605 -0.403216 -0.0497091 -0.0203549 1.34327 1.12829 0.0108362 -0.0414278 -1.22099 -1.06354 -0.0111534 -0.0111534 
-0.382035 -0.382035 -0.514432 0.304615 1.00633 0.466495 -0.218098 -0.892668 -1.58584 0.257687 1.31277 -0.68437 -0.994087 0.151018 1.06687 1.46139 0.841335 0.652553 -0.836492 -2.69967 -1.37129 1.31162 1.62915 0.318264 -0.544904 -0.290126 0.52946 0.594473 -0.623885 -1.73262 0.678628 2.16188 0.190043 0.352273 0.025009 -0.933212 -0.366926 -0.129591 -0.129591 
0.491125 0.491125 1.06388 -0.00184219 -1.74892 -0.965912 0.781004 1.23299 1.32159 0.10067 -0.323233 -0.17036 -2.09812 -1.04502 1.66979 1.32913 1.14567 0.160482 -2.25334 -1.87977 0.665001 1.65345 0.397315 -0.711593 -0.574075 -0.178679 0.137719 -0.108129 -0.727566 -0.410793 0.176465 -0.0802605 0.668176 1.3673 -0.340636 -0.969826 -0.174247 -0.0452742 -0.0452742 
