29
0.992477 1.01577 0.978455 0.874379 0.699281 0.547637 0.24354 0.107041 0.296412 0.568888 0.66291 0.678161 0.890641 0.924125 0.835511 0.796515 0.630004 0.395324 0.0970927 -0.130452 -0.393539 -0.706729 -1.05271 -1.32144 -1.4992 -1.59614 -1.74844 -1.84135 -1.94417 
-1.63646 -1.24718 -0.819102 -0.221701 0.581535 0.837487 0.973034 0.94485 1.14254 1.20352 0.963625 0.768184 0.855738 0.539519 0.150002 0.15585 0.11272 0.473136 0.908394 0.543938 0.687815 0.265182 0.0223492 -0.476188 -0.930413 -1.40687 -1.528 -1.76858 -2.09493 
-0.312198 -0.454491 -0.816166 -1.05111 -1.22732 -0.963088 -0.491271 -0.0127651 0.237607 -0.0894514 -0.544775 -0.953008 -1.21939 -1.18794 -1.34895 -1.13634 -0.63743 -0.126147 0.377072 0.693693 0.797126 0.741616 1.20051 1.69579 1.37092 1.09403 1.45523 1.44502 1.46323 
1.93971 1.87297 1.73548 1.69809 1.40335 0.311221 -0.821848 -0.828856 -0.925548 -1.18787 -1.17744 -1.24197 -0.411225 0.0087545 0.362125 0.987253 0.66258 0.224871 0.154025 0.304372 0.28829 -0.198232 -0.766654 -0.510173 -0.317446 -0.704762 -0.882716 -0.879804 -1.09856 
0.837701 0.828301 1.07099 1.19536 1.17984 0.876939 0.936537 0.99858 1.03265 1.21579 0.651407 0.392904 0.171703 -0.322728 -0.848642 -1.11002 -1.42025 -1.44639 -1.5059 -1.53012 -1.4527 -1.22934 -0.948828 -0.919675 0.117829 -0.0597499 0.129011 0.59349 0.565316 
0.0804602 0.303134 -0.0945015 -0.0221311 0.620312 1.59451 1.52276 0.98079 0.794515 -0.159847 -0.766368 -1.64944 -1.54245 -1.83282 -1.17072 -0.645278 -0.350806 -0.193631 -0.801028 -0.595358 -0.904435 -0.105692 -0.163475 -0.103189 0.202208 0.179276 1.14214 1.74508 1.93599 
-0.820746 -1.54798 -1.44502 -1.49148 -1.09788 -0.854257 -0.32475 1.15251 0.0734808 0.244451 0.141774 -0.182936 -0.51338 0.953361 1.51828 1.19462 1.36472 1.80323 1.63639 0.770175 0.771312 -0.109381 -0.331183 0.425587 -0.862482 -1.17061 -0.759243 -0.0382087 -0.500352 
-1.77453 -1.64388 -2.01101 -1.9512 -1.79136 -1.40378 -0.896753 -0.177703 0.149911 -0.182814 -0.0275621 0.353907 0.46039 0.740363 0.892667 0.552604 0.571323 0.331601 0.701813 0.555772 0.584731 1.01545 0.580034 0.781621 0.521266 0.753081 0.585076 0.821171 0.90781 
0.427793 0.478821 1.30364 1.10233 0.24926 -1.15329 -0.428771 0.537337 0.170746 -0.386878 0.02519 -0.19124 -0.745772 -1.09788 -1.31644 -1.84527 -1.21874 -1.13126 -1.47322 -0.730983 0.266001 0.708212 1.96779 1.00182 0.871597 -0.34873 0.179235 1.40862 1.37008 
0.82808 0.605326 0.177217 0.202111 0.0433368 -0.175913 -0.488665 -0.468519 -0.953361 -1.18785 -1.69329 -1.76846 -1.12198 -1.80243 -1.01845 -0.56778 -0.19897 0.0604292 -0.120657 0.203654 0.0814048 0.609534 1.81933 1.46663 1.32492 0.762394 1.15686 0.874032 1.35108 
-0.258464 -0.274081 -0.61359 -0.971491 -1.01734 -1.0839 -1.33333 -1.83495 -1.83941 -1.33374 -0.290772 0.158304 1.4606 1.96423 1.54545 1.07561 0.807138 0.32011 0.103744 0.0196506 -0.396199 -0.427079 0.565489 1.11112 1.02837 0.57896 0.39967 0.366512 0.169385 
-1.64281 -1.10769 -0.990179 -0.4726 -0.291126 0.538247 -0.842876 -2.2304 -1.46207 -0.853758 -0.208499 1.07803 1.56269 1.69137 0.234513 0.355431 -0.0428416 0.609746 0.766824 0.846982 -0.107258 -0.0438863 2.00694 0.942835 -0.0147593 -0.121039 -0.0440938 -0.6339 0.476153 
-0.797724 -1.11839 -1.18103 -0.946817 -0.576161 -0.469638 0.437105 0.296339 0.210754 0.897647 2.32601 2.23623 1.23701 1.36931 0.622683 0.842871 0.865553 0.394047 -0.057699 -0.201649 -0.7718 -1.65852 -0.728587 -0.200376 -0.24539 -0.656467 -0.229557 -0.850541 -1.04521 
0.648406 0.648406 0.220504 -0.242422 -0.402239 -0.835634 -0.784752 0.87315 2.24719 1.92684 1.06264 1.46062 1.52188 0.510296 0.266786 0.00507594 -0.652362 -1.0949 -1.07093 -0.952856 -1.2406 -1.51908 -1.36972 -0.80456 -0.227389 -0.141854 -0.128338 0.0379223 0.0379223 
1.31992 1.31992 1.64599 2.23373 1.6988 0.652753 0.207609 0.304972 0.444662 -0.240899 -0.642624 -0.129616 -0.318834 -1.06624 -0.561674 -0.0190007 0.536487 1.28596 0.15033 -0.306165 -0.39731 -1.00315 -1.12207 -1.45325 -1.41866 -0.896816 -0.527273 -0.848781 -0.848781 
-1.0499 -1.0499 -1.20844 -0.89108 -0.0369496 1.07186 1.43851 1.0596 -0.318785 -1.52629 -1.66518 -1.34189 -0.58956 -0.409267 -0.0992815 1.02991 1.54096 1.54833 1.21524 0.531177 -0.105569 0.502656 1.44511 0.104021 -1.21724 -0.043321 0.413013 -0.173871 -0.173871 
0.0140231 0.0140231 0.0554052 -0.166325 -1.6536 -2.83572 -1.30561 0.155782 -0.204228 -0.0531797 0.22572 1.38244 2.06564 1.3925 1.68178 0.725678 -0.773021 -0.415101 0.414112 0.491335 -0.40671 -1.18556 -0.137857 0.935434 0.0276203 -0.495073 0.0551839 -0.00234747 -0.00234747 
0.446102 0.446102 0.708193 0.202289 -0.634841 -0.48766 0.227356 0.177347 0.414603 -0.757936 -1.62323 -0.950838 -1.41308 -2.0101 -1.55348 -1.1309 -0.670016 -0.178795 -0.17503 0.0932561 0.578333 0.976256 0.595754 2.07889 1.67385 0.0109377 1.2689 0.843866 0.843866 
-0.371731 -0.371731 -0.55196 0.695198 1.77658 0.920192 -0.897851 -1.03517 -1.52967 -2.03359 -1.9481 -1.09254 -0.381834 0.283811 1.26205 0.821224 0.379635 -0.701796 -0.643645 -0.285929 0.425224 0.72655 -0.158934 0.276556 0.17677 0.965139 1.71562 0.789967 0.789967 
-0.765573 -0.765573 0.00679724 0.336538 0.665657 0.819849 2.21947 0.394506 -1.08755 0.0201757 -0.542198 -0.800609 1.23188 2.24772 0.216412 -0.23153 0.633194 0.250909 -1.22936 -1.03877 -1.0552 -1.30814 0.54964 -0.660091 -1.86827 0.0598243 1.22746 0.236418 0.236418 
-1.02223 -1.02223 -1.19592 0.0960445 0.899656 1.75085 2.56349 2.12363 -0.454987 -0.877563 0.873415 0.753847 0.505009 0.617351 -0.902779 -1.23029 -0.984288 -0.122536 0.107141 -0.729503 0.684531 -0.453972 -1.01573 -0.586537 -0.512427 -0.286013 -0.275521 0.348783 0.348783 
0.684453 0.684453 0.451065 -1.10082 -2.21185 -0.752733 1.43804 0.428875 -0.980429 -0.260245 0.0553265 -0.838685 -0.964173 -0.653434 -0.816884 -0.0352586 0.534765 -0.360985 0.244601 1.48299 1.2055 1.44837 0.145943 -1.13949 -1.37475 -0.765988 1.49976 0.975793 0.975793 
-1.06043 -1.06043 -0.663981 -0.232817 -0.623652 -0.870147 -0.486913 -0.762402 -1.17003 -1.203 -0.947956 0.896073 -0.0728879 0.147242 1.95799 1.29337 0.987168 0.10687 0.210785 0.304973 0.631253 2.76365 1.35358 -0.809973 -1.14586 -0.287534 0.160219 0.292424 0.292424 
-0.4365 -0.4365 -0.838365 -0.49359 -0.151534 -0.390546 -0.901346 -0.613732 0.568912 1.79866 1.73221 2.03668 2.10073 0.0800703 -1.06286 -0.886392 -0.906566 -0.84539 -0.372317 -0.606525 -0.544048 1.10954 1.78641 0.523904 -0.644355 -0.757698 -0.268986 -0.289928 -0.289928 
0.444276 0.444276 0.429367 0.48373 0.748704 -0.579247 -2.46324 -0.636562 1.05957 0.954977 1.53135 1.39487 0.41089 -1.23908 -1.24568 -0.346056 0.105776 0.577733 0.0912607 -0.853176 -0.867442 1.68637 0.728201 -1.82846 -1.01447 -0.13528 -0.546198 0.331774 0.331774 
-0.407576 -0.407576 0.252414 0.767789 0.615913 1.25355 0.959418 -0.22089 0.763556 2.5643 1.64049 -1.24696 -0.982801 -0.682361 -0.577823 0.337217 -0.485506 -1.04981 -0.660202 -0.801036 -1.68452 0.0997389 1.78271 0.62307 -0.494149 0.0671714 -0.182498 -0.921822 -0.921822 
-0.400946 -0.400946 -0.893565 -0.608284 -0.576859 -0.352645 1.8728 3.28082 1.17568 -1.20612 -0.441717 0.543106 -0.956882 -1.2812 -0.483223 -0.923703 -1.11613 -0.391014 0.205563 -0.126148 -0.548146 -0.0829951 0.814761 1.27 0.759619 0.159809 0.245712 0.231329 0.231329 
0.602449 0.602449 1.34714 0.256208 -1.81385 -1.70008 -0.251345 0.48966 -0.502332 -1.18832 0.330305 0.599559 -0.997434 -0.11838 1.5162 1.58071 1.84274 -0.299969 -1.82797 -0.504573 -0.693804 -0.728991 -0.380983 -0.186478 0.894329 1.31872 0.250168 -0.218056 -0.218056 
-0.157256 -0.157256 0.100991 0.925038 1.56907 1.17239 -0.0382249 -1.45822 -2.13248 -1.12386 0.121807 0.847028 0.730661 0.370711 1.14286 1.30648 0.393612 -0.293294 -0.855938 -1.10304 -0.0514547 1.2336 -0.35263 -2.1947 -0.148143 1.29835 -0.134479 -0.505814 -0.505814 
0.0333945 0.0333945 -0.138533 -1.32384 -2.06852 0.271142 2.32089 0.855303 -0.16072 0.334684 1.11447 1.42796 0.00911139 -0.296334 -0.515743 -1.90212 -0.88324 0.921798 0.704148 -0.63515 -1.29894 0.209773 1.6459 0.129617 -1.10789 0.0226798 0.383362 -0.043302 -0.043302 
0.271476 0.271476 -0.300116 -1.54206 -0.804178 0.9495 0.726707 0.186914 -1.08137 -2.32707 -0.242595 0.212783 -1.22144 -0.183268 0.968716 0.973525 1.05108 0.53461 0.282728 0.826535 0.973004 -0.00496337 1.22116 1.19343 -2.36111 -0.482177 0.916431 -0.504865 -0.504865 
-0.187983 -0.187983 0.867064 1.93434 0.15482 -2.29799 -1.68968 -0.570013 -0.880137 -0.389491 0.760575 1.28949 1.12882 1.35515 0.419115 -0.782007 -1.32393 -0.901171 0.316291 0.868706 0.821002 -0.529691 -0.416194 0.248476 0.546998 1.26629 -0.183705 -0.81858 -0.81858 
0.470867 0.470867 0.6893 0.395673 0.279383 0.988527 -0.322545 -2.23148 -0.288752 0.320479 -0.584501 1.13444 1.97855 -0.713466 -1.68313 0.235311 0.278805 -1.27461 -0.895117 0.0745839 -0.21922 1.02233 0.388512 -1.6425 0.436118 2.00995 0.0762014 -0.697286 -0.697286 
-0.219538 -0.219538 0.779951 1.53601 1.19502 1.20201 0.203225 -2.42032 -2.40696 0.942512 1.17693 -0.370175 -0.190765 -1.17426 -1.51454 -0.148225 0.771814 0.759184 -0.554732 0.361513 0.127988 -1.40053 -0.187724 0.3042 0.147323 0.0981073 0.405923 0.397806 0.397806 
-0.151705 -0.151705 -1.18717 -1.77276 0.236273 2.43934 0.792424 -1.60966 -0.455783 0.695107 -0.381934 -0.676222 0.127624 0.102295 0.416485 0.905881 -0.213316 -0.189588 1.23438 0.645157 -0.019079 -0.702947 -1.72268 -1.01064 0.253234 1.92198 1.16619 -0.345589 -0.345589 
0.227126 0.227126 0.570835 -0.056759 -0.596966 0.0200962 -0.0030167 -0.633469 -0.440141 0.0881259 1.58441 0.608668 -0.685851 1.53004 0.824746 -0.862818 -1.03474 -0.707815 0.0690139 0.246276 1.87107 0.486906 -2.93768 -2.08138 0.327564 0.952259 0.373416 0.0164826 0.0164826 
-0.321626 -0.321626 -0.0425865 0.559497 0.0870155 -0.603232 -0.177014 1.19355 1.95606 0.945117 0.19626 0.301878 -1.57994 -2.55679 -0.778575 0.130111 0.0368028 0.436007 0.196941 -0.13537 1.39249 1.88974 -0.470355 -1.96369 -1.03363 0.307419 0.382202 -0.0133304 -0.0133304 
-0.0227799 -0.0227799 0.0107703 0.183503 -0.669604 -1.99586 -0.0489515 2.16056 0.968654 0.277588 0.257907 -0.705084 -1.63915 -1.03595 0.537562 0.820486 0.556546 -0.0225368 -0.896677 -0.605251 1.55373 0.971187 -2.18279 -1.08908 1.03139 0.275419 0.274668 0.52827 0.52827 
0.476134 0.476134 0.827596 0.27394 0.35732 0.260306 -0.979451 -0.107518 1.92542 0.62408 -2.57305 -1.76291 0.411078 0.302228 0.721356 0.0890069 -0.919835 -0.0930829 0.195702 -0.672484 0.640338 2.39054 0.382939 -1.52666 -0.353046 0.238583 -0.648396 -0.478133 -0.478133 
