23
0.973104 1.1111 1.23478 1.25705 1.14912 1.02047 0.845646 0.57816 0.248094 -0.0434123 -0.0825683 -0.0296878 0.0660655 0.10534 0.141051 -0.047099 -0.172372 -0.623368 -0.920504 -1.34735 -1.51222 -1.8777 -2.07369 
-1.91158 -1.62876 -1.33433 -1.16914 -0.737677 -0.527775 -0.416005 -0.211479 0.204526 0.445804 1.07374 1.11114 1.2253 1.24352 0.931056 0.872955 1.17199 1.00932 0.547923 -0.111543 -0.0987355 -0.675934 -1.01433 
0.203212 -0.121653 -0.642104 -1.027 -1.24453 -1.11003 -0.611135 -0.291228 0.417016 0.635181 0.182854 0.0692617 -0.640332 -0.959947 -1.09211 -1.12891 -0.839267 0.634519 1.38427 1.11635 1.67562 1.70712 1.68284 
2.07983 1.61479 1.44384 1.49222 1.54313 1.10062 0.212222 -0.55954 -0.835346 -0.727647 -0.71549 -0.887347 -0.765875 -0.856747 -0.455826 -0.170822 -0.315146 -0.345703 0.00870671 -0.16276 -0.762446 -1.07302 -0.861646 
1.09214 1.3267 0.834082 0.676787 0.646039 1.08936 1.25117 1.27162 1.25655 0.676754 -0.27117 -0.400495 -0.679006 -0.406614 -0.0806383 -0.283399 -0.557879 -1.17556 -1.75604 -0.900972 -1.20401 -1.51219 -0.893232 
-0.382627 0.143291 0.840983 0.636354 -0.140593 -0.374126 -0.0263434 0.682053 1.01342 0.0545974 0.641356 -0.231813 -0.0680101 -0.189346 -1.26785 -2.03567 -1.74862 -1.75449 -0.397281 0.769759 0.749625 0.994714 2.09061 
-0.113401 -0.561706 -1.09862 -1.43698 -0.824608 -1.30965 -0.215876 1.32227 2.37712 1.60778 1.28653 1.1746 0.386406 -0.42371 -0.729858 -0.254358 0.139947 -0.104738 0.171069 -0.865024 0.654534 -0.788507 -0.393224 
-0.675784 -1.07547 -1.38255 -1.68124 -1.36089 -0.765048 -1.09631 -0.844769 -0.489079 -0.0106605 -0.258498 -0.0458728 0.350313 0.534638 0.887529 1.5565 1.38601 1.74259 1.07198 0.493124 0.799777 0.486672 0.377047 
1.40898 0.989449 0.737204 0.878701 0.0367998 -0.400448 -0.562 -1.38885 0.192375 0.704829 1.30586 0.0615327 -1.27857 -0.827835 0.190058 -0.78272 -1.63306 -1.15606 -0.657348 -1.18691 0.62039 1.59545 1.15216 
0.718587 0.668608 0.763242 1.08505 0.159498 -1.01012 -2.33909 -1.39956 -0.725976 0.445651 0.293062 0.943471 -0.0734445 0.120332 -0.304177 -1.31606 -0.47141 -1.08319 -0.65833 0.464218 1.0737 1.85071 0.795225 
-1.04291 -0.727041 -0.389083 -0.160527 0.220167 -0.285475 -0.0346707 -0.919558 -1.17808 -0.829573 -0.634628 -0.737888 -1.05787 -1.17776 -0.605062 0.116511 1.44053 1.76452 1.42314 1.22286 1.11551 1.62538 0.851523 
1.64596 1.40327 0.877087 0.265736 0.148609 0.41281 0.493395 -0.668148 -0.424256 -0.945898 -1.32835 -1.04938 -1.07266 -0.759545 0.89754 1.86771 0.985249 0.8062 -0.0956208 -0.696796 -1.70085 -0.350295 -0.711771 
-1.65675 -1.09788 -1.45176 -1.87325 -1.39688 -1.06395 -0.53651 0.57203 0.264001 0.203575 -0.266092 0.244589 1.69739 1.07249 0.92102 0.720979 0.46805 0.821449 0.621384 1.16558 -0.00135086 0.667745 -0.0958582 
1.60551 1.60551 1.25958 0.567272 0.116191 -0.083748 -0.498744 -0.962772 -1.03457 -0.165028 0.86436 1.26761 1.22694 1.04747 0.36769 -0.113498 -0.899158 -1.41286 -1.34069 -0.945339 -0.761897 -0.854906 -0.854906 
0.839676 0.839676 0.646568 0.87151 0.944915 0.420134 0.41131 0.910714 0.971043 1.31893 0.984263 0.140891 0.109408 -0.590893 -0.716178 0.287604 0.11596 -1.13231 -1.94781 -1.16939 -1.03434 -1.61084 -1.61084 
-1.10115 -1.10115 -1.17053 -0.820416 -0.220106 0.607935 0.822231 1.06419 0.946602 -0.394781 -0.778225 -1.07557 -1.31369 -0.646299 -0.319424 0.168095 1.91403 2.44581 0.432758 0.212608 0.558679 -0.115796 -0.115796 
-0.631498 -0.631498 0.270946 0.660909 -0.201926 -1.85297 -2.4317 -1.35493 0.190904 0.697058 0.20568 0.397826 0.540173 1.03136 1.69205 0.733662 0.178996 1.05563 0.807949 -0.869078 -1.11358 0.312021 0.312021 
-0.0840972 -0.0840972 -0.735357 0.0322681 1.03048 1.35051 0.647706 0.353724 -0.643864 -2.19425 -1.44558 -0.333025 0.334622 1.33927 0.549573 -0.448374 -1.13796 -1.64653 0.801147 1.26225 -0.671039 0.861306 0.861306 
0.901145 0.901145 0.220741 -1.15268 -1.1796 -0.132072 0.745205 0.729913 -0.822868 -0.585002 -0.505231 -0.899157 -0.198928 -1.35596 -1.95807 -0.686249 0.0233996 1.0201 2.11251 0.829705 -0.0289655 1.01047 1.01047 
-0.798115 -0.798115 -0.697812 0.350727 0.216911 0.65611 2.50195 2.46643 0.361219 -0.894245 -0.294474 -0.720486 -1.35746 -0.917676 0.255245 0.894298 0.237242 0.129131 -0.592901 0.541823 0.170547 -0.855175 -0.855175 
-1.30214 -1.30214 -1.13163 -0.0724489 1.4376 0.337599 -0.243607 0.916052 1.29904 0.28022 -0.168471 0.918712 0.870939 0.797854 1.61599 0.732468 0.205111 -0.639151 -2.21827 -0.568538 -0.11992 -0.822644 -0.822644 
-0.540074 -0.540074 -0.0950596 -0.562779 -1.02184 -0.482185 -0.791219 0.591161 1.6535 0.876006 -0.51748 -2.05719 -0.712666 1.15771 0.0285718 -1.45332 -0.303351 0.766726 -0.031682 1.0063 2.19977 0.414593 0.414593 
8.0713e-005 8.0713e-005 0.323394 -0.563782 -1.86076 -2.21159 -0.37742 1.36405 1.56588 0.847427 0.394164 -0.357475 -0.754573 -0.239402 -1.28787 -0.184183 0.163751 -0.201302 1.30691 1.46746 1.16698 -0.280916 -0.280916 
0.598586 0.598586 0.483018 0.539583 -0.432222 -0.604148 -1.10613 -1.78029 -0.14773 0.452495 -0.14548 -0.827058 -0.849066 0.332517 1.4463 2.44076 1.91451 -0.28985 -0.983798 -0.674023 0.265952 -0.616259 -0.616259 
-0.556437 -0.556437 -0.898505 -0.518954 0.293439 0.476889 -0.846009 -0.694482 -0.10074 -0.681903 0.0609563 0.394222 0.425903 1.98505 2.59471 0.238357 -0.827961 -0.845927 -1.2376 -1.33246 0.47848 1.0747 1.0747 
0.076555 0.076555 -1.27452 -0.130307 0.909399 0.979777 2.04868 0.897282 -0.713727 -0.936489 -0.14942 2.50003 0.935024 -1.2759 -0.690372 -0.830201 -0.0674801 0.00537396 0.26832 -1.06416 -0.892033 -0.336188 -0.336188 
-0.132944 -0.132944 -0.948175 -1.072 -0.492207 -0.449713 -0.760696 -0.356559 1.21381 2.51052 1.96143 0.701373 0.0151852 -0.737409 -1.0927 -1.21738 -1.25568 -0.245521 0.824953 0.955978 0.380902 0.164887 0.164887 
0.0701146 0.0701146 0.365238 0.714901 -0.26873 -0.376614 0.967108 1.05784 0.859046 0.340817 -1.2221 -0.824331 -0.636623 -0.759691 1.47605 1.41523 -1.53944 -2.38417 0.27482 1.52193 -0.255716 -0.432892 -0.432892 
-0.104472 -0.104472 0.193577 0.763677 1.17053 0.841921 0.342999 0.0604667 -1.28742 -1.51373 -0.624959 -0.501247 0.320027 0.801001 0.647876 1.8559 1.89359 -1.3064 -1.94651 0.0617858 -0.324975 -0.619581 -0.619581 
0.514165 0.514165 0.792963 -0.469094 -1.92827 -1.72516 0.225037 1.74397 1.33602 -0.120458 -0.344953 0.108118 0.321916 0.692491 -0.343859 -1.21275 0.0991613 0.318637 -1.50706 -1.50479 0.713385 0.888188 0.888188 
-0.504295 -0.504295 -0.00271288 1.07509 0.78262 -0.328861 -0.730071 -0.922687 -1.74364 -0.602604 1.13741 1.08447 1.01396 0.0617047 -1.24683 -1.18142 -0.861647 1.1883 1.8219 -1.04071 -0.340731 0.922518 0.922518 
-0.531044 -0.531044 -1.56482 -1.07294 0.749308 1.4299 0.62991 -1.19919 -1.00864 0.22018 -0.255369 0.21165 -0.362742 -1.34301 0.485188 1.47255 1.26547 1.55357 -0.162217 -1.63079 0.117153 0.763474 0.763474 
0.107643 0.107643 0.883368 0.710164 0.259364 1.72394 1.37274 -1.5503 -2.45284 -0.451654 0.161987 -0.752976 -0.112446 1.22654 1.37396 0.020119 -0.532644 -0.580715 0.338753 0.598248 -1.00008 -0.725407 -0.725407 
0.122778 0.122778 0.978603 2.06097 0.316329 -1.37342 0.452401 1.23148 -0.528749 -1.20075 0.500913 0.824857 -0.112647 0.587012 -0.0678246 -1.15499 -1.12327 -1.9731 0.0420636 1.68048 -0.220312 -0.582799 -0.582799 
0.262384 0.262384 -0.0296248 -0.594065 0.0348665 0.128535 0.654668 1.51085 0.162387 -1.37085 -1.84672 -0.137309 1.9917 0.447324 -1.64558 -0.222678 1.37058 0.15416 0.134119 1.3777 -0.384865 -1.12998 -1.12998 
0.277854 0.277854 -0.343626 -1.47866 -1.10294 1.09047 2.55616 1.41268 -0.310535 -0.769441 -0.792684 -0.75334 0.13408 -0.322214 0.0900506 1.06825 0.0393762 0.852172 1.22036 -0.0466593 -1.1734 -0.962904 -0.962904 
0.0242277 0.0242277 0.065195 -0.554933 -0.720417 -0.380148 -0.743891 0.802046 1.72502 0.109557 -0.818786 -0.401642 0.947747 1.77034 1.63482 0.447032 -1.86971 -1.99117 -0.170309 1.01306 0.149763 -0.531012 -0.531012 
-0.368527 -0.368527 -0.0859274 0.773643 0.627634 -0.962227 -0.985996 0.441065 -0.104469 0.00655789 0.687409 0.157891 1.07064 1.50098 -1.41436 -2.66223 -0.921154 -0.41884 -0.47609 1.1639 1.67845 0.330091 0.330091 
-0.794765 -0.794765 -0.0846492 1.3991 0.732665 0.750783 -0.00746533 -1.67065 -1.09433 0.393949 2.17648 0.716752 -2.29966 -0.96501 0.320338 0.430307 0.562301 0.252134 -0.620037 -0.676398 0.495523 0.388697 0.388697 
