52
-1.26832 -0.936365 -0.66872 -0.191624 0.206897 0.662532 0.952977 1.03246 1.09698 1.01608 1.01551 1.06075 1.12181 1.17448 1.18496 1.1385 1.15446 1.12146 1.11711 1.08739 1.06787 0.926248 0.860913 0.607468 0.180643 -0.0135409 0.458229 0.807116 0.875703 0.783677 0.218074 -0.115848 0.0931692 0.218013 -0.210336 -0.474918 -0.795493 -0.641452 -0.860431 -0.761298 -1.16842 -1.22132 -1.47383 -1.10699 -1.15647 -1.08686 -1.53654 -1.20792 -1.44368 -1.58221 -1.64293 -1.67597 
-1.05103 -1.83249 -2.55098 -2.31413 -1.34664 -0.985236 -0.976522 -0.822844 -0.951177 -0.255957 -0.0705642 -0.0581376 -0.0284023 0.179277 0.257032 0.17601 0.0102625 0.261991 -0.0351757 0.196333 -0.0294334 0.908044 1.24348 1.45758 1.86086 1.39127 0.81159 0.913722 0.367186 -0.190299 0.483148 0.655965 0.124097 -0.570494 0.869488 0.940066 1.30446 0.706069 1.51347 1.93245 1.22599 0.439872 -0.541327 -0.137959 -0.250307 -0.516114 -0.850366 -0.208666 -0.580678 -0.906526 -1.09188 -1.07638 
2.23175 2.58291 2.30922 1.23968 0.887263 -0.0565324 -0.386887 -0.377233 -0.424857 -0.690019 -0.908455 -1.20177 -1.05618 -1.08484 -1.10698 -0.819787 -0.631532 -0.776139 -0.720755 -0.704291 -0.95432 -1.67175 -1.61351 -0.827067 -0.66437 -0.132778 -0.733006 -1.62563 -1.10072 -0.661589 -0.0439189 -0.0223893 -0.270691 -0.110748 0.48818 0.628165 0.998423 1.23429 1.12698 0.917867 0.736828 0.835227 0.175883 0.939572 0.604258 0.840389 0.71765 0.74092 0.202156 0.274239 0.346576 0.32032 
-0.74223 -1.05556 -0.564673 0.166288 0.849302 1.90549 2.32132 2.22722 2.40391 1.83502 1.75321 2.00977 1.47559 1.06833 0.501665 0.0872938 -0.271942 -0.618208 -0.84147 -0.990097 -0.723759 -0.327304 -0.250143 0.142904 -0.169423 -0.175033 0.573169 0.856251 0.400881 0.231998 -0.305398 -0.96047 -0.338262 -0.161536 -0.550791 -0.389756 -0.520554 -0.356228 -0.642566 -0.797936 -0.91373 -0.705094 -0.834948 -0.541109 -0.893254 -0.989628 -0.78422 -0.606823 -1.016 -0.73337 -0.572541 -0.465558 
1.62981 1.73064 2.13882 2.1113 1.91957 0.927001 0.00247941 -0.216307 -0.574001 -0.141973 0.252067 -0.302616 -0.100757 -0.0117591 -0.235544 -0.0685063 0.0142299 -0.409319 -1.16713 -0.987651 -1.06308 -0.376149 -0.0824571 0.477111 1.20858 1.65116 0.501749 -0.81442 -1.07126 -1.36162 -1.00095 -1.00428 -1.36364 -1.98585 -1.42301 -1.14158 -0.880689 -1.50507 -0.7886 -0.394259 0.17043 0.322527 0.448868 0.579258 0.211156 0.097446 0.843359 0.369418 0.246017 1.16941 0.834898 0.615169 
0.323696 -0.513132 -0.487725 -0.646451 0.0114837 0.788337 1.3636 0.587333 0.861084 0.283905 -0.26045 -0.0158368 -0.831864 -1.70345 -1.99444 -0.984759 -0.251581 0.366622 0.266815 -0.241504 -0.180757 -1.05333 -1.51527 -1.83414 0.228774 0.323588 -0.262388 0.53135 1.93452 2.09174 1.479 1.79396 1.58463 0.850085 0.220736 -0.252795 -1.15125 0.44215 -0.173959 0.0630252 -0.476416 1.47061 0.636437 -0.732371 -1.05382 -1.57364 0.046689 -0.685678 -1.66012 0.311547 0.905524 0.76987 
1.50934 1.73724 1.0118 0.751777 0.0959044 -0.640884 -1.23632 -1.14498 -1.37738 -1.20009 -1.06936 -1.2772 -1.36067 -1.30276 -1.40664 -2.00385 -2.2777 -1.91903 -0.644448 -0.537582 -0.0189307 -0.012713 -0.272563 -0.0466836 0.380612 0.760005 0.668145 0.0194926 -0.498023 -0.733024 -0.130764 0.054504 0.00865674 -0.309944 0.53724 0.690805 1.14272 1.21 0.529819 0.632365 0.551305 0.970528 1.18033 0.624011 0.285087 0.152396 1.14158 1.34565 0.65058 0.859704 1.02828 0.891648 
-0.941225 -1.45847 -1.55162 -1.45949 -1.34492 -1.3038 -0.726885 -0.717131 0.0152781 0.230949 -0.0337813 -0.179134 -0.322652 -0.149331 0.365177 0.866716 0.768132 1.16424 1.5666 2.06269 0.57657 -0.508651 -0.619837 -1.29943 -0.501391 -0.109704 -1.63047 -1.09212 -0.15496 0.696213 0.236315 0.634284 1.21565 2.36239 2.14383 0.675611 0.733351 0.856644 0.271114 1.22148 -0.417624 0.365917 -0.203943 -0.275793 -0.575666 -0.263373 -0.951731 1.59013 0.248658 -1.08445 -0.014037 -0.976319 
1.47676 0.457479 1.71618 1.82532 1.37217 1.37333 0.741698 0.626216 0.298444 0.21585 0.21783 0.684369 0.738733 0.258981 0.450832 -0.0749935 -0.138236 0.357995 0.667529 0.0625869 0.98094 1.08854 0.0696027 -0.0537965 -0.187834 0.0347049 0.487255 0.442472 -0.435135 -1.25661 -1.82539 -1.67593 -1.49528 -2.51871 -1.8774 -1.79087 -1.57599 -0.920182 -1.14976 -0.709866 -1.0954 0.0995033 0.0131761 0.489413 -0.388967 -0.384997 -0.299626 0.759765 -0.19857 0.579289 1.3179 0.148682 
1.15189 0.120838 0.14775 -0.24482 -0.823962 -1.2026 -0.959918 -1.10967 -0.876504 -0.834917 -0.514618 -0.754424 -0.297574 0.649952 1.80533 2.16708 1.54202 1.19486 1.4729 1.49872 0.894503 0.201148 -0.0822171 -0.176767 -0.257242 -0.638041 -1.58532 -0.849684 0.426511 1.21355 0.737207 0.316539 -0.206992 -0.759991 -0.592048 -0.810764 -1.0986 -0.718291 -1.13701 -1.40221 -0.995721 -0.363317 0.100987 -0.317119 -0.932933 -1.4602 0.800938 0.436191 0.997057 0.538126 1.90034 1.68904 
0.0849341 -0.554485 -0.607678 -0.765078 -1.54453 -1.60045 -1.75706 -1.34412 -1.28169 -1.41067 -1.41629 -1.31634 -1.21559 -0.922438 -0.168029 0.0698277 0.235844 0.706586 1.04804 0.564045 0.930765 1.41331 1.75306 0.814767 -0.0214429 0.385837 1.1372 1.64277 1.56027 1.49566 1.38759 1.38952 0.859811 1.15328 0.865273 0.763841 0.775873 0.241885 -0.557342 -0.656092 -0.77426 -0.277442 -0.331848 0.332449 0.0597557 0.565379 -0.151957 -0.479872 -0.621351 -1.2102 -0.574003 -0.677321 
1.02917 1.20059 0.30072 0.347018 -0.206148 -0.531946 -0.608606 -0.535158 -0.537705 -0.735658 -0.537186 -0.471001 0.0492558 0.31239 0.416739 0.146054 -0.256438 0.04558 0.547977 0.562285 0.133108 -0.505145 -0.0487598 0.0336401 0.547093 0.331816 0.272441 0.281419 1.2562 1.7043 1.385 0.625218 1.28936 1.95517 1.66574 1.72067 2.29875 -0.181056 -0.180968 -0.616112 -0.502018 -1.92263 -1.22281 -1.82551 -1.33895 -1.18964 -1.10282 -1.55329 -0.337916 -0.647009 -1.14856 -1.71467 
0.462163 -0.261273 -1.06293 -0.302327 -0.642162 -0.613378 -0.431626 -0.221392 0.266018 0.422768 0.422575 0.676043 0.335583 0.581226 1.15169 0.763174 0.482912 -0.273122 -1.04007 -2.02558 -1.48579 -1.11221 -1.49397 -1.29988 -1.47503 -1.79372 -1.76357 -1.46794 -0.895512 -0.857744 -0.515822 -0.0983351 0.450609 1.51932 1.68901 1.30757 1.37528 1.05031 1.1592 1.54943 1.09221 -0.0602433 0.94837 0.791082 1.04508 0.864052 0.564716 -0.72679 -0.251343 0.227501 0.276515 0.697356 
1.48222 1.48222 1.83415 2.15149 2.09945 1.8374 0.925331 0.377522 -0.0113485 -0.169165 0.136673 0.286116 0.304146 0.181488 -0.0588888 -0.0455834 -0.0129345 -0.0622048 -0.054258 -0.0910126 -0.362343 -0.473449 -0.744582 -1.62109 -1.4774 0.701434 2.01822 1.04062 -0.0284644 -1.56619 -2.15272 -0.274491 0.837885 -0.707546 -1.65179 -1.39047 -0.37543 -0.129089 -0.262223 -0.718411 -1.08706 -0.712159 0.305596 0.797855 0.0771728 -0.893173 -0.265164 0.253526 -0.879178 -0.454761 -0.19897 -0.19897 
-1.95386 -1.95386 -0.610952 1.61244 1.77669 0.512302 0.238364 0.0576323 0.771795 1.18552 0.285084 0.0798093 0.337301 0.400626 0.0198988 -0.301221 0.137596 -0.0357139 -0.0623791 0.0317807 0.962783 1.70287 0.748912 0.838392 -0.0632376 -1.35953 -0.605563 -0.561852 -1.43173 0.177133 1.14023 -0.449293 -1.59319 1.0072 2.01627 0.597825 -0.284378 0.299846 1.64151 -0.354905 -1.94414 -2.30646 -0.737811 0.407994 -0.474487 -0.767124 0.429657 0.379861 -0.896099 -0.649947 -0.199788 -0.199788 
0.251354 0.251354 -2.05468 -2.18246 -1.97835 -1.94254 -0.394935 0.0639835 -0.382089 -0.659345 -0.705048 -0.114165 0.315411 0.043148 0.555848 0.897354 0.196463 -0.0192092 0.242236 -0.253499 -1.44473 -0.944359 1.49667 1.66623 1.25256 0.0142084 -2.29752 -0.471239 1.69041 1.84097 1.16314 -0.242474 -0.0178064 1.35739 1.32499 0.953826 1.10945 0.334278 -0.387989 -0.507661 -0.00852217 -0.784892 0.294984 0.820939 -0.0353765 0.309668 -0.0358388 -0.711117 -0.631887 0.360033 0.200413 0.200413 
0.24251 0.24251 1.88292 2.18472 2.6956 2.2759 0.468979 0.0933335 -0.652478 -1.05855 0.238095 -0.472497 -1.51525 -1.56628 -1.57745 -1.25162 -1.14463 -0.931038 -0.620581 0.148501 1.00474 0.707572 0.702219 0.0903955 -0.535831 1.13009 1.58358 -0.307041 -1.017 -1.14585 -1.90958 -0.0880276 1.21859 -0.370251 -0.3949 0.0110936 0.0162636 -0.228063 -0.730254 -0.462358 0.109436 0.0873511 0.221192 -0.127993 -0.740954 0.134873 0.564922 -0.400495 -0.235188 0.660203 0.384288 0.384288 
0.683813 0.683813 0.523238 -0.22724 -1.43447 -2.35117 -1.38319 -0.674112 0.140035 1.08043 -0.153912 -0.394325 0.410898 -0.121567 -0.0239428 0.359504 -0.379299 -1.4308 -0.676428 0.17721 0.812015 1.27377 1.11445 1.66209 1.51574 -0.837172 -3.03731 -1.92074 -0.63748 0.135001 0.494063 -0.406663 -1.18087 -0.0272274 1.10321 0.72547 -0.407666 0.162246 1.43663 1.24676 0.943721 0.395363 0.368208 -0.250323 -0.555684 0.837912 0.387274 -0.70021 1.04781 0.783717 -0.646294 -0.646294 
-0.724829 -0.724829 -0.140043 0.405439 1.21227 1.14097 -0.198414 -0.45843 -0.286743 -0.992265 -0.283564 -0.51785 -1.48044 -1.02766 0.594719 1.47794 1.14034 0.421986 -0.54951 -0.411051 -0.725174 -1.17594 -0.698431 1.47897 1.83572 -0.448641 0.1541 1.86951 1.32059 -0.417906 -0.281874 0.0660236 -0.839057 -1.20128 -0.976178 -1.20825 0.574238 0.81773 -0.352022 -0.285906 1.18881 0.934637 -1.92489 -1.48272 -0.75057 0.923993 0.740695 -1.497 0.834921 2.1875 0.37018 0.37018 
-0.666873 -0.666873 -1.36954 -1.26937 -1.95596 -1.86892 -0.676328 -0.153508 -0.02972 0.49321 -0.0614118 -0.369881 0.0128232 -0.0165644 -0.96002 -1.20479 0.171785 2.40171 2.03908 0.950452 0.805507 -0.315625 0.000713554 0.990282 1.21136 0.463715 -1.01679 -1.62978 -1.03408 0.578531 1.18377 0.250417 -0.475212 0.810856 1.49083 0.921599 0.797342 -0.833016 -0.782234 0.0805773 0.536629 0.955501 -0.449389 -1.23961 -0.629544 1.28309 1.76806 -0.657468 -0.650188 0.593573 0.0956383 0.0956383 
-0.638147 -0.638147 -0.0187707 0.19236 0.140522 0.610457 0.57857 0.736621 0.94592 -0.0675953 -0.434549 -0.311345 0.0125632 0.681395 1.015 0.391842 0.284684 0.793849 0.895468 -1.02402 -2.6313 -1.23379 -0.821494 0.102661 1.19153 -1.16535 -1.01628 1.48201 1.79997 0.37997 -0.080676 0.977685 1.73875 0.925696 -1.73221 -1.45137 0.166276 -0.487559 0.353094 -0.71778 -0.887341 0.199461 -0.669979 -0.395558 -0.00510597 -0.399971 1.86621 1.20237 -2.73623 -0.28474 0.0921723 0.0921723 
0.358915 0.358915 1.96549 -0.471741 -0.625474 -0.879595 -1.04566 -0.61304 -0.566216 -0.0967336 0.685089 0.75967 -0.587603 -0.391858 -0.457454 -0.820642 0.634502 1.16524 -0.402545 0.464254 1.47872 -1.27947 -1.60835 -0.348484 0.144042 0.97919 0.598594 -1.2952 -2.40102 -1.96133 -0.578958 0.488023 -1.18186 -0.525988 1.0543 0.447156 1.25767 0.624883 0.317474 0.0954372 1.17037 1.59636 0.57317 -0.554509 -1.22689 0.145238 1.64788 0.161916 -0.238913 2.1771 -0.595034 -0.595034 
-1.10597 -1.10597 -0.434421 -1.07186 -1.0572 -0.192823 0.0479195 0.0379064 0.239149 0.330799 0.0348342 0.178457 1.42727 2.16197 1.54587 -0.32678 -1.0724 -0.122522 0.269766 -0.658174 -1.41459 -1.07713 -0.447312 -0.233915 -0.534987 -1.44668 -0.272429 2.06618 2.12024 0.276958 -0.993285 -1.04292 -1.1821 -0.454822 -0.10323 -0.582613 0.0474353 -0.0902239 -0.769164 0.0987792 1.04287 1.10367 -0.00123708 -1.13729 -1.2521 1.77383 1.94477 0.156448 0.0573862 0.900234 1.16069 1.16069 
-1.03884 -1.03884 -0.29646 -1.41501 -1.25872 -0.299448 0.422675 0.760039 -0.0746153 -0.179423 0.173176 0.336987 0.634551 1.6413 1.55613 0.649913 1.00859 1.27879 -0.191649 -0.152732 1.33588 1.29435 -0.893959 -2.70512 -0.632733 1.81237 1.96376 0.679485 -0.198694 -0.238067 -0.135584 -0.78498 -0.33596 0.0362987 -0.571911 -0.109804 -0.776008 -2.02547 -1.35514 -0.306201 0.611066 0.709268 0.967211 0.631017 0.386635 -0.298184 -1.58196 -0.695055 -1.09693 0.100809 0.848602 0.848602 
-0.769013 -0.769013 -0.930468 -0.483093 -0.963229 -0.348365 0.166805 0.262438 -0.0877664 0.171619 0.512453 0.927671 1.18181 0.645136 -0.043683 -0.697691 0.0413021 1.20894 0.837686 -0.364381 -1.20642 -0.063725 0.866177 0.939815 0.555705 -0.183451 0.10592 1.44035 2.00698 0.337147 -1.22145 0.0475434 1.88706 0.656618 -0.131636 0.987765 -2.28296 -3.02879 -0.390429 -0.24332 -1.51493 -0.759127 0.296265 0.0210845 0.991451 0.475646 -0.298285 1.15795 1.34038 -0.87507 -1.20671 -1.20671 
-1.94624 -1.94624 -0.0456266 0.545836 -0.391413 0.276585 0.50897 0.900427 0.831929 0.207454 0.331322 -0.104458 -0.114481 1.05215 0.239973 -0.849559 -1.32024 -1.94354 -2.23743 -0.563882 1.17671 -0.00351884 -0.233397 0.0311979 -0.625511 -0.36258 0.424185 1.11868 0.788429 0.493222 0.979529 1.24466 2.07869 1.59297 -0.264246 -0.39484 -0.322514 -0.269777 0.646178 -0.0788403 -2.05457 -0.177271 1.09725 0.130803 0.100405 -0.608246 -2.03044 -1.03818 1.22911 0.682981 0.608697 0.608697 
0.338228 0.338228 0.60331 0.265863 -0.218119 -0.936527 -1.17523 -0.738187 -0.412413 0.167898 0.424561 0.184147 -0.0431484 -0.259003 -0.145428 0.0826382 0.0303668 0.0097323 0.020187 -0.213102 -0.27521 -0.275045 -0.91441 -0.567896 1.98433 2.96426 0.327587 -1.66541 -2.1333 -1.73021 1.12325 2.5424 -0.317493 -2.03545 -0.526215 1.11044 1.09792 0.138816 -0.448028 -0.64476 0.0494731 1.20758 1.30561 -0.146558 -1.36832 -0.241713 1.00212 -0.468654 -0.547403 0.612451 0.257922 0.257922 
0.831869 0.831869 2.3223 1.5322 -0.805806 -1.09954 -0.373123 0.289242 0.687733 -0.394601 -0.809544 -0.0333359 0.146718 -0.281107 -0.538816 0.0105586 0.109641 -0.202391 -0.0230945 0.618869 1.05186 -0.211705 -0.647832 -0.612756 -1.5417 -0.431882 0.466377 -0.622152 0.427033 1.65575 -0.488258 -1.90066 0.908007 2.35123 -0.342758 -1.61056 -0.268087 1.22266 -0.507246 -2.47195 -1.37654 0.740314 1.75127 0.108178 -0.856069 0.537747 0.700533 -0.957049 -0.758662 0.398427 0.233422 0.233422 
-1.58815 -1.58815 -1.67807 0.0884623 0.203591 1.1491 1.44686 0.0437894 -0.474301 -0.192538 0.418425 0.752908 0.145459 0.203959 0.635905 -0.218172 -0.610293 0.0669622 -0.130136 -1.15247 -0.451451 2.10479 1.87198 -0.137048 -1.12788 -2.46366 -0.30689 2.8413 1.66199 -0.336319 -1.4315 -0.796357 1.16067 0.979759 -0.249263 -0.11694 -0.401265 -1.01909 -0.557775 0.301803 -0.160356 0.248345 1.16487 -0.197746 -0.325064 0.0344233 -0.68364 -0.384726 0.788582 0.620489 -0.0775855 -0.0775855 
1.36245 1.36245 1.61805 0.661436 0.0503755 -1.91261 -1.87529 -0.976622 -1.00239 0.727399 0.469498 -1.51178 -0.953185 -0.0795211 0.239652 0.339722 0.244661 0.416986 0.887438 1.34967 0.446645 -0.28305 -0.549539 -1.07537 0.853693 1.76812 -1.24397 -2.22932 -0.737245 -0.782779 0.869048 2.62246 -0.265862 -1.39334 0.296126 0.32138 -0.229387 -0.65908 -0.22527 0.684306 0.438716 0.0678061 -0.20922 -0.841699 0.195784 1.07913 -0.480253 -0.704467 0.871481 0.497803 -0.260518 -0.260518 
-0.0556797 -0.0556797 -0.585775 -1.32508 -1.44248 0.0939613 1.24232 1.13366 1.29705 -0.149887 -0.983943 0.456691 0.250401 -0.249406 0.397543 -0.193263 -1.20683 -0.152135 1.19354 1.10909 0.83229 0.271361 0.332025 0.341191 -1.70759 -3.15827 -0.707627 1.75284 1.5098 0.856998 -0.32486 -1.12534 0.325753 1.67109 0.589403 -1.00946 -0.340088 1.36045 0.823781 -0.290421 -0.543639 -0.348769 -0.398335 -0.594845 0.826408 0.723793 -1.0287 0.524307 1.1059 -1.13888 -0.952338 -0.952338 
0.358061 0.358061 0.702916 0.843293 0.453363 -0.903476 -1.02278 -0.0674825 -0.349132 -0.00963114 0.288285 -0.76831 -0.333942 1.30028 1.5724 0.333301 -0.679219 -1.07997 -0.538288 -0.122695 -0.495204 0.00526601 1.6668 1.59045 -1.23028 -1.07476 1.4539 0.725816 -1.45775 -1.02472 0.2943 -0.363893 -0.812829 -0.098329 -0.0160507 0.968535 1.26919 -0.597224 -0.709361 0.962474 0.759988 -1.98012 -1.5399 0.730764 1.50989 0.931139 -1.54219 0.0479291 2.3177 -0.305451 -1.16055 -1.16055 
-0.497483 -0.497483 -0.427184 -0.415902 -0.42512 0.893616 1.19943 0.449386 0.449463 -0.0266183 -0.610062 0.0477171 0.243566 -0.687082 -0.838232 0.789878 2.52652 1.30602 -1.02281 -0.870055 -0.892861 -0.569151 0.912057 0.845206 -0.373902 -1.56801 -1.47351 -0.0165099 1.54533 1.55202 -0.234636 -1.16858 0.388916 1.37531 0.0733369 -0.49104 -1.2357 -1.11286 0.636746 0.921149 0.60961 -0.696328 -1.54483 -0.130804 1.76596 1.67817 -1.36619 -1.70141 0.873554 0.519014 -0.353809 -0.353809 
0.364178 0.364178 0.498569 0.0713199 0.236058 0.248756 0.0502322 0.203755 -0.541986 -0.908789 -0.18523 0.254526 0.601836 0.608011 -0.214385 -0.494948 0.225815 0.358709 -1.18721 -2.27498 -0.1636 1.12192 0.820617 1.25128 -0.837206 -1.43542 1.65506 1.76256 -0.73156 -1.22717 0.35039 1.12805 -0.0631683 -2.23946 -1.54316 1.17837 0.583423 0.0888401 -0.176619 -0.819653 0.553779 0.108283 -0.408825 0.393138 -0.0328842 1.16108 0.98987 -2.95968 -0.976672 1.77029 0.209842 0.209842 
1.07238 1.07238 -0.496729 -1.63003 -0.224526 -0.232468 0.209661 0.346723 0.370453 0.843649 0.589409 -0.781314 -0.703308 0.121843 -0.238002 0.74106 1.31657 -0.629605 -0.413247 1.24922 -1.08457 -1.94942 0.637426 1.16625 0.892816 0.330695 -1.42622 -1.89312 -0.3908 1.21111 1.61496 -0.350099 -0.614774 1.4777 0.664568 0.168982 0.152474 -0.56725 -0.302808 0.587152 1.00436 -0.34643 -1.34669 -1.12084 0.488553 1.88885 0.0487895 -1.17668 1.33544 -0.191221 -1.74666 -1.74666 
0.396275 0.396275 -0.0496659 -0.509218 0.541431 0.699599 0.0878872 0.0602535 0.131375 -0.216464 -0.180104 0.900601 1.31411 0.00943923 -1.81462 -1.90523 0.0693682 0.86543 -0.448263 -1.25188 -0.366619 0.603163 0.516369 -0.134864 -0.921959 0.110153 2.38402 1.60035 -1.32524 -2.25171 -0.996895 -0.205622 0.337897 0.681236 -0.162928 0.0318749 0.27094 -0.644808 0.0586958 1.19414 0.62948 -0.803966 -1.64127 -0.948614 1.96305 2.16295 -1.20502 -1.39391 0.446814 0.698327 0.108683 0.108683 
0.458393 0.458393 -0.341341 -0.760379 0.725205 1.12976 0.685113 -0.427941 -0.744083 0.104772 0.296828 0.257479 0.860156 0.586511 -0.781206 -0.463865 0.377238 -0.930533 -1.09589 1.01975 0.962232 -1.66667 -2.93191 0.114378 3.1575 1.78403 -0.882377 -1.61849 -0.728417 -0.0272696 -0.463421 -0.215655 0.5148 -0.241091 -0.176851 -0.218316 -1.44204 -0.486454 1.15684 1.33339 0.653641 0.182243 -0.128339 -0.487489 -0.736746 -1.47989 -0.356144 0.274391 0.496629 1.31861 0.46226 0.46226 
-0.0917883 -0.0917883 0.212078 -0.00437666 0.109385 0.785415 0.432744 -0.155034 -0.0438107 0.425555 0.5314 0.472513 -0.174029 -0.814501 -0.894198 0.0755986 1.31289 0.558794 -1.05075 -1.37052 0.222086 1.42562 0.699498 -0.193004 -0.745068 -0.287627 1.12079 1.30911 -0.731443 -2.17494 -0.178829 2.12924 0.43157 -1.35326 0.242796 -1.44334 -2.71024 1.30332 1.90982 -0.745906 -0.332471 1.24807 0.547809 0.490059 0.326622 -0.858138 0.481308 1.13089 -1.36299 -1.71216 -0.207381 -0.207381 
1.2981 1.2981 1.73255 -0.351973 -0.295755 0.563388 0.360257 0.139247 -0.606995 -0.465695 -0.327092 -0.42544 0.751594 0.162382 -1.49486 -1.24402 -0.901551 -0.771693 0.915433 2.40984 0.31363 -1.13376 -0.0724786 -0.386003 -0.387225 0.673064 0.990065 0.169573 -0.557402 0.042391 0.453984 0.709401 0.157867 -1.81896 -1.55811 -0.14078 -0.00611539 0.613564 0.0422713 -2.08179 -0.170281 2.21715 0.128313 -0.8302 -0.64084 -1.66317 -0.413781 2.2963 1.16628 -0.553701 -0.152544 -0.152544 
