55
0.121659 0.152369 0.196984 0.2321 0.280846 0.308017 0.308856 0.322856 0.323521 0.467388 0.49632 0.641117 0.780212 0.917823 0.929997 0.960882 0.997264 0.92412 0.90832 0.9981 0.995914 1.07186 1.16383 1.12519 0.968621 0.828904 0.852678 0.750142 0.639998 0.535943 0.393681 0.313475 0.132563 0.17107 0.0306492 -0.0196193 -0.00957157 -0.0532392 -0.0213938 -0.28774 -1.04278 -1.91623 -2.25355 -2.51886 -2.50245 -1.8956 -0.952553 -0.281722 -0.393616 -0.603302 -0.857614 -0.811684 -1.39798 -1.49727 -1.9265 
-1.13186 -1.36796 -1.59453 -1.42901 -1.2769 -1.38168 -1.06367 -1.07427 -0.53113 -0.762444 -0.60096 -0.784116 -0.922554 -1.288 -1.08452 -0.691696 -0.454163 -0.34752 -0.233821 -0.484178 -0.151678 -0.159998 -0.18358 0.324201 0.601242 0.810878 0.887634 1.20843 1.14138 0.715655 0.816309 0.52486 0.819712 0.941767 1.52497 1.67134 1.24973 1.16639 1.39539 2.42681 1.98414 0.729359 -0.0575834 -0.914057 -1.35009 -1.06836 -0.0777723 -0.176343 0.661995 0.359293 0.39702 0.831923 0.236296 -0.188514 -0.593762 
0.541822 0.294412 0.545063 0.204313 -0.180596 -0.221102 -0.705993 -0.633568 -1.06176 -1.15064 -1.02878 -1.01406 -1.25007 -0.788116 -0.928053 -1.41642 -1.61688 -1.38008 -1.58497 -1.10607 -1.12181 -1.05039 -0.763421 -0.846767 -0.691179 -0.0295074 0.0945107 0.28305 0.160946 0.229473 0.207669 0.703098 1.14108 0.840348 0.792507 0.290804 0.775715 1.28427 0.896128 0.0812636 0.66516 0.834379 2.54118 2.18127 1.92127 1.05853 -0.106735 -0.268737 -0.242109 -0.858752 -0.54231 0.191249 0.696395 1.39332 1.73965 
1.57643 1.66419 1.67497 1.695 1.64989 1.60076 1.58304 1.46599 1.4138 1.34244 1.09749 1.17377 1.16268 0.899905 0.751261 0.647379 0.389764 0.193332 0.0670643 -0.0687849 -0.215901 -0.330506 -0.552291 -0.835001 -0.981874 -1.40849 -1.55319 -1.71199 -1.59807 -1.23395 -1.14912 -0.985681 -0.812569 -0.63334 -0.26252 -0.254309 -0.383625 -0.308074 -0.114522 -0.415827 -0.550482 -0.692332 -0.481891 -0.520358 0.0994269 0.508211 0.65079 -0.289919 -0.415341 -0.362983 -0.60836 -0.775598 -0.877178 -0.999046 -0.924487 
0.635823 0.374795 0.390238 0.665535 0.64163 0.758905 0.921096 1.00079 0.885183 0.730613 0.945236 0.614133 0.647388 0.559347 0.647151 0.495975 0.486349 0.395949 0.285615 0.027516 0.0188133 0.037918 -0.265842 -0.125725 -0.476762 -0.675733 -0.402524 -0.610427 -1.26515 -1.84797 -1.99822 -2.27588 -2.31592 -2.26333 -1.83247 -1.01073 -0.610938 -0.697847 -0.61702 0.445052 1.12774 1.02796 1.05589 0.638346 1.60354 1.92757 1.05476 0.31452 0.521966 0.0366825 -0.170986 -0.36469 -0.885145 -1.08584 -0.120861 
0.645972 0.61305 0.104794 0.0619519 0.338674 -0.076227 -0.405433 -0.838753 -0.773692 -0.847231 -1.13166 -0.896817 -1.04004 -1.0811 -1.17907 -0.964837 -0.914956 -0.786194 -0.68621 -0.275863 -0.0705444 -0.21125 -0.134168 -0.231715 -0.974832 -1.10705 -1.20233 -1.14776 -0.327682 -0.0676073 0.318994 0.119865 -0.339305 -0.281157 -0.391049 -0.457907 -0.7336 -0.842109 -0.583961 0.565273 1.6417 1.96922 2.81609 2.25593 2.29501 2.07032 1.19838 1.01907 0.400622 0.0750717 -0.504478 0.401923 1.00286 0.78256 0.80926 
-1.69221 -1.3192 -1.12933 -1.18549 -1.07735 -0.923174 -0.854818 -1.10773 -1.28492 -1.21188 -0.829294 -0.668367 -0.633426 -0.527398 -0.500991 -0.653335 -0.401207 -0.436987 -0.376489 -0.368706 0.0935835 0.306986 0.61861 0.997255 1.52302 1.49582 1.14681 1.30355 1.45114 1.44576 1.44602 1.55419 1.85579 1.92856 1.34249 0.847892 0.475823 0.618207 -0.206052 -1.04905 -0.739102 0.366159 1.06615 1.03172 0.70602 0.17784 -0.552886 -1.09098 -1.03831 -0.554566 -0.819835 -0.503489 -0.270244 0.114041 0.0933556 
0.35218 0.947298 1.46427 1.00912 1.21072 1.36126 0.624387 1.1491 1.11658 1.11837 0.874639 0.662305 0.456858 0.321604 0.388582 0.785239 0.556392 0.383701 0.0971829 -0.119234 -0.912986 -0.979535 -0.875783 -1.32802 -1.2929 -1.03947 -0.0783144 0.335848 0.501007 0.962923 0.178808 0.0452441 -0.0202264 0.0947096 0.0809761 0.0863806 1.70714 1.52518 1.14947 -0.84422 -1.93185 -1.47842 -1.20453 -0.937579 -1.56402 -0.91196 -2.87703 -0.263105 -0.328988 -1.20963 -0.417858 0.910553 -0.974417 -0.588111 -0.279866 
0.26275 0.293384 0.515804 0.687306 0.53473 0.3808 0.346216 0.573784 0.508973 0.538351 0.493518 0.656958 1.0457 1.05797 1.39048 1.41613 1.80593 1.99652 2.13266 1.82476 1.43741 1.0297 0.76742 0.485778 0.341681 0.185382 0.112395 0.110734 -0.636381 -0.738066 -0.578077 -0.229895 -0.908363 -1.21885 -0.87971 -0.58839 -0.915879 -1.25134 -0.91744 -0.895209 -0.597241 -0.553357 -0.705255 0.134972 -1.31028 -0.944546 -0.920392 -0.306002 -1.1288 -0.129671 -0.487907 -1.17295 -1.14159 -1.64658 -2.26604 
-0.714495 -0.821782 -1.4009 -1.34902 -1.67635 -1.65229 -1.43019 -1.38385 -1.27494 -1.09984 -1.03549 -0.793225 -0.965682 -0.547171 -0.656657 -0.446161 -0.19637 -0.131217 0.20867 0.486389 -0.469362 -0.450689 -0.287475 -0.242969 -0.200191 0.0728154 0.429078 0.079822 0.21303 0.272159 -0.107537 -0.102191 0.376331 0.438649 1.12164 0.717695 0.539398 -0.0680452 -0.223205 0.387799 1.65651 2.20447 2.77661 2.81514 1.95415 0.165377 -0.444792 0.850499 0.624965 0.558357 0.368026 0.211232 -0.109605 0.560432 0.192461 
-1.77258 -1.77814 -1.6744 -1.56024 -2.06939 -2.13738 -1.65091 -1.5754 -1.26909 -1.07244 -0.437391 -0.424908 -0.182252 -0.305963 0.00498863 -0.0659439 -0.476521 -0.927349 -0.522681 -0.387639 0.706099 1.13339 1.05833 1.24898 0.930094 0.896875 1.15381 1.29447 1.28522 0.690423 0.417229 0.227326 -0.501256 -0.157143 -0.0364133 -0.00490344 0.00215518 0.74761 1.18726 0.691979 0.605688 -0.0888273 0.332067 0.05847 0.169542 -0.826739 -0.450136 0.451804 0.375833 0.781873 1.33568 1.29984 1.11606 1.14922 1.00372 
-1.46247 -1.38909 -1.35313 -1.63519 -1.23799 -1.14287 -1.29088 -1.06125 -1.44141 -1.17176 -0.791242 -0.305555 -0.373056 -0.194032 -0.25466 -0.649863 -0.949007 -1.06402 -1.50435 -1.28151 -1.02395 -0.787207 -0.351739 -0.275738 0.395819 0.704318 0.582427 0.438141 1.06188 1.32778 1.18203 0.931421 1.23578 1.52815 1.54798 1.97735 1.60805 0.938208 1.12241 0.927048 0.32074 -0.399892 -0.159482 0.0847805 -0.142874 0.154296 0.000772577 0.172857 0.631149 0.969037 1.13835 0.965133 0.731598 0.703164 0.313543 
0.285381 0.525704 1.1399 1.07195 1.17072 1.35516 0.92739 0.706307 0.655754 0.534852 0.326062 0.361376 0.0578112 -0.498961 -0.340414 -0.351074 -0.456959 -0.486406 -0.821799 -0.875703 -0.978324 -1.37655 -1.21319 -1.08606 -1.08868 -1.29072 -1.34181 -0.745037 -1.43646 -0.808567 -0.944538 -1.00713 -0.983312 -1.38275 -1.45929 -0.462267 -1.24672 -0.238059 -0.330265 0.523807 0.924186 2.09618 1.52079 1.76213 1.16529 1.63178 0.971489 -0.0308986 -0.305536 -0.0779908 -0.023344 0.17492 0.974 1.55787 1.268 
0.300918 0.300918 0.309709 0.317952 0.302098 0.206499 0.180218 0.179872 0.43902 0.495426 0.497284 0.717114 0.702773 0.449504 0.236531 0.284836 0.0772479 -0.0268815 0.298233 0.325401 0.297798 0.485692 0.257021 -0.238943 -0.440632 -0.0807595 -0.00656364 -0.273798 -0.276829 -0.340921 -0.293331 -0.370456 -0.133562 -0.0527635 -0.229916 0.0703454 0.0835175 0.127015 -0.31734 -1.88757 -3.09905 -2.26549 -1.05194 -0.346085 1.39432 3.24344 3.37111 1.26597 -0.491108 -0.775305 -0.265221 -0.927699 -1.21749 -0.904057 -0.904057 
-0.688682 -0.688682 -0.100697 0.453712 0.0579914 0.300878 0.438754 0.768362 0.445228 -0.113543 -0.0430378 -0.482142 -0.749029 -0.248443 0.861721 0.91158 0.492586 0.311286 -0.211383 0.108953 0.46331 -0.0580136 0.697588 1.13772 0.701217 0.407988 0.570727 0.360196 -0.732756 -0.487236 -0.290644 -0.00632649 0.599069 1.02124 1.05684 -0.414284 -0.750595 0.201951 1.83403 0.850653 -2.49648 -3.00051 -2.41737 -1.90362 -0.237213 1.85145 1.29465 1.07176 0.772896 -0.399247 0.680651 -0.246619 -1.50529 -1.22656 -1.22656 
-0.0792325 -0.0792325 -0.207754 -1.08286 -0.66945 -0.807116 -0.65162 -0.573546 -0.795652 -0.0382922 0.104357 -0.388391 0.22741 0.359691 -0.948808 -1.03214 -0.0336585 -0.0397577 0.293594 0.554032 -0.007031 0.409763 0.196667 0.0157737 1.04159 0.99812 0.346664 0.00777846 -0.157466 -0.0193635 0.568437 1.20152 0.105285 -0.56365 -0.840364 -0.106816 1.2842 0.0821005 -1.74011 -0.401715 0.953268 2.49939 1.77084 -0.937255 -1.6296 -2.87605 -1.91121 -0.270092 -0.896087 -0.497043 1.36205 1.62188 1.57143 1.35276 1.35276 
0.516876 0.516876 0.334052 0.183228 -0.00344815 0.0704771 -0.112825 -0.205888 -0.0825608 -0.602819 -0.204344 0.426865 -0.488271 -0.859544 -0.430674 -0.724793 -0.974588 -0.620075 -0.456559 -0.51283 -0.45549 -0.657025 -1.11075 -0.90856 -1.29697 -1.29111 -0.568268 0.129791 1.54119 1.46264 0.920999 1.15929 1.2019 1.73553 1.27394 -0.0759586 0.105795 0.977237 -0.0399219 -0.925774 -0.495393 0.436043 0.71508 1.81992 3.02708 1.73907 -1.90329 -2.62664 0.0537077 -0.270059 -0.862761 -0.474645 -0.352191 0.12322 0.12322 
-0.34678 -0.34678 0.519481 0.455926 0.200692 0.50127 0.440569 -0.00812246 -0.386499 0.146878 -0.138254 -0.431194 -0.038606 0.0494994 -0.0524744 -0.20984 -0.111676 -0.274339 -0.545202 -0.381049 0.0666841 -0.409886 -0.214429 -0.29079 -0.838479 0.16979 0.155363 -1.34342 -1.94897 -1.13414 -0.641264 -0.463271 0.0701523 0.830739 2.07305 2.02288 0.555249 0.0400598 1.89587 2.86798 0.991389 -0.0661647 -0.57942 0.934432 2.13221 -0.83649 -2.55548 -0.810674 -0.398874 -1.06936 -0.598406 -1.10361 -1.1149 1.28434 1.28434 
-0.769509 -0.769509 -0.783807 0.347645 -0.188633 -1.062 -1.08855 -0.520267 -0.00168609 -0.505437 -0.060937 0.142592 -0.255094 -0.189853 0.17812 0.391222 0.268027 0.340243 0.746114 0.897943 0.103666 -0.0811709 -0.0189627 -1.20118 -1.25115 -0.317382 -0.0481458 1.27124 1.56744 0.942641 0.280753 -0.938323 -0.56749 -0.0640481 -0.244228 -0.483211 -0.543247 0.226221 2.03911 3.21855 2.03415 1.70329 0.4238 -0.74054 -0.257007 -1.57013 -1.50471 -1.13934 -1.35013 -1.29406 0.481652 2.18318 0.559177 -0.268518 -0.268518 
0.772647 0.772647 0.0924659 -0.0370642 0.296287 0.233238 -0.411944 -0.801108 -0.284518 0.602658 0.74195 0.190978 0.103968 0.0904423 -0.319047 0.0386963 0.223437 -0.0802765 -0.0112327 0.625562 0.951445 0.712657 0.974548 1.31394 0.670722 -0.715707 -0.424185 0.362876 0.105946 -0.127567 0.0523945 0.530001 0.473878 -0.932971 -1.83219 -1.49303 -0.483477 -1.20015 -2.76186 -0.964276 2.1235 2.74168 0.935394 -0.690222 -1.47276 -2.11468 -2.13039 -0.88879 0.730704 0.226804 -0.0384989 0.751588 0.859264 0.456814 0.456814 
1.15103 1.15103 0.0703594 -0.25414 0.36909 -0.596553 -0.211552 0.513187 -0.0248716 -0.24219 -0.462517 -0.423124 -0.343813 -0.0635025 0.483806 0.179417 -0.406411 -0.465751 -0.510743 -1.03266 -0.878454 0.0450309 -0.351823 -0.422437 0.303652 1.25649 1.42188 0.602841 0.651977 -0.324775 -0.937492 -0.198046 0.0576476 0.110882 -0.00181998 1.67999 1.4872 -0.567063 -2.43124 -3.16376 -0.645808 0.755125 0.563246 -0.36315 0.0331105 -1.34426 0.674388 2.62854 -0.96717 -0.0846927 2.1883 -0.565919 -1.53529 0.721406 0.721406 
0.671829 0.671829 0.942112 0.222608 -0.4018 -0.175409 0.556572 0.498575 0.118308 0.156641 0.413866 1.24577 0.955715 0.847824 0.873501 0.983407 1.29988 0.813199 -0.143255 -1.14768 -1.33919 -1.09923 -0.857329 -0.630573 -0.390076 -0.253637 0.0430666 -1.25038 -1.4423 0.298162 1.16132 -0.447427 -1.71121 0.241271 1.39596 0.116896 -1.08571 0.183298 0.869599 0.800659 0.842206 -0.020953 1.50699 -0.974561 -1.88498 0.934364 1.41147 -0.213585 0.52462 1.41598 -1.81545 -1.06793 -0.722457 -1.97119 -1.97119 
-0.933451 -0.933451 -0.727392 -0.401431 -0.437445 0.273839 0.302684 0.156152 0.322839 0.265152 0.352104 0.04554 0.273703 0.355224 0.0859306 0.551047 0.362887 0.479525 0.754711 -0.922609 -1.25797 0.190633 0.224077 0.0681604 0.363975 0.76981 -0.0357651 -0.324529 0.204161 -0.459838 -0.529465 0.581575 0.65533 0.920035 0.316415 -0.798602 -1.06205 -1.03209 0.545295 2.38862 2.307 1.40524 0.74573 -1.10958 -3.47519 -3.15048 0.842117 1.34006 -0.42304 -0.377467 -0.49422 -0.663172 0.407235 0.346216 0.346216 
-0.00905249 -0.00905249 0.197037 -0.858021 -1.17158 0.542306 0.789339 0.479198 0.687723 1.25364 0.936615 0.261129 0.0266825 0.144248 0.235101 -1.00696 -1.66093 -0.257536 0.751 1.93719 2.44028 0.42827 0.0208994 -0.398827 -0.784195 0.20703 0.50635 0.0481477 -1.21789 -1.67227 -0.975266 -1.75919 -0.839912 0.62212 0.0839953 -0.111682 1.11733 1.862 -0.27384 -1.17921 -1.52218 -0.649095 0.0754876 -0.457852 -1.7019 -1.24481 2.02285 1.24378 0.390116 1.47423 0.71358 -0.556123 -0.43736 -0.37147 -0.37147 
0.0892566 0.0892566 -0.621707 0.100845 0.855297 -0.235239 0.0337909 -0.430556 -0.350484 1.17104 1.60315 0.707014 0.0936188 0.107367 -1.04122 -1.51831 -0.957869 -1.24028 -0.564479 0.831469 0.859267 1.21512 0.893604 1.36584 1.83088 0.243805 -0.661868 0.829574 1.65003 0.110864 -0.922265 -0.0219363 1.06413 0.495023 0.769054 -0.00930597 -2.20797 -1.10084 -0.151776 -1.73299 -2.78364 -1.09001 0.840003 -0.0962338 0.0095943 0.157873 -0.0923277 1.13145 1.46309 0.885061 -0.137262 -0.943047 -0.653451 -0.96566 -0.96566 
1.31402 1.31402 0.805774 -0.0440046 0.372111 -0.496006 -1.1646 -0.542672 -0.377505 -0.638391 -0.380836 -0.537091 -1.51327 -0.751381 0.148998 -0.286975 -0.317949 -0.696339 -0.736661 -0.352889 -0.920578 -0.482049 0.384111 0.110449 -0.432247 -0.51215 0.804844 -0.250878 -0.199567 0.716207 -0.422195 -0.158752 -0.714122 -0.879572 1.42279 0.255632 0.274829 1.41615 1.16127 1.9734 2.49756 0.8888 -0.645577 -0.680944 -0.309734 -0.414341 -2.8361 -2.20027 -0.172466 0.370428 0.32215 1.5495 2.18526 0.389901 0.389901 
0.0412475 0.0412475 0.0485207 0.0267761 -0.064845 -0.074045 0.00999724 0.261836 0.311909 0.0848982 0.229089 0.214797 -0.202624 -0.37788 -0.111797 -0.107046 -0.241541 0.228469 0.344315 0.0331076 0.174918 -0.00248655 -0.605863 -0.582057 0.173059 0.416475 -0.136829 -0.204967 -0.0257316 0.0189316 0.00743205 0.174457 0.313795 -0.0515227 0.142112 0.310038 0.0834914 -0.32019 -1.744 -2.42085 -0.299947 1.83968 1.727 2.19186 3.20057 1.77763 -1.71125 -3.37419 -1.76755 0.232795 -0.100968 -0.806711 0.0543508 0.31004 0.31004 
0.447871 0.447871 0.867455 0.122974 -0.11279 0.291043 0.356675 0.00777602 -0.664561 -0.366649 -0.276084 -0.531427 0.179743 1.22191 0.880797 -0.27649 -0.451434 -0.529896 -0.150251 0.513493 -0.123486 0.180181 0.907822 0.00562313 -0.549393 -0.0958804 -0.0332933 -0.983616 -0.638471 0.337473 0.366836 0.676223 0.780549 0.349321 -1.08354 -1.36501 0.469251 1.95895 0.493823 -3.27451 -2.91174 0.0627479 0.833018 1.65285 2.84476 1.16221 -0.587203 -0.391998 -1.1104 -0.0669354 0.118387 -1.65147 -0.738758 0.213821 0.213821 
-0.132096 -0.132096 -0.795377 -0.384625 0.174313 -0.0211692 0.14235 -0.143852 0.371011 0.647476 -0.30004 0.0585842 0.532323 -0.926195 -1.08962 0.658952 0.717489 0.213356 0.415378 -0.262541 -0.144032 0.119709 -0.333307 0.605723 0.709883 -0.561399 -0.78531 -0.416788 -0.0552557 0.515513 0.890683 -0.385729 -1.37259 -0.751435 0.311572 1.57563 0.108506 -2.32695 -0.40139 2.00675 2.1642 0.58499 -2.63948 -2.61203 -1.50419 -0.248132 1.94049 0.734726 -0.2067 1.67686 1.57135 0.124015 -0.238661 -0.200424 -0.200424 
-0.135232 -0.135232 -0.252565 -0.255561 -0.0807174 -0.0780928 -0.208002 0.0305422 -0.301796 -0.0877436 0.808044 -0.213885 -0.993769 0.0518057 0.111828 -0.416142 0.0884633 0.41 0.0904296 0.00782984 -0.10518 -0.502766 -0.188685 -0.137869 -0.290611 0.573892 1.1124 1.64806 1.04389 -0.475479 -0.228991 0.225528 0.455282 0.063039 -1.40226 -0.901765 0.826335 -0.106363 -1.47346 -0.347338 1.06643 0.948691 1.08359 1.80563 -0.0558995 -3.82861 -3.38933 1.52945 1.84031 -0.705973 -0.152161 0.404198 0.472109 0.376846 0.376846 
0.534503 0.534503 0.489062 -0.312787 -0.0524381 0.0866497 -0.449065 -0.676197 0.0259643 0.0926318 -0.49817 -0.0136115 0.258829 -0.094774 -0.270282 -0.127187 -0.130974 -0.394821 -0.161154 0.352629 -0.105477 -0.285849 0.000293421 -0.531043 0.244448 0.625721 -1.16677 -1.58942 0.0647689 0.85013 0.394803 0.423791 0.840336 1.34718 0.767503 -1.17006 -1.50254 0.873661 1.93705 -0.731545 -2.18272 -1.20796 0.63055 1.85391 -1.35104 -3.43648 -0.0664002 1.45708 -0.269813 -0.22752 -0.109349 -0.454139 1.62248 1.63055 1.63055 
-0.0142295 -0.0142295 0.92145 0.489787 -1.16815 -0.746616 0.445597 0.896405 0.00985807 -0.0514045 0.533497 -0.162968 -0.277329 0.35585 0.478128 0.0719453 -0.0445639 0.392959 0.458797 -0.533693 -0.812106 -0.103816 -0.928623 -1.02139 0.728472 0.992446 1.31134 1.33364 -0.274147 -1.06646 -1.55791 -0.703881 0.720597 0.264923 -0.349042 -0.249686 0.584276 2.13313 2.47217 -0.00650345 -1.25549 -1.33412 -2.02338 -0.565414 -0.68845 -1.03422 0.353844 0.125425 -0.130355 1.51243 2.87318 0.0617058 -2.0299 -0.686887 -0.686887 
-0.467932 -0.467932 -0.561322 0.169426 0.217358 -0.488156 -0.723282 0.114346 1.03458 0.762547 -0.274346 -0.437507 -0.0500126 -0.282518 -0.0148358 0.413599 -0.0633058 -0.146722 0.531376 0.716555 0.0852673 0.0391301 0.455992 -0.196584 -1.44089 -0.766946 0.800122 0.404692 -0.331133 -0.0161376 0.496574 0.326359 -1.03232 -1.64018 -0.381324 0.994881 0.233638 -1.62023 0.192533 3.54478 2.69443 -0.834139 -2.4519 -1.71379 -1.00455 -0.45167 0.906327 2.0853 0.826807 -0.532116 0.400838 0.669752 -0.190057 -0.267691 -0.267691 
-0.680549 -0.680549 -0.883818 0.18352 -0.218098 -0.367327 0.691542 0.11333 -0.476782 -0.277753 -0.116947 0.0707494 0.221662 0.514819 0.148559 -0.561247 -0.407747 -0.0689618 -0.358724 -0.233945 0.671466 0.326278 -0.296433 0.406987 1.04809 0.696859 -0.413059 -0.485881 -0.584673 -0.999264 0.0757759 0.619756 0.189907 -0.0408588 0.979292 0.929126 -1.41118 -2.45815 -1.6302 1.1148 2.45121 0.753753 -0.704104 -0.335689 -0.618184 0.398093 2.48499 -1.03189 -1.7032 1.973 -0.305052 -2.3361 0.802782 1.41001 1.41001 
0.275675 0.275675 -0.240614 -0.88261 -0.203871 0.769421 0.565355 -0.232751 -0.163629 0.293811 0.86325 0.470541 -0.203823 0.0227358 0.17902 0.387684 -0.0404051 -0.953809 -1.32532 -0.77643 0.116499 0.427498 0.418018 0.417013 0.352205 0.392537 -0.633498 -0.984113 1.19291 1.94999 -0.453276 -1.97949 0.575913 2.31132 -0.00751667 -1.69902 0.129378 1.48478 0.524725 0.0620742 -0.507828 0.558753 -0.602542 -2.35222 1.4515 2.44713 -0.741994 -0.554638 1.25105 -1.59742 -1.70063 0.866023 -0.566415 -0.814313 -0.814313 
0.107152 0.107152 0.329777 0.164445 0.427613 0.471911 -0.11396 -0.0198173 0.0408625 -0.0135951 -0.183573 -0.0871281 0.177925 -0.161827 0.100161 0.155573 -0.0824304 0.234025 -0.991212 -1.4082 0.72674 0.978624 -0.117229 0.0619652 0.44563 -0.306597 -0.780994 0.130282 -0.125996 -0.534634 0.677682 0.775609 0.197579 -0.265054 -1.20738 -0.975045 -0.193053 1.0642 2.3027 1.16963 -0.705213 -1.0999 -1.75115 -2.91638 -1.42748 2.91505 3.03337 -0.897659 -1.20662 -0.0821969 -0.228714 0.582093 0.655809 -0.0752573 -0.0752573 
0.15202 0.15202 -0.596335 -0.964926 0.999096 1.39673 -0.0389225 -0.0662367 0.555156 0.18238 -0.698152 -0.639577 -0.0770636 0.153672 -0.810716 -1.33902 0.53741 1.71663 1.56256 1.20405 -1.06444 -1.71023 -0.580822 -0.565215 0.435576 0.921227 -0.106855 -1.21717 -1.21445 0.177936 -0.0558121 0.101847 1.69491 0.66117 -0.514648 0.738786 1.40578 -0.980919 -2.1513 -0.879612 0.381851 1.13907 0.14149 -1.25487 -0.552351 2.64782 1.771 -1.15226 0.169304 0.235274 -1.4343 -0.810525 0.136815 0.052576 0.052576 
-0.489671 -0.489671 0.0513269 1.14853 -0.208986 -0.572438 -0.103589 -0.245069 1.24182 1.5054 -0.304781 -1.08758 -0.406325 -0.807039 -1.17454 0.105058 0.25082 0.337194 1.59383 1.10866 0.329905 0.0683602 0.155494 0.744422 -0.79745 -1.82375 0.481235 1.77364 -0.495471 -1.88331 -0.0567812 1.52993 0.429715 -0.178285 -0.334957 -2.18634 -0.774615 1.58219 -0.430659 -1.92791 0.524069 2.75579 0.786722 -0.579104 0.232909 -0.0336618 0.771596 1.20724 -0.141825 -1.15559 -1.32611 -0.343837 0.0257201 -0.19111 -0.19111 
-0.355931 -0.355931 -1.05485 -0.294589 -0.309672 -1.20181 0.0237056 0.709449 -0.0166401 0.0593472 0.145404 -0.869308 -0.11416 1.42926 0.444048 -0.321965 -0.274604 -0.282292 0.344565 -0.0891804 -0.0441435 1.13516 0.5494 -0.609346 -0.449984 1.07956 0.276976 -0.764014 0.857488 -0.121019 -0.657544 -0.178015 -0.530768 1.81964 0.995762 -0.88208 1.01658 0.79116 0.520407 1.16115 -0.829964 -2.52306 -1.22899 0.338309 0.281361 -2.01578 -1.40679 2.25285 2.17641 0.468896 1.03184 1.59445 -0.891654 -1.41455 -1.41455 
