42
0.804901 0.782381 0.899357 0.947107 0.972663 1.0253 1.00346 0.880505 0.692832 0.62162 0.573876 0.532779 0.494019 0.576266 0.568912 0.637347 0.685481 0.710513 0.675414 0.656926 0.517848 0.427368 0.430178 0.383818 0.380468 0.301924 0.211035 0.0616817 -0.0292749 -0.207199 -0.447308 -0.5862 -0.831648 -1.11363 -1.27575 -1.36717 -1.69294 -1.84956 -1.9116 -2.05977 -2.04886 -2.03506 
0.578813 0.692307 0.536631 0.554877 0.589781 0.5953 0.548123 0.654541 0.762083 0.796228 0.952688 1.13863 1.18926 1.27145 1.13474 0.903897 0.673649 0.372056 0.408685 0.316961 0.34094 0.286479 0.249367 0.0999747 -0.101231 -0.19411 -0.499525 -0.850169 -0.708361 -0.468613 -0.321377 -0.222944 0.0459339 0.105575 -0.0600677 -0.244084 -0.909892 -1.71765 -2.09407 -2.48641 -2.29887 -2.62159 
-2.01338 -1.92962 -1.67439 -1.60221 -1.27582 -1.24735 -0.896749 -1.05051 -0.802616 -0.213508 0.380129 0.707201 0.951071 0.509841 0.479522 0.507375 0.516139 0.771572 0.817692 0.743453 1.23435 1.09807 0.997491 0.975926 0.75614 0.524913 0.609662 0.842917 0.22588 0.404085 0.361358 0.454881 0.599054 0.772013 1.28875 0.535119 0.321277 -0.461394 -0.711831 -1.37724 -1.65305 -1.47621 
-1.10942 -1.04022 -1.0687 -0.902281 -0.937693 -1.05968 -0.809077 -0.591238 -0.505197 -0.591193 -0.742815 -1.16909 -1.3712 -1.22541 -0.313536 -0.0494497 0.0692099 0.394605 0.280751 0.425904 0.824933 1.19012 1.05166 1.15431 1.27099 1.55828 1.76091 2.08249 2.01701 1.18926 1.18005 0.816325 0.122022 -0.0450575 0.579392 -0.206758 -0.335952 -0.672028 -0.661344 -0.709831 -0.67504 -1.17603 
-0.99372 -0.986538 -0.81345 -0.86977 -0.773021 -0.670292 -0.802967 -0.831846 -0.859976 -0.809083 -0.698516 -0.395302 -0.525557 -0.299894 -0.652777 -0.69405 -0.596897 -0.565118 -0.354508 -0.363281 -0.428322 -0.462943 -0.348241 -0.329261 -0.340809 -0.237069 -0.295257 -0.245121 -0.174921 -0.205758 -0.236996 0.181241 0.741967 1.07523 1.27339 1.60092 1.87056 2.07511 2.10522 2.01932 1.97491 1.94339 
-0.355725 -0.396677 -0.516398 -0.417099 -0.539894 -0.656506 -0.605569 -0.667134 -0.599786 -0.529483 -0.651476 -0.638388 -0.524345 -0.449482 -0.610773 -0.548272 -0.633867 -0.845776 -0.846744 -0.685763 -0.989209 -1.27021 -0.992052 -0.909668 -0.792466 -0.666388 -0.370567 0.0333498 0.360494 0.530479 0.740494 0.841008 0.767999 0.779965 0.730234 1.1474 1.70275 2.00331 2.41514 2.09453 1.83857 1.724 
1.06378 0.957034 1.00783 0.962876 1.40453 1.59666 1.69921 1.15625 1.00724 0.930713 0.925072 0.588122 0.350085 -0.105886 0.135649 -0.00367137 0.149569 0.166466 0.302121 -0.0171328 0.278937 0.51566 0.296257 0.185488 0.32188 0.275052 0.124272 0.126745 -0.103163 -0.25013 -0.725455 -0.693047 -1.24065 -1.58597 -2.33158 -1.90857 -1.8425 -1.11721 -1.22789 -0.955909 -1.14743 -1.27132 
0.548733 0.590769 0.550328 0.309458 0.0688849 0.0416062 -0.122184 -0.329794 -0.42901 -0.672633 -0.713633 -0.926984 -0.861592 -0.671477 -0.568777 -0.622377 -0.809628 -0.408025 -0.636328 -0.767084 -0.703147 -0.999781 -1.11286 -1.07862 -1.08317 -1.2154 -0.740415 -0.647188 -1.04995 -0.664518 0.332443 0.516825 1.19913 1.3127 1.47078 0.98061 0.423056 1.89519 1.81009 1.74568 2.27139 1.76691 
-0.829484 -0.327057 0.10031 0.83283 1.32962 1.47047 1.63462 1.24953 0.0766858 0.762545 0.913562 1.1449 0.170425 -0.242098 -0.718743 -0.364895 -0.390638 -0.55719 -0.612782 -0.748944 -0.0243959 0.116862 0.486239 0.559457 -0.487333 -0.412634 -0.931555 -1.1207 -0.948473 0.835861 1.47547 1.16299 1.06078 0.175628 -0.00840931 -1.20226 -2.24715 -2.33549 -1.35232 -0.422501 1.56071 -0.834448 
0.284711 -0.700385 -1.17862 -1.29091 -1.32381 -2.09524 -1.20057 -0.406245 -1.09285 -1.562 -1.37069 -0.890165 -0.507914 0.0818697 -0.139207 0.0974074 -0.0547006 -0.994535 -0.0981976 0.300509 0.0283769 0.359472 0.4877 1.13595 1.49477 0.869095 -0.382054 -1.20006 0.000502523 0.358855 -0.130375 0.281606 1.83827 1.63635 0.729311 1.57424 0.783161 0.461363 1.49405 1.59532 0.882483 -0.156851 
-0.274732 -0.0637489 0.147866 -0.00155023 -0.464339 -0.347512 -0.364794 -0.700961 -0.273988 -0.371929 -0.59603 -0.722168 -0.631057 -0.341686 -0.329714 -0.567924 -0.444999 -0.459597 -0.81805 -0.917695 -1.04486 -1.17975 -0.870468 -1.13271 -1.06403 -0.484908 -0.761832 -1.15141 -0.388842 0.0558664 0.0627648 0.451707 0.52478 1.65514 1.21117 1.66763 1.94516 1.61163 1.72299 2.28768 1.94037 1.48652 
-0.802348 -0.947158 -1.21821 -1.34054 -1.12478 -1.51819 -1.92109 -1.56537 -0.881827 -0.994636 -0.778764 -0.190062 -0.0655614 -0.473042 -0.532554 -0.567027 -0.59506 -0.361069 -0.368824 -0.577987 -0.498547 -0.293552 -0.228597 -0.020833 0.258427 0.320233 0.737447 1.54843 0.911594 1.42265 1.99069 1.73479 0.550224 0.754402 1.35968 0.837577 0.810528 1.15544 0.763201 1.41891 0.869888 0.421535 
0.763829 0.995122 1.06394 1.34415 0.887082 0.650753 0.833718 0.730881 0.669523 1.46678 1.68881 1.44203 1.1133 1.14396 1.20298 1.00618 0.609921 0.392878 -0.265803 -0.125153 0.165547 -0.357138 -0.42156 -0.973697 -1.39751 -1.65575 -1.42734 -0.97301 -0.200817 -0.352507 -0.0122935 -1.0956 -0.848068 -1.01955 -1.04434 -1.52031 -0.284035 -1.52587 -0.37806 0.0931009 -1.23808 -1.14799 
1.22352 1.22352 1.60287 1.10935 1.13575 0.87985 -0.06806 -0.963245 -0.683935 0.0714483 0.234022 0.282522 0.948371 1.11791 1.04336 1.34289 1.10859 0.65927 0.424334 -0.13698 -0.525619 0.240343 0.478514 0.445261 0.271525 -0.201042 -0.583297 -0.583662 -0.737899 -1.54307 -1.33236 -1.36119 -2.13362 -1.68382 -0.655086 -1.53852 -1.89052 -0.466775 -0.421185 -0.0273567 0.847016 0.847016 
0.271702 0.271702 0.035277 0.508337 0.476746 0.273003 0.523458 0.907505 0.728107 0.849532 1.22632 0.963622 0.706095 0.241086 -0.535931 -0.76812 -0.943742 -0.281291 0.23965 0.208249 0.300746 0.149102 -0.0865386 -0.493854 -0.353576 -0.612247 -1.25208 -0.14197 1.32352 1.33699 0.986214 1.28816 1.19187 0.113288 -0.491524 -1.73305 -3.28131 -2.56299 -1.53183 -0.131943 0.0408593 0.0408593 
0.605216 0.605216 0.582906 0.720095 0.635824 0.682514 0.331159 0.133122 1.56543 2.23206 1.72683 1.05245 -0.428902 -0.95756 -0.0531277 0.0222251 0.461019 0.533046 -0.10259 0.75497 0.635357 -0.505051 -0.28388 -0.51372 -0.917965 -0.330797 0.564764 -0.788337 -0.89448 0.212837 0.0495655 0.409924 0.563083 1.28143 -0.505127 -1.91375 -1.96973 -2.04029 -1.8142 -1.86313 -0.239194 -0.239194 
0.083961 0.083961 0.27058 0.257278 -0.296333 0.25269 0.905006 0.589121 0.00588643 -0.450323 -1.10351 -1.20043 -0.102319 2.03606 2.26315 0.74051 0.858197 0.411869 0.0658817 1.0504 1.47277 0.441023 -0.0629351 0.426819 0.781243 0.946239 1.01207 0.497407 -1.70882 -1.6008 -0.710082 -2.02517 -1.64769 0.883757 -0.304595 -1.75127 -0.88732 -0.618813 -0.0667654 -0.0204894 -0.889109 -0.889109 
0.137498 0.137498 -0.0963093 -0.37738 0.208218 -0.636495 -1.12106 -0.736136 -0.442425 0.0682407 0.997254 0.110576 -0.174958 -0.994641 -1.97747 -0.32049 -0.0515246 0.366207 0.216903 -0.798008 -0.893177 -0.231386 -0.0340348 -0.498873 -0.186797 -0.358517 -0.555882 -0.0831742 -0.381306 -0.754786 0.898644 3.07818 2.76533 1.43038 1.40928 1.67247 1.21968 0.337776 -0.731664 -1.00602 -0.805815 -0.805815 
-0.700161 -0.700161 -0.308564 -0.317148 -0.919998 -0.434914 -0.281216 -0.235396 0.132797 -0.395868 -0.555619 0.103424 0.275908 -0.49286 -0.527377 -0.316024 -1.08221 -0.845924 0.195237 -0.649323 -1.8834 -0.259481 0.755147 0.305728 0.427726 0.926455 1.70222 1.78968 1.13651 0.809468 0.615497 -0.174744 -0.421983 -0.356989 0.774372 2.46386 2.13829 1.73754 0.00316056 -1.86141 -1.28612 -1.28612 
0.142062 0.142062 0.291859 1.23941 1.81421 0.992091 -0.790023 -1.39986 -0.26907 0.0785024 -0.552857 -1.11626 -1.40481 -0.242168 0.525499 0.311444 0.690166 0.647532 -0.167409 0.221491 1.56936 0.319685 -0.522749 0.339814 0.494828 -0.201371 -0.0818468 -0.27368 -0.635973 -1.23095 -0.796082 -0.971295 -1.88703 -2.36709 -0.504393 1.4634 2.19621 1.7677 0.668737 0.472765 -0.486953 -0.486953 
-0.131774 -0.131774 -0.680265 -1.06828 -0.65417 -0.505305 -0.854928 -0.729734 -0.799554 -0.686685 -0.627995 -0.421725 0.360506 0.432837 -0.0396732 -0.601823 0.280716 0.201124 -0.831001 -0.264413 -0.586012 -0.929213 -0.287719 -0.0773044 -0.400058 0.529665 0.966778 -0.734985 -0.168465 2.54528 2.15549 1.54545 1.40817 0.391792 -0.778722 -2.16616 1.6383 2.55429 -0.424737 0.759487 -0.0937049 -0.0937049 
0.792226 0.792226 1.00112 1.06415 0.526993 0.225003 -0.252474 -1.46627 -0.494003 0.70787 0.295229 -0.726552 -1.31108 -0.859127 -0.163373 0.24598 -0.226467 -0.253566 -0.225976 0.482278 0.734134 0.411691 0.349921 -0.935754 -0.934409 -0.455181 -0.694717 -0.0672501 1.72439 2.1487 0.245093 -0.428368 -0.948271 -1.02256 -1.30282 -2.08434 -1.0807 0.760485 1.68482 2.59272 -0.425879 -0.425879 
-1.37337 -1.37337 -0.525611 -0.0930538 -0.73328 0.167675 1.68849 0.152597 -1.07462 -0.221906 0.700528 0.885989 0.992108 0.406094 0.0630602 0.13005 -1.01264 0.00571972 1.30585 0.17091 0.10524 0.49411 0.802164 1.02613 -0.21123 -1.77499 -1.96181 0.419547 1.56215 -0.0791533 -0.027064 1.96012 1.36383 -1.02917 -0.0123608 0.100273 -1.03297 0.73846 1.14939 -0.546052 -1.65392 -1.65392 
0.716574 0.716574 -0.0386396 -1.45185 -0.893937 0.0396182 -0.909625 0.0213082 0.520507 -0.843813 -0.902899 -0.242375 0.62832 0.462484 -0.643055 -0.410556 0.0580213 -0.9507 -1.12892 -0.64425 -0.718111 0.196455 -0.0703934 -0.574588 1.18848 0.46428 -1.56562 0.612621 2.36086 0.777362 0.660505 0.799173 2.35281 1.26935 -0.142798 1.36909 -0.286337 -0.634535 1.24768 0.286533 -1.84781 -1.84781 
-0.779218 -0.779218 -0.740688 0.0937178 -0.370922 -1.4313 -0.147283 1.71487 0.911813 0.110225 1.31262 1.15601 -0.551455 -0.866853 -0.227516 -0.173562 0.286587 0.321345 -0.438225 -0.288772 0.421098 0.39627 0.401016 0.768335 0.518163 0.754618 2.03871 0.232063 -0.282016 1.78314 0.468587 -2.53539 -1.74682 1.32098 0.0761361 -1.00767 0.478389 -0.147544 0.385162 0.116436 -1.77593 -1.77593 
0.647042 0.647042 0.722195 -0.0856564 -0.879161 0.104047 0.309115 -0.0662091 1.31649 1.75183 0.148005 -0.698059 -0.27186 0.323794 -0.0256317 -0.725027 -0.756117 -1.15925 -0.609764 0.848656 -0.170346 -0.715877 -0.761121 -1.31321 -0.861731 0.14019 1.23483 2.07019 1.13923 0.47563 -0.955502 -1.09788 0.302856 -0.115479 -0.58324 1.35398 0.177479 0.0415859 2.67306 -1.13511 -1.72051 -1.72051 
0.45726 0.45726 -0.156933 -0.596173 -0.300447 -1.51299 -2.3086 -0.781302 1.27285 1.12758 0.247848 0.874181 1.02482 0.103373 0.265156 0.0663469 -0.865616 -0.866401 -1.00578 -1.19707 0.454749 1.23482 0.240186 -0.272437 -0.819169 -1.07867 -0.491013 -0.207241 -1.20884 -0.754655 0.211523 -1.01201 -0.416354 1.82522 0.165989 -1.55236 1.31897 1.81378 0.532026 1.56346 1.07333 1.07333 
-0.214253 -0.214253 0.238389 0.434382 -0.21321 0.0566631 0.619084 0.207783 -0.0435036 0.488677 0.121134 -0.485803 -0.679383 -1.17645 -0.95368 -0.378242 0.477784 1.14428 0.480379 0.0704264 -0.044626 -0.358601 -0.603238 -0.243544 -0.101316 -0.847755 0.461947 2.4764 1.42709 -0.310776 -0.0347554 0.208743 -1.11219 -1.59876 -1.75468 -2.6574 -0.782154 1.68594 2.33809 1.51678 0.177311 0.177311 
-0.0182015 -0.0182015 0.105207 0.0494701 -0.0319386 -0.272195 -0.49234 1.11216 1.88997 0.147055 -1.05925 -1.93733 -1.80624 0.339896 0.883236 0.46437 0.461378 -0.50513 0.201501 0.66569 -1.13159 -0.825035 -0.0059302 -0.568525 0.166416 1.33566 -0.409714 -1.3108 0.902478 0.851087 0.179157 0.463804 0.78583 -0.959044 -2.87237 -1.31562 -0.111963 0.14178 0.161236 1.41867 1.46268 1.46268 
0.191784 0.191784 0.181546 -0.388147 0.0446275 0.97273 0.307081 -0.643819 -0.751815 -0.805653 -0.529136 0.818694 2.53902 1.86866 -0.948923 -1.03312 -0.204769 -0.56162 0.539583 1.13093 -0.420828 -1.13375 0.0372269 0.697852 0.447913 0.225807 -0.29727 -2.04588 -1.56666 0.816805 -0.278444 -0.673438 2.28692 1.08183 -1.9798 -0.400317 0.919717 0.679671 0.508639 -0.584731 -0.620346 -0.620346 
-0.166444 -0.166444 -0.415172 0.309944 -0.188839 -1.13586 -0.0477165 0.641001 0.752275 1.31447 0.0779226 -0.996866 -0.93758 -1.55463 0.637035 1.74478 0.648137 0.277998 -0.989789 -0.941883 0.541879 0.800739 -0.196248 -0.094725 0.164664 -0.286156 0.284117 0.194947 -0.55387 1.17312 3.43236 1.69234 -1.41772 -1.15955 0.254689 -0.12732 -1.14065 -1.68635 -1.14871 -0.0251601 0.217626 0.217626 
0.339098 0.339098 0.331756 -0.518771 -0.0965477 0.55051 0.174819 0.358271 -0.133073 -0.584612 0.431207 0.715361 -0.505813 -0.682856 0.155419 -0.470364 -0.449036 1.09675 0.172323 -1.77364 0.337597 2.26087 0.487585 -0.27586 0.535068 1.09422 0.742469 -0.479665 -0.834176 -0.441433 -0.837599 -0.883158 -0.151695 1.02739 2.41678 1.1707 -0.617029 -1.82195 -3.07393 -1.09851 0.496215 0.496215 
0.150976 0.150976 0.869738 1.19212 -0.150256 -1.93807 -1.77705 0.432514 1.15875 -0.177916 -0.868933 -0.608893 0.700387 1.50157 0.457287 0.162256 0.292286 -0.61316 -0.285822 1.35476 0.111833 -1.54961 0.0526169 0.809226 -0.373164 -0.400085 -0.0175014 -0.38298 -0.68878 -0.0841015 0.234305 -0.790184 -1.02143 1.08614 2.94295 2.08587 0.268174 -1.12131 -0.944918 -0.839293 -0.69064 -0.69064 
-0.367582 -0.367582 -0.64349 0.0409982 0.422763 -0.120313 -0.137146 0.0618178 0.0530535 0.144435 0.210852 0.72535 0.630109 -0.262119 -0.713289 0.250266 0.593406 -0.768083 -0.308595 0.19665 -0.450287 0.234554 0.628222 -0.0574405 0.454049 0.994379 -0.876831 -0.784812 2.35499 1.67497 -0.688524 -0.508969 -0.797906 -1.53262 -1.79648 1.74115 3.37908 -1.44455 -1.25382 0.257834 -0.58425 -0.58425 
0.229506 0.229506 0.272843 -0.240113 -0.491089 -0.450056 -1.07698 -0.0801883 1.58075 0.628528 -0.900381 -1.01857 -0.0052755 0.875005 0.845713 0.0424973 -0.257592 0.0862167 0.59182 0.746018 0.0373456 -0.178293 -0.840578 -0.797183 0.416305 0.250683 0.352607 1.74917 1.60949 -0.931234 -1.68602 -0.734638 -0.32267 -0.157894 -0.644164 0.2386 2.04189 1.98736 1.34566 -1.36537 -1.98961 -1.98961 
0.55631 0.55631 0.833761 -0.120662 0.179778 1.56592 0.00287009 -1.75978 -0.227672 1.15116 0.723168 0.199567 -0.295273 -0.583368 -0.164519 -0.677432 -0.0672062 1.49966 0.118498 -0.757552 0.219848 0.459563 0.353793 -0.63747 -1.78416 -1.11031 1.42016 2.27288 -0.307334 -1.00681 1.32057 0.904692 -1.90485 -0.870178 0.736988 -0.642098 0.421888 1.41235 -0.81137 -1.78556 -0.698069 -0.698069 
-0.3903 -0.3903 -1.36775 -0.459524 1.16362 0.121194 0.119381 1.1212 -0.466318 -0.852457 0.548031 1.19112 0.619563 -0.747305 -0.471796 0.616946 -0.241547 -0.688904 0.344002 0.41618 0.713521 0.580041 -0.401249 1.00275 0.85058 -1.77283 0.234646 2.8478 0.245988 -1.04401 0.147131 1.30253 0.457246 -1.59405 0.201031 0.0327659 -1.25377 1.19305 0.769104 -2.00896 -1.34418 -1.34418 
0.0834823 0.0834823 0.618777 0.29598 -0.919578 0.202236 2.07712 0.738204 -0.970661 0.315892 0.729664 -1.13709 -1.23896 0.266581 0.503531 0.388576 0.376261 -0.406222 -0.332642 0.610044 0.498238 0.0458817 0.297455 0.133918 0.0499644 1.03424 -0.276468 -1.43005 1.05383 0.540298 -2.71169 -1.36248 2.53273 1.22824 -1.43513 0.316821 0.610557 -0.001043 0.228115 -1.32763 -1.15524 -1.15524 
0.142165 0.142165 -0.431954 -1.04929 0.223573 0.933232 -0.0322412 0.804672 1.38079 -0.741657 -1.65232 -0.209631 0.814961 0.263744 -0.656614 -0.430382 -0.219833 0.192765 1.51572 0.401039 -1.02312 -0.331093 -0.335751 0.0172542 1.12165 1.57873 1.46035 0.0208088 -1.04446 -1.39991 -1.02949 0.983038 0.78692 -0.54097 1.13306 0.629379 -0.84393 1.8623 -0.747494 -3.03364 -0.327272 -0.327272 
