39
0.665813 0.879557 0.877332 0.814683 0.663781 0.70432 0.700754 0.691997 0.67785 0.625137 0.790093 0.854681 0.816544 0.742034 0.673488 0.70663 0.604848 0.570329 0.588032 0.587921 0.532163 0.619638 0.677424 0.547662 0.350521 0.141736 -0.167067 -0.401513 -0.794044 -1.08602 -1.3174 -1.44875 -1.50642 -1.58368 -1.72503 -1.71753 -1.69714 -1.8166 -1.84378 
-0.204863 -0.047382 0.0981482 0.203724 0.730144 0.935288 0.974412 1.03553 1.00296 1.42069 0.995743 0.878794 0.98383 1.10698 1.14366 0.987789 0.886745 0.578292 0.407677 0.36874 0.386631 0.0195056 -0.337015 -0.241992 -0.320057 -0.312955 -0.0126264 0.184794 0.345477 -0.248539 -0.834042 -1.06225 -1.16697 -1.70554 -1.76724 -1.65825 -1.8326 -1.84494 -2.07828 
-1.82836 -1.89463 -1.54312 -0.920213 -0.513108 -0.848941 -0.569443 -0.402642 -0.1926 -0.901565 -1.11344 -1.23017 -0.861566 -0.517635 0.0850993 0.460856 0.719778 0.902151 1.24333 1.12342 1.17354 0.957564 1.03993 0.69483 0.63805 0.251472 0.662669 1.43389 1.60532 1.69823 1.15065 0.83483 0.197001 -0.322426 0.0395108 -0.3985 -1.03387 -0.733233 -1.08666 
-0.136929 0.178199 -0.016374 -0.993843 -1.34193 -1.48109 -1.7019 -1.37927 -1.36379 -1.5895 -0.490327 0.353202 0.414771 0.55134 0.139714 -0.218152 -0.540645 0.312135 1.42873 1.28053 1.26372 1.19015 1.17553 1.31599 1.51314 1.57419 1.32786 0.362948 0.905535 0.566041 0.0846808 -0.204799 -0.104118 -0.86876 -0.84773 0.189739 -0.502537 -0.787375 -1.5591 
-0.769005 -0.734971 -0.800907 -0.94789 -1.11606 -0.919755 -0.722747 -0.81634 -0.838347 -0.228085 -0.471727 -0.59166 -0.515528 -0.520027 -0.527994 -0.41943 -0.36249 -0.514897 -0.544657 -0.441722 -0.645591 -0.528632 -0.485279 -0.554615 -0.684788 -0.498185 -0.420187 0.136521 0.64123 1.04912 1.13558 1.5353 1.46538 1.46055 1.43168 1.85265 2.00127 2.19169 1.72055 
-0.803614 -1.13073 -0.971421 -0.475466 -0.807031 -0.52346 -0.532593 -0.476958 -0.307178 -0.726867 -0.634585 -0.933287 -1.05205 -0.978381 -0.979227 -1.08244 -0.57495 -0.408217 -1.08522 -1.00241 -0.571614 -0.490529 -0.470286 -0.377209 -0.0513428 0.772273 0.787498 0.92783 0.693851 0.862691 1.3625 1.35775 1.34327 1.46745 1.55345 1.05484 1.63428 1.7111 1.91829 
1.19042 1.4122 1.34624 1.23891 1.22189 0.733964 0.368956 0.903907 0.624315 0.10511 0.354902 0.689511 0.590879 0.597681 0.710232 0.875742 0.231831 0.213894 0.588098 0.506002 0.252946 0.187595 -0.0169657 0.027803 0.108 0.384352 0.316461 -0.562997 -1.33931 -1.10702 -1.44678 -1.29591 -1.81614 -2.29857 -1.57082 -1.80571 -1.29321 -1.04426 -0.184163 
0.295991 0.277197 0.18852 -0.460581 0.0695268 -0.451072 -0.748302 -1.13424 -0.653776 0.280972 0.377121 0.179885 0.348757 0.377494 0.377192 -0.300088 -1.13019 -1.47944 -1.08938 -1.07542 -1.3769 -1.51345 -1.24279 -0.723539 0.0141344 -0.288504 -0.0908718 -0.475004 0.478063 0.422575 0.831469 0.386896 0.346978 0.401155 0.689747 0.446568 1.65257 2.52605 3.26468 
-0.532232 -0.416791 -0.452045 -0.434147 -0.0592497 -0.627826 -0.124969 -0.175344 -0.743764 -0.118997 0.166256 0.0148833 -0.196109 -0.146166 -1.34781 -1.50119 -0.472416 -0.396413 -0.167636 -0.395584 0.413754 0.505651 1.3372 1.99459 2.39901 2.28641 1.38023 1.17986 0.519235 -0.186288 0.1569 -1.5685 -0.687418 -1.05369 -1.31722 -0.342207 -1.27472 0.838735 1.54602 
-1.58874 -1.70617 -0.963348 -0.306395 -0.44134 0.915943 -0.0809106 0.202066 0.739369 -0.967032 -0.557761 0.134321 0.361202 -0.219546 0.189538 0.106755 -1.56686 -1.54254 -1.44659 -0.607267 -0.0545206 0.390999 -0.235438 -0.841693 -0.338286 -0.326516 0.873905 1.98437 2.17778 1.10678 1.06485 0.479211 0.244341 0.735456 -0.624324 1.95374 -1.15007 1.02809 0.876614 
0.533203 0.186282 0.152749 0.219538 0.219265 0.120557 -0.137119 -0.620322 -0.497803 -0.221309 -1.03705 -0.860007 -1.49288 -1.43443 -1.44348 -1.25566 -0.870523 -1.07429 -1.39398 -1.56821 -1.31677 -0.961448 -0.498104 0.254879 0.171819 0.54717 0.973739 0.844476 0.820495 0.393561 0.871136 1.43506 1.55847 1.22132 1.596 0.725582 0.864511 1.4889 1.48465 
-0.0157252 -0.244691 0.0898333 -0.170128 1.02162 0.670121 0.5786 0.649607 0.177262 -1.1525 -0.950127 -2.23718 -1.88633 -2.19479 -1.5971 -1.39778 -0.559168 -0.625516 0.156212 -0.0364875 -0.0420903 0.0322709 0.675753 1.02757 0.664043 1.04431 1.73002 0.21046 -0.0379309 -0.246046 0.283013 -0.6209 -0.39753 0.383906 1.67546 0.560608 -0.169086 1.05293 1.8975 
1.63958 1.18408 0.954667 1.70178 1.43845 1.42568 1.54656 1.47408 1.65772 0.643845 0.234641 0.767319 0.0802255 0.210559 0.297865 0.41156 -0.549445 -0.267867 -0.401078 -0.166738 -0.121278 -0.209991 -0.922571 -1.54574 -0.698799 -0.803752 -0.822751 -0.30154 -0.881711 -0.305016 -0.161572 -0.351914 -0.847961 -2.23218 -0.852364 -0.791968 -1.49071 -1.10934 0.167675 
1.53141 1.53141 0.298588 -0.364565 0.095697 0.752869 0.532986 0.485793 0.289735 1.0886 1.6118 0.705936 0.085509 -0.050129 0.430037 0.281795 -0.0199971 0.512949 0.666422 0.338759 0.72942 1.23587 0.266916 -0.870155 -1.22262 -1.72068 -1.83514 -2.20859 -2.46519 -1.74641 -1.02995 -0.255143 -0.0138945 -0.387112 -0.0090522 0.712324 0.146038 -0.0661098 -0.0661098 
0.961377 0.961377 0.83526 1.76073 2.00265 0.818645 0.468694 0.294509 1.16099 0.207592 -1.09154 0.19619 0.779573 0.613486 -0.0644716 -0.399109 -0.769843 -0.938881 -0.284024 0.173999 -0.623417 -1.53315 -0.410241 0.266339 0.0527132 0.972117 1.43454 1.09524 -0.827756 -2.6408 -1.75198 -0.583797 -1.33791 -1.23338 0.340039 0.0663205 -0.22847 -0.371805 -0.371805 
0.375838 0.375838 1.4996 1.59026 0.0269281 -0.181151 0.638452 0.525196 -0.902841 -1.59082 -0.625115 0.32142 1.07258 1.45436 1.50625 0.945626 0.630292 0.764424 0.271507 -0.203093 -0.359729 -0.30715 -0.517706 -0.744604 -0.812235 -0.0491458 1.83878 1.44781 0.341736 -0.830678 -1.49716 -1.64432 -1.97632 -0.346095 -0.213336 -1.83956 -0.635109 -0.175358 -0.175358 
0.26045 0.26045 -1.37556 -1.56986 -0.508832 -0.34775 0.236744 0.535815 -0.15822 1.21339 2.5667 1.25343 0.358646 -0.240267 -0.866064 -0.753251 0.779041 2.60047 1.33354 -0.100984 -0.00651836 -0.00376023 0.26714 0.535174 0.434666 -0.126632 -1.42518 -0.426665 0.364917 -0.931072 -0.867769 -0.131092 -0.732497 -0.833308 1.44759 0.544771 -1.12885 -1.2294 -1.2294 
-0.487855 -0.487855 -1.03042 -1.33684 -0.307908 0.786637 -0.0822671 -0.738725 1.37096 0.706645 -1.48199 -0.523521 -0.177528 -0.4296 -0.0907127 0.103834 -0.678381 -0.938251 -0.172906 -0.694767 -0.652736 0.0882736 -0.470114 -0.990231 -0.223096 0.40086 1.51019 2.78918 2.34312 1.08948 1.06502 0.596282 -0.616303 -0.493228 0.783009 1.315 0.623995 -1.23362 -1.23362 
-0.80534 -0.80534 1.30938 0.0481774 -0.497504 0.330921 -0.254716 0.204968 -1.01628 -1.2154 -0.904548 -1.4468 -0.490054 -0.187082 -0.64156 0.664521 1.3581 -1.68523 -1.90087 0.945419 0.940999 -0.11385 -0.0830373 0.702201 2.57918 1.78105 0.0254808 -0.614801 -0.541555 1.34376 0.897766 -0.423582 -0.0923372 0.165821 -1.43433 -0.166509 1.31196 0.355512 0.355512 
0.39224 0.39224 -0.190261 -0.103614 -0.777228 -1.39314 0.417235 0.568411 -1.29732 -0.360371 1.15077 0.534107 -0.0460706 0.327697 0.608591 -0.730253 -1.05493 0.747005 0.633453 -0.476719 -0.447084 -0.361254 -0.166355 0.33763 0.747505 0.485409 -1.56023 -2.81405 -0.846391 -0.0737556 -0.217853 -0.537263 -1.65815 0.550644 0.988774 0.607789 1.46412 2.07933 2.07933 
-0.361571 -0.361571 -1.17598 -0.376458 -0.210422 -1.27942 -1.10542 -0.100572 1.60586 1.1093 -0.353321 -0.259357 0.0326188 -0.185968 -1.0982 -2.17037 -1.74654 -0.169987 0.299323 -0.594206 -0.788676 -0.0494265 0.797919 1.40135 0.339396 -0.358386 -0.463683 0.512405 0.937043 0.233923 -0.26881 -0.848713 -0.204285 0.220179 -0.16403 1.02135 2.46416 1.86027 1.86027 
-0.0801175 -0.0801175 -0.178199 0.234218 -0.355496 -0.226829 0.294234 -0.78296 -0.104088 0.7543 -0.0261277 -0.525114 -0.322687 -1.31881 -1.52326 0.719484 0.950135 0.145717 -0.159913 0.423853 0.745465 0.767805 1.33641 0.906925 0.132685 -1.18515 -1.27341 -1.0265 -1.53444 -0.525084 -1.55059 -1.00973 0.356901 -0.794026 0.554667 -0.118016 1.02672 2.67557 2.67557 
0.392745 0.392745 1.10993 0.296996 0.945598 0.147353 -0.847604 0.573237 -1.2692 -1.38778 0.83355 0.664632 -0.514185 -0.345439 0.115745 -1.81312 -1.71393 -0.0750704 0.67974 1.10279 0.738077 -0.354009 -1.3281 -0.281706 0.29067 0.9362 1.95375 1.02112 -0.999225 -1.21718 -0.767672 -0.946362 0.0508624 -0.990958 0.941847 -0.673365 -1.04374 1.69053 1.69053 
-0.825362 -0.825362 -0.0569926 0.00477924 -0.302591 -0.780657 -1.49477 -0.788643 0.622315 -1.12028 -1.30499 -0.965354 -1.18561 -0.0270075 0.213267 0.945374 0.218095 -1.09095 -1.0361 0.0246406 1.00815 1.40172 2.14028 1.12547 0.424105 1.37062 0.433418 -0.403374 -0.956226 -0.0247039 1.81558 1.1578 -0.515727 -0.0490449 -1.03948 -1.47733 1.29893 1.03301 1.03301 
-0.033362 -0.033362 -0.0652117 0.815644 0.721579 -0.597065 -0.162909 -0.55423 -1.99361 -1.30029 -1.2564 -1.10384 -0.0982799 0.15537 0.677154 0.924714 0.651718 0.593269 0.463434 -0.345598 -0.0711764 0.5958 0.880908 -0.153863 -0.124635 0.953525 -0.998662 -1.95851 -0.610918 0.18796 -0.527017 -0.841131 0.890672 1.9883 0.0397422 -2.03722 0.364065 1.98172 1.98172 
-0.811726 -0.811726 0.779912 0.735015 -0.270675 0.237831 0.158799 0.24185 -1.00406 -1.78866 0.258157 -0.109623 -0.642116 0.382783 0.360763 -1.02665 -0.804465 0.291104 0.228584 0.465051 0.037499 -0.965751 -1.67309 0.390901 1.07675 -0.0693056 0.759409 0.0167106 0.090142 1.04783 0.0326735 -0.813679 -2.39375 0.0889155 2.00083 -0.750099 -0.325293 2.28958 2.28958 
-1.2387 -1.2387 -1.97619 -0.093323 1.37501 0.618619 -0.164703 -0.138208 0.802686 1.60258 -0.293244 -1.56507 -0.708505 0.515459 0.501442 -0.368169 0.389376 0.895675 -0.0614048 0.20237 1.12999 -0.382037 -2.20979 -1.5242 -0.813556 -0.548862 -0.410293 -0.568372 0.646298 1.72844 1.79075 1.26226 -0.0144506 0.137696 1.35499 0.304786 -0.733381 -0.103617 -0.103617 
-0.0413899 -0.0413899 0.712067 1.0117 -0.705698 -1.18757 -0.365431 0.624907 -0.00947634 -1.77258 0.0520029 1.58463 0.401021 -0.62588 -0.763103 -0.512982 -0.378162 0.456808 0.96732 -0.215026 -1.32856 0.23484 1.52631 0.438193 0.635885 1.18628 0.161524 -1.78053 -2.98036 -0.69116 1.73597 0.3984 -0.467561 1.42736 1.11942 -0.401557 -0.295407 -0.0554078 -0.0554078 
0.885954 0.885954 0.958216 -1.18375 -1.42188 0.47763 0.553216 -1.23844 -1.69658 0.21155 1.51447 1.34345 0.893263 0.335858 -0.415357 -0.708086 -0.154276 -0.295832 -0.78107 -0.51301 -0.0927808 -0.135762 -0.358541 -0.244612 0.544537 2.10337 1.18343 -1.20317 -1.82608 -1.47567 -0.658413 -0.391792 1.02502 1.3955 -1.20032 -0.346041 1.31675 0.356647 0.356647 
-1.05107 -1.05107 -1.18585 0.685175 0.931712 0.601125 0.696853 -0.190107 0.553947 1.97427 0.111674 -1.44791 -0.952337 -0.76573 -0.271982 1.22516 2.41048 0.468571 -1.7902 -0.845754 0.151341 0.27374 0.45777 0.200112 -0.375224 -1.20635 -0.12425 1.32575 -0.266031 -0.771264 0.638867 0.177737 -0.403259 1.59629 1.03991 -1.70347 -1.14691 0.0141364 0.0141364 
-0.333957 -0.333957 -0.565066 0.620204 1.67685 0.245448 -1.07521 1.17133 1.1654 -2.07652 -0.852564 1.05913 0.146101 0.140741 0.477594 -0.367973 -0.710708 0.456507 0.258906 -0.286639 0.665855 0.213002 -0.738177 0.261571 1.12446 1.38255 1.8766 0.703488 -1.2067 -0.888718 -0.296721 -1.19284 -0.746478 1.13066 1.43908 -0.0446696 -1.84698 -1.32581 -1.32581 
1.25695 1.25695 0.474292 -1.17667 0.120088 0.0952931 -0.133536 -0.527978 -0.936807 0.0139665 -0.19897 0.201848 0.726364 -0.149393 0.473103 1.18555 -1.51355 -2.07778 1.57712 1.7082 -0.712721 -0.690857 0.451041 1.59671 0.614123 -1.64012 -1.54216 -0.407257 1.16005 0.837822 -1.15213 -0.669799 0.310391 -0.888169 -0.261607 1.64888 0.268576 -0.648912 -0.648912 
-0.487703 -0.487703 -0.424618 -0.490954 -1.00247 0.806051 1.36454 -1.31191 -0.739819 1.71878 0.587641 -0.934988 -0.213882 0.413037 -0.833863 -1.27476 1.01194 1.16566 -0.954558 -0.850307 0.020465 0.140788 0.445235 0.601753 0.0439912 -1.7438 -2.46584 0.456126 1.93152 0.394018 -0.401067 -1.11223 0.728471 1.86354 -0.0219962 0.282485 1.00779 0.384315 0.384315 
-0.713893 -0.713893 -0.0740012 0.710692 -0.78476 -0.778386 0.881392 2.10786 0.906225 -1.6301 -1.15748 0.246798 -0.00334946 -0.96713 -1.65029 -0.580974 1.53891 1.5753 -0.401606 -0.932857 0.373924 1.20773 1.09903 -0.429061 -1.47047 -0.704824 0.634845 1.05897 -0.284967 -1.02718 -0.928564 -0.010444 0.793393 -0.029868 0.579121 2.04136 0.609343 -0.5454 -0.5454 
-0.255443 -0.255443 0.121932 -0.327928 -0.587569 0.428829 -0.674573 -0.530173 1.24095 -0.0943584 -1.3364 -0.437056 -0.891956 -1.26426 1.69941 2.09754 -0.690712 -1.18143 0.088809 0.662756 0.149032 0.375042 -0.0383954 -1.26715 -2.08002 -1.45232 -0.0205228 -0.404544 0.293118 -0.180475 -0.609161 1.57972 0.0316802 0.0152669 0.452876 0.266247 2.39053 1.34306 1.34306 
0.368847 0.368847 -0.164565 -0.209565 -0.199929 -1.27836 0.177709 -0.378373 -1.38848 1.278 1.24497 -0.986066 -0.764505 0.311595 -1.06477 -1.3023 1.0387 1.46889 0.671126 -0.06346 -1.05763 -1.45748 -0.0542966 0.96043 0.697401 0.989503 -0.0460203 -2.03936 -1.57042 0.0501972 0.0759628 0.43535 -0.131001 0.482889 0.106653 -1.4046 1.44935 1.69238 1.69238 
0.491848 0.491848 0.537869 -0.263574 -0.665761 -0.968789 -0.0865487 1.49666 -0.327677 -1.51647 0.0348268 0.00834 0.618483 0.961586 0.64384 -0.0770019 -1.59769 -1.01499 0.750532 1.4424 0.945343 0.762857 -0.286409 -1.35918 0.102045 -0.0736609 -1.40225 -1.1159 0.201516 1.98444 0.800383 -1.81746 -0.979715 -0.470802 -1.14469 1.66155 1.78964 -0.278713 -0.278713 
-0.120199 -0.120199 0.481899 0.439373 -1.06407 -0.70301 -0.0691493 -1.34978 -0.608393 0.405482 0.035855 0.693192 0.76229 0.43161 0.427447 -0.115816 -0.324985 -0.227129 -0.740181 -0.463856 0.545053 0.552357 -0.610852 -0.785757 0.658513 -0.69586 -2.08892 0.166609 1.36876 -0.0410788 -0.801852 0.870616 1.8356 -0.680072 -2.85003 0.123258 2.64867 1.0073 1.0073 
0.820337 0.820337 0.792535 -0.815848 -0.473156 0.100673 -0.162789 -0.88537 -1.42266 0.616343 0.874462 -0.722767 0.139643 0.455752 -1.03806 -0.88684 0.650738 0.474434 -0.0575608 -0.283606 -1.0513 -1.22456 0.674824 1.53755 -0.450258 -0.361789 -0.112012 -0.579718 0.473239 -0.200864 -1.31801 -1.66783 0.393651 2.55605 -0.684833 -1.60572 1.71703 1.45397 1.45397 
