55
0.799923 0.927852 1.11067 1.11416 1.17495 1.11627 1.06976 1.00024 0.974189 0.895597 0.87265 0.823908 0.864763 0.824041 0.880474 0.884111 0.943886 0.896828 0.793529 0.815587 0.819295 0.768117 0.733647 0.728085 0.732833 0.757728 0.734118 0.681247 0.495244 0.312886 0.198548 -0.00404127 -0.23852 -0.417033 -0.652984 -0.935843 -0.911527 -1.04372 -1.07764 -1.17198 -1.22935 -1.25261 -1.26303 -1.30231 -1.28564 -1.37745 -1.37626 -1.38595 -1.31306 -1.43069 -1.33974 -0.662366 -1.38021 -1.34544 -1.34773 
0.466104 0.642452 0.654285 0.836703 0.863125 0.963628 0.977536 1.13176 1.1609 1.18502 1.10144 1.16701 1.28289 1.17974 0.886603 0.863819 0.763376 0.784463 0.922827 0.828779 0.613566 0.602502 0.613106 0.520466 0.389121 0.384881 0.376972 0.330531 0.451833 0.345115 0.187069 0.224431 0.196802 0.245897 0.151349 -0.220045 -0.546658 -0.545571 -0.727213 -1.12415 -1.18351 -1.07306 -1.0294 -1.16881 -1.3838 -1.54731 -1.542 -1.41439 -1.38882 -1.42988 -1.11485 -1.37192 -1.81393 -1.80727 -1.86353 
-1.80557 -0.982957 -0.718313 -0.934941 -0.865796 -0.376456 -0.0261269 0.146917 -0.364584 0.0329924 0.607484 0.92302 0.3549 0.797886 1.29704 0.947615 0.617308 0.654272 0.876279 0.494229 0.959717 0.8972 0.907389 0.921725 1.04123 0.329294 -0.0728663 -0.208225 -0.245008 0.0492592 0.74804 1.57546 1.68483 2.02709 1.67288 1.46125 0.687364 0.413836 0.319549 0.178536 -1.06072 -0.80278 -0.684483 -0.881583 -0.963771 -0.92593 -1.1706 -1.3478 -0.896282 -1.46813 -0.916544 -1.56212 -1.44655 -1.57609 -1.32037 
-0.179248 -0.873371 -1.1652 -1.11021 -1.12381 -0.989081 -1.5157 -1.73915 -1.22973 -1.32642 -1.45224 -1.4556 -0.950038 -0.836527 -0.61845 -0.129332 0.335061 0.373944 0.566464 0.572646 0.780529 1.11671 1.22063 1.20872 1.14795 1.38203 1.53285 1.54306 1.50226 1.68444 1.68326 1.49605 1.18146 0.722111 1.2704 1.09562 0.381452 0.611982 0.363609 0.43545 -0.204029 -0.336361 -0.71551 -0.645646 -0.361268 -0.463437 -0.745125 -0.403423 -0.706117 -0.437148 -0.643404 -0.583021 -0.365898 -0.375016 -0.529156 
-1.05736 -1.09386 -0.933914 -1.0584 -1.25343 -1.45829 -1.11301 -0.947263 -0.835341 -0.592106 -0.626282 -0.814776 -0.815123 -0.772767 -0.608753 -0.481909 -0.501594 -0.459514 -0.442922 -0.372399 -0.556773 -0.715665 -0.658446 -0.649882 -0.740477 -0.701833 -0.74546 -1.05645 -1.02207 -0.879191 -0.885552 -0.636154 -0.0846671 0.14528 0.570789 1.13387 1.22918 1.46333 0.872873 1.05408 1.30012 1.1757 1.26593 1.21956 1.2482 1.03458 1.09696 1.25285 1.45853 1.29601 1.35176 1.2029 1.47232 1.35862 1.3682 
-0.441044 -0.477823 -0.694381 -0.565785 -0.348623 -0.491974 -0.390937 -0.48572 -0.66551 -0.877258 -0.893693 -0.816708 -0.70055 -0.917364 -1.16073 -1.30653 -1.06069 -1.01575 -1.28021 -1.20614 -1.21508 -1.25627 -1.24927 -1.16305 -0.966639 -0.886328 -0.820742 -0.450691 -0.457828 -0.163107 0.0602542 -0.159636 0.196413 0.020287 0.111776 0.445227 0.952746 0.830167 1.13049 1.06528 1.40958 1.28061 1.21471 1.10357 1.06664 1.03298 1.41354 1.21368 1.62706 1.27655 1.32185 1.24363 1.27834 1.6795 1.61119 
1.13687 1.16995 1.42541 1.69117 1.25234 2.08294 1.03933 0.389181 0.642394 0.705154 0.933685 0.848634 0.347027 0.755219 1.05391 0.835765 0.0901206 -0.0583374 0.672922 0.29844 0.161119 0.45767 0.608061 1.00099 1.0518 0.885046 0.609361 0.0204094 0.0702021 -0.674303 -0.795183 -0.527038 -1.86191 -2.16619 -2.07467 -1.49859 -0.733978 -0.422077 -0.855087 -0.686923 -0.111911 0.0976729 -0.791832 -0.348822 -1.45692 -0.883491 -1.15642 -1.75982 -0.039085 -0.329042 -0.811733 -1.6547 -0.437748 0.0743865 -0.271356 
0.899834 0.604215 0.312618 -0.417526 -0.609049 -0.873582 -0.565358 -0.108445 -0.284831 -0.297687 -0.812708 -0.773179 -0.61873 -0.836477 -0.913559 -0.944779 -1.14819 -1.25143 -1.11354 -1.4468 -0.865829 -0.887663 -0.803391 -1.17894 -1.24189 -1.37287 -0.966244 -0.598643 -0.815708 -0.83388 -0.703968 -0.551679 -1.05093 -0.0181809 0.354436 0.335017 0.65172 0.503996 0.622679 0.755219 1.3996 1.09212 1.76753 1.08298 1.03246 1.36585 1.62825 1.04408 1.41082 1.481 1.46821 0.945283 1.55296 1.48119 1.11362 
-0.203288 0.0450679 -0.33619 0.888312 1.80409 2.0314 2.18037 1.32278 0.326297 -1.15772 -0.638689 -0.0751571 -0.654579 -0.556145 -0.545349 -0.465031 -0.327634 -0.800271 -0.59625 -0.601671 -0.856456 -1.14797 -1.33858 -0.429668 -0.69376 0.213277 0.0101343 -0.207109 -0.220103 1.52023 1.71937 1.7182 1.06264 1.68124 0.737962 -0.484032 -0.672544 -0.219209 1.3041 -0.153828 0.675639 0.618205 0.291618 -1.80518 -1.2324 0.383271 0.812251 -0.573617 -0.773057 0.885404 -0.658328 -1.05804 -0.120217 -0.441997 -2.18778 
-0.458571 -0.867134 -1.11816 -1.16705 -0.51655 -0.599753 -1.27597 -1.3997 -0.549779 0.0806708 -0.367492 -1.34918 -0.716482 -1.09824 -1.48728 -0.802092 -0.528652 -0.142618 -0.677382 -0.0517183 -0.552203 -0.498415 -0.0543363 -0.566806 -0.591792 -0.402909 0.156179 -0.527326 -0.822091 -0.3732 -0.576409 0.0506237 1.79065 2.13367 2.35817 2.17097 1.70205 1.87543 0.985315 1.29814 1.2825 1.31357 1.23169 0.156082 0.399249 1.19906 0.485915 -1.19809 -0.171446 0.0807229 -0.23085 -0.0608608 0.456643 0.233688 0.359543 
-0.0876396 -0.0043357 0.417427 0.134156 -0.47544 -0.271851 0.0721562 0.221621 -0.469617 -0.909878 -0.779861 -0.861535 -0.788173 -0.918117 -0.629836 -1.19942 -0.570205 -0.528393 -0.599406 -1.089 -0.896226 -0.905678 -1.18861 -1.12111 -0.963445 -1.38856 -2.40052 -1.40313 -0.806138 -0.159944 0.287329 0.0401116 0.945091 1.01289 1.00806 2.74827 2.10106 1.93589 1.37165 1.2801 1.40955 1.00178 0.361166 0.417466 0.365493 0.927236 0.182632 -0.579624 -0.112077 0.124317 0.627143 0.873802 0.637978 0.446768 1.15663 
-0.302996 0.105944 -0.640209 -0.99166 -1.64608 -2.11098 -2.14047 -2.06603 -1.71684 -0.675388 -0.662125 -0.273404 -1.05964 -0.432624 -0.326834 -0.303496 -0.456734 -0.418097 0.0461228 0.0834544 -0.17708 -0.242634 -0.702223 -0.46097 0.0482622 -0.0281935 0.459306 -0.0222064 0.471973 1.61077 1.76959 1.93866 1.18517 0.811267 1.1295 0.742305 0.536015 0.444663 1.37965 2.5344 0.874315 -0.558404 -0.277598 -0.507422 -0.0766926 1.25091 0.452346 0.313348 -0.96542 0.174551 -0.487788 0.263389 0.70801 -0.0830273 1.47936 
1.48402 1.28268 1.09548 1.02188 1.39573 1.49011 1.1237 1.58876 1.61803 1.19875 1.21439 0.803859 0.581903 -0.0799505 -0.159359 -0.138115 -0.3287 -0.860434 -1.12867 -1.30983 -0.699776 -0.916379 -0.698853 -1.19741 -1.97581 -1.57248 -1.6954 -1.01726 -0.408258 -1.29284 -1.24177 -1.25671 -1.2284 -1.40594 -0.491154 0.323964 0.862179 0.142992 0.59801 1.7105 -0.171003 -0.303207 -0.101309 -0.675072 0.766127 -0.633292 0.160187 0.554105 -0.127089 0.832388 0.467979 -0.0806716 0.458846 0.0808082 0.337771 
1.80078 1.80078 1.21858 0.647622 0.356752 -0.145242 -0.196017 -0.100286 -0.142701 -0.128191 0.0114701 0.309985 0.347508 0.42039 0.627934 0.643573 0.40638 -0.356598 -0.0332181 0.467436 0.12478 -0.0538402 0.159587 0.343073 0.485573 0.352894 -0.0109507 -0.770744 -1.37658 -1.04128 -1.13594 -1.69804 -1.58539 -1.59228 -2.08049 -0.862773 -0.157857 -0.430333 -0.253218 -0.362913 -0.0303259 0.189292 0.114354 0.241103 -0.00471955 -0.0770942 0.307128 0.642597 0.137564 0.222028 3.94167 0.157553 -2.84904 0.49883 0.49883 
1.14993 1.14993 1.17554 1.23708 0.891483 0.838688 1.06536 1.12958 0.580652 0.105162 0.280039 1.12151 0.409703 -1.31594 -0.976898 -0.163906 0.0211876 1.02871 0.542955 -0.948779 -0.59867 0.35405 0.0098792 -0.589002 -0.216042 0.304729 0.126684 0.671829 0.417522 -0.761049 -0.153177 0.397055 0.446555 0.164223 -1.60982 -2.5889 -1.0174 -0.405772 -2.08504 -1.56914 0.571566 1.00618 -0.0479831 -1.13923 -1.24089 -0.311423 0.916752 1.00225 0.290655 1.51184 0.600516 -2.59341 -1.48075 0.146719 0.146719 
1.75245 1.75245 0.0458419 -0.275201 0.884121 1.34587 0.82646 -0.588812 -0.22009 1.5633 1.42857 -0.447793 -0.2385 1.51414 0.212874 -1.14924 -0.514727 0.392268 -0.295826 0.104012 0.62874 -0.118939 0.00726603 0.186791 -1.00588 -1.86255 -0.915705 -0.315694 0.389825 1.59775 2.47327 1.50537 0.708659 -0.0526337 -0.962216 -1.6514 -1.75304 -0.637023 -0.41941 -2.29964 -1.6445 0.584833 -0.162415 -0.491646 -0.105833 -0.372665 -0.725788 0.417478 -0.230608 -0.0662821 -0.187357 -0.903375 -0.0559521 0.174202 0.174202 
-2.2249 -2.2249 -0.502673 0.136995 0.320318 -0.859122 -1.68259 0.699272 0.990699 -0.469727 -0.255156 1.19642 1.4651 0.804159 1.66769 2.23397 1.19887 0.573831 0.498653 0.533972 1.29264 1.05364 0.25336 -0.125262 0.440278 0.926719 0.412056 -0.0284822 0.366862 0.45794 -0.391283 -1.11181 -1.73747 0.246292 0.900543 -2.00187 -1.07007 0.000810043 -0.364019 -1.26318 -1.73257 -1.13407 -0.66922 0.856241 0.460735 -0.840661 0.179805 0.131512 -0.0357019 0.18601 -0.293531 0.679823 0.520041 -0.3335 -0.3335 
0.111922 0.111922 -0.174316 -1.32904 -1.59048 0.167126 1.37271 0.613602 0.865662 0.39041 -1.014 -0.903953 -0.153004 0.381661 0.656501 0.0589313 -0.216805 -0.0987953 -0.00627206 -0.660013 -1.40629 -0.620399 -0.0756654 -0.5565 -0.458654 -0.305867 -1.44323 -1.18948 0.286971 0.154451 0.500938 2.31561 2.25234 1.84253 2.92621 1.85209 0.782082 -1.44873 -1.62095 1.10017 0.105965 -0.40088 -0.146964 -0.347334 -0.891409 -0.781638 0.420369 0.88653 -0.149264 -0.636967 -0.592514 0.10252 0.216888 -0.62835 -0.62835 
-1.25209 -1.25209 -0.627122 1.01195 -0.0157659 -0.454615 -0.271071 -1.33234 -1.77436 -1.15703 -0.0658795 0.435201 -0.675091 -2.03377 -1.76538 0.0833728 0.804154 -1.12432 -1.01418 -0.0485506 -0.484181 -0.42394 0.0575896 0.773397 0.751056 0.256654 1.3516 1.07678 0.792099 1.66317 -0.281585 0.219849 0.385238 -0.614552 1.31118 2.88339 1.16001 0.377001 0.593805 0.759992 0.519048 -1.03114 -0.963752 -0.854245 -0.561469 1.01626 0.38818 0.512178 -0.0571258 -1.4481 -0.419113 -0.459134 1.35248 0.963176 0.963176 
0.437356 0.437356 0.74971 -0.182316 0.57594 -0.235949 -2.22376 -0.482857 0.474183 0.44105 0.242622 -0.737544 -0.0753959 0.998959 0.158136 -1.24382 -1.15027 0.832384 0.52896 -0.637056 0.263766 0.650001 0.77938 0.645703 -0.105636 -0.543941 -1.11071 -0.67378 -0.882602 -1.11172 0.247703 -1.38202 -2.15045 -0.235609 0.94622 1.84981 1.49516 -0.112573 -0.305533 1.04768 1.10328 -0.862745 -0.549384 -0.842836 -0.667753 0.453411 -1.12641 1.54997 1.97075 -0.987226 -1.72961 0.552061 2.37121 0.273381 0.273381 
-1.26457 -1.26457 -2.19846 -1.98337 -0.982673 0.0913917 1.64194 0.600406 -0.40923 -1.13703 -1.02445 0.414393 -0.138549 -0.636161 -0.235274 -0.506782 -0.661569 0.0719557 -0.4224 0.529882 1.1992 0.131685 -0.628524 -0.944933 -0.41932 0.589907 1.66149 0.321026 -0.508086 0.237646 0.604005 -0.748204 1.1441 3.01793 0.756591 0.636419 0.360666 -0.0649242 0.537423 1.66727 0.721563 0.788239 -0.022149 -1.58234 0.605451 1.27799 -0.69407 -0.469813 0.936526 0.120827 -1.15388 0.179627 1.14927 -0.946743 -0.946743 
-0.0402595 -0.0402595 0.779232 1.86811 1.03096 0.387208 -0.523593 -1.48521 -2.01111 -0.738809 0.980143 0.0579738 -0.332484 0.163014 0.147805 0.254089 -0.210127 -0.154194 0.238042 -0.147134 -0.387317 -0.333435 0.674343 0.612648 0.611077 0.662245 -0.281607 -0.121974 1.52145 1.69953 0.237508 -0.480022 0.0402852 -0.201259 -1.74647 -1.11283 0.293637 1.73074 0.126202 -0.45629 0.719448 -0.251079 -1.96316 -1.20813 1.90856 1.78784 -0.732011 -1.25958 1.29619 0.16763 -1.56024 0.523067 0.588492 -1.66444 -1.66444 
-0.836884 -0.836884 -0.394696 0.713645 0.671456 -0.959609 -1.00944 0.866799 1.79399 0.198125 -1.78384 -0.45503 0.282524 -0.973608 0.338106 1.15257 0.784781 -0.208829 0.0857729 0.127916 -0.57515 0.586101 -0.110059 -0.68673 0.175515 0.893579 -0.178937 -1.22867 0.163503 0.276062 0.495072 2.8841 2.53493 0.671734 0.019873 -0.832618 -0.389322 -0.907139 -0.735701 0.339377 -0.00700501 -0.0884465 -1.449 -1.04938 1.25626 0.0805686 -2.97304 -0.834143 1.54619 -0.0990107 -0.200043 0.819228 0.33614 -0.145355 -0.145355 
0.657653 0.657653 0.12854 -1.36012 -0.657388 0.71904 0.640916 -0.853351 -1.70456 -0.519164 -0.00157988 -0.0833565 -0.153029 0.157185 -0.477389 0.0147125 0.897198 -0.113507 -0.880538 -0.499788 0.193249 -0.493387 -0.38231 0.253645 -0.457402 -2.14563 -0.0923792 2.22997 1.72305 1.50695 0.217401 0.878053 1.33275 0.0195375 2.43347 1.50627 -1.24394 -1.12418 -1.01793 -0.0166548 -0.473086 -1.5846 -0.914749 -0.0651129 0.664441 -0.335298 -2.24635 -0.496742 0.944707 0.99563 1.01044 -0.0557198 -0.687738 0.67726 0.67726 
-0.42431 -0.42431 -1.28681 -1.18276 -1.31145 -0.602594 0.00917768 0.438697 1.53557 1.15454 0.414151 -0.492711 -0.222415 0.789398 0.104653 -0.189157 -0.171804 0.528568 0.527088 -0.29499 -0.411691 -0.637476 -0.28947 0.809451 0.449078 0.424427 -0.0350231 -0.0274458 1.81045 1.43005 0.330102 -0.704713 -1.32059 -0.104956 -0.120038 -0.714996 -0.379424 0.91511 2.32854 -0.61501 -3.54993 -1.34841 0.0160135 0.18607 1.95263 0.558267 -1.10527 -1.64996 -0.19925 0.499957 0.0589544 1.31456 -0.434749 0.833112 0.833112 
-0.483807 -0.483807 -0.300201 0.506267 0.747739 -0.316338 0.216486 0.785266 -0.485921 -0.50553 -0.492946 -0.834468 -1.19573 -0.99083 -0.00891974 -0.168729 -0.963601 -1.07522 -0.571291 0.691192 0.640248 0.0760145 -0.329278 -1.76086 -0.464455 0.477757 0.872784 1.92488 -0.321446 -1.12343 0.126624 0.0939054 -0.139809 1.13443 2.56131 2.02002 -0.185447 -0.305038 2.32788 -1.03072 -2.81989 0.174868 -0.459845 1.32157 0.134744 -0.796312 1.7815 -0.338255 0.474701 0.930061 -1.23778 0.0615591 0.306805 -0.0993493 -0.0993493 
-0.430195 -0.430195 -0.849969 -0.635785 -0.585078 -0.40856 0.0308894 0.0370363 -0.022678 0.111184 0.319986 0.244894 0.0790083 0.204007 0.161922 -0.16505 -0.737491 -0.325356 0.603669 0.113998 -0.385406 0.023428 0.289649 0.237504 0.00505828 -0.367208 -0.828265 -1.00617 -0.201058 0.174757 -0.485017 -0.332605 0.0755896 -0.366158 0.534176 1.41136 0.315769 -0.0722719 0.0474052 0.161708 0.40382 0.104207 0.0359295 -0.0897055 -0.236102 0.227109 0.526957 -0.126827 -0.311367 2.79463 -0.0495644 -4.99471 0.248746 2.4592 2.4592 
0.0224979 0.0224979 0.0657211 -0.194981 -0.275282 0.126626 0.208808 -0.335901 -0.714946 -0.206611 0.718298 0.0955762 -1.70732 -0.969309 0.813593 0.705475 0.842096 0.370953 -1.38429 -0.79726 0.919498 0.431901 -0.657801 -0.154154 0.632186 0.245211 0.262329 0.208769 -1.00181 -0.396294 0.817857 0.425708 -0.159008 -1.43969 -1.92903 0.420567 1.53774 -0.745297 -0.812528 1.87027 1.81318 -0.430602 -1.50222 -0.833278 0.585884 1.51984 0.927117 -0.435201 0.362397 0.222129 -2.87864 -1.45718 1.92893 1.1475 1.1475 
-1.2009 -1.2009 -1.43854 0.682855 1.26229 0.0196712 -1.36972 -0.712316 1.65536 1.28271 -1.42628 -1.17163 1.5146 0.396464 -1.90911 -0.476226 1.20339 0.224385 -0.151017 0.746725 -0.102679 -0.39767 0.288657 -0.68759 -1.45459 0.129102 1.20735 1.02872 1.4787 1.60454 -0.00602811 -1.24383 -1.0909 -1.17445 -1.12107 -0.523028 0.813204 1.04952 -1.16833 -0.84447 2.19747 1.1594 -0.734469 0.104235 0.150423 -0.396545 0.647224 0.428889 -0.295732 0.094367 -0.557273 0.159619 0.859986 0.232715 0.232715 
1.26316 1.26316 1.75656 0.569561 -0.833563 -1.61013 1.1368 1.99674 -0.966912 -1.02619 1.21991 1.26164 -0.367791 0.0910268 1.03762 -0.426841 -1.34574 -0.605331 -0.0959772 0.547191 0.335598 -0.866857 -0.974548 0.0789418 0.746187 -0.0870015 -0.802004 -0.100092 0.309957 -0.650009 -1.27602 -1.10358 0.982303 1.96953 -1.79929 -1.58521 1.47948 0.479359 -1.04018 -1.12084 0.0343499 0.75496 1.46995 0.806331 -1.3741 -0.281922 0.684629 -0.231459 -0.0231968 -0.264103 0.315657 0.562296 -0.846834 -0.72359 -0.72359 
-0.186563 -0.186563 -1.0889 -1.06952 1.20626 2.35263 0.386 -0.359108 -0.137298 -1.43171 -0.974342 0.709915 1.04173 0.669681 -0.21508 -0.645315 -0.0861411 0.201627 -0.401441 -1.05691 0.0680668 1.0769 0.0870433 -0.262167 0.232963 -0.732262 -0.65337 1.38914 1.0873 0.204311 1.7259 1.40571 -0.332565 0.563695 0.0445811 -1.63837 -2.54225 -1.84069 2.0289 1.38657 -1.13586 -0.160535 0.0789537 -0.54462 -0.302267 1.06217 1.34067 -0.408017 -1.15339 -0.309258 0.614968 0.669602 -0.534012 -0.623383 -0.623383 
0.416114 0.416114 1.67886 0.40563 -1.1952 -0.262049 -0.741562 -1.2235 0.0697006 1.25086 1.1613 -0.534699 -1.96746 -0.905325 1.56569 1.91422 -0.995767 -1.46621 0.763412 0.342951 -0.354562 0.352021 0.857072 0.468888 -0.463461 0.397302 0.566463 -0.496405 0.386399 -0.89253 -1.1773 0.448361 -0.708186 0.647987 2.62946 -0.181819 -1.99629 -0.50157 0.229697 -0.122954 -1.44525 -1.20771 0.0709191 0.24456 1.37568 0.666251 -0.453705 -0.408426 -1.57557 -0.344237 0.696544 1.29948 1.03039 -0.365281 -0.365281 
0.215537 0.215537 -0.357147 -0.0831622 -0.00934426 -1.69667 -0.128102 1.68137 0.591307 -0.118672 -0.700578 -0.171796 1.09061 0.167105 -1.35447 -0.780342 1.29934 1.05542 -0.879289 -0.139338 0.814446 0.340431 0.0209696 -0.520189 -0.707368 -0.593962 -0.0561693 0.163775 -0.245482 0.718129 -0.142473 -1.44994 0.728022 1.92636 1.305 0.360908 -1.18218 -1.08283 0.736529 0.88926 -1.15025 -0.991873 0.035844 -0.0491216 0.820092 -0.258214 0.697393 1.92667 -1.53537 -2.25008 0.969429 2.54337 -0.147625 -1.2654 -1.2654 
-0.607939 -0.607939 -0.461081 0.859863 1.44638 1.82181 0.37728 -1.37082 -1.1566 -0.390349 1.08904 0.634617 -0.687597 -0.0363203 0.118064 -0.261352 0.424887 0.193029 0.342397 1.13696 -0.242167 -1.21825 -0.705393 0.172568 1.07772 1.4505 -0.153869 -1.45167 -0.0272084 0.789062 -0.643417 0.398499 2.60125 -0.234865 -1.59638 -0.240615 -0.449155 0.150414 1.21247 0.155455 -0.570483 -0.478085 -1.58891 0.458251 1.98276 -0.857592 -1.16368 1.1431 0.433014 -1.39761 0.0698724 1.60232 -0.739365 -1.40144 -1.40144 
0.545795 0.545795 1.20277 0.203238 -0.842139 -0.886573 -1.07836 -0.846125 0.501698 1.85612 0.532094 -0.740609 0.114735 0.34114 0.106308 -0.164598 -0.194976 0.321759 0.0556182 -0.325948 -0.0610449 0.691907 0.622174 0.0131873 0.0812826 -0.487238 -0.421796 1.13922 1.15036 -0.7233 -1.26367 -0.0676342 0.219549 -1.02667 -0.498634 1.28225 1.76702 -0.0496617 -1.26818 0.409291 0.175172 -1.56718 -0.526073 2.38734 1.85896 -1.54181 -1.78729 1.27506 0.91246 -1.67205 0.26581 1.34779 -1.26846 -1.30794 -1.30794 
0.257472 0.257472 0.940566 0.642034 -1.04632 -1.05103 1.1106 1.71275 -0.427176 -2.22015 -0.417611 1.25849 -0.334668 0.0191982 1.29535 0.260237 -0.854116 -0.445871 0.192485 -0.422399 0.267331 0.271588 -0.79953 0.160948 0.95892 -0.233515 -1.32304 0.195996 0.91234 0.189295 1.59233 1.24215 -1.37858 -1.56514 -0.942221 -0.267254 -0.0609871 -0.228538 0.753196 0.434053 -0.278735 -0.903792 -0.607302 1.65225 0.681354 -2.62166 -0.578814 2.77024 0.438019 -1.0913 0.550872 0.315403 -0.609551 -0.311814 -0.311814 
-0.357482 -0.357482 -1.3339 -0.525928 1.35329 0.841124 -1.04177 -1.54884 0.208758 1.10655 0.275411 -0.109772 0.147335 -0.223184 -0.103884 0.891158 -0.0945353 -1.17646 -0.263798 0.693863 -0.00623782 -0.387946 0.479544 -0.0596893 -1.58413 0.228983 2.85953 1.18031 -0.48467 -0.997991 -0.422929 0.721125 -0.573538 0.711528 0.964712 -2.42245 -1.73575 0.137801 0.715993 0.346929 -1.03885 -0.300124 0.986196 1.02536 -0.187651 -1.91963 -0.116327 2.08259 0.968413 0.032681 -0.700018 -1.12428 0.470327 0.884869 0.884869 
-0.593034 -0.593034 -0.525638 -0.0503469 0.341384 0.820984 0.640059 0.954259 0.429263 -0.760736 -1.10132 -0.446695 0.796037 0.177453 -0.668204 -0.213452 0.430484 0.418286 -0.567812 -0.642441 -0.256219 0.0447737 0.902791 0.443971 -0.283771 -0.347944 -0.327069 1.16093 0.909637 -0.993215 -1.41708 -1.10355 0.354075 0.743216 -0.429515 -0.202395 1.02144 1.71957 -1.02545 -3.8419 -0.509418 2.27529 0.959501 1.21997 0.206683 -2.01501 -1.46467 0.552445 1.35812 0.132851 0.493233 -0.354163 -0.346226 0.786809 0.786809 
0.115057 0.115057 0.649338 0.687673 -0.551553 -0.358533 0.723226 -0.471922 -0.861727 -0.0112352 -0.224501 -0.472174 -0.11017 0.779676 0.538056 -0.639052 -0.607124 0.253322 1.16365 0.796057 -0.414133 -0.648887 -1.2235 -0.0961352 1.47649 0.879332 0.952128 -0.797752 -2.02607 0.290263 0.799898 -0.183092 0.682762 1.78289 0.580115 -1.82629 -1.54692 1.65849 -0.487342 -3.41695 0.792114 1.55694 0.753104 0.387331 -1.40967 1.08438 0.296879 -0.872326 0.833671 -1.14109 -0.581959 1.0167 -0.113182 -0.275656 -0.275656 
