20
0.557037 0.769758 0.800332 0.846944 0.916326 0.92532 0.878276 0.781229 0.720238 0.509194 0.355656 0.141745 -0.0165376 -0.174409 -0.457739 -0.846143 -1.25435 -1.47942 -1.73698 -2.23648 
-0.936152 -0.836124 -0.608606 -0.837874 -1.01795 -0.756304 -0.904545 -0.867197 -0.618671 0.429733 0.808156 1.2351 1.13049 1.00623 1.33289 1.69253 0.840952 0.608077 -0.153006 -1.54773 
1.56262 1.19478 0.711795 0.800713 0.149137 -0.135913 -0.547275 -0.92701 -1.03459 -1.07991 -1.30382 -1.13416 -1.06112 -0.784787 -0.569583 0.0936658 0.227799 0.70591 1.69104 1.4407 
1.10722 0.753307 -0.182322 0.170563 -0.437295 -0.820146 -0.49891 -0.911445 -0.357004 0.439034 0.982952 1.32434 1.53426 1.29705 0.341916 0.00523954 -1.76532 -2.12623 -0.392206 -0.464999 
-1.34115 -1.21105 -1.23408 -1.13137 -0.972654 -1.07498 -0.853778 -0.468025 -0.227844 -0.215517 0.0196255 0.762649 0.703718 0.728137 1.02299 1.23173 0.834343 0.472953 1.07161 1.88269 
-1.68121 -1.46254 -1.35346 -1.41706 -0.89632 -0.648025 -0.52412 -0.318779 0.0280259 -0.103543 0.0394054 0.27647 0.718223 0.816892 1.11442 1.07988 0.726811 1.11999 1.09391 1.39102 
0.720493 0.761596 0.722272 0.901667 0.929367 0.741332 0.528323 0.611794 0.87675 1.13936 0.929577 0.220732 -0.38864 -0.839577 -0.964804 -1.22253 -1.80308 -1.21179 -1.33455 -1.31829 
-0.405138 0.823039 1.59925 2.7094 1.56597 0.501215 0.224081 -0.0109665 -0.628371 -0.480102 -1.14326 -1.2857 -0.824966 -0.694231 -0.573731 -0.311747 -0.0900629 -0.27052 -0.388961 -0.315194 
-0.547063 -1.18036 -1.31418 -1.62585 -1.65877 -1.15493 -0.606838 -0.335361 -0.123714 0.0620862 0.413799 0.746089 0.51661 0.489496 1.02694 1.18426 1.33094 1.33195 0.534128 0.910775 
0.894142 0.925498 1.04935 1.09476 1.3501 1.30234 1.34791 0.842761 0.363695 -0.495422 -0.848398 -0.948123 -1.05013 -1.13926 -1.30673 -1.1329 -0.860448 -0.254786 -0.282932 -0.85142 
-1.51824 -1.27173 -0.896519 -1.65478 -1.06931 -0.25333 -0.055263 -0.152632 0.169802 0.197828 -0.276553 0.0121844 -0.0391137 0.11091 0.140631 0.262095 1.35549 1.61746 1.86847 1.45259 
-1.64884 -1.23956 -1.96651 -1.16446 -0.84794 -0.106206 0.00603156 0.368749 1.33662 1.73501 1.45024 0.0518062 0.0185351 0.592186 0.35792 -0.374244 -0.219252 0.879097 0.297292 0.473527 
1.00984 0.992106 1.22815 1.71181 0.847 0.673026 0.415996 -0.148615 -0.401955 -0.74089 -0.829191 -1.37866 -1.2732 -1.32205 -1.37434 -0.933072 -0.145445 0.104279 0.278716 1.28649 
1.59035 1.59035 1.09564 1.21122 1.09919 0.752446 0.436631 0.395094 0.0555922 -0.220034 -0.228574 -0.242702 -0.0758058 -0.448222 -1.13479 -1.5067 -1.02026 -0.571608 -1.3889 -1.3889 
0.438144 0.438144 0.0908035 -0.339124 0.17869 0.212268 -0.0243195 0.394189 1.46065 1.59766 0.942153 0.432644 -0.148768 0.306143 0.81656 -0.426245 -1.05123 -0.955775 -2.18129 -2.18129 
-1.21094 -1.21094 -0.570585 -0.806942 -1.33124 -0.99446 -1.12721 -0.701315 -0.232469 -0.395556 -0.0941692 0.322157 0.471711 0.67101 1.21346 1.09981 0.840245 2.03333 1.01206 1.01206 
-0.954527 -0.954527 -0.378998 -0.112103 -0.711195 0.0453449 0.0211742 0.211067 1.19518 1.18661 0.816399 0.544434 0.0732936 -0.875381 -0.956373 -1.62036 -1.64009 1.21361 1.44822 1.44822 
-0.477845 -0.477845 -0.531476 -0.17569 -0.577083 -0.454747 0.500753 0.537906 -0.193139 -0.203004 1.22746 0.651762 -0.755029 -0.0624395 0.298398 -1.05677 -2.1729 -0.222973 2.07233 2.07233 
0.0642685 0.0642685 -1.04361 0.57212 1.79626 0.238741 0.0701498 0.944996 -0.377318 -1.17742 0.269402 1.44216 0.898983 0.332916 -0.18989 -2.74338 -1.06466 0.218726 -0.158357 -0.158357 
0.420966 0.420966 0.69331 0.825301 0.10171 -0.372324 0.162361 1.10363 1.45641 0.521496 -1.39161 -2.17854 -1.67063 -0.717193 -0.336694 -1.23339 0.438608 1.34017 0.20773 0.20773 
1.8514 1.8514 1.74005 -0.0709092 -2.12267 -1.30543 -0.522695 -0.843701 -0.482087 -0.525249 -0.799501 0.260761 0.518472 0.197499 0.321318 0.416773 -0.000619073 -0.321487 -0.0816563 -0.0816563 
-1.49631 -1.49631 -0.940797 -0.766513 0.642026 1.64556 1.24422 0.663109 0.515129 0.757052 1.01007 0.00623328 -0.614528 0.710096 1.02866 0.353736 0.0837391 -1.5476 -0.898786 -0.898786 
0.558306 0.558306 0.582453 0.808341 0.648285 0.287901 -0.497887 -1.39919 -2.00731 -1.79069 -0.486068 -0.0549086 -0.0367056 -0.14917 0.302584 1.05837 1.80025 1.28383 -0.733343 -0.733343 
0.523984 0.523984 -1.2709 -0.895289 1.91685 1.22481 -0.406745 -0.184581 0.0394176 -1.38397 -0.91825 -0.162477 -0.410269 -0.26554 -0.316557 1.58353 1.83453 0.329741 -0.881138 -0.881138 
-0.514633 -0.514633 -0.0794397 1.07673 1.0099 0.783551 0.363599 1.31164 1.35117 -0.0367589 -2.02766 -1.74899 0.436089 0.213386 -1.23346 -0.802165 1.22605 0.40968 -0.612028 -0.612028 
0.232359 0.232359 0.917204 -0.586414 -1.48466 -0.654513 -1.18807 -1.18303 -0.874787 -0.649365 -0.936924 -0.672282 0.0115053 -0.203951 0.465467 1.61268 1.35106 0.513527 1.54892 1.54892 
-0.28452 -0.28452 -0.033841 0.796145 -0.206586 -0.648573 0.0133879 -0.0379876 -0.545706 0.172121 0.739289 1.11979 0.342698 -1.5084 -1.50729 1.03686 2.81659 -0.0110852 -0.984183 -0.984183 
-0.00762244 -0.00762244 -0.492861 0.483597 1.00673 0.155277 0.58973 2.06042 1.74271 -0.200797 -0.930498 -0.846867 0.241628 1.47392 -0.442207 -1.72368 -0.213251 -0.891044 -0.998781 -0.998781 
0.740016 0.740016 0.339866 -1.63188 -0.661577 0.00130951 0.152185 1.17068 0.173539 -0.109967 0.870974 0.613923 0.246497 0.911674 0.38184 -0.975965 1.23633 -0.0532358 -2.07311 -2.07311 
0.253381 0.253381 0.48282 -0.526951 -0.106025 0.388211 -0.0989121 0.767866 0.597258 -0.566998 -0.793428 -0.880192 -1.46193 -1.12654 -0.881798 -0.82914 2.19486 2.41351 -0.0396913 -0.0396913 
-0.272455 -0.272455 -0.042057 -0.267259 -0.418435 0.460253 0.405091 -0.687071 -0.717518 0.682218 0.315798 -1.52153 -0.700223 0.444445 -0.88163 -1.83807 0.302223 2.51137 1.24865 1.24865 
-0.629218 -0.629218 0.376002 1.82686 -0.147367 -1.01385 0.499438 -0.218347 -1.26041 0.462398 1.68981 0.451736 -0.630071 -0.617395 -1.85387 -0.484189 1.90291 0.623895 -0.174557 -0.174557 
0.245571 0.245571 0.341846 -0.384595 -0.826634 0.0911612 1.12349 0.990807 -0.377691 -2.03044 -1.9225 -0.156599 1.11284 1.01991 -0.329595 0.612431 1.92409 -0.121482 -0.779089 -0.779089 
0.0649954 0.0649954 -1.49335 -3.16309 -0.9015 1.53761 0.558132 0.195757 0.434844 -0.112325 0.83718 1.29494 0.106376 -0.00884013 0.349499 -0.116216 -0.474466 0.0910796 0.367189 0.367189 
0.38641 0.38641 0.541032 1.29782 2.03352 0.427826 -0.978049 -0.753276 -0.0230896 0.332668 -0.77255 -1.54775 0.518023 1.35138 -0.422592 -0.944753 -1.79327 -0.978117 0.46918 0.46918 
0.201834 0.201834 0.382066 0.235094 -0.232681 -0.731941 -1.16353 -1.02177 -0.1298 1.39634 1.56751 0.541106 0.107359 0.453281 1.14604 1.37753 0.362457 -1.83894 -1.42689 -1.42689 
-0.900061 -0.900061 -0.675293 2.08161 1.44271 -1.21645 -0.669381 0.441008 -0.543712 -0.399062 0.904977 0.478001 0.112344 0.230097 1.28053 1.46126 -0.576266 -1.45107 -0.550587 -0.550587 
0.296182 0.296182 1.01823 0.704706 -0.158695 -0.379227 0.354198 0.641153 -0.817701 -2.08574 -1.04492 1.56305 1.24993 -1.01827 -0.609831 1.5604 0.781213 -1.12351 -0.613676 -0.613676 
0.509258 0.509258 -1.1298 -2.85549 -0.311506 0.0860362 -0.813396 0.104227 0.34446 -0.305007 -0.262254 0.796584 0.273242 0.257578 1.74299 0.72809 -1.43543 -0.021597 0.891377 0.891377 
