30
0.701752 0.855799 1.03269 1.22794 1.30067 1.24807 1.14466 0.958071 0.772881 0.741889 0.677307 0.368238 0.447123 0.456949 0.356 0.182505 0.155177 -0.0387494 -0.0387 -0.181634 -0.377449 -0.63407 -0.798802 -1.14542 -1.39128 -1.46989 -1.50163 -1.69854 -1.72652 -1.62504 
1.14488 0.470573 0.486251 -0.072164 -0.300165 -0.257225 0.0162391 0.584728 1.04862 0.860513 0.49086 0.726254 0.214262 -0.140268 -0.58498 -0.468118 0.23218 0.461489 0.397317 0.804185 1.01762 1.21233 0.876214 0.412564 -0.569834 -0.827515 -1.24813 -2.17879 -2.18629 -2.6236 
-0.149999 -0.610261 -0.718782 -0.813369 -1.10538 -1.43284 -1.44294 -1.18311 -1.13797 -0.925262 -0.595984 -0.480553 -0.505375 -0.525336 -0.356699 -0.308761 -0.291464 -0.0801162 -0.01518 0.393201 0.535075 1.02406 1.3093 1.86675 1.92336 1.59386 1.2608 0.951676 0.961536 0.859775 
-0.886234 -1.22462 -1.33848 -1.46561 -1.31595 -0.946986 -0.887922 -0.784901 -0.787687 -1.53258 -1.09411 -0.88908 -0.194272 0.33594 0.966538 1.09035 1.46675 1.40855 1.22493 1.18201 0.655155 1.0078 0.712302 0.87823 0.902795 0.87196 0.386279 0.1586 0.0676552 0.0325882 
-1.41807 -1.379 -1.52684 -1.39604 -1.46685 -1.25962 -1.03563 -1.35123 -1.01262 -0.555042 -0.420392 0.341393 0.658728 0.420104 0.389959 0.566719 0.167806 0.00403035 -0.0164629 0.14383 0.573503 0.446298 0.624418 0.961668 1.25768 1.49981 1.1136 1.30062 1.1481 1.21952 
-2.66423 -2.20207 -1.79789 -1.18817 -0.391517 0.361861 0.728313 0.738009 0.671524 0.607941 0.201953 -0.0885753 -0.592714 -0.630384 -0.544396 -0.313342 -0.140517 -0.48916 -0.173388 -0.17771 0.0551495 -0.113073 0.587831 0.809067 0.892343 1.1824 1.02267 1.32764 1.21125 1.10918 
0.166834 0.617724 0.549622 0.834153 0.14684 -0.738533 -1.32491 -1.96821 -2.54709 -1.98795 -1.47171 -1.01071 0.518894 1.34272 1.15444 0.818441 0.838016 0.648353 0.31137 0.776323 0.994894 0.513707 -0.321189 -0.24582 0.407266 0.294513 0.336763 0.0758692 0.288118 -0.0187358 
0.910265 1.261 1.5805 1.32137 1.43523 0.91791 0.780262 1.10854 0.744572 -0.0984946 -0.286567 -1.09627 -1.06793 -0.801105 -0.637408 -0.321575 -0.344648 -0.111803 -0.266496 0.757508 0.121726 0.486277 -0.542248 -0.549247 1.03647 0.026959 -1.18961 -1.90671 -1.20589 -2.06258 
-1.25006 -0.569596 -0.663767 -1.23242 -1.3508 -1.26447 -1.17003 -0.514378 -0.850685 -1.4476 1.16407 1.0404 0.0815414 0.469521 1.14865 1.60909 0.132635 -0.0677991 -0.500556 0.0797571 -0.110471 -0.54431 -0.186601 -0.745566 0.813007 0.474656 1.94044 0.75059 1.87675 0.888008 
0.930986 -0.0457297 -0.452422 -0.48029 -0.560178 -0.562264 -0.783388 -0.770076 0.0835117 1.03073 0.939368 0.782912 -0.667397 -1.16446 -1.29211 -0.920657 -0.976913 -0.831922 -0.898212 -1.23063 -0.664785 -0.588096 -0.366108 0.904155 0.683248 1.15089 1.49006 1.85846 1.79766 1.60366 
0.133025 1.20027 2.10962 1.68342 1.80682 1.21755 0.568919 -0.368004 -1.09865 -0.888457 -1.44127 -0.171676 -0.051144 0.768277 0.114663 -0.0380218 -0.505036 -0.446758 -0.983646 -1.43441 -0.567288 -0.955751 0.356087 0.0012729 -1.60006 -0.216337 -0.548042 1.54222 0.21871 -0.406305 
-0.725359 -0.955135 -1.13022 -1.28822 -0.936742 -0.485088 0.0899612 0.722845 1.12021 1.81774 2.42423 1.99598 1.35353 0.950377 0.445333 -0.245176 -0.440473 -0.258075 0.283685 0.164995 -0.497728 -0.247758 -0.661891 -1.05339 -0.887119 -1.28271 -0.655184 0.663987 -0.149496 -0.133112 
1.61738 1.38269 1.82727 1.74249 1.68328 1.39072 0.883821 0.755479 0.460201 0.306506 -0.646357 -0.869784 -0.855499 -0.721599 -0.954647 -1.14859 -1.29436 -1.01914 -0.823354 -0.866358 -0.869533 -0.36783 -0.340409 -0.327615 -0.411839 -0.825524 -0.423386 0.817722 0.112085 -0.213822 
1.91629 1.91629 2.08038 1.66549 0.678275 -0.0233321 -0.557009 -0.882754 -0.262995 0.21741 -0.890212 -0.318765 0.951443 0.235138 -0.49506 -0.201816 -0.283196 -0.174146 0.0289643 -0.751197 -1.20403 -1.08022 -1.43871 -1.76183 -0.694289 0.158558 -0.312653 -0.297692 0.890834 0.890834 
-0.589749 -0.589749 -0.422094 -0.774608 0.0953307 0.820766 1.58104 1.85653 0.762004 -0.443834 0.168823 -0.0370892 -0.890492 -0.793162 -0.111231 1.54518 1.70784 0.601939 0.8588 1.2604 0.953478 0.158478 -0.793916 -1.72885 -1.43089 -0.6182 -1.59175 -0.99413 -0.280432 -0.280432 
-1.41726 -1.41726 -0.598286 -1.00924 -1.53078 -0.899395 0.415898 0.539603 0.434083 1.07045 0.852578 0.0595277 -0.2437 0.189576 0.341645 0.00270067 0.368676 0.475369 0.91665 1.08896 1.26948 1.59056 1.7439 1.23187 -0.754564 -1.62729 -1.58165 -0.813638 -0.349226 -0.349226 
-0.968135 -0.968135 -0.564479 -0.0609582 0.886984 0.713865 0.205707 0.0875275 -1.53265 -0.689511 1.12559 1.6154 2.23674 2.11405 1.33752 0.8518 0.504 -0.566062 -0.536858 -1.19272 -0.436892 0.00519649 -0.351571 0.259989 -0.11598 -1.09095 -1.46707 -0.712819 -0.344781 -0.344781 
-0.708063 -0.708063 -0.471545 -0.272933 -0.0758269 0.684364 -0.663851 -0.368282 1.62547 1.09952 1.88396 2.35503 -0.224642 -1.12066 -0.0495419 -1.00046 -1.87857 -0.902765 -0.067116 1.09369 0.352341 -0.296318 0.901338 1.20534 0.960068 -0.799134 -0.941261 -0.338639 -0.63673 -0.63673 
1.03596 1.03596 1.28857 1.96042 2.20632 1.4699 0.19685 -0.544259 -0.669701 -1.25087 -1.63936 -1.80738 -1.37453 -0.364334 0.0956703 0.244321 -0.748015 -0.503318 0.0860985 -0.0558316 -0.3364 0.464807 1.13149 0.0742216 0.192039 -0.223956 -0.198423 -0.124229 -0.821013 -0.821013 
0.42382 0.42382 0.243199 -0.429098 -1.6993 -1.58971 -1.32689 -1.31874 -0.0132112 1.17579 1.06923 2.16948 2.56342 0.698246 -0.561009 -0.335334 -0.176455 -0.563582 0.147156 0.750341 -0.276916 -1.4207 -0.816429 0.799124 0.594873 -0.068333 -0.229173 -0.0446003 -0.0945007 -0.0945007 
1.01577 1.01577 0.273353 0.0230138 -0.291282 -0.597457 0.431926 0.156413 -1.26951 -1.05538 -1.01477 -0.751326 0.55918 0.723955 0.783611 0.556248 0.455224 0.294999 1.25811 0.672459 -0.130319 -0.608421 -1.06072 2.12169 0.901299 -2.51002 -2.15407 0.18004 0.0101208 0.0101208 
0.439615 0.439615 -0.901832 -0.927827 -0.224438 0.00411043 0.615521 0.152934 -1.19222 1.97366 2.48189 -1.35256 -0.803096 0.955964 1.03378 -1.28113 -1.99085 -0.870009 -0.0315533 0.228901 -0.86021 -0.271773 -0.406148 0.883477 1.1204 1.02075 0.106313 -0.258405 -0.0424407 -0.0424407 
-1.64804 -1.64804 -0.541102 -0.159847 -0.12977 -0.294538 -0.276573 0.977202 2.06672 0.964318 -0.323251 -1.90861 -2.30597 -0.762943 0.25029 0.333582 0.069383 0.0576765 -0.499274 0.238182 0.71545 0.314304 1.70675 1.19006 0.253703 0.907102 0.791334 0.32471 -0.331393 -0.331393 
1.7322 1.7322 0.45555 -0.216301 -0.355707 -1.01567 -1.31285 -1.38296 -0.402364 -0.250349 0.655267 1.23087 0.846042 0.184275 -0.646715 -0.487203 -0.306865 -0.366595 -0.801746 0.398454 0.451715 0.831871 0.860635 -1.62964 -0.143484 0.941836 1.54581 0.697984 -1.62313 -1.62313 
-0.488851 -0.488851 -0.403564 0.222146 0.946593 1.21226 1.42761 1.21647 1.29329 1.5418 0.204045 -1.28007 -1.25024 -1.08696 -1.42842 -1.06035 -0.0230892 0.852747 0.494968 -0.936303 -0.49823 -0.202834 -0.96508 -0.275396 -0.28026 0.267844 2.30547 0.593143 -0.954943 -0.954943 
0.568424 0.568424 0.818564 -0.0220331 -0.368734 -1.11572 -0.841706 -0.488613 -0.530916 -1.62813 -1.74448 -0.130748 0.46547 0.0527829 -0.494232 -0.348611 0.434198 1.00411 0.473145 0.141164 1.05003 1.10108 0.285317 0.0990319 -0.612568 0.198949 2.96005 1.11167 -1.50296 -1.50296 
0.195508 0.195508 -0.237396 -1.43871 -1.73788 -1.26464 -0.872457 0.33107 1.17223 -0.630168 -0.535173 1.94592 0.602245 -1.48503 -0.431643 0.245352 0.053159 0.350003 -0.577824 -1.26225 -0.319022 -0.220581 -0.686927 0.801033 2.02807 0.422497 -0.451777 1.28004 1.26443 1.26443 
0.102656 0.102656 -0.204917 0.407835 1.34836 1.25268 0.860091 -0.758248 -2.05072 -0.561184 0.311265 -0.967893 -0.70331 0.636291 1.99661 1.54354 -0.866612 -0.784429 0.530892 0.0389825 -1.00507 -1.56825 -1.69035 -0.599394 0.925434 -0.183977 -0.371629 1.10052 0.579086 0.579086 
0.689933 0.689933 0.287757 -1.02413 -0.0040475 1.79355 1.29671 -0.0937505 0.407957 0.298009 -1.10087 -1.18441 0.015723 0.461295 -0.29443 -0.0850932 0.351026 0.424722 0.488938 0.233751 0.379338 0.352731 -0.462575 -2.55664 -2.90964 -0.920966 0.684725 1.09455 0.342944 0.342944 
0.303837 0.303837 0.758649 1.25028 0.639099 -0.676145 -0.626521 -1.63097 -0.762644 2.34033 2.02117 0.942891 0.389645 -0.873009 -1.20092 -0.813657 -1.34148 -1.00094 -0.626813 0.0295247 1.02127 0.0162957 0.169374 0.152029 -1.28103 -1.28117 0.28078 0.952956 0.271664 0.271664 
0.174873 0.174873 0.323418 0.293941 0.713954 -0.441813 -0.78931 1.71019 1.09577 0.191305 0.936993 -1.57907 -2.60154 0.128938 0.0878818 -1.36997 0.0710424 1.35279 1.49115 0.311696 -1.04163 0.40858 1.12109 0.0419038 -1.50119 -1.42405 0.342389 0.225742 -0.224968 -0.224968 
0.428396 0.428396 1.1641 1.15676 -0.385364 -2.04869 -2.05382 -0.797136 -0.62199 -0.910039 -0.457624 0.44178 1.73197 1.76171 0.818283 -0.772097 -0.666921 1.06517 0.641796 -0.310878 0.721901 1.75918 -0.275931 -0.876963 -0.174741 -0.275796 0.260983 -0.529987 -0.611233 -0.611233 
-0.108704 -0.108704 -0.636817 -1.49272 -0.878524 0.325725 0.246036 1.06512 1.99273 0.883474 0.813755 1.20692 -1.12252 -2.42116 -0.778733 0.335261 -0.146117 0.287388 1.06531 -0.299944 -1.67225 -0.390626 1.77693 1.14181 -0.648237 -0.614137 0.0518229 0.13897 -0.00601851 -0.00601851 
-0.408424 -0.408424 -0.566952 -0.295844 -0.331202 0.519688 0.539105 -1.01573 -0.705662 0.223029 0.254259 1.05842 0.995941 0.203836 -0.0444874 -0.146239 -0.103724 0.570142 0.300741 -0.817513 -0.749408 -0.527468 1.79057 1.30417 -2.87134 -1.87311 1.76521 1.4322 -0.0458885 -0.0458885 
-0.742884 -0.742884 -0.758068 0.436367 0.585052 0.531325 0.127617 -1.01526 1.10421 2.18681 -1.90223 -1.87815 1.38915 1.11365 -1.26605 -1.72607 0.280829 1.18515 0.682584 -0.443351 -0.251769 0.305914 0.715494 0.932376 0.120868 -0.551663 -0.706495 -0.0462045 0.166836 0.166836 
0.786677 0.786677 1.08537 0.241711 -0.186063 -0.195551 0.915786 1.75528 -0.0906342 -1.95293 -2.3313 -1.63388 0.81702 1.92213 0.778516 -0.22227 -0.296695 -0.526047 0.0608736 0.871118 -0.0209037 0.696076 0.605557 -1.21891 -0.302219 0.340659 -0.536808 -0.960126 -0.594556 -0.594556 
-0.675093 -0.675093 -1.16121 -0.33836 -0.329758 -0.443916 -0.0171312 0.907398 1.06811 1.01386 1.32035 0.386655 -0.508638 -0.831457 -0.237224 0.494517 0.335885 -0.109448 0.802168 1.15556 0.562216 0.544493 -1.5324 -0.477905 2.1092 1.4709 0.0721822 -2.04425 -1.43081 -1.43081 
0.127481 0.127481 0.610561 1.10403 0.826054 0.433007 0.064887 -0.0420711 0.312803 -0.779316 -2.11699 -1.06115 0.210725 -0.0759294 0.0821745 1.14662 1.53865 0.461603 -1.31961 -0.705166 0.627911 -0.298797 0.00561358 0.590352 0.481045 2.05796 0.312782 -2.45558 -1.13357 -1.13357 
0.305726 0.305726 -0.244521 -0.635207 -0.573933 -0.167616 0.552487 0.345426 -0.603927 -0.652399 1.12215 1.5886 0.262124 -0.486225 -0.120762 0.749728 1.02747 0.167481 -0.422891 0.51961 0.77034 -0.358588 -0.513946 -0.445761 0.207391 2.48058 0.739447 -2.77945 -1.56953 -1.56953 
