26
0.360859 0.480033 0.656286 0.782223 0.902576 1.0315 0.958581 0.965474 0.999111 0.967425 0.864914 0.678664 0.650218 0.572805 0.472133 0.145442 -0.22431 -0.492927 -0.691621 -0.946938 -1.21996 -1.42313 -1.51872 -1.59871 -1.67935 -1.69259 
-0.0544081 0.16958 0.0448017 -0.0838891 -0.0682246 -0.550302 -0.494929 -0.199329 -0.196817 0.441546 1.00239 1.49433 1.72292 1.09096 1.31798 1.12334 1.19858 0.577272 0.0798657 -0.814532 -1.24905 -0.7004 -0.913569 -1.51968 -1.34824 -2.07021 
1.07877 0.517594 0.205816 0.136109 -0.184612 -0.400033 -0.229863 -0.556718 -0.841741 -1.27007 -1.45049 -1.49356 -1.44354 -1.17528 -0.820244 -0.580591 -0.427695 -0.0933862 0.152176 0.835399 1.21939 1.44525 1.60423 1.18475 1.33913 1.24921 
1.43941 1.36637 -0.259889 -1.18985 -1.0381 -1.07752 -0.9284 -1.24209 -1.15772 -1.03026 -1.21378 -1.16859 -0.0286417 0.135881 0.230509 0.629233 0.693097 1.14446 1.48963 -0.312759 -0.00128946 0.791319 0.532616 -0.178764 0.364134 2.01099 
-1.55332 -1.62167 -1.26442 -1.02827 -1.05184 -1.04936 -1.04013 -0.984534 -0.833699 -0.701979 -0.570725 -0.0400479 -0.038418 0.376745 0.455841 0.812183 0.89298 0.961725 1.06457 1.02883 0.974362 0.919747 0.769808 0.956525 1.21286 1.35224 
-2.12022 -1.9164 -1.76582 -1.22376 -0.572996 -0.178364 -0.200469 -0.0480693 -0.511362 -0.366907 -0.430189 -0.406395 -0.28654 0.134078 0.343643 0.436247 0.117207 0.212946 0.75982 1.29429 1.05487 1.61833 0.946581 1.53628 1.03355 0.539639 
0.639796 1.6033 2.02231 1.73156 0.999452 1.02154 0.609337 0.650623 0.636518 0.0841473 0.347064 0.675858 0.38112 -0.582803 -0.873763 -0.318865 -0.642122 -0.707485 -0.753177 -1.27121 -1.24895 -1.1761 -1.08865 -0.925015 -0.786258 -1.02824 
-1.99038 -0.743388 -1.31683 -0.108917 1.31337 1.40936 1.84804 1.73236 0.532891 -0.939866 -0.428805 -0.139835 -0.528426 -0.585186 -0.171272 -1.56565 -0.00879575 0.364454 1.09068 0.947005 -0.338468 -1.18786 0.563605 0.237388 0.107982 -0.0934477 
0.245917 -0.0251064 -0.630919 -0.888991 -1.65125 -1.54248 -0.152321 -0.477072 0.607879 1.38524 1.3183 1.278 1.45967 0.630812 0.377902 0.0864572 0.512931 0.0420456 -0.867063 -0.111376 -1.30844 -2.32642 0.0575895 0.404794 1.28512 0.288765 
1.5801 1.1989 1.17499 0.625293 1.34128 1.45081 0.92882 0.313052 0.559554 0.758203 0.3567 -0.232456 -0.991375 -1.01719 -1.47638 -1.63129 -0.716984 -0.27019 0.0319279 0.0770463 -0.716024 -1.48801 -0.121247 0.513486 -0.692104 -1.55691 
-1.47779 -1.82718 -1.45577 -1.41264 -1.53622 -1.7222 -0.873402 -0.598907 -0.192345 0.556608 0.372553 0.374452 0.644266 0.572163 0.67597 0.978685 1.18601 0.753863 0.967714 0.676799 1.30475 0.773016 0.281879 0.514135 0.308085 0.155502 
-2.14988 0.764417 0.3739 0.291601 -0.0820064 0.307121 0.945946 1.06809 1.20091 -0.0669159 0.38276 0.200513 -0.247578 -0.937548 -0.820649 0.699473 0.80731 0.152374 1.2228 0.344403 -0.0847356 1.45104 -0.805239 -1.66295 -2.03248 -1.32268 
2.06608 1.67657 1.80701 1.47322 0.8419 0.590226 -0.0971768 -0.238149 0.284825 0.364689 0.586296 -0.450045 -0.10351 -0.768809 0.126284 -0.206706 -0.673315 -0.734141 -1.72556 -0.372321 -0.883322 0.278672 -0.981686 -0.185555 -0.892203 -1.78327 
1.53762 1.53762 1.56074 1.36961 1.37983 0.718995 0.301745 0.666084 0.534178 0.0686681 -0.459812 -0.206573 0.165557 -0.0813938 -0.933714 -1.85374 -1.65518 -1.0703 -1.02482 -1.27895 -1.10067 -0.494008 -0.0728331 -0.0217016 0.206535 0.206535 
0.384832 0.384832 -0.15273 0.061336 -0.477306 -0.416781 0.768576 0.688004 1.21045 2.06147 1.8383 1.33187 -0.381224 -0.383603 0.282978 0.0516203 -0.598725 -1.47157 -1.88781 -1.79195 0.407577 0.744959 -1.01516 -0.428919 -0.60552 -0.60552 
-1.58796 -1.58796 -0.701112 -0.71725 -0.980187 -0.0943887 -0.295468 -1.11685 -1.29996 -1.1112 -0.416015 -0.00018975 0.561594 1.11198 1.06037 0.695607 0.866412 1.03362 1.66323 1.91301 1.08772 0.681712 -0.482794 -0.491103 0.10359 0.10359 
-1.45853 -1.45853 -2.19305 -0.669013 0.0943175 0.0920544 -0.143031 -0.198537 0.1796 -0.0500189 -0.120543 1.01387 1.11616 0.22016 0.420907 0.394538 0.439653 0.68078 -1.25103 -1.27992 0.944392 0.455667 -0.833481 -0.146385 1.87498 1.87498 
0.181767 0.181767 1.50574 -0.150129 -1.16615 -1.02352 -0.792571 -0.176874 0.154148 0.0690073 1.80374 1.24011 0.737839 1.07468 0.818913 0.826309 -0.424221 -0.328367 -0.782651 -1.46668 -1.54879 -1.9639 -0.914539 0.852008 0.646182 0.646182 
0.301267 0.301267 0.925119 1.84766 1.57573 0.334698 -0.112076 -0.925806 -0.940458 -0.202675 -0.425225 -0.0874449 0.64446 0.809919 0.204929 -0.770032 -0.764249 0.832847 1.64205 0.191798 0.245255 -0.55212 -0.503713 -0.191985 -2.19061 -2.19061 
2.31376 2.31376 0.365247 -1.42302 -0.937009 -0.440043 -0.410223 0.208231 -0.714022 -0.283666 1.08523 0.218912 -1.78934 -1.78347 0.576035 0.525861 -0.43772 -0.00652048 -0.709744 -0.604181 0.313754 0.41503 0.556069 0.635774 0.0056473 0.0056473 
0.453127 0.453127 0.4212 2.05158 1.14322 0.339672 0.166742 -1.17151 -2.28015 -0.882765 0.556452 -0.178506 -0.460945 0.19465 -0.8981 0.035611 1.47965 0.801079 0.378785 -1.26464 -1.84117 0.639813 1.06721 -0.469336 -0.367393 -0.367393 
-0.793423 -0.793423 -0.781886 -0.921245 -0.594466 1.32289 0.936719 0.664842 1.6466 0.620502 -0.107872 0.113586 -0.588853 -0.975975 -0.49725 0.107942 -0.0519031 -1.24163 -0.149008 -0.405519 -1.98549 1.20451 2.42061 1.08114 -0.1157 -0.1157 
-0.117829 -0.117829 -0.288218 0.460011 1.12666 -0.125254 -0.858724 -0.0815773 0.742012 0.0867083 -0.709969 -1.07141 -0.501726 -0.198617 -0.329164 1.05979 1.66827 1.04919 0.642994 -0.464528 -1.29083 0.893323 2.31588 -0.285439 -1.80187 -1.80187 
-0.228099 -0.228099 0.585976 -0.440616 -0.915763 1.10092 2.05592 1.13874 2.12276 0.897828 -0.65155 0.289767 0.136288 -0.208006 0.56936 0.784045 -0.740037 -0.726493 -0.43359 0.425245 -0.0742078 -2.39518 -0.810674 -0.219411 -1.01756 -1.01756 
1.9775 1.9775 -0.402919 -0.389486 -0.0149962 0.789255 0.577172 0.175209 -0.928949 -0.677241 0.185114 -0.52805 -0.931373 -0.482559 1.27308 1.26589 -0.461927 0.302728 0.125218 -1.066 0.851763 -0.599675 -2.501 -1.00222 0.242977 0.242977 
0.0866825 0.0866825 0.168271 -0.9472 -0.826956 -0.909083 -0.746977 1.02543 1.34882 0.907509 -0.727003 -0.544064 -0.000729254 0.802549 1.28916 -0.70484 -0.306296 -1.0748 0.99588 1.69938 1.41933 0.322013 -0.213738 0.597084 -1.87355 -1.87355 
0.172185 0.172185 -0.111898 -0.131076 -0.829196 -1.46455 0.0591734 0.483284 -0.75013 -1.33956 -0.271277 1.06731 0.32387 -1.49604 -2.49644 -0.934503 1.30225 1.07471 -0.172309 0.0250788 1.30449 1.66551 0.839808 0.553042 0.477045 0.477045 
-0.365593 -0.365593 -0.185232 -0.186141 -0.315508 1.13704 1.01816 0.459632 1.24454 0.616321 -0.527391 -1.78273 -1.35804 0.646951 0.454025 -0.655548 -1.19603 -0.998788 -0.18261 2.0213 2.2248 -1.11139 -0.90172 0.432466 -0.0614658 -0.0614658 
0.840173 0.840173 0.820797 -0.559732 0.523213 0.597485 -1.45231 -1.43074 -0.217866 0.836699 1.10933 0.949156 1.11072 0.374222 -0.72458 -0.457531 0.181204 0.732081 0.831221 -0.915662 -1.70306 -2.11035 -1.63284 0.479415 0.489392 0.489392 
-0.794333 -0.794333 0.369213 1.51276 0.34749 -0.414766 -0.455415 0.0127597 -0.12017 -0.462707 0.578686 0.710621 -0.839531 -0.764359 -0.100427 -0.219246 -0.0150228 -1.52433 -1.73048 1.44257 1.0915 -1.5909 -0.693205 1.83426 1.30969 1.30969 
1.06027 1.06027 -0.349632 -2.34204 -0.810697 0.251052 0.653854 0.73906 0.142323 1.33753 0.930117 -0.974613 -0.2079 0.00199544 -0.27851 -1.12552 -1.0502 -0.372225 -1.03627 -0.719374 -0.490395 0.473005 2.3306 1.26186 -0.242288 -0.242288 
0.698599 0.698599 1.44074 0.720129 -1.02037 -1.16103 -0.817285 -0.469661 0.778465 0.61122 0.289435 1.05725 0.918628 -0.156847 -1.07427 -0.582926 1.48618 2.1325 -0.31896 -0.926926 -0.401713 -0.405776 0.48645 -1.1603 -1.41107 -1.41107 
-1.12728 -1.12728 -2.33311 -0.691514 0.849416 0.541807 0.623726 -0.0182554 -0.14509 1.39983 0.525483 -1.75173 -1.16361 1.78156 1.74377 -0.496978 -0.172389 0.00317009 -0.216406 0.876739 0.873849 0.349988 0.335443 -0.184553 -0.238298 -0.238298 
0.0188403 0.0188403 1.09673 0.517292 -1.09184 -0.605625 -0.959137 -1.57776 0.230847 1.9153 0.505552 -0.63268 0.286651 -0.249067 -0.0651969 1.61194 0.546019 -0.687864 -1.32576 -1.42772 1.29904 1.96275 -0.69334 -0.908508 0.107345 0.107345 
0.00347144 0.00347144 -0.0934117 0.125746 1.55559 1.05994 -0.46203 0.488962 -0.0353745 -1.22426 -0.35696 -0.338929 -0.762016 0.0591335 0.748994 0.305058 -0.94278 -0.0720574 0.57672 -1.28128 1.11475 3.05859 -0.0903176 -1.7678 -0.836598 -0.836598 
0.0151342 0.0151342 0.486382 1.01357 -0.246162 -1.12798 0.149957 1.13062 0.228438 -0.792035 -0.606955 0.253604 0.672149 0.231131 0.915018 1.38047 0.115773 -0.523291 -0.830921 -1.09551 0.977648 2.39402 -0.619957 -2.47098 -0.832625 -0.832625 
0.651557 0.651557 -0.113589 -1.07448 1.19375 2.25968 0.0729958 0.094621 -0.134752 -2.02296 -0.408398 0.632002 -0.326198 0.367586 0.784208 -0.931124 -1.08104 0.273209 0.903227 0.312663 -2.05733 -0.504103 1.66646 -0.109392 -0.550076 -0.550076 
-1.41348 -1.41348 -1.40486 0.362465 0.86979 0.493493 -0.280317 -0.8526 -0.433257 0.828298 0.209314 -0.602642 0.142788 1.52781 1.23527 -0.999438 -0.504279 0.49027 -0.764458 0.579698 0.41276 -2.03726 -0.144632 1.87392 0.91242 0.91242 
0.222187 0.222187 -0.542142 -0.515655 0.1924 0.221084 1.49183 1.60233 0.0854795 -1.25608 -0.828347 0.66393 1.08899 1.05013 -0.866592 -0.926939 -0.0872162 1.05854 2.06717 0.456433 -0.777497 -0.952708 0.354762 -0.971035 -1.52662 -1.52662 
