42
-1.18244 -0.966351 -0.802672 -0.689829 -0.584519 -0.392631 -0.171425 0.0757012 0.266638 0.620401 0.769495 0.91462 1.07091 1.28968 1.39929 1.43842 1.43234 1.39991 1.31205 1.2374 1.23171 1.20028 1.03541 0.763646 0.443277 0.293849 0.145022 -0.0360746 -0.213799 -0.34416 -0.509003 -0.62541 -0.704095 -0.710123 -0.796853 -1.03032 -0.935983 -1.56326 -1.58416 -1.41222 -1.44136 -1.64337 
1.43942 1.30443 1.35946 1.1221 0.989522 0.510398 0.477814 -0.137253 0.329038 -0.0770335 -0.216184 -0.832535 -1.02388 -1.52112 -1.51292 -1.31539 -1.26046 -1.10969 -0.991971 -0.977369 -0.661469 -0.24044 0.00730192 0.526681 0.996698 1.1373 1.35972 1.61113 1.26673 0.983992 0.663935 0.58772 0.575397 0.297719 0.581727 0.173926 -0.386039 -1.5085 -0.911042 -0.80411 -1.15893 -1.65581 
1.74124 1.62381 1.44134 1.12975 1.22897 1.60756 1.39387 1.27698 0.831179 0.799046 0.44574 0.426358 0.53161 0.693555 0.412293 -0.0238581 -0.316507 -0.85417 -1.12091 -1.33262 -1.41329 -1.47356 -1.47851 -1.63381 -1.45452 -1.44159 -1.09633 -0.888954 -0.736178 -0.64028 -0.262209 -0.126319 -0.439752 -0.470007 -0.260336 0.0252084 0.0292011 0.703165 0.680202 0.0760262 0.0369034 0.329714 
1.309 1.64979 2.05357 1.99198 2.25309 2.08346 1.63518 1.14083 0.831184 0.0849315 -0.371917 -0.504072 -0.658849 -0.837605 -1.03603 -1.05086 -1.10831 -1.15724 -1.2124 -1.36287 -1.17461 -0.88548 -1.03829 -0.881131 -0.511016 -0.209051 -0.233653 -0.287157 0.0257587 -0.13752 -0.28274 -0.0821062 -0.033039 0.0572142 0.119595 0.0590342 0.114854 -0.0697089 0.0118389 -0.2856 -0.00820824 -0.00184514 
0.708728 0.415785 -0.0394464 -0.115553 -0.489861 -0.744677 -0.868158 -1.41017 -1.58027 -1.69121 -1.70384 -1.57683 -1.33062 -1.02593 -0.911588 -0.947824 -1.07344 -0.850158 -0.799001 -0.591869 -0.283871 -0.318586 -0.315206 0.0406213 0.688183 0.551103 0.722752 0.881059 0.95614 0.885865 0.800047 0.752076 0.599174 0.954778 1.0059 1.02209 0.984394 1.36699 1.38793 1.21564 1.19996 1.52889 
0.352383 -0.0372232 -0.330421 -0.13964 -0.265764 -0.752136 -1.63385 -2.14982 -2.21056 -1.95475 -1.42467 -1.24555 -1.28403 -1.12541 -0.91544 -0.583315 -0.229845 0.0946067 -0.163836 -0.261464 0.00105784 -0.074359 -0.0740255 0.124503 0.436238 0.609425 0.805322 0.824859 0.652029 0.520506 0.671026 0.767797 0.739257 0.807635 0.895136 1.00035 1.08281 1.26824 1.40557 1.16816 1.16009 1.46911 
-0.614444 0.0312882 0.918215 1.41397 0.810018 0.665853 1.00414 0.969772 1.28527 1.17527 1.13819 1.10316 1.19197 0.665357 0.742833 0.760725 0.778968 0.671708 1.14417 1.2145 0.739186 0.283192 0.229915 0.271928 -0.615235 -0.822145 -0.45639 -0.601839 -1.44543 -0.903703 -0.730797 -0.784588 -0.958047 -1.04173 -1.32091 -1.63849 -1.66758 -0.992062 -0.617133 -1.27045 -1.36055 -1.36807 
-1.35407 -1.27113 -1.61074 -2.27785 -2.13524 -1.86604 -2.16992 -1.41719 -1.01853 -0.436194 0.00394106 0.459299 0.698543 0.897835 0.863147 0.885641 0.918491 1.0448 1.2862 1.08999 0.752431 0.539804 0.46843 0.536413 0.641336 0.904763 0.697095 0.731028 0.711335 0.516016 0.773689 0.558296 0.319746 0.289141 0.139635 -0.0248189 0.194854 -0.190315 -0.13223 -0.444692 -0.365765 -0.207171 
0.471331 -0.0603301 0.0314009 -0.245349 -0.272816 -1.08962 -0.726939 -0.433956 -0.204439 -0.892945 -0.684812 -1.25229 -1.77645 -1.33782 -1.3841 -1.33854 -1.29705 -1.27199 -1.20267 -0.97377 -0.673465 -0.0901134 -0.215965 0.618632 0.76806 0.25777 -0.456467 -0.0809901 0.665274 0.767775 0.937522 1.18289 1.13543 1.03217 1.06599 1.43182 1.36747 0.688987 0.574139 1.6802 1.65689 1.62914 
1.16784 1.20741 0.747851 0.616748 0.977741 0.687694 0.638944 1.23767 1.82244 1.93638 1.52334 1.25865 1.10041 0.843497 0.694915 0.418593 0.276696 0.182374 0.211213 -0.0230417 0.425895 0.511979 -0.732226 -1.20299 -1.12395 -1.34895 -1.33682 -1.41812 -0.516407 -0.66082 -0.758917 -1.39225 -1.04052 -1.02669 -1.0344 -1.01044 -1.20761 0.0541026 -0.854628 -0.791367 -0.638636 -0.423603 
-0.596898 -1.38372 -1.87715 -1.16016 -1.99999 -2.3125 -2.0075 -1.35142 -0.68903 -0.355494 -0.276563 -0.159529 -0.373517 -0.364153 -0.274007 0.0640524 0.0274345 0.453077 0.573994 1.26063 1.78465 1.55232 1.79869 1.14568 1.17497 0.662653 0.933611 0.781854 0.513031 0.727629 0.365365 0.365104 0.174695 0.252434 0.358691 -0.0832006 0.127831 -0.420177 -0.252559 0.530699 0.433529 -0.125063 
-1.85048 -2.06848 -1.37659 -1.33511 -1.90467 -1.81629 -1.29916 -0.784057 -0.362108 -0.622059 -0.272613 0.576477 0.63339 0.0562022 -0.184127 -0.406216 -0.473367 -0.592144 -0.291006 -0.329904 -0.25661 0.521851 0.980814 0.210312 -0.022108 0.149688 0.872226 0.569143 0.810431 1.40756 1.54826 1.45371 1.2209 0.885209 1.04623 0.686029 1.60049 1.23326 0.363344 0.0355383 0.0466039 -0.66056 
-0.47508 -1.43515 -1.29438 0.0672612 1.02021 1.6343 1.49369 2.57833 1.17715 1.86203 1.67495 1.22068 0.665207 0.196608 -0.0705333 -0.423764 -0.677057 -0.0706027 1.03594 1.46452 0.660346 -0.717756 -0.821324 -0.87513 -1.1689 -0.421363 -0.481674 0.367728 -0.780553 -0.801045 -0.831824 -1.26242 -0.629403 -0.127777 -0.42187 -0.304674 -0.716069 -0.848262 -0.708157 -0.288785 0.267516 -0.73293 
1.19825 1.19825 0.887802 0.712301 0.949972 1.29845 1.46454 1.37352 1.69415 1.56834 0.941015 0.962659 1.18408 1.04373 0.503608 0.155718 -0.0594523 -0.305322 -0.432245 -0.185174 -0.0552523 -0.533868 -1.2565 -1.72406 -1.35621 -0.840422 -0.935642 -1.02253 -0.869979 -0.831251 -0.789294 -0.530232 -0.19835 -0.222541 -0.906393 -0.361969 -1.54606 -1.89257 0.510502 0.485756 -0.638657 -0.638657 
0.131372 0.131372 -0.0489824 -0.379497 -0.805416 -0.629257 -0.868755 0.0101356 0.378334 -0.6883 -1.05876 -1.15072 -0.940874 -0.589318 0.634689 0.71701 0.63464 0.745254 0.505356 0.854505 1.57053 1.45045 1.62372 2.01531 1.34799 0.911787 1.10702 0.108423 -0.832623 -0.789728 -0.42589 0.116262 -0.238666 0.283395 0.0541512 -1.43272 -2.69178 -0.65268 1.51321 -0.164482 -1.22824 -1.22824 
-0.522499 -0.522499 -0.968569 -0.321377 1.26435 0.545433 -0.592976 -1.12627 -0.931535 -0.719016 -0.689718 0.363848 0.780455 -0.107586 -1.48175 -1.50791 -1.74114 -1.68162 -0.932705 -0.505202 -0.157282 0.0166985 -0.201615 0.221678 0.608179 0.989511 1.43628 0.994036 0.737898 1.25553 1.34741 -0.241361 -0.623089 0.578772 1.30434 0.831784 1.7242 1.66227 -1.27434 -1.31146 0.749418 0.749418 
1.78458 1.78458 0.876511 0.554531 0.310706 -1.29019 -2.02302 -1.71016 -2.27864 -2.61084 -1.22497 -0.543266 -0.648434 -0.746936 -0.377001 -0.0588491 -0.135804 -0.130648 -0.359782 0.189559 1.18162 0.411919 0.114083 1.29419 1.62099 0.730212 -0.0719974 0.689697 0.441963 -0.591938 0.229325 0.667783 0.418681 0.448726 0.108376 0.0935713 -0.186273 -0.128213 -0.382944 0.0590273 0.744634 0.744634 
-1.91923 -1.91923 -1.38296 -1.18282 -1.6248 -1.00446 -1.71475 -1.83005 -0.763906 -0.374461 0.214 0.85418 1.29364 0.967476 0.124299 -0.469157 0.172686 0.609884 0.569934 1.20515 0.607019 -0.146358 0.819525 2.41271 1.19365 0.016633 0.74718 0.508352 -0.0569742 -0.454908 -0.399747 -0.565657 0.43246 0.937055 0.0976184 -0.122056 0.784133 0.929146 -0.443167 -0.533731 0.705851 0.705851 
-1.50868 -1.50868 -0.307241 0.0386119 -1.36314 -2.92724 -2.98853 -1.28907 0.308583 1.53162 1.37284 0.195888 0.15347 0.667776 1.02694 1.32399 1.30811 0.0414109 -0.832319 0.246108 0.292086 -0.250659 0.316426 0.961045 0.908586 0.668795 0.350729 -0.412559 -0.72526 -0.0559058 0.416675 0.0460108 -0.0127642 0.227447 0.303708 0.293271 0.459301 0.572895 -0.302401 -0.603385 0.527748 0.527748 
2.47617 2.47617 2.23652 -0.145865 -1.16844 0.337236 0.512683 0.476257 0.355412 -0.208003 -0.0882024 0.112967 -0.672567 -0.690671 0.179423 0.0847722 -0.115217 0.610607 0.894396 -0.62012 -1.46117 -0.786769 0.00903002 -1.32349 -1.72126 0.280858 0.379071 -1.55342 -0.45534 1.16898 0.217371 -0.336108 -0.383874 -0.552817 -0.926576 -0.526941 1.06 1.70562 -0.417831 -1.16093 -0.128957 -0.128957 
-0.674192 -0.674192 -2.33171 -1.26605 0.803086 -0.183605 0.884919 2.43744 2.0609 2.15256 1.87195 1.42801 0.862135 0.256781 -0.133922 0.015328 0.244742 0.705622 -0.00711351 -1.28654 -1.3228 -0.734579 -0.114468 0.275125 0.707032 0.0162472 -0.490906 -0.0755053 -0.582124 0.0308205 -0.0135406 -1.11013 -0.701772 -0.504996 -0.800785 0.0150521 -0.472698 -0.829789 -0.669115 -0.623055 0.417917 0.417917 
-0.838026 -0.838026 -0.407936 -0.609048 -1.52023 -0.861971 1.01047 0.785797 -0.87018 -0.906261 -0.702067 -1.93759 -0.240079 0.566201 -0.096976 0.0511022 0.0165125 0.0634761 0.407388 0.797104 1.39514 0.676128 1.10003 1.56449 -0.70462 -2.16181 -0.66733 1.79684 1.33627 0.363569 0.604617 0.238149 -0.35006 -0.212945 0.578507 0.412898 -1.34908 -1.43429 1.57662 1.73105 -0.181926 -0.181926 
-0.586882 -0.586882 -0.884204 0.54521 0.268329 -0.445446 1.10281 2.2064 1.3619 -0.376299 -1.03588 -0.592011 -0.578455 -0.561627 -0.595445 -0.5838 -0.266754 0.0306695 -0.213095 0.518718 1.07675 -1.87272 -2.84275 -0.537649 -0.109525 -0.226079 0.0242513 1.57391 1.46396 -0.277714 -1.12942 -0.345806 0.781564 0.155388 0.173039 -0.156991 1.99918 0.759642 -1.32807 0.521001 0.785389 0.785389 
-2.09896 -2.09896 0.350436 -0.213768 -1.8906 -0.0259272 1.5517 2.13382 1.60847 0.658131 0.305494 -0.17161 -0.346984 0.148389 0.683767 0.477293 0.619949 0.87654 1.30164 1.95822 0.461416 0.00917635 -0.676036 -1.02961 -0.800436 -0.406817 0.180461 -0.69873 -0.102013 -0.254211 -0.60417 -0.324254 -0.197209 0.286 -0.560372 -0.389717 -0.562558 -0.633268 1.53509 1.1038 -1.08179 -1.08179 
0.604757 0.604757 0.996566 -0.908254 -0.837416 0.803495 1.44785 1.30413 0.133784 0.0243035 1.69897 1.25724 -0.89646 -1.3453 -0.809094 -0.547593 -0.391591 0.164532 0.285151 -0.0588961 1.17533 1.7577 -0.581264 -1.62527 -0.202379 1.23962 0.522548 -0.204148 1.15519 1.00329 -0.0411557 -0.605153 -0.969279 -0.374588 -0.4116 0.726111 0.715497 -1.97895 -1.91942 -0.589119 -1.16196 -1.16196 
-0.876061 -0.876061 1.59349 2.45738 1.66223 0.499041 0.999548 -0.341289 -0.766504 0.524896 -0.686787 -1.07863 -1.09387 -0.787183 -0.664468 -0.649738 0.371056 1.81748 1.62828 -0.404108 -2.32583 -1.58061 -0.171988 -0.374299 0.478068 0.72639 0.834743 -0.322504 -1.24779 -0.0591299 -0.495346 0.210718 1.2023 0.216154 -0.192755 -0.317526 -0.582795 0.00382266 0.590509 1.03321 -0.47702 -0.47702 
-0.241007 -0.241007 -0.465023 0.234617 0.903441 0.81207 0.251087 0.448354 0.403942 -0.806077 -0.617863 0.465523 0.25874 -0.713327 -0.978233 -0.563454 -0.433231 -0.320588 0.308622 0.636469 -0.289827 -1.37807 -1.36395 0.0279857 1.28317 0.692094 -0.0771898 0.239075 0.399417 0.258249 0.539493 0.909566 0.548009 -0.748515 -0.0227119 -0.661243 -1.79847 2.78035 3.19106 -1.31157 -1.27999 -1.27999 
-0.0721893 -0.0721893 -0.34966 -0.555814 -0.130456 0.0260474 0.615998 1.12617 -0.507124 -1.12724 -0.308984 0.178188 0.550521 1.40192 1.1759 0.0791795 0.102932 -0.0293152 0.170938 0.973443 0.579522 0.123875 0.553429 -0.152252 -0.8472 -0.123077 -0.595213 -1.54914 -0.674787 0.420678 0.839809 0.236397 0.21953 0.325044 -1.36148 -2.22602 0.734072 3.60935 0.489068 -2.22225 -0.813815 -0.813815 
-0.414923 -0.414923 0.0777239 1.62434 0.58445 -1.48918 -1.34788 -0.333084 0.234631 0.108702 0.748911 1.04373 -0.434229 -1.79737 -1.1413 -0.272823 -0.207599 0.540014 0.820123 0.514885 0.321902 -0.109117 0.0806603 0.541049 0.509108 0.554981 -0.0719264 -0.606981 0.123677 0.388593 -1.21481 -1.57533 0.548919 1.3918 0.117223 0.244229 0.556798 -2.35788 -2.33899 1.46512 1.49338 1.49338 
-0.912522 -0.912522 -1.25687 -0.546482 -1.91424 -2.43721 -0.390518 -0.214749 -0.904616 1.18548 2.26982 0.67521 -0.159191 0.348914 0.794509 0.316577 -0.0181604 -0.18091 0.401075 1.7071 0.296433 -1.08307 1.00218 1.67021 -0.544528 -1.75196 0.0152975 0.608288 -1.31204 -0.168783 1.40585 0.261136 -0.175647 -0.273234 -0.321199 -0.256491 -0.178564 -0.151706 0.258872 1.26453 0.791857 0.791857 
0.361366 0.361366 0.557368 -0.400676 0.0108452 -0.251924 -0.97236 0.76737 1.26168 0.79387 1.03942 0.893498 -0.0528754 -1.309 -1.57078 -0.116443 0.892915 0.22521 0.419135 -0.127512 -1.48741 0.0442858 2.34236 0.202569 -2.51039 -0.601079 0.317729 -0.951368 -1.10719 -0.499519 -0.272291 0.651181 1.30783 -0.491753 -1.20106 0.508499 0.865652 -1.36577 -1.59648 0.961447 1.05014 1.05014 
0.841741 0.841741 1.11928 -0.969719 -2.50242 -1.42673 1.19222 2.52348 2.14115 0.731661 -1.19428 -1.10091 0.256294 0.578556 0.404213 0.103245 -1.15163 -1.84003 0.041879 0.779925 -0.521031 -0.102854 0.84998 0.35281 -0.35691 -0.570054 -0.990149 -0.985844 0.16382 0.793992 -0.0406 -0.467002 0.0232125 0.131576 -0.0695636 0.00247396 0.102007 -0.733636 -1.06633 0.543791 0.785324 0.785324 
-0.0952864 -0.0952864 -1.78352 -2.33833 0.416882 1.26584 0.173056 -0.0369065 -0.41035 -0.23982 0.301991 -0.33956 -0.494946 0.67829 0.624047 -0.134252 0.447165 0.789987 -0.797596 -1.5947 -0.0435529 1.11638 -0.305801 -1.15161 1.21144 1.56291 -1.22529 -0.516752 2.00373 0.551247 -0.99202 -0.351523 -0.0790272 -0.310037 0.0928777 1.4823 1.65661 -0.972702 -1.95679 0.279247 0.805831 0.805831 
-1.57466 -1.57466 -0.584563 2.87782 0.971005 0.0413515 2.4005 1.05791 -0.299354 -0.210229 -0.707856 -0.972887 -1.12285 -0.960103 -0.25901 0.317133 0.606665 -0.268674 -1.88557 -1.25707 0.478143 1.08797 0.903425 0.728566 -0.275199 -1.14767 -0.119925 -0.119428 0.0641073 0.493585 -1.09472 -0.674106 0.527544 -0.126671 0.448491 0.270142 -0.81961 -0.217167 0.157395 0.97527 0.932476 0.932476 
0.27053 0.27053 0.145213 -0.690561 -0.155069 1.57946 1.02929 -1.16934 -1.05182 0.107287 -0.64011 0.290406 1.5627 0.091703 -0.318436 0.0732494 0.0102428 0.246095 0.459671 0.618024 -0.0728501 -0.181358 0.556087 -1.12198 -2.3194 0.0257686 2.46925 1.25102 -0.89057 -0.453379 -0.0756196 -0.592346 -0.278553 0.581142 0.392508 -1.19858 -1.14849 1.82559 1.97492 -1.09325 -1.18948 -1.18948 
-0.235692 -0.235692 0.695272 0.708585 -0.687253 0.501441 1.68507 0.126692 -1.72414 -1.6037 -0.182539 0.255868 -0.0222602 -0.0531143 -0.0564894 0.172024 0.358149 -0.00710064 0.275813 0.798015 -1.59957 -2.59478 0.827467 1.73807 0.160874 0.0450788 1.13027 0.89562 -1.24799 -1.73109 -0.0863961 1.20256 0.284374 -0.438375 -0.245499 1.1473 0.554946 -2.20906 -0.197473 1.33443 0.130145 0.130145 
1.7259 1.7259 1.31927 -1.65461 0.0959454 2.44152 1.51715 0.00147383 -1.103 -0.978519 -0.63745 -0.509692 0.191195 0.70345 0.197613 -0.085431 0.248311 0.451876 0.740158 -0.645006 -1.44416 -0.859225 -0.788113 -0.129095 0.409425 0.66752 -0.249824 -0.243022 0.280939 -0.401353 -0.0899182 0.25387 0.400388 -0.301176 -0.526441 -0.0410119 -0.214969 1.47239 1.21251 -1.92548 -1.61465 -1.61465 
0.318357 0.318357 -0.944349 -1.15712 1.19335 1.57353 0.390498 -0.812468 -0.789771 1.09619 0.875943 -1.66189 -1.6666 0.116541 0.587427 0.335389 0.530694 0.507239 -0.0894839 0.648725 1.26285 -1.10582 -2.18394 0.30979 1.95776 0.53918 -0.898451 0.478007 0.859039 -0.734433 -1.00761 -0.556627 0.211468 0.428312 0.78828 0.80578 -1.73456 -1.68806 0.979945 0.560751 -0.321107 -0.321107 
1.60914 1.60914 2.18174 0.0178298 -1.32576 -0.466976 -0.584724 -1.19831 0.546392 0.0251043 -1.09059 -0.29756 0.165442 0.256885 0.0633672 0.658634 1.6076 0.805582 -1.50026 -2.64861 -0.807547 1.39988 0.771836 0.403137 0.701827 0.208678 -0.722965 -1.40808 0.146836 0.471001 0.151127 1.0975 -0.0241309 -0.952408 -0.38147 -0.286261 0.185263 0.749958 0.654564 -0.735317 -1.02875 -1.02875 
