31
0.189198 0.492909 0.695392 0.754389 0.866832 1.12223 1.08456 1.03124 0.930582 0.943719 1.01924 0.938978 0.877798 0.895875 0.806151 0.602254 0.450599 0.219702 -0.097619 -0.380408 -0.696218 -1.02381 -0.714602 -0.753433 -1.23103 -1.30366 -1.56649 -1.52374 -1.53519 -1.55506 -1.54039 
1.1517 0.793689 0.699266 0.928904 0.811496 0.0788146 0.23982 0.451577 0.929271 0.635553 0.281031 0.275913 0.169616 -0.0680753 0.0637277 0.339283 0.76395 1.44911 1.13202 0.518765 0.261159 0.734535 -1.1691 -2.08111 -0.9567 -0.884731 -1.44867 -0.958759 -1.46935 -1.96185 -1.71086 
0.833713 0.594851 0.225326 -0.0883332 -0.266232 -0.545483 -0.754122 -0.927389 -1.07328 -1.24348 -1.12894 -1.15097 -1.21399 -1.28639 -1.13303 -1.08004 -0.918343 -0.829366 -0.318052 0.455821 1.12058 1.28569 1.57169 1.71356 1.44904 1.13404 0.884665 0.741591 0.794592 0.417831 0.734463 
-0.449374 -1.01449 -1.30191 -1.3481 -1.37568 -0.845627 -0.896117 -0.564234 -0.373902 -0.35294 -0.910356 -1.26575 -0.799441 -0.954376 -0.819053 -0.0890807 -0.285238 -0.286895 0.871013 0.434945 0.915397 1.46078 1.36716 1.70855 1.43323 1.22757 1.12032 0.800509 0.99838 0.85514 0.739569 
-1.25006 -1.20794 -1.17304 -0.975759 -0.872226 -0.963945 -0.96545 -0.91164 -0.839964 -1.0128 -0.874277 -0.929563 -0.842549 -0.600278 -0.524549 -0.298583 -0.0524414 0.168211 0.421314 0.898748 1.17494 1.26873 0.756056 0.736162 1.22011 1.2824 1.15571 1.26418 1.21662 1.32238 1.40951 
-1.29371 -1.37109 -1.49387 -1.59537 -1.71794 -1.20984 -1.23549 -1.00212 -1.04862 0.126199 0.33599 0.671529 0.829414 0.99109 0.575003 -0.0741357 0.130603 0.0989914 -0.105105 1.99859 1.88757 0.0830186 0.777538 0.790565 0.65892 0.0755853 0.664053 -0.191333 0.0952987 0.573386 0.97529 
0.202038 -0.398278 -0.256685 -0.367771 0.563705 -0.103168 -0.173699 0.138178 0.242797 -0.684006 1.0792 0.481155 0.252069 -0.200964 -0.781171 -0.5787 -1.10533 -0.0127481 -1.35619 -1.70346 -3.09919 0.147418 1.35508 -0.339701 1.58812 0.0499122 1.63241 0.216592 1.13087 1.15676 0.924757 
-0.425497 0.330161 0.687603 1.16611 1.01236 1.43218 1.32472 1.24775 0.725578 1.24265 0.528652 1.13027 1.61495 1.19635 0.4302 -0.784249 -0.996877 -1.40533 -0.504466 -1.22863 -1.44645 -0.55299 -0.462715 -1.19469 -0.409141 -0.58056 -1.25228 -1.04926 -0.710723 -0.57663 -0.489018 
1.49054 1.22677 1.33446 0.920183 0.879691 0.277961 0.53771 0.990434 1.38397 1.53609 -0.235258 -1.01409 -0.97004 -2.17005 -1.14833 0.378949 0.311176 -0.385748 1.05487 -0.28422 -0.00167872 -1.482 -0.855797 -0.988034 -0.640923 0.191538 0.520449 -0.564411 -0.884426 -1.37445 -0.0353597 
-2.0916 -1.53749 -1.09666 -0.722468 -0.701413 -0.082589 0.11016 0.000788186 -0.600542 -0.867021 0.724928 1.00833 1.20735 1.846 1.71254 1.40431 1.10727 0.739691 -0.980779 -1.52125 -0.250219 -0.210653 -0.277108 -0.267205 -0.792777 0.15675 -0.251396 -0.14966 0.151477 0.964721 1.26651 
-0.274013 -0.128084 -0.212874 0.416107 1.25526 1.05299 1.31529 1.075 1.21499 1.51653 1.32885 0.420144 -0.894178 -1.66002 -1.44717 -0.634057 -0.0193499 0.297349 0.598094 0.0739831 0.0220093 -0.102655 -1.30056 -1.73918 -0.0486972 -0.114133 -0.0946522 0.657898 -1.62995 0.871109 -1.81605 
0.583953 0.553146 0.851928 0.955101 0.14026 0.334401 -0.142335 -0.101341 -0.798917 -0.679705 -0.46503 0.901805 1.09432 0.578792 -0.286648 -0.925933 -1.07562 -1.69032 -1.65877 -2.50005 -1.52005 0.55695 1.41028 1.51557 0.453471 0.736758 1.1476 -0.433446 -0.504366 0.322465 0.645731 
1.01444 0.907883 0.546596 0.320437 0.972773 0.707243 0.246172 0.217487 0.386927 0.0104985 -0.835974 -1.68361 -1.62011 -1.4491 -1.95595 -1.81654 -1.3417 -0.228247 0.348883 1.09626 0.210236 0.980222 -0.928511 -0.701871 0.239696 0.755312 0.878406 0.755525 0.990176 1.40863 -0.432196 
1.8977 1.8977 1.13875 0.859503 1.46861 1.00307 0.0456117 -0.149755 0.056373 0.602767 0.313099 -0.110865 0.194122 0.105597 -0.582828 -0.774901 -0.858639 -1.37243 -1.53337 -1.52868 -1.66764 0.270787 1.16635 -1.27383 -1.37865 -0.712607 -0.35475 0.424875 0.230658 0.311689 0.311689 
-0.320704 -0.320704 0.436714 0.407088 -0.833235 -0.47439 0.742886 1.15106 0.499562 -0.573074 -0.2011 0.118836 -0.180926 0.125958 0.787476 1.16495 1.69288 0.736842 -0.936675 -0.860012 0.54054 -1.58101 -3.36662 0.536193 1.80444 -0.371659 0.167022 0.235777 -1.03043 -0.0488406 -0.0488406 
-1.08504 -1.08504 -1.22548 -0.865693 -0.80109 -0.858807 -0.659819 -0.542016 -0.536249 -0.047271 0.230902 -0.102468 -0.197034 0.209225 0.444668 0.460308 0.52786 1.18429 2.4702 2.7583 1.61532 0.904191 0.860559 -0.173069 -1.03084 -1.00241 -0.67961 -0.111892 -0.550648 -0.0556736 -0.0556736 
-1.72206 -1.72206 -0.745797 -0.256959 0.827143 0.784035 0.411218 0.86428 0.279338 -1.12741 -1.83546 0.0904935 0.467619 -0.155069 1.50972 0.886104 -0.490326 2.05711 1.23984 -0.0346715 1.81176 0.731738 0.347952 0.00612038 -1.02304 -0.706861 -0.921616 -0.347572 -0.0153957 -0.60508 -0.60508 
-0.342996 -0.342996 0.194032 0.431569 -0.568674 -0.932211 -0.428534 -0.175253 -0.959688 -0.728318 -0.321465 -0.499751 0.530098 0.49104 0.434605 1.02441 1.00602 1.03011 1.91883 1.99875 0.670963 -2.05933 -2.4528 0.996542 1.28098 -0.832458 -0.672632 -0.398744 -0.408136 0.0580162 0.0580162 
-0.425703 -0.425703 -0.454368 -0.454119 0.270725 0.385967 0.0592986 0.0345092 1.15395 1.4587 0.460739 0.399019 0.192286 -0.490201 -1.45431 -0.716111 0.0181674 -0.467962 2.07105 2.18172 -2.46543 -1.50758 0.653625 -0.328735 -1.03785 -0.181588 -0.505074 -0.863975 0.721607 0.858671 0.858671 
-0.452071 -0.452071 -0.0190503 0.680081 0.18815 -0.698733 0.167565 0.322591 -0.773772 0.694258 0.98524 -0.778155 -0.649799 -0.96058 -0.380388 -0.332971 0.454876 -0.268085 -1.54251 -1.58879 1.59217 3.89645 -0.477204 0.160207 0.298797 -0.00684963 0.101477 -0.489966 0.786096 -0.228483 -0.228483 
1.43195 1.43195 1.0716 0.406951 0.33065 0.390839 -0.255081 -0.794277 -0.0219217 -0.271328 -0.161401 1.3971 0.0706254 -1.55568 -2.59043 -1.87075 -0.822809 0.624937 0.214457 -1.24005 0.863171 1.26375 -0.849618 0.0543684 0.783196 -1.11152 -0.624686 0.688836 0.599221 0.27297 0.27297 
-0.0426876 -0.0426876 -0.184523 -0.324163 -0.500805 -0.217873 0.775791 0.901869 0.618592 -1.42149 -2.29877 -0.58803 -0.984928 -0.0636162 2.50644 1.47975 -0.616219 0.805211 0.200067 -0.891245 -1.02433 -0.700486 0.569877 0.306879 1.21596 1.19881 -0.607976 -1.21949 -0.658951 0.904509 0.904509 
0.777726 0.777726 0.588073 0.145611 0.403467 0.584443 -0.183122 -1.02013 -1.18573 1.12612 1.70574 0.237494 0.611944 0.261498 -0.736569 -0.908997 -0.97156 -2.47195 -2.65419 0.49905 1.11045 -0.29935 -0.330616 -0.814555 0.175869 0.299643 -0.593982 0.153647 0.903622 0.904315 0.904315 
0.0822605 0.0822605 0.562856 1.4821 0.655081 0.0811582 0.0433294 -0.0783576 0.460715 0.134713 -1.06938 -2.19029 -2.04816 -0.528747 1.04218 1.44199 0.948102 0.635736 -0.200798 -0.551723 -0.154307 -1.29441 -1.60677 1.26693 1.63821 -0.0242888 0.789537 -1.50605 0.23356 -0.163723 -0.163723 
0.192668 0.192668 0.306046 -0.636331 -0.559352 -0.273239 -0.402836 -0.589717 -0.523527 0.248444 1.30422 1.28547 -0.307441 -1.20271 -1.30744 -0.701752 -0.680946 -0.527575 -0.719311 0.0832934 2.55281 2.44562 0.777113 -0.843779 -0.693153 0.55329 -1.02436 -1.43204 0.605572 0.939143 0.939143 
-0.396564 -0.396564 -0.522585 0.545455 0.503971 -0.669209 -0.41965 0.24471 -0.121702 -1.19215 -1.68866 -0.729835 0.343498 -0.257468 -0.29077 0.743629 1.76996 1.87774 1.49202 -0.0496904 -0.0258733 -1.10348 -1.676 1.32732 1.63181 0.769398 0.0966233 0.21417 0.784567 -1.40233 -1.40233 
-0.615509 -0.615509 -0.886291 0.440276 0.25964 -1.25942 -0.99744 0.130861 0.850127 0.369366 -0.571565 0.0050568 0.330323 -0.632963 -0.733371 -0.147021 -0.458985 -0.533845 -0.0310866 -0.00977043 1.86533 2.86847 -1.37735 -2.3474 0.664632 1.11328 1.22341 0.68808 0.0106718 0.199 0.199 
0.413545 0.413545 0.395627 -0.812589 -0.577644 0.908688 0.938524 -0.191695 -1.08728 -0.468289 0.373926 -0.0323337 -0.0402274 0.541146 0.583836 0.503046 -0.303448 -1.63487 -1.0103 0.848871 -0.480585 -2.40755 1.23593 3.08287 -0.593595 -1.03483 0.322837 -0.768745 -0.216669 0.549124 0.549124 
-0.266157 -0.266157 0.172537 0.422544 -0.0865246 0.0773346 0.291349 0.05575 0.508333 0.840484 -0.162225 -0.616714 0.285134 0.687521 0.211229 0.00651601 0.787843 2.27342 1.82432 -1.13729 -2.35569 -1.01522 -1.40845 -2.40115 -1.10615 0.333343 0.990903 0.0623248 -0.0263726 0.508613 0.508613 
0.724264 0.724264 1.1213 1.20888 0.776837 -0.406473 -0.00348271 -0.175771 -1.68631 -1.7863 0.920527 1.8019 -0.268104 0.77774 0.776983 -1.6931 0.882429 1.33658 -1.7676 0.395856 0.553819 -1.25756 -0.658005 -1.18218 -0.647742 0.013721 0.223156 0.667374 -0.277806 -0.5476 -0.5476 
0.317142 0.317142 0.47448 -0.543768 -0.941905 0.0542536 0.462818 -0.390395 -0.404908 0.384171 0.112825 0.525482 0.617704 -0.101824 0.314717 0.339919 -0.0347941 0.566053 0.603031 -0.865129 -2.72654 -2.10767 1.98556 2.43459 -1.25006 -1.3326 0.248709 0.136624 0.263975 0.270196 0.270196 
-0.0720114 -0.0720114 -0.0718558 0.399881 0.471873 -0.18643 -0.274097 0.631246 0.837552 -0.488054 -0.71748 -0.222132 -0.610765 -1.08492 -0.195498 0.867783 0.101288 1.23115 1.60477 -2.89414 -2.36376 1.89863 0.683956 -1.11302 0.038056 0.279478 -0.481276 0.713901 1.0244 0.031744 0.031744 
0.264227 0.264227 0.686606 0.127798 -0.830388 -0.0098172 0.619649 -0.566087 0.227161 1.06532 -0.886935 -0.985185 -0.107593 0.165383 0.381787 0.507241 0.0418192 -1.2041 -0.795282 1.89643 3.31651 -1.24759 -2.25462 0.471438 -0.0983078 -0.116591 -0.289254 0.41623 0.160593 -0.610337 -0.610337 
-0.1886 -0.1886 -0.664463 -0.4611 0.0578565 -0.349967 -0.779102 0.236323 0.4438 -0.0304695 1.26391 0.235512 -2.04467 -1.83581 -0.156186 1.33493 1.8562 0.812029 -1.26586 0.533843 1.862 -1.15689 -0.796478 1.23842 -0.765337 -0.938592 1.35837 0.945656 -0.228351 -0.16419 -0.16419 
-0.159944 -0.159944 -0.249712 -0.272088 -0.000436095 0.751899 0.651064 -0.16982 -1.56234 -1.9442 0.467028 0.775839 0.268356 2.17567 0.923395 -2.07617 -0.502396 0.455987 -1.15934 -0.855873 0.0538655 0.956077 0.578822 0.346572 0.504616 -1.24129 -1.62338 -0.101534 1.29665 0.93631 0.93631 
-0.136725 -0.136725 -0.452258 -0.133126 0.311467 -0.419792 -1.14575 -0.71647 1.52908 2.06052 -0.635186 -0.781494 0.0156407 -0.963144 -0.836194 -0.169057 -1.11607 -1.20141 2.11723 2.6832 -0.570841 -1.02915 -0.368886 0.359712 0.793092 -0.550482 -0.105591 1.06651 0.533847 -0.000983321 -0.000983321 
0.348984 0.348984 0.998671 0.0744978 -0.980817 -0.423046 -0.103423 0.304309 0.159907 -1.0721 -1.63391 -0.682447 1.18363 2.19345 1.40216 -0.0571758 -0.560514 -0.802682 -0.829934 0.0421745 -0.515585 -1.01723 1.81957 2.30275 -0.903265 -0.590495 -1.03794 -0.383627 0.958025 -0.271468 -0.271468 
0.0346476 0.0346476 -0.608078 -0.632903 0.204959 0.0640685 -0.258525 -0.124993 0.528968 1.20389 0.664597 -1.14187 -1.73968 -0.724703 0.29899 0.384604 0.0761141 -0.0688451 0.373948 2.18899 1.56849 -1.25375 -2.28614 -1.04544 0.910157 -0.268569 -1.39672 1.06897 1.57452 0.184824 0.184824 
0.00929713 0.00929713 0.746 0.804311 -0.741618 -0.540865 0.726617 0.301739 -0.894885 -0.984619 0.415116 1.49794 0.422047 -0.341277 0.78675 1.51766 0.878497 -0.0954971 -1.23326 -0.950775 -0.630653 -1.04199 1.77292 2.37785 -0.288617 -0.962706 -0.286758 0.570746 -1.0188 -1.41224 -1.41224 
