26
0.427018 0.607507 0.770139 0.82247 0.907047 0.899507 0.899084 0.868413 0.864576 0.853319 0.8575 0.784929 0.692351 0.559691 0.35349 0.118178 -0.0834431 -0.381856 -0.609092 -0.815422 -1.16579 -1.39627 -1.55226 -1.70144 -1.69649 -1.88316 
0.330354 0.096149 -0.371703 -0.851266 -0.86777 -0.816632 -0.512693 -0.352201 0.122435 0.459161 0.826288 0.717206 0.476544 0.680187 0.86538 1.15322 1.48225 1.3245 1.30794 0.725459 0.306231 -0.541024 -1.13929 -1.59679 -1.53335 -2.29058 
0.468011 -0.0776366 -0.453675 -0.649439 -0.741228 -0.957015 -1.12923 -1.25033 -1.421 -1.44732 -1.15818 -0.904247 -0.724188 -0.490698 -0.290402 0.139663 0.572074 1.0181 1.22318 1.22737 1.30878 1.16426 1.24681 1.22859 1.01375 1.084 
-0.563687 -1.26936 -1.46249 -1.29707 -1.41944 -1.28998 -1.08921 -0.626295 -0.494697 -0.827132 -0.715487 -0.344634 -0.0838505 0.511181 1.34686 1.28651 0.946353 0.905172 1.525 1.49386 1.0971 0.731881 0.453337 0.439502 0.429593 0.316992 
-1.95861 -1.68745 -1.2317 -0.684274 -0.545203 -0.427402 -0.395115 -0.918101 -0.919045 -0.812823 -1.00654 -0.533248 0.200485 0.196678 0.242563 0.339246 0.703696 0.829187 0.53323 0.760887 0.474616 1.15238 1.15215 1.50973 1.42253 1.60215 
-2.67488 -1.98981 -1.37095 -0.926567 -0.728464 -0.587269 -0.535089 -0.337614 -0.185772 0.216794 0.395056 0.296347 0.364732 0.151904 0.081442 -0.164042 -0.0989646 0.0627695 0.465653 0.516499 0.515992 1.1126 1.34814 1.43167 1.27643 1.36339 
0.839386 0.989153 1.33156 1.55803 1.52251 1.51428 1.40775 0.525087 -0.535442 -1.18493 -1.70125 -1.32646 -1.16212 -0.332661 -0.174009 0.19665 -0.276229 -0.944858 -1.10836 -1.08772 -0.53714 -0.1623 0.543733 0.531321 -0.145389 -0.280596 
2.49201 1.954 1.73658 1.29216 1.15204 0.63775 0.0863667 0.15296 -0.162508 -1.20111 -0.668386 -1.52211 -0.58919 -0.771786 -0.168159 -0.0984858 -0.086409 -0.0757976 -0.229891 -0.617262 -0.720398 -1.10911 -0.505885 -0.000732286 -0.0528934 -0.923755 
-0.340278 -0.620874 -1.39058 -2.0855 -1.86117 -1.73051 -1.00288 -0.405657 0.121823 1.06252 1.23655 1.01855 0.16649 0.141168 -0.302318 -0.30673 0.322902 0.459827 0.208212 -0.169581 0.399402 0.412881 0.988199 0.753094 1.23246 1.692 
0.186304 0.240937 0.270908 0.132936 0.546532 0.4548 0.154458 -0.0671008 -0.0263617 0.582091 0.311074 -0.298765 -0.984844 -1.0816 -1.34277 -1.46229 -1.59359 -1.35306 -1.38852 -0.614578 0.188644 0.832217 1.25572 1.34838 1.84607 1.8624 
-0.607046 -0.894228 -1.43685 -1.87854 -1.82807 -1.53952 -0.480262 -0.594212 -0.251026 0.629831 -0.514831 -0.0839208 -0.0840742 0.248776 0.211474 0.51965 -0.153278 0.505534 0.646217 1.194 0.483175 1.51025 0.996723 0.255064 1.87758 1.26757 
-1.32792 -1.10752 -1.24775 -1.14492 -0.730391 -0.749591 -0.98015 -0.394359 0.83638 2.01256 2.06946 1.83316 1.45997 0.497663 0.279413 0.208699 0.0382785 0.382241 0.352308 -0.0839709 0.0433397 -0.197185 -1.11564 -0.653826 -0.0856108 -0.19463 
1.72489 1.54241 1.47573 1.42721 1.04049 0.93072 0.993966 0.553699 0.152321 -0.629235 -0.989279 -0.937415 -1.16358 -1.80107 -1.12232 -0.502732 -0.471176 -0.960305 -0.764721 -0.850728 0.201203 -0.655795 -0.417876 0.27477 0.176573 0.772255 
1.90613 1.90613 1.43122 1.14197 0.920107 0.605127 0.519411 0.50676 0.578698 0.608412 0.381205 0.0226468 -0.200022 -0.621073 -1.00147 -0.984492 -1.21832 -1.31324 -0.972014 -1.42829 -1.5178 -0.797494 -0.49623 0.100166 -0.0387585 -0.0387585 
-0.727793 -0.727793 -1.09606 -0.418614 0.377934 0.858898 1.02303 1.27924 1.54375 1.38239 0.71326 -0.198994 0.270387 0.90957 1.03595 1.25183 0.583022 0.0643351 -0.573169 -1.17756 -1.57496 -1.84369 -1.25869 -0.265506 -0.715383 -0.715383 
-1.93892 -1.93892 -1.22206 -0.639673 -0.680696 -0.845473 -0.651484 -0.648308 -0.454109 0.487961 1.06215 0.838655 0.796781 0.838244 1.241 1.71656 1.74926 1.28351 0.378245 0.124852 -0.179811 -0.177493 0.0812679 -0.528024 -0.346763 -0.346763 
-1.61498 -1.61498 -0.147638 -0.0284439 -0.0890013 0.455313 1.01699 0.90048 -0.439265 -0.472874 0.711796 0.963016 1.34064 2.30904 1.20507 -0.775608 -0.743318 0.873753 0.890668 -0.821744 -1.38449 -1.18536 -0.593466 -0.140955 -0.307323 -0.307323 
1.04492 1.04492 1.70275 0.948696 -0.0743113 -0.328579 -1.85439 -1.93352 -0.43528 -0.894312 -0.0202516 2.18816 1.0521 -0.585769 -0.346488 0.412067 0.480662 -1.09187 -0.848595 -0.825532 0.246235 0.92735 0.16494 -0.0421394 -0.465891 -0.465891 
2.15894 2.15894 1.62624 0.695 0.0239696 -0.298995 -0.174434 0.0461435 0.500062 0.558537 -0.550911 -0.794096 -1.04667 -1.35397 -1.42625 -1.12627 -0.224991 0.522657 0.277234 -0.615568 0.59233 1.11478 -0.0207814 -0.885706 -0.8781 -0.8781 
0.680842 0.680842 0.769181 0.333942 0.0636385 -0.0181468 -1.02519 -2.12387 -1.85534 -1.22859 -0.0489625 0.734923 1.25854 1.25199 0.723613 -0.00369726 -1.2006 -0.844306 -0.0505011 0.771877 1.1798 1.35883 0.912843 -0.679608 -0.821027 -0.821027 
-0.794113 -0.794113 -0.640021 -0.512754 -0.627792 -1.30493 -0.348513 0.0399186 -1.77977 -0.383235 -0.0788406 0.580084 1.6851 1.14291 1.55827 0.584288 0.487044 0.213447 -0.441828 -0.357927 -0.360126 0.802882 2.27461 1.19553 -1.07006 -1.07006 
-1.42108 -1.42108 -1.9136 -0.731959 0.249426 0.847719 1.40233 1.1644 1.5727 1.15255 -0.224829 -1.44457 -1.21552 -0.729842 -0.704986 0.570656 0.738667 -0.308893 -0.920751 0.0547145 0.519829 0.527359 0.231861 0.117803 0.943547 0.943547 
-0.0953333 -0.0953333 -0.379478 0.186472 0.254688 -0.798562 -0.990091 -0.486904 0.737583 0.27766 -1.51964 -2.13197 -1.37503 -0.74819 -0.781767 -0.590163 -0.0590151 0.0823839 0.869315 2.10659 1.91426 1.35408 0.541326 0.650776 0.538179 0.538179 
-1.40546 -1.40546 -1.61929 -0.798476 0.21214 1.60825 1.05121 0.0602013 1.43697 -0.622144 -1.24485 0.339097 0.203387 0.151975 0.117827 -0.761851 -0.276587 0.849414 0.695756 -0.482692 0.180631 0.453677 -1.99418 0.96202 1.14422 1.14422 
-0.027531 -0.027531 -0.165415 0.485264 0.342124 -0.414502 0.295099 2.00907 2.70154 1.32473 -0.331983 -0.836426 -1.68797 -1.50624 -0.460484 -0.404385 0.0819914 0.246771 -0.66838 -0.483948 -0.254347 -1.48093 -0.657154 1.08657 0.417038 0.417038 
-0.26384 -0.26384 -0.055376 -0.553429 -0.648745 0.0515083 -0.462826 -1.18589 -1.71702 -1.65269 -0.355693 -0.147348 -1.22014 0.188127 2.14443 1.13724 -0.588184 -0.332918 0.294437 1.62712 0.427273 -0.839526 1.57209 1.04902 0.898115 0.898115 
-0.620017 -0.620017 -1.21446 -0.694414 -0.747298 -0.467502 0.153823 0.477823 0.564886 -0.0498943 -0.84784 -0.838515 -0.966945 -1.29109 -0.390892 -0.0896914 -0.319647 0.862179 0.119539 -0.765674 1.65235 2.45543 2.20078 1.29614 0.0704725 0.0704725 
-0.381718 -0.381718 0.383907 1.70034 1.47828 0.76355 0.509535 0.622984 0.151063 -0.904109 -1.75274 -0.466033 1.28734 0.899692 0.42129 -0.477397 -1.30757 -1.2722 -1.36906 -1.0977 -0.718354 0.391924 1.81809 0.648506 -0.47395 -0.47395 
0.816541 0.816541 1.66596 0.560576 -0.529176 -0.186406 0.0585585 0.0588643 1.42826 1.98248 0.282484 -0.616058 -0.229612 0.418886 1.05204 0.512304 -0.860634 -2.22867 -1.91894 -1.04295 -0.669987 0.151778 -0.740269 -0.853304 0.0353616 0.0353616 
0.968067 0.968067 1.0557 -0.0676317 0.244923 0.702401 0.216551 -1.18141 -1.12045 0.735535 0.944946 0.351592 0.878875 -0.210418 -2.37862 -1.54322 1.10189 1.09059 -1.3573 -1.78347 -0.378079 0.470831 0.65712 0.099634 -0.233059 -0.233059 
0.561365 0.561365 0.00806108 -1.22528 -0.858554 -1.22749 -1.09898 1.11997 0.841208 0.383205 2.34049 0.865529 -1.95675 -0.947571 0.81085 0.685606 -1.02487 -0.896697 0.274098 0.882021 1.36488 0.0190181 -0.632711 -0.384214 -0.232266 -0.232266 
-0.290308 -0.290308 -1.25967 -1.40365 -0.77048 0.0576797 0.623471 0.966311 0.797574 -0.829789 -1.1438 -0.251848 -0.318589 -0.130912 0.501232 1.51464 1.98063 0.786989 -0.920614 0.592199 2.06538 -0.374004 -1.81817 -0.628209 0.272122 0.272122 
0.171729 0.171729 -0.191263 -0.490374 -0.195591 -0.810035 -1.65813 -0.594298 0.844726 1.60459 1.73564 1.18853 0.529294 -0.348082 -0.949201 -1.50676 -0.60302 1.05725 1.44596 1.12413 0.587575 -0.124587 -1.60202 -1.34801 -0.0198904 -0.0198904 
0.192169 0.192169 0.287505 0.0858977 -0.516689 0.285947 1.08418 -0.995431 -0.24025 1.35092 0.798367 1.39811 0.498356 -0.0182689 -0.341732 -0.725726 -0.201063 -0.619088 -0.351283 0.137941 0.946308 2.05044 0.370876 -2.42878 -1.62044 -1.62044 
-0.605628 -0.605628 0.435707 1.7346 1.22052 0.844422 0.107487 -0.0214512 -0.182037 -1.75569 -2.46033 -1.04465 0.458269 0.278325 0.974491 1.10065 -0.946707 -1.63398 0.148843 1.09794 0.244933 -0.425368 -0.532519 0.455592 0.556106 0.556106 
-0.289888 -0.289888 0.226653 0.548252 -0.929589 -1.16666 0.2539 1.5463 0.667266 -2.09072 -2.22982 0.101438 1.23243 0.510921 0.11368 0.629105 0.583282 0.816735 1.81694 0.92317 -0.717363 -1.28363 -0.672453 -0.0334224 -0.133317 -0.133317 
-0.304858 -0.304858 0.307336 1.22057 1.64964 0.480436 -1.29996 0.142339 -0.654288 -2.14556 0.571554 0.934772 -0.284934 -0.209186 -0.826934 -0.439539 1.05636 0.579834 -1.1389 -0.529569 0.553004 -1.76742 0.233768 2.19535 -0.00948415 -0.00948415 
-0.106099 -0.106099 0.383427 0.379472 -0.679286 -0.0377429 1.82096 1.80807 -0.517212 -2.28458 -1.62827 -1.02251 -0.506289 0.921109 0.826597 0.405756 0.48752 -0.566891 -0.552107 0.309125 -0.752426 -0.305409 1.92925 0.805782 -0.506076 -0.506076 
0.0852755 0.0852755 -0.278137 -0.499796 0.374569 0.0688248 -0.969725 -0.981979 -0.407443 0.926482 1.03157 -0.697595 0.177951 2.38819 0.625704 -2.06074 -1.13956 0.577186 1.36334 0.030092 -1.86666 0.768503 1.31117 -0.558612 -0.176941 -0.176941 
