53
-0.425535 -0.315891 -0.142863 0.0769803 0.226218 0.366744 0.610074 0.723201 0.82075 0.858952 0.885851 0.977306 1.07935 1.16002 1.14011 1.13526 1.11548 1.07404 1.08523 1.08339 1.12785 1.09047 1.0974 1.03815 1.01001 0.94255 0.850037 0.72944 0.630342 0.477863 0.252719 0.0545282 -0.11392 -0.31592 -0.663355 -0.761444 -0.758939 -0.842971 -0.88801 -0.861684 -0.914988 -0.963065 -1.0069 -1.01715 -1.22619 -1.24064 -1.41727 -1.46556 -1.61659 -1.68592 -1.62673 -1.69807 -1.75073 
2.19513 2.38259 2.19449 1.99975 1.96656 1.73942 0.987377 0.687368 0.572204 0.638236 1.0246 0.834303 0.602815 0.258994 0.0947066 0.132735 0.17849 0.183011 0.13251 -0.0826753 -0.275233 -0.254914 -0.398319 -0.278423 -0.551597 -0.614251 -0.838013 -0.664301 -0.140486 0.270921 0.393118 0.355514 0.0183566 -0.5238 -0.0305095 -0.0594191 -0.564654 -0.366909 -0.239581 -0.426006 -0.465842 -0.288218 -0.736445 -0.495021 -0.56432 -0.706794 -1.37981 -1.21125 -0.981833 -1.47603 -1.41283 -1.70862 -2.10709 
2.03631 1.80642 1.51403 1.12201 0.689488 0.457814 0.33939 0.356269 -0.0334143 -0.310458 -0.715357 -0.763944 -0.933892 -0.995359 -1.0946 -1.07356 -1.05666 -0.768438 -0.835659 -0.71251 -0.841615 -1.10664 -1.10886 -1.22661 -1.27265 -1.56502 -1.50661 -1.70484 -1.66156 -1.36374 -0.770336 -0.195613 0.145279 0.607516 0.87549 0.753724 1.14311 0.941113 0.838639 0.962503 0.917529 0.94439 1.03139 0.866936 0.690105 0.244585 0.699355 0.729221 0.922454 0.617691 0.716787 0.420632 0.227761 
0.293509 0.317081 -0.178254 -0.135878 -0.530068 -0.435109 -0.258382 -0.838573 -0.821852 -0.908613 -0.925653 -1.05321 -0.729367 -1.24634 -0.76622 -0.828932 -1.0105 -0.998823 -1.0022 -0.885221 -0.746414 -0.667529 -1.05498 -1.08707 -1.10408 -0.869848 -0.76568 -0.739998 -0.556084 -0.619585 -0.432566 0.0423082 0.0856423 0.181371 0.762059 1.49266 1.44272 1.14711 1.08339 1.76672 2.17182 1.98218 2.30635 1.29106 1.39805 1.13928 1.20594 1.02701 0.55327 0.578667 -0.0457042 0.0928072 -0.118271 
-0.728868 -0.973397 -0.829614 -0.86032 -0.599923 -0.662357 -0.918387 -0.883252 -0.821858 -0.818349 -0.87322 -0.883412 -1.06307 -0.992439 -1.12052 -1.06414 -1.02931 -0.92822 -0.972732 -1.11464 -1.09467 -1.11011 -1.01891 -0.887005 -0.773591 -0.728603 -0.656915 -0.519657 -0.243505 0.112153 0.454579 0.372128 0.907624 1.22003 1.09265 1.00109 1.08531 1.34223 1.18129 0.891246 0.983177 1.09236 1.37761 1.40269 1.20722 1.45276 1.42014 1.29036 1.09767 1.30109 1.0115 1.07288 0.801186 
-1.45295 -1.56141 -1.62285 -2.06446 -3.01878 -2.26516 -1.44836 -0.943569 -0.604907 0.530196 0.545852 -0.0792925 0.338907 0.483587 0.266987 0.198507 -0.0274393 -0.589102 -0.426606 -0.359091 0.0493427 0.438082 0.72865 0.905357 1.16822 1.28918 1.14665 1.24152 1.27046 0.668746 0.438589 0.945976 0.656088 0.37283 0.222039 -0.0302077 0.0805999 0.0785762 -0.465452 -0.657651 -0.981837 -0.484809 -1.08123 -0.224203 -0.494767 0.135369 0.732635 1.08893 0.937225 1.14084 1.31576 0.771259 0.697174 
-1.92387 -1.65854 -1.73611 -1.586 -0.703612 -0.74786 -0.577477 -0.0772618 0.797434 0.551918 0.49222 0.754416 0.503143 0.235902 -0.07565 -0.160701 0.101276 -0.159182 -0.149532 0.123627 -0.415936 -0.312886 0.167508 0.120857 0.193956 0.0930764 0.138028 -0.107817 -0.548483 -0.360272 -1.50681 -1.08161 -1.1968 -0.12652 -1.13722 -1.24734 -1.49498 -0.377953 0.252498 0.89586 0.297662 0.0317443 -0.532031 0.0661965 1.30104 1.10356 1.71923 1.19066 1.35773 1.37229 1.36663 2.43859 2.33539 
-0.171067 0.350998 0.658971 1.15774 1.06707 1.02983 1.02252 1.2428 1.11854 1.21724 0.950106 1.1622 0.898767 0.987707 1.25732 1.24154 0.910087 1.03031 1.29019 0.731946 0.943123 1.1517 0.546018 0.420836 0.173772 0.339235 0.865845 0.218622 -0.529311 -1.59662 -1.01005 -1.10363 -1.37508 -2.11956 -1.10657 -0.235621 -0.80492 -1.08783 -0.496783 -0.370358 -0.65372 -0.561386 -0.729644 -0.422274 -0.378149 -0.867704 -1.21191 -0.785297 -1.36399 -1.5006 -1.17581 -0.958085 -1.36907 
1.76604 2.52992 2.49453 2.69388 2.02971 1.36855 1.01445 0.687969 -0.257601 -0.077932 -0.501885 -0.477748 -0.689275 -0.933453 -0.51497 -0.387141 -0.320109 -0.851693 -1.30359 -0.870257 -0.740118 -1.30542 -0.924563 -1.26902 -1.32134 -0.862881 -0.95423 -0.926594 -0.235242 -0.679238 -0.4133 -0.608268 0.114297 0.146146 -0.678183 -0.396711 0.678398 0.0202978 0.522804 0.989938 0.509473 -0.300644 0.435494 0.365406 1.07537 -0.0901331 -0.60619 -0.426396 -0.399527 0.696177 -0.286279 0.611848 -0.140755 
-0.996233 -1.81398 -1.60687 -1.79071 -1.89449 -1.87173 -1.91668 -1.87577 -1.51677 -1.53262 -1.06817 -1.35276 -0.877304 -0.162177 0.260831 0.443503 0.5617 0.591517 0.831548 0.856546 1.18505 1.31263 0.935482 0.894452 1.06733 0.929778 0.605139 0.825805 0.736063 1.01032 0.836246 0.393696 0.0565875 0.422271 1.20147 0.915684 1.00523 0.468452 -0.0688418 -0.513821 -0.102354 0.1633 -0.555869 -0.494279 -0.102547 0.58345 0.592553 0.427987 0.767925 0.296056 -0.047423 0.478302 0.504506 
-0.09396 -0.0195622 -0.680186 -0.968272 -0.702152 0.0879713 0.0891794 -0.371181 -0.626109 -0.252146 -0.291342 0.944813 0.835991 1.19144 2.17421 1.97378 1.84289 2.32276 1.58849 1.50957 1.02301 1.19509 1.34116 1.11212 0.762142 0.489456 0.0216838 0.255573 0.357805 0.131541 -0.0225806 -1.01966 -0.89498 -1.24247 -0.450395 -0.826045 -0.96989 -0.307099 -0.581913 -0.777114 0.101086 -0.336617 -0.547377 -0.658884 -0.893405 -1.5794 -0.768202 -1.18272 -0.697236 -0.569739 -1.92579 -0.294412 -0.800918 
-2.16981 -1.90765 -1.37368 -1.43855 -0.80798 -0.573187 0.909012 0.976711 0.696177 -0.382809 0.20389 0.286871 1.15497 1.74452 1.44812 1.47023 1.11502 0.627519 0.536395 0.7173 0.881075 0.868132 0.772061 0.182281 0.443118 0.377646 0.0744213 -0.514737 -0.825882 -1.26484 -1.10067 -0.7005 -0.849167 0.485253 -0.735496 -1.60377 -2.04146 -1.45417 -0.896528 -0.366055 -0.201918 0.596087 -0.100644 -0.476582 0.18038 0.140348 1.32699 0.628737 -0.684952 1.40235 1.04014 0.580314 0.60495 
-1.52091 -0.944507 -0.0569791 1.24026 1.61945 1.72986 1.24853 1.43835 0.978149 0.485355 -0.116438 0.0594179 0.424586 0.0168566 0.0099083 -0.582742 -0.42198 -0.83927 -0.532803 -1.04627 -1.43715 -1.0143 -1.32205 -1.16089 -0.879856 -1.58906 -1.49032 -1.32454 -1.4761 -1.03667 -1.13588 -0.522866 -0.294249 -0.468265 -0.0593719 0.989811 0.823928 0.134275 -0.119482 0.351248 0.99799 1.43448 1.4474 0.748275 -1.03456 -0.311141 0.413833 1.11046 0.766059 1.32025 0.818226 0.888313 1.24339 
1.50668 1.50668 2.00866 1.90029 1.53898 1.9676 1.84279 1.17873 0.837425 0.5156 0.758182 1.1005 1.05137 0.49583 0.106268 0.106858 -0.0598435 0.081218 0.261659 0.413203 0.251313 0.0803662 -0.0192915 -0.179044 -0.21642 -0.509644 -0.751706 -0.7817 -0.926932 -1.50109 -1.70932 -1.45106 -1.46841 -2.28373 -1.8104 -0.216351 -0.152321 -0.368893 0.133814 0.0961644 -0.242757 -0.199605 -0.027324 -0.779892 -0.798967 -0.65133 -0.805504 -0.688894 -0.784745 0.172852 0.163729 -0.345785 -0.345785 
0.425685 0.425685 -0.526651 -0.140672 -0.22141 -2.01259 -2.19415 -0.607222 0.304853 1.55452 0.915825 -0.623686 -1.00624 -0.838793 0.112675 0.636044 0.552551 0.312708 -0.234741 -0.588708 -0.00189403 0.12058 0.368699 0.0453494 -0.409517 -0.286393 0.302569 2.16533 2.7576 1.75688 0.63806 -0.506527 -1.76374 0.305517 1.58439 -0.903668 -0.338904 1.23727 0.280024 -0.136504 0.770607 -0.246991 -0.0880179 0.856165 -0.100404 -1.60471 -0.829702 1.41894 -0.232467 -0.646645 -0.152289 -1.30265 -1.30265 
-1.01781 -1.01781 -1.39036 -1.71237 -1.34391 -0.622147 -0.050999 -0.674325 -1.34973 -1.38469 -0.859724 -0.31983 -0.349426 -0.186954 0.00263617 0.26954 0.88349 0.690172 0.310859 0.168655 -0.723332 -0.43176 -0.0933301 -0.194028 -0.595287 -0.355279 -0.138954 -0.173708 0.966162 2.23028 2.86657 2.28633 2.02785 1.86029 0.518312 0.797304 0.612944 -0.517299 0.231494 0.363624 0.140722 0.443989 0.00435949 -0.601901 -1.24776 0.203597 1.29599 0.695003 -0.0739419 -0.29026 -0.27048 -0.941392 -0.941392 
-1.01118 -1.01118 -0.968881 -0.741346 -0.623053 0.661292 -0.857537 -1.21749 -0.107461 -0.183411 -0.275191 0.491671 -0.384351 -0.0328052 0.989099 -0.499437 -0.332087 0.0687849 0.305665 0.625516 0.539825 -0.644051 -0.893706 -0.0603558 0.538769 0.81137 0.342215 0.521613 0.320986 0.327971 1.53911 1.21587 0.36294 1.57178 3 1.58132 -0.727268 -0.758246 1.44401 2.49866 0.534786 0.352734 -1.50465 -1.99321 -0.291346 -0.382088 -0.20245 -1.41815 -0.958506 -1.29736 -1.04289 -0.113145 -0.113145 
-0.619127 -0.619127 0.196269 0.640968 0.519973 -1.44938 -1.0773 0.133167 0.012562 -0.430806 -0.483051 -0.95891 -0.650706 -0.454034 -0.50835 0.112872 0.283366 -0.0191669 -0.94582 -0.69994 -0.217685 0.0539737 0.615852 0.700549 0.369113 0.209995 0.561856 1.34156 2.17441 2.42714 0.756453 1.49271 2.99845 0.470628 -1.06984 -0.262903 1.06597 0.131067 -1.95473 -0.990437 0.531985 1.26921 0.948497 -0.884718 -0.0440106 0.577027 -0.854236 -1.46465 -0.194048 -0.563566 -1.10518 -1.03694 -1.03694 
-0.375711 -0.375711 -0.898116 -2.29819 -0.424007 2.3532 1.96303 1.21328 2.20164 1.69515 -1.06501 -0.433801 0.773327 -0.222074 -0.556321 -0.570976 -1.34431 -0.735214 0.25137 0.637013 1.14071 0.955892 0.623413 0.579966 0.492555 -0.143121 -0.18403 0.0848378 -1.00744 -1.41371 0.325413 0.231751 -1.00802 -0.789912 -0.741284 -0.331084 0.0612796 -0.96554 -1.26374 -0.919019 0.161727 -0.265147 0.299345 0.8103 0.454529 1.81533 1.38594 0.211508 -0.027904 0.484263 -0.688822 -1.07928 -1.07928 
0.0122251 0.0122251 -0.157981 1.26006 0.972954 -0.0788153 0.725467 1.76588 0.664283 -0.716003 0.0339891 -0.249006 -1.03109 -1.12013 -0.851003 -0.00378574 -0.262896 -0.635634 0.152624 -0.658674 -0.909957 0.596722 0.375583 -0.226071 -0.306178 -0.347758 -0.5619 -1.27926 -0.638068 -1.68079 -1.3307 0.192807 1.14572 -0.177123 -1.92081 -0.793624 1.01911 2.31623 1.61654 -0.198425 -1.54161 -1.49076 -0.214248 2.44267 1.26726 0.352608 -0.136485 -0.79915 0.00316788 -0.25199 1.30999 1.16591 1.16591 
1.45214 1.45214 1.41305 0.74406 -0.155431 -0.0155279 0.416597 0.220343 0.016342 -0.223432 -0.0331521 -0.0269351 -0.233604 0.660921 0.485179 -0.523485 -0.295244 0.697088 -0.44148 -0.52321 0.763618 -0.607178 -1.16726 -0.565461 -0.0777185 1.22061 -0.143186 -2.28204 -2.987 -0.747524 0.886515 -0.553358 -1.64564 0.509818 3.22072 0.565431 -1.37091 0.576316 1.26324 -0.204143 -0.261352 -0.0681916 0.292668 0.649077 -0.688274 -1.33994 0.19751 -0.195994 -1.14115 0.375008 0.969629 -0.265093 -0.265093 
1.20525 1.20525 0.337578 -0.62885 -1.95142 -1.47485 -0.960466 -1.86954 -1.0916 -0.289886 -0.528934 -0.20244 -0.614833 0.353475 0.925241 0.385068 -0.628432 -1.42601 0.0570401 0.951614 -0.583266 -0.197914 0.141526 -0.524262 0.709797 0.64981 -0.0123521 1.19064 0.465753 -0.188098 0.194651 0.896475 1.24509 -1.13245 -0.748785 2.1706 0.726505 -0.153571 1.57588 0.0650835 -1.89802 -0.0281306 1.10927 1.06904 -0.614579 -2.49894 -0.431255 0.403209 1.81094 0.259633 -0.0440393 0.309239 0.309239 
-1.28725 -1.28725 -0.0891764 -0.676757 -0.286288 -0.175107 -0.140811 0.622653 0.515376 0.714679 0.206777 0.227565 2.11698 2.01787 1.01155 0.435467 0.146577 0.376838 0.367731 0.53494 0.72882 -0.604836 -0.923508 0.116027 -0.0663991 -1.00669 -0.329669 0.114276 0.215553 0.0561778 -1.29855 -1.60669 -0.0791581 2.03061 0.799367 -0.504039 -0.978415 -2.16312 -1.98962 -0.1965 1.14657 -0.990291 -1.37596 0.723598 1.9037 1.18055 -0.426982 0.198282 -0.382509 -1.67414 0.211273 0.909959 0.909959 
-0.875292 -0.875292 -1.42435 -0.0206076 1.61256 1.2113 -0.682814 -1.07078 0.192968 0.519738 1.8257 1.72024 0.386234 2.03967 1.19767 -0.489191 0.54127 -0.372678 -1.21908 -0.843855 -0.463671 0.49456 -0.113004 -0.864374 -0.930492 -1.10891 -0.341598 0.521789 -0.175207 -0.563506 -1.73106 -1.30876 -0.324827 0.686079 0.643423 -0.774216 0.798715 0.600335 -0.699268 1.04721 0.679887 -0.969563 -0.475472 -0.511464 -1.38165 0.20231 0.613515 0.120158 0.941153 -1.84823 0.429705 1.71652 1.71652 
0.776663 0.776663 0.408567 0.517289 0.854575 1.81313 1.62506 -0.358984 -1.64963 -0.673522 0.634329 0.951061 1.52122 0.210529 -0.428149 -0.494353 -1.06794 -0.770701 -0.0183754 0.268526 0.0503397 -0.242129 -0.891387 -0.48967 0.100463 -0.534414 -1.12385 -1.13276 -0.963708 -0.428718 0.515765 0.163651 1.21519 0.00851414 -2.47072 -1.58935 0.048953 1.16925 1.1053 0.662389 0.963509 -0.00543923 -1.32677 0.196877 0.574957 1.17113 0.430276 -2.38396 0.751309 1.82225 -1.04467 -0.609259 -0.609259 
1.575 1.575 2.42127 1.82447 0.431121 -0.579144 -0.485918 -0.461108 -1.2625 -1.42874 -0.643734 0.491493 -0.193645 -0.630515 -0.847615 -0.65072 -0.444845 -0.273785 -0.386692 -1.2054 -0.106154 -0.00854256 -0.31577 0.375461 -0.64636 -0.860367 0.166872 -0.126991 0.194286 0.25575 0.459541 0.84441 -0.0795746 0.132071 1.56812 0.893329 -1.14809 -1.25125 0.111052 1.16825 1.12805 0.383933 -0.949291 -3.05752 -1.38745 1.55675 1.52531 0.26984 0.102618 -0.0824319 -0.650781 0.355465 0.355465 
0.954701 0.954701 0.77383 -0.666979 0.229239 0.62395 -1.19971 -1.56103 -0.989837 -0.0153487 1.09309 0.60623 -0.89227 -1.46045 -0.532281 -0.160331 0.0741133 0.653489 0.670983 0.0996389 -0.438591 -0.334727 -0.316045 -0.212097 -0.434858 -0.776477 -0.337151 -0.175542 -1.08375 -1.18889 0.200404 0.518981 -1.27281 -0.453862 3.56733 2.88421 -0.137683 0.594461 0.893079 -0.511583 -0.376728 0.47646 -0.851582 -1.17095 0.331474 0.105997 0.0542131 0.151552 1.55515 1.69989 -0.748689 -0.733463 -0.733463 
-0.569877 -0.569877 -0.310319 0.275802 -1.18826 -1.25606 1.0156 1.75103 1.52424 0.481396 -1.39423 -1.22199 -0.0741152 0.822969 1.06232 0.36634 -0.146895 -0.45889 -0.535635 0.227119 0.54751 0.319749 0.0199475 -0.452787 -0.152548 0.549392 1.71924 1.72146 -0.204133 -1.35478 -1.45153 -1.54459 0.61661 2.32204 -0.742599 -1.22282 1.51025 0.486746 -0.853282 0.400439 -0.00376099 -0.506859 0.812373 0.0622084 -1.58432 -0.419891 2.10384 0.472158 -1.3185 0.124455 -0.370603 -0.703042 -0.703042 
-0.38862 -0.38862 -0.740389 0.0690941 1.20932 1.43074 -0.0386423 -1.40038 -0.757652 0.553642 1.18162 0.575809 0.163512 0.402951 0.517033 0.980606 0.477857 -0.607187 -0.551351 -1.1114 -0.637538 0.706574 0.278056 -0.529982 -0.157794 0.516857 0.216706 1.22559 2.64449 2.09438 0.079589 -0.897866 -0.44705 -1.63067 -1.14286 0.121733 -1.41772 -0.398341 0.980682 -0.080802 0.106147 -0.130606 -1.12418 -1.34946 0.898287 2.79715 0.555171 -1.47816 -1.05795 -0.196342 -0.692942 -0.714549 -0.714549 
-0.00757475 -0.00757475 0.166033 0.224014 1.03035 -0.21876 -1.47335 0.532452 0.749143 -0.167826 0.475233 -0.123139 -0.440022 1.00808 -0.395887 -1.04791 0.393699 0.44675 0.384932 0.138813 -1.00852 -1.13362 0.405505 1.05312 0.62527 -0.189819 -0.260933 -0.0560483 -0.187597 0.889567 0.637611 -0.937256 0.231707 1.97221 -0.0325739 -2.88373 -1.82492 1.61681 2.44515 -0.733578 -1.67718 -1.59592 -1.82979 0.885889 1.18942 0.027977 -0.830356 -0.616715 0.052309 -0.104238 0.863698 0.669542 0.669542 
0.609583 0.609583 0.942405 0.241589 -1.56514 -1.19611 1.18373 0.815001 -0.422768 -0.371606 -0.395923 -0.126155 0.377183 0.105865 0.423608 0.59186 -0.0994991 -0.920628 -0.510184 0.544274 0.563568 0.62316 0.483233 -0.185343 -0.367819 0.143576 0.846211 1.20619 0.811794 -1.06191 -0.700029 1.67728 -0.765624 -3.04548 -0.549669 1.59782 0.294178 -2.26144 -0.840037 1.86043 1.69049 0.311049 -1.61272 -0.743493 1.09332 -0.607069 -1.52872 0.493421 0.673716 -0.682591 -0.354963 0.0503941 0.0503941 
-0.3681 -0.3681 -1.44485 0.398287 3.6109 1.86946 -0.843011 0.217178 0.404257 -2.47862 -1.60365 1.44747 0.196497 -0.988926 -0.234664 -0.572355 -0.0926461 1.26085 1.089 0.717629 0.278904 -0.364173 -0.255448 -0.0669738 -0.522439 -0.486675 0.208981 -0.599596 -1.11882 1.05872 1.29914 -0.99184 -0.752064 0.238806 0.386535 0.650891 -0.454275 -0.98537 0.069442 1.12995 0.536537 0.139503 0.860757 0.153012 0.806605 0.749982 -1.19979 -1.05368 0.243432 -0.474627 -1.1688 -0.26662 -0.26662 
-0.140714 -0.140714 0.819476 0.740321 -0.932048 -0.193043 1.22362 -0.0668925 -1.706 -0.452251 0.290751 -0.746654 -0.615325 0.0964779 0.730443 0.372758 -0.453303 0.255896 -0.0410639 -0.744963 0.824595 0.845007 -0.582597 -0.487101 -0.10786 -0.198619 -0.656203 -0.0770388 -0.297349 -0.49446 1.24319 1.65138 -0.275952 -2.10188 -0.442911 1.96523 2.08029 0.379066 -1.7282 -2.16392 -0.900537 0.873327 2.63796 0.977701 -1.4407 -0.975973 -0.805346 0.069099 0.345032 0.859417 0.93463 -0.123024 -0.123024 
0.0306119 0.0306119 -0.381039 -0.910474 -0.412736 0.406651 0.199802 -0.191627 -0.218406 0.0242078 0.175574 -0.0686815 0.477923 0.496954 -0.67414 -0.425556 0.805721 -0.0353209 -0.696225 0.796199 0.0029949 -1.13347 0.0803327 0.725096 1.15369 0.014379 -2.10064 -1.69523 0.998904 2.43816 0.17414 -1.50345 0.70887 3.04909 0.0888839 -2.77072 0.061361 1.67554 -0.425579 -0.883468 0.138319 0.39557 0.496021 -0.548942 -1.16924 0.599715 0.758572 -0.76906 0.406019 1.3535 -0.339212 -0.705101 -0.705101 
-0.539967 -0.539967 -1.17315 -1.47119 -0.525765 0.67776 -0.230082 -0.0574027 1.06346 0.397155 0.085804 -0.0277674 0.392734 1.03753 0.0492107 -0.989419 -1.15807 0.477617 1.58628 -0.391002 -0.724633 0.503378 -0.185304 0.40083 0.797736 -0.444624 0.38285 0.341755 -0.874805 -0.149108 0.739098 0.716734 -1.30079 -1.27783 2.19259 0.995087 -1.49423 0.585005 0.171769 -2.24751 -0.0325602 1.99882 0.747353 -1.10092 -2.30915 0.148621 1.92993 1.49754 -0.0655562 -1.18683 0.0610122 0.259971 0.259971 
0.740979 0.740979 0.33761 -0.216803 0.262891 0.0183815 0.466169 0.36898 -0.0183131 -0.293339 -0.415888 1.22986 1.14754 -0.840363 -1.16779 -0.675283 -0.121736 0.0703335 0.0270486 0.166398 -0.863936 -1.2158 0.41338 0.506912 -0.852226 -0.262221 0.688048 0.292803 -0.121372 -1.12091 -1.22303 0.755617 2.41549 0.521614 -1.82151 -1.30192 -1.22044 -0.775675 1.26858 2.07149 -0.626419 -1.81319 1.09509 2.16998 0.232205 -1.68149 -0.755806 -0.0509568 -1.36689 0.326139 1.69248 0.398156 0.398156 
-0.474102 -0.474102 0.533066 2.09879 0.803718 -1.72707 -1.71753 0.548204 1.06102 1.09131 0.781185 -1.11296 0.149028 0.502037 -1.89459 -0.551122 0.00343622 -1.34319 -0.418226 0.461839 0.880138 0.171439 -1.05518 -0.666699 -0.255612 0.342364 1.08985 0.0392231 -0.858849 -1.19647 -0.614872 0.928796 1.35112 0.614548 -1.12791 0.0312596 0.906065 -1.15495 0.240464 0.909368 -1.52717 -0.909119 0.24852 -0.73033 0.431964 1.35135 -0.139104 0.154916 -1.49246 -0.447119 2.47751 0.843113 0.843113 
-0.205526 -0.205526 -0.135051 0.322183 0.87305 0.532509 -1.3749 -2.0896 -0.170808 1.51356 1.08614 0.607968 -0.44694 -1.23052 -0.423832 -0.381642 -0.146053 0.713414 0.706711 0.0776189 -0.297933 -0.577356 -0.127381 0.676001 0.0040739 -0.76053 -0.354777 0.136881 0.489444 0.992082 0.417055 0.486452 -0.0674837 -2.35616 -1.00267 1.66635 1.82122 0.717806 -0.29547 -0.0588305 -0.399813 -1.4515 0.16422 1.26579 0.664597 -0.0607055 -2.27136 0.241173 2.75957 -1.13109 -1.54304 0.315313 0.315313 
0.607011 0.607011 0.184468 -1.40123 -1.69397 -0.641446 0.0914072 -0.542003 -0.677265 0.445938 1.3674 0.326507 -0.786568 -0.455188 -0.00647004 0.293005 0.274714 0.049009 -0.651764 0.206462 0.855232 -0.140577 0.279718 -0.226228 -0.867155 0.58362 0.52708 0.0272452 0.278824 0.195642 0.424619 -0.373869 -0.496514 1.17444 0.546821 -1.9153 -1.51057 0.899332 1.72089 0.727892 -0.547477 -1.46296 -2.42878 -0.302388 3.27483 2.07012 -0.903323 -0.999456 -0.24158 -0.525585 0.317876 0.720278 0.720278 
