31
0.112736 0.115181 0.506682 1.10802 1.28504 1.27391 1.21323 1.10952 1.02232 0.947441 0.93181 0.871332 0.738663 0.628686 0.60782 0.433464 0.184791 0.0707179 0.0404593 -0.157004 -0.378895 -0.604348 -0.749063 -0.955367 -1.27957 -1.44549 -1.48126 -1.43426 -1.60173 -1.53177 -1.58307 
-3.53466 -2.80157 -0.562739 0.47222 0.382251 0.464583 0.261974 0.50954 0.317612 0.217119 0.417046 0.84467 1.3954 1.04048 0.732874 0.900173 0.73962 0.32955 -0.00619794 0.07848 0.214465 0.449543 0.288312 -0.0866996 0.208813 -0.306323 -0.450776 -0.383897 -0.643533 -0.69591 -0.79241 
-1.84331 -1.12649 1.04892 -0.398511 -1.44252 -1.3841 -0.692501 -0.982946 -1.52852 -1.23884 -0.660006 -0.538704 -0.584761 -0.0845591 0.333404 0.860088 1.3052 1.28626 0.851995 0.358354 0.528353 1.0321 1.30901 1.52434 1.52626 0.849886 0.255183 -0.275846 -0.00502528 -0.077495 -0.205229 
-1.68687 -2.13165 -1.57791 -1.38356 -0.677279 -0.280844 -0.0638325 -0.204838 -0.198006 0.023515 0.554251 0.888803 0.992759 0.83402 0.520915 0.80962 1.28517 1.2632 1.6129 1.19108 1.07015 0.861842 0.558597 0.40394 -0.217253 -0.404418 -0.164466 -0.765329 -0.869085 -0.851087 -1.39432 
0.177718 0.870699 0.930232 0.926415 0.872688 0.627107 0.273022 -0.162807 -0.220581 -0.794122 -1.07555 -1.45322 -1.37709 -1.19405 -1.36974 -1.04873 -1.05859 -0.839957 -0.86103 -0.676649 -0.870222 -0.441485 -0.131394 -0.10253 1.02697 1.40789 1.29145 0.944019 1.20926 1.39706 1.72322 
1.17514 1.80853 2.06678 0.333144 -0.00101443 -0.499566 -0.626962 -0.683621 -0.473647 -0.58226 -0.966208 -0.93526 -1.11078 -1.34665 -1.3154 -1.18422 -0.94353 -0.869413 -0.917773 -0.543121 -0.414375 0.0582539 0.477917 0.565498 0.404013 1.28049 0.92354 0.658557 0.86412 1.24511 1.55271 
-0.84531 -1.2391 -0.341438 1.01048 0.971432 1.31261 1.25892 1.6757 1.23377 1.3108 1.1319 1.3038 0.804011 -0.00146108 0.538945 0.265668 0.0566812 -0.480035 -0.199408 -0.314682 -0.204776 -0.11748 -0.422014 -1.85543 -1.81649 -1.35869 -0.487483 -0.721007 -1.24132 -0.809706 -0.418868 
-0.287444 1.66533 2.22037 1.28581 1.19803 1.38164 0.669595 0.434057 -0.15728 0.409068 1.03035 0.812122 0.321923 0.357802 0.288107 0.0654822 -0.461367 -1.3517 -0.587169 -0.484264 -1.05056 -0.494862 -1.55442 -1.0954 -1.13212 -0.817644 -0.0860238 -0.341757 -1.42886 -1.48154 0.672734 
-0.697958 -0.505479 -2.07953 -1.24721 -1.11847 -1.52497 -1.58852 -1.49048 -0.344456 -0.025755 0.622489 0.884182 0.154012 -0.190334 0.170746 0.0689166 0.224068 0.0081199 1.19012 1.21087 0.983077 1.91356 1.25666 1.72516 -0.628866 -0.324086 0.134403 0.6741 -0.286683 0.137243 0.695088 
0.59936 0.700386 -1.51439 -2.23537 -0.942988 -0.676454 -0.334773 -1.31912 -0.571717 -0.121621 -0.00223972 0.338171 0.430916 -0.0124095 1.09228 0.118331 -0.934077 -0.817669 -1.04529 -0.29605 -0.102022 -0.408871 0.476717 2.0395 0.417455 -0.98222 0.65086 1.65058 1.21702 0.837245 1.74846 
2.01511 2.73659 0.732613 0.121106 -1.00016 -2.03764 -1.7782 -0.66346 -0.163914 -0.349053 -0.549642 -0.349091 -0.0839358 -0.767986 -0.545402 -0.055659 -0.66345 -0.528337 -0.391827 1.00863 0.504895 0.481872 0.350499 1.1617 0.364552 -0.777753 -1.17933 0.852296 0.611261 0.746444 0.197293 
0.297708 0.395726 0.18394 1.72989 2.10976 2.34553 1.69099 1.44196 0.687215 0.67607 0.0568873 -0.189543 -0.466825 -0.406997 0.208884 0.569052 -0.76885 -0.949283 -0.808262 -0.0618521 -0.688155 -0.972088 -0.443001 -1.04506 -0.269034 -1.14918 -0.730272 -1.15167 -1.06998 -0.851795 -0.371791 
1.67281 2.1969 2.06356 1.74309 0.854537 1.03835 0.83462 -0.04495 -0.388081 -0.305752 -0.583055 -0.672671 -0.824167 -0.56546 -0.862548 -0.755523 -0.460578 -0.771424 -1.13412 -1.06102 -1.31385 -1.54028 -0.555441 0.380385 0.557331 -0.300197 -0.0258279 0.0153331 -0.473377 0.598636 0.682759 
1.42613 1.42613 3.17466 2.54846 0.760299 0.0663052 -0.203992 -0.281404 -0.197239 0.0117003 0.0537557 -0.287948 -0.432466 -0.106046 -0.294008 -0.959116 -0.783112 -0.145427 -0.388896 -0.948387 -1.0301 -0.80478 -0.748873 -1.27291 -1.15499 -0.312873 0.308755 -0.0757836 -0.00872647 0.330442 0.330442 
2.66139 2.66139 2.95627 0.681389 -0.249181 -0.359213 -0.197805 -0.187371 -0.527372 -0.144589 0.3713 0.713979 -0.0504482 -0.888906 -0.378776 -0.235131 -0.799132 -0.970271 -0.486978 -0.0261672 0.12075 -0.169584 -0.765548 -0.31938 -0.456259 -0.886038 -0.317499 -0.430015 -0.54651 -0.387151 -0.387151 
2.50419 2.50419 0.510709 -2.45469 -1.06765 0.531015 0.209671 -0.929877 -0.395528 0.640153 0.485061 -0.0905201 0.258483 0.68589 0.710283 0.735287 0.232719 -0.577271 -1.01452 -0.457934 0.460757 0.559236 0.293569 0.0402739 -0.781062 -1.33061 -1.19674 -0.399504 0.0228728 -0.344235 -0.344235 
0.130979 0.130979 1.2996 1.57852 1.94802 1.05342 0.0707407 -0.31356 0.349296 1.30722 1.51389 0.733551 -0.168399 -0.930968 -0.112846 1.32915 0.76111 0.531005 -0.200103 -1.06061 -0.67022 -1.00357 -0.905477 -1.48682 -1.54626 0.0282849 -0.728135 -1.35658 -0.225035 -1.02859 -1.02859 
1.15133 1.15133 -0.0927956 -0.295021 -0.726688 -1.26298 -1.60266 -1.0736 -1.31949 -1.71882 -1.36909 -0.730667 0.270475 -0.179168 0.0671826 0.363282 0.180489 0.160472 0.0993082 -0.208687 0.227608 1.1269 0.412926 1.87598 2.50457 0.279939 -1.02052 -0.339023 0.616621 0.725389 0.725389 
1.22887 1.22887 -2.20669 -3.06654 -1.2739 -0.973801 -0.332428 0.157239 0.081833 -0.780202 -0.577638 -0.275126 -0.662388 -0.362274 0.170476 0.474458 0.391627 -0.0279022 0.408302 0.665359 0.807564 1.22981 0.67094 -0.172552 0.972473 0.688768 -0.967977 -0.15153 0.786047 0.934155 0.934155 
0.533273 0.533273 2.68087 1.52851 0.285085 0.267074 0.360086 -0.117537 -0.535501 -0.211915 -0.0952169 -0.489976 -1.69234 -0.412686 0.242028 -0.679886 -1.00397 -0.401642 0.116823 -0.0932009 0.156003 -0.353848 -2.22464 -1.80211 0.524489 1.54837 0.697893 -1.01398 -0.195717 0.925196 0.925196 
2.23365 2.23365 -0.420752 -1.01171 0.0162553 -0.557652 -0.942986 -0.832014 -0.0948207 1.01997 0.29869 -0.723118 -0.489515 -0.102935 -0.340584 -0.760858 -1.3747 -0.1875 0.725607 -0.497858 -0.08159 -0.535057 -0.623939 0.316383 0.183503 0.889858 0.365647 -1.30635 -1.11967 1.8602 1.8602 
-1.50741 -1.50741 -0.834983 0.954549 -0.34737 -0.549457 -0.0192092 1.25198 1.48388 0.960743 0.900831 -0.547805 -1.18472 -0.0378743 0.216996 0.00057672 -0.119356 0.9598 1.20856 -0.273049 0.683028 0.232061 -0.25346 -2.03704 -2.2091 0.74669 0.993576 -0.497999 -0.619669 0.976325 0.976325 
-1.56767 -1.56767 -2.18008 0.432834 1.16855 0.460257 -0.471681 -0.169407 0.899289 0.431396 0.349678 0.329833 -0.254069 0.499851 0.104527 -1.50256 -0.69022 -0.0757333 0.39574 0.709878 -0.0769323 0.438297 1.83122 -0.0370296 -2.24413 0.181014 1.96862 0.428928 -0.598832 0.403058 0.403058 
-0.958348 -0.958348 -2.1145 -1.34889 -1.71836 -0.520816 1.34588 1.55414 0.426703 -0.18055 0.153973 0.55793 -0.209317 -0.246241 0.771833 0.0516188 -0.255965 0.389595 1.48707 0.931766 -0.302872 0.0200921 0.743645 0.166195 -1.52815 -1.18506 1.56781 1.70705 0.0621966 -0.205044 -0.205044 
-0.0921684 -0.0921684 1.79327 2.5637 0.857636 -0.489335 -1.12062 -1.2511 -0.941338 -0.764811 -1.07119 -0.625981 -0.227184 0.935857 1.32695 -1.21719 -1.92114 0.00465522 1.21155 0.212374 -1.1293 0.375206 -0.0390443 0.282508 -0.0796 -0.544628 0.0527328 -0.386376 0.446457 0.965127 0.965127 
0.580481 0.580481 -0.574837 -1.60792 -0.918087 0.0187091 -1.43594 -1.62663 -0.310806 -0.220757 -0.455968 -0.283872 0.192614 -0.00654789 -0.21404 0.595827 0.0242044 -0.875414 -0.350198 -0.199895 -0.609639 1.08341 2.67331 1.56816 -0.88504 -0.751771 0.477582 -0.566265 0.84388 1.62748 1.62748 
1.81717 1.81717 1.16763 -2.50088 -2.5712 -0.996759 -0.357199 0.010473 0.307497 0.263819 -0.307347 -0.500874 0.192151 0.147088 -0.881395 -0.503863 0.847484 0.412377 -0.829417 -0.661638 0.152429 0.295182 -0.482112 -0.417787 0.999291 1.52177 0.249395 -0.325845 0.424835 0.355279 0.355279 
0.544101 0.544101 -2.05132 -3.44944 -0.979551 0.266291 0.403731 -0.168329 0.256486 1.23297 1.18722 -0.273498 -1.62106 -0.166915 0.953571 -0.271909 -0.631048 0.563814 1.28481 0.901036 0.0440512 -0.803505 0.0367735 0.560544 -0.438827 0.365988 0.727955 -0.053603 0.25658 0.389489 0.389489 
-1.19174 -1.19174 -3.23031 -0.906364 2.23121 1.05678 -0.825612 -0.237364 1.258 0.784044 -0.323622 0.0229193 0.712426 0.489272 0.212639 -0.149621 -0.72364 -0.678735 0.26072 1.19286 0.877936 0.0637469 -0.178081 -0.560076 -0.763736 -0.107074 0.818771 1.0171 0.216676 -0.0736878 -0.0736878 
1.09133 1.09133 1.33847 0.630394 -0.409427 -1.60754 -1.15538 0.302671 1.49197 1.08776 -0.45246 -1.43477 -1.41902 0.105077 2.05847 0.830235 -0.651359 -0.795845 -1.35443 -0.360702 0.106393 -0.1526 -0.372338 -0.511926 1.39834 0.780768 -1.17123 0.501632 0.346477 -0.65615 -0.65615 
-1.04619 -1.04619 -1.22548 -0.505164 -0.801338 -0.719789 0.224732 0.307894 -0.515202 0.0128583 0.932909 1.51044 0.545783 -0.123401 0.53776 0.15729 -0.122973 -0.0151394 -0.270455 0.170582 1.24094 0.221134 0.720962 1.91125 -1.35819 -3.06844 -0.491926 1.50829 1.00052 0.153266 0.153266 
-2.2493 -2.2493 -2.83352 0.718751 1.50687 0.724651 0.853451 0.366439 -0.551967 -0.363102 0.428143 0.0273895 0.02576 0.650857 0.653485 0.235232 -0.256354 0.0963022 0.556004 0.356248 0.468484 -0.00785579 -0.867853 0.289847 0.670191 -1.23346 -0.485963 1.27673 0.822634 0.185603 0.185603 
1.34073 1.34073 0.574695 -1.67951 -0.925448 -0.0370406 -0.342571 -0.682246 -0.149636 0.205784 -0.271741 -1.1486 -0.0355186 1.19899 -0.264521 -0.915185 0.0980665 0.658159 0.118141 -0.0608528 -0.260165 -1.66945 -1.04964 1.74061 2.14035 0.0283741 -1.79024 -0.680931 1.20218 0.658237 0.658237 
-1.63543 -1.63543 -2.00141 0.279055 0.289612 -0.585633 -0.161492 0.533682 1.15534 0.252118 -1.07106 -0.479712 0.392494 0.100651 -0.399029 -0.632001 0.363496 1.30912 -0.183784 -0.491474 -0.0146182 -0.327454 0.53571 0.508462 0.363569 0.12122 -1.35168 -0.911432 1.96944 1.85384 1.85384 
0.294229 0.294229 1.49358 0.170364 -1.16443 0.0634983 1.0509 0.850939 -0.351627 -0.547197 -1.16747 -1.55418 0.185321 0.782998 -0.130667 -0.381861 0.486439 0.733536 -0.982698 -0.508648 0.18209 -0.784075 -1.6772 -1.46712 1.70924 1.99001 -0.990634 -1.23764 0.831663 0.913206 0.913206 
-0.468776 -0.468776 1.15979 2.00005 -0.0699846 -1.10939 -0.479531 0.767416 0.28739 -0.429636 -0.150378 -0.463378 0.0188917 0.136428 -1.33513 -0.582424 0.80223 0.589777 0.402576 -0.381682 -0.256347 1.10223 -0.383336 -2.62714 0.0488249 2.53863 0.067442 -1.68731 -0.103201 0.537377 0.537377 
-0.791401 -0.791401 -0.268549 0.268703 0.563686 2.09083 1.41521 -0.62957 -1.1865 -0.188088 0.502496 -0.249935 -0.551025 0.668222 0.201584 -0.703747 0.22898 1.18854 0.368431 -1.22424 -0.624442 0.712863 0.0979443 -1.55331 -0.924646 2.11249 1.97328 -1.03006 -1.30766 -0.18434 -0.18434 
1.13441 1.13441 1.63679 -0.705162 -2.08588 -1.38503 -0.591781 0.0218531 0.222047 -0.179724 -0.0045216 0.45531 0.923394 0.918369 -1.49901 -2.21306 0.70169 1.94772 0.0403989 -1.62147 0.0111295 0.615881 -0.155497 -0.121496 -0.63441 -0.00875864 0.00814272 0.161689 0.786239 0.243165 0.243165 
-0.86308 -0.86308 -1.59943 -0.284259 1.11982 -0.408709 -1.21235 0.762363 0.962467 -0.143068 -0.0845864 0.422693 0.158069 -0.329452 0.389757 0.130215 -1.08826 -0.306464 0.441892 -0.224523 0.875105 2.3004 0.305919 -2.5759 -1.69319 0.931641 0.092624 0.221487 1.52404 0.518931 0.518931 
