47
1.58524 1.35089 1.1339 1.03845 0.911174 0.790485 0.711891 0.738972 0.837196 0.754793 0.608116 0.600843 0.567937 0.592733 0.553062 0.554346 0.253326 0.176283 0.357333 0.266444 0.328332 0.584687 0.718587 0.699644 0.719327 0.447576 0.308414 0.475146 0.374087 0.234026 -0.00526999 -0.0951751 -0.168451 -0.349736 -0.693627 -0.890778 -1.06373 -1.0779 -1.14235 -1.0795 -1.23843 -1.26559 -1.81949 -1.78051 -1.89235 -2.23327 -2.47709 
-2.79982 -2.42882 -2.20961 -1.83006 -1.1299 -0.562161 -0.25816 -0.0289069 -0.104906 -0.0540756 0.104068 0.251359 0.261651 0.390811 0.849055 0.588175 0.86966 0.885972 0.640046 0.886468 0.942809 1.24904 1.34683 1.3261 0.984212 0.610524 0.579038 0.437573 0.801897 0.815381 0.789137 0.399107 0.409933 0.234102 -0.157959 -0.441861 -0.121953 0.0282857 0.260941 0.257826 0.456572 -0.300496 -0.297133 -0.693253 -0.6821 -1.65257 -1.90283 
-0.877329 -1.31156 -1.48446 -1.7256 -1.8264 -1.95018 -1.83866 -1.64122 -1.54748 -1.39344 -1.22594 -1.02042 -0.698148 -0.586072 -0.739038 -0.194475 -0.0476247 0.226315 0.191665 0.374547 0.257876 0.175697 0.186726 0.726371 0.7967 1.06411 0.987382 1.01326 0.889782 0.790504 1.05856 0.971484 1.07941 1.10972 0.848386 0.713866 0.982293 0.770844 1.09146 0.908247 0.832822 0.475949 0.506841 0.220765 0.350689 0.28597 0.219846 
2.25759 1.89611 2.09601 1.76483 1.93153 1.89195 1.55788 1.45991 1.03987 0.8526 0.579373 0.135224 -0.275306 -0.0870074 0.0735366 0.0625892 -0.0279524 0.0768308 0.0440309 -0.249483 -0.251238 -0.660185 -0.573758 -1.13218 -1.34549 -1.16951 -1.24673 -1.36802 -1.01213 -0.511429 -0.745707 -0.65836 -0.903192 -0.804961 -0.755585 -0.992508 -0.477256 -0.438601 -0.12532 0.191813 0.135303 -0.024745 -0.622319 -0.650998 -0.30358 -0.291655 -0.341792 
2.07235 2.3237 2.13324 1.57827 1.07694 1.24483 1.24835 1.01274 0.937428 0.805439 0.952011 1.11721 1.02779 0.565101 0.207418 0.0324888 0.370953 0.0538514 0.10287 0.0751464 -0.190836 -0.0691508 -0.382462 -0.297079 0.250109 0.139462 -0.178342 -0.453998 -0.647174 -0.97577 -1.17111 -1.22413 -1.28521 -1.55517 -0.862265 -1.20917 -1.09617 -0.812146 -0.661069 -1.0119 -0.87967 -0.872194 -0.800077 -1.12634 -0.604652 -0.537035 -0.424574 
-1.65734 -1.73219 -2.09769 -1.68566 -1.38814 -1.05349 -0.944144 -0.579236 -0.0310686 0.625788 0.824405 0.991232 1.65826 1.8664 1.76896 1.52931 1.12128 1.05935 0.734256 0.654249 1.25657 0.893527 0.678041 0.000251164 -0.690564 -0.421037 -0.404343 -0.434548 -0.551852 -0.974821 -1.07591 -1.09571 -0.778275 -0.770371 -0.359927 0.707678 -0.630751 0.123984 0.306936 0.463222 0.550375 0.277516 0.611537 -0.275869 0.356139 0.794341 -0.220668 
-0.0357686 -0.792948 -1.4808 -1.17723 -0.796289 -1.42217 -1.07318 -1.3755 -1.29146 -0.805192 -0.5362 -0.496283 -0.357578 0.0351456 0.314221 1.3533 1.86067 1.3057 1.74542 1.49323 1.36344 1.38071 1.22403 1.32703 1.25942 1.12046 0.730385 0.865294 0.692879 0.175712 0.193477 -0.332434 -0.159752 1.21262 -0.312137 -0.241537 0.415741 -0.292582 -1.44193 -0.414444 -0.820144 -0.59259 -0.449388 -0.865004 -1.28516 -0.164005 -1.05718 
-0.685016 -0.751626 -0.53037 -0.553943 -0.397356 -0.401996 -0.542722 -0.922706 -1.28973 -1.48116 -1.69491 -1.41131 -1.08488 -1.69521 -1.77352 -1.17279 -0.876123 0.219296 0.453642 1.15463 1.38014 0.729733 0.577966 0.83579 0.979507 0.784112 1.31163 0.792374 0.521981 0.874604 0.798985 0.781796 0.843285 0.803173 1.20455 0.936974 1.39935 0.976794 1.33613 0.657952 0.182645 0.709501 -0.49391 -0.284242 -1.59081 -0.608982 -1.00324 
-0.345403 0.430142 0.460146 0.733682 1.26178 1.8383 1.75917 1.13879 0.630653 -0.848365 -1.13287 -0.476736 -0.791055 -0.51088 -0.711931 -2.13889 -2.63273 -2.23701 -1.48753 -0.621111 0.943175 0.447743 -0.698088 -0.70494 -0.506208 0.00179926 0.317655 -0.598942 -0.050498 -0.398934 0.510975 0.221954 0.393802 0.721063 0.695581 1.63718 0.739326 0.704044 0.36647 -0.115969 -0.255694 1.36883 0.983833 -0.325439 -0.979534 0.408596 -0.145948 
-0.538291 -0.160916 0.314058 -0.0784115 -0.373399 -0.61751 -0.779823 -0.534728 -0.242442 0.317788 0.489869 0.268177 0.114114 -0.457858 -0.597831 -0.692436 -0.790934 -1.1991 -1.26677 -1.62828 -1.4432 -1.13417 -0.878136 -0.892782 -0.572392 -0.555857 -0.850904 -0.991745 -0.648977 -0.658178 -0.517799 -0.0746319 0.0851474 0.259294 0.619925 0.697972 0.560398 0.698477 1.04193 1.11469 1.22517 1.35685 1.7634 1.69078 1.88469 2.47767 2.19708 
0.394119 0.214289 0.0851647 0.517071 0.660251 0.280861 0.399172 0.751999 0.873041 0.601504 0.873652 0.562759 0.279873 0.0677812 -0.179303 -0.492814 -0.746187 -0.479553 -0.959252 -1.23285 -2.54503 -2.26913 -1.24544 -0.909313 -0.658835 -0.558205 -1.26564 -0.991781 -0.985319 -0.357053 -0.323583 -0.189912 -0.150211 -0.652892 -0.681384 -0.480128 0.0214745 0.0338585 0.361932 0.705458 1.35436 0.868046 0.764277 2.16155 1.67456 1.69944 2.14732 
0.725113 0.902018 1.25893 1.47907 1.34394 1.3555 1.16258 0.954565 0.761808 0.991711 1.05369 0.910305 0.733267 1.00297 1.05092 0.720054 0.536993 0.575712 0.200683 0.0436492 -0.148852 -0.00211808 -0.0966893 0.478975 0.527038 0.524086 0.345654 0.151271 -0.156821 -0.512406 -0.19814 -0.0992282 -0.444065 -0.337116 -0.981549 -0.83275 -1.12252 -1.37481 -1.7633 -2.13143 -1.66593 -1.49395 -1.66443 -1.41217 -1.29046 -1.14458 -0.917174 
1.45688 1.22214 1.41463 1.7803 1.32853 1.43719 1.58379 1.14951 0.772207 0.379757 0.0734413 0.369174 -0.0111219 -0.337874 -0.882559 -0.310389 -0.109514 -0.909286 -0.818849 -0.857213 -1.0691 -0.616814 -0.97288 -1.60248 -1.30214 -0.875552 -1.73131 -1.22127 -0.0834533 0.61462 0.463547 0.19058 -0.116676 -0.693391 -0.886187 -0.846859 -0.578884 -0.576137 -0.864179 -0.529414 -0.0288287 0.0843253 -0.279424 0.86833 0.220257 1.02121 2.68137 
-1.12222 -1.12222 -0.537564 -0.159928 -0.266152 -0.0612336 0.560779 1.30506 0.844205 -0.186658 0.129587 0.608487 0.743477 0.714998 0.616025 -0.484075 -0.813772 1.21541 1.15713 0.655536 2.1172 2.42032 1.2615 0.780727 -0.283423 -0.952052 0.893662 1.05405 -0.237339 -0.819222 -0.6081 0.0907306 -0.293916 -1.43302 -1.49981 -0.780281 -0.0100307 0.446672 0.770867 0.373192 -0.00572352 -1.66824 -1.38984 0.470919 -1.12817 -1.68376 -1.68376 
1.04197 1.04197 1.05767 1.93994 2.28515 1.55844 0.93751 0.240434 -0.0868666 0.342647 0.519595 0.248374 0.215116 1.03684 0.32135 -0.00289903 0.505585 -0.461904 -0.0397868 0.514695 0.624418 0.700435 0.100649 -0.705879 -1.35335 -0.783953 -0.35796 0.368119 0.652358 -0.0641042 -0.804313 -0.736313 -0.343384 -1.08244 -1.28069 0.0253539 0.821745 0.661688 0.380375 0.318171 -1.06489 -1.4233 -0.761174 -0.746884 -1.80048 -2.28001 -2.28001 
-2.05097 -2.05097 -1.44053 -1.21259 -0.84157 -0.170369 0.845088 0.788897 0.651701 0.88489 1.04764 1.53691 1.2415 -0.260881 1.10635 2.05417 1.19864 0.62486 0.336996 0.0776983 -0.760243 -0.35654 1.60924 1.79671 0.936088 0.471196 -0.292365 -0.440161 -0.835821 0.401933 0.440525 -0.0656992 0.305385 -0.861943 -1.38303 0.291712 0.0485097 0.213487 0.302764 -0.949241 -1.49825 -1.16215 -0.938334 -0.62526 0.074521 -0.545252 -0.545252 
-0.144769 -0.144769 -0.0657148 -0.152348 0.608693 -0.698281 -0.850652 -1.075 -1.30808 -0.92493 -1.59534 -1.95368 -0.303074 1.18736 0.667348 0.0120472 0.314089 0.464788 -0.574718 -0.493693 -0.794957 -0.564815 -0.95493 -1.73721 0.179503 0.534687 -0.241172 0.88919 2.51252 0.972247 -0.106552 -0.134095 -0.105688 0.662156 -0.212554 1.00332 1.72255 1.19543 1.92222 0.957112 -0.288268 -1.70038 -1.35752 1.10879 1.21476 0.177192 0.177192 
0.450835 0.450835 -1.69058 -2.51619 -0.596418 0.744357 -0.327279 -0.536612 -0.261414 0.327854 1.11711 0.490376 -1.17715 -1.88961 -1.12538 0.723437 0.345859 -0.422846 0.345679 -0.490896 -0.0940981 -0.219794 -0.316205 1.9691 1.44848 -0.848748 -1.28698 -0.955993 -1.09659 -1.10233 -0.370473 -0.0139142 -0.59003 1.41238 1.208 -0.332072 1.34355 1.44465 -0.24139 -0.291432 0.660163 0.500507 -0.385833 0.808129 1.85419 0.767374 0.767374 
-0.811766 -0.811766 -0.0260623 1.04389 0.91901 0.615354 0.664188 1.37234 1.84348 1.27938 0.488587 1.24449 1.31117 0.0774924 -0.645135 -1.14636 -0.859575 -0.725715 -0.754885 0.741742 0.284985 -1.03477 -1.5427 -2.30977 -0.781016 0.360741 -0.122958 -0.3392 -0.973029 -0.946866 -0.296242 0.379163 0.423868 0.573963 2.28408 -0.538202 -1.0431 1.41206 0.446298 0.291701 -0.400841 -0.00245333 -0.99419 -0.513308 1.62592 -1.03199 -1.03199 
-1.99574 -1.99574 -0.495166 1.01678 -0.298063 -0.343248 0.114466 -0.260349 0.855219 1.11686 0.485435 0.301128 0.800218 0.998789 1.91314 2.2361 -0.0188876 -0.114591 0.313726 -0.491926 -0.110732 -0.148765 -0.0274959 0.0985026 -0.243768 -0.699936 -0.312523 -0.00461315 -0.927057 -0.658024 -0.670393 -0.451243 2.23413 -0.167124 -2.00865 1.07812 -0.0237647 -2.57947 -0.123946 0.928041 -0.203566 0.572926 -0.336919 -1.13386 1.0401 0.370946 0.370946 
0.243334 0.243334 0.316778 0.206418 0.238728 -0.268644 -0.90918 -1.29536 -0.973585 -0.712034 0.0986293 1.02047 -0.505062 -1.19576 0.870955 1.51085 2.35505 2.24871 1.57559 1.56051 -0.745668 -1.3895 0.160416 0.664667 -0.108764 0.546198 -0.00647476 -1.36813 0.119755 0.452141 -0.178952 0.0550254 0.0159053 0.595941 0.207762 0.311845 0.0473797 -0.128451 -0.564685 -1.98903 0.0673963 -1.17513 -1.71642 -1.89246 -0.574751 0.982117 0.982117 
0.721492 0.721492 0.2492 0.717809 1.00286 0.431573 -0.694472 -1.09808 -1.9059 -1.6955 0.313258 0.285205 -0.0684945 0.038068 -1.56801 -1.84347 -0.128687 1.04104 1.48387 2.25044 0.969211 -1.58048 -1.12082 0.144149 0.628532 0.738722 -0.601552 -0.382732 0.151797 0.491865 0.547762 -0.146609 0.433191 0.247544 0.825516 0.00478271 -0.914271 -0.387156 -0.807843 -0.621706 1.36054 1.12978 -1.63035 -1.88352 0.654211 0.74787 0.74787 
1.58654 1.58654 -0.125942 -1.83868 -1.50867 -1.21354 -0.125324 0.885909 1.58691 1.31952 -0.419826 -1.14532 -1.9245 -1.89316 -0.831276 -0.739018 -1.43651 -1.36793 -1.26418 -0.701944 0.789664 0.947496 0.227485 0.370643 0.440007 -0.929003 -1.27908 0.139708 0.432534 -0.0176711 0.988602 1.03176 0.433333 0.880119 0.666349 -0.441885 -0.308346 0.761677 0.616381 0.0981469 0.229211 0.887796 0.433335 -0.0396693 1.44093 0.385435 0.385435 
-0.601002 -0.601002 0.363108 0.792267 -0.486356 -0.52555 0.628443 0.632746 -0.351266 -0.113119 -0.175147 -1.04989 -0.894179 -0.837755 -0.997594 -1.0075 -0.0931831 -0.449879 -1.3013 -2.61331 -1.74728 1.9341 2.02902 0.810424 0.439271 -1.07043 -0.797408 0.327716 0.886263 0.928829 0.149335 0.159155 -0.843749 -0.951223 0.158197 0.993639 0.695972 0.422486 0.944375 1.45001 0.142159 -1.04407 1.92451 1.32054 -0.842374 0.630999 0.630999 
1.53901 1.53901 1.65123 0.374229 -0.1671 -0.317062 -0.886934 -0.886516 0.250013 0.911119 -0.0576641 -0.677978 0.394091 0.978012 -0.580636 -1.18018 -0.221001 -0.719218 -1.22725 -0.753539 0.0348281 0.288986 1.40219 1.77237 0.270684 -0.317137 -0.813958 -1.15046 -1.56883 0.046372 1.22593 -0.484642 -0.463782 -1.24132 -1.13271 -0.212243 -1.25321 -1.50943 -1.81003 0.406335 1.80804 0.157499 0.365851 1.12417 0.848097 1.12239 1.12239 
-0.144136 -0.144136 0.605158 -0.198857 -0.519596 0.227157 -0.450424 -1.10424 -1.05203 -0.963443 -0.104613 -0.196937 -0.973777 -1.17893 -0.0571048 0.87333 -0.838809 -0.976631 -0.0264203 -0.403707 0.208605 0.0286702 -1.32149 -0.502309 0.815783 -0.627002 -0.522852 1.96507 2.19973 0.591233 -0.620592 -0.815504 -1.19457 -1.05173 -0.282928 0.2921 0.246448 -0.447445 -0.0330965 0.951086 0.674522 -0.40414 0.887008 0.53218 0.0993865 2.97999 2.97999 
0.500453 0.500453 0.811323 0.242588 0.100407 0.699892 1.14389 0.252478 -1.20882 -0.569112 0.673725 0.524516 0.106842 -0.0857565 -0.967916 -1.15785 1.41818 1.64161 -0.441729 0.809491 1.47193 -0.685248 -1.33055 -1.25262 -1.40726 0.988139 1.67058 -0.911879 -1.52292 -0.286049 0.768235 0.277798 -1.23519 -0.97353 0.556498 1.24555 1.02919 0.661997 -0.0413268 -0.620129 -1.66135 -1.12024 1.78012 0.234566 -1.75457 -0.438201 -0.438201 
0.184233 0.184233 1.158 1.52169 -0.254149 -1.32049 -1.28778 -0.963698 0.279728 0.836269 0.0628636 -0.169142 1.03715 0.284164 -0.980658 0.370255 -0.339693 -0.435017 1.24479 0.9 0.371916 -0.411173 -1.38524 -1.43788 0.0807425 1.26553 1.43846 1.28201 -0.310134 -1.44082 -0.575008 0.675644 -0.215115 -0.867598 1.3896 2.48738 0.869239 -0.320229 -0.212228 -1.42824 -1.75516 0.502127 0.91348 -0.98018 -1.52521 -0.362343 -0.362343 
0.514671 0.514671 0.729304 0.503858 0.921258 1.52809 0.84314 -0.242249 0.0302448 0.312685 0.553823 0.1224 -1.75303 -0.187404 2.11981 0.0267526 -1.40605 -0.871509 -0.575378 -1.09336 -0.469045 2.17107 1.96745 -0.694021 -1.30831 -1.21691 -0.918321 -0.571889 0.732806 1.14172 -0.500491 -0.187401 -0.809925 -1.65003 1.02619 1.28785 -0.133807 0.17927 -1.15502 -1.75606 -0.260629 0.467095 0.445409 0.893602 0.015192 -0.643753 -0.643753 
0.0652487 0.0652487 -0.000674092 0.518275 -0.410327 -1.10538 -0.281562 -0.342983 0.119283 -0.213492 -0.777723 0.988427 2.39523 0.743524 -0.889242 -0.263715 0.349601 -0.671233 -0.724251 -0.162495 -0.049026 -0.116636 -0.887023 0.868325 1.73386 -0.315013 0.274848 2.10048 0.0682947 -1.98785 -0.836764 0.00575021 0.61099 -0.0762247 0.2647 1.47758 0.151275 0.157034 -0.176252 -1.67695 -2.01709 -0.808541 2.14269 1.96244 -0.703794 -0.784431 -0.784431 
-1.36285 -1.36285 -1.90219 0.750853 2.16608 0.211891 -0.800746 0.0790987 0.6008 0.936618 0.142242 -1.4627 -1.5187 0.0698884 1.74309 0.997186 -0.71276 0.0359534 -0.00838412 -0.251222 0.213173 -0.109025 1.46601 1.18889 -1.80474 -1.75092 -0.0339887 0.160444 -0.0595258 0.510421 0.747099 -0.107359 0.967824 1.21067 -1.10353 0.124617 1.19675 -0.999319 -1.09806 0.625028 0.55342 -0.647246 0.237031 1.49941 0.00944693 -0.673914 -0.673914 
0.608169 0.608169 1.38755 0.724258 -0.276312 -0.149777 0.58725 0.894867 -0.0318695 -0.951095 0.0104263 0.635031 -0.814229 -1.38918 -0.855646 -0.120362 0.342253 0.112101 1.10478 0.793311 -1.25821 -1.29549 -0.8929 0.59067 1.98111 0.515189 -0.474013 -0.583372 -0.406798 0.528832 1.00176 0.56039 0.17774 1.39087 -0.774287 -2.38776 1.45646 1.12076 -0.780254 -0.581236 -0.178427 -0.396368 -0.336278 1.9444 -0.341977 -1.90025 -1.90025 
0.940402 0.940402 1.9691 0.0535479 -1.00589 0.20012 -0.0241542 0.423436 0.856467 -0.33215 -0.635563 0.133615 0.394117 0.676653 0.761282 -1.39507 -1.67992 0.145746 -0.337288 -0.369349 0.152922 -0.0239244 0.0876792 -0.227704 -0.623798 -0.127336 0.392527 -0.498673 -0.525124 0.0940719 0.0601326 1.89562 0.112752 -2.96725 0.766682 1.26992 -2.56911 -0.148718 2.30588 -0.134729 -0.32217 -0.171287 -1.24182 0.856335 0.94328 -0.535832 -0.535832 
0.00571736 0.00571736 -0.0804961 -0.11263 -0.422778 -0.948407 -0.853727 -0.101971 0.404036 0.785961 1.30178 -0.523263 -1.78298 1.02329 2.06276 1.10773 0.524756 -0.660573 -0.589274 -1.86504 -2.35622 0.656179 1.55306 -0.261942 -0.144205 0.0282514 -1.54713 0.0469537 1.37034 -0.285008 -0.361885 0.100566 0.370908 0.098222 -0.273594 -0.176948 -0.395618 -0.529805 -1.50515 0.442127 0.584162 -1.44518 -0.612034 0.840221 2.19397 1.16457 1.16457 
-0.301776 -0.301776 0.00210843 0.493229 -0.181123 -1.09619 -0.987458 -0.781091 -0.382915 1.44358 1.28895 -0.243063 -0.155768 -0.96791 -1.21564 0.937869 1.87504 1.05021 0.788774 -0.329252 -2.47979 -1.35085 1.12289 1.13892 0.390066 -0.79319 -0.722746 0.49303 0.571656 0.261272 -0.409542 -0.0698006 0.260097 0.258911 -0.15293 -1.12372 -0.249669 0.0735125 -0.147605 1.41065 1.1403 -1.93504 -1.94957 1.48599 1.7109 0.0652322 0.0652322 
-1.26198 -1.26198 -2.6108 -1.00229 0.578942 1.17604 1.73998 1.43505 0.428108 -1.49371 -1.85448 -1.09833 -0.502305 0.947563 0.995534 -0.390001 -0.408653 0.222344 0.61111 1.70407 1.38559 -0.356096 -0.367651 0.253995 -0.936865 -1.26718 0.92826 1.43456 -0.0373084 0.524544 0.913074 -0.350654 -0.0327878 0.270135 -0.954472 -0.68096 1.03446 0.814869 -0.435912 -0.218273 0.708493 0.247381 -0.643765 0.880131 0.421407 -0.744593 -0.744593 
0.56708 0.56708 0.850124 -0.629028 -0.937922 0.666463 0.695151 -0.714928 -0.560702 0.0473756 -0.686612 -0.543005 0.0711312 -0.136986 -0.180736 0.527706 0.298991 -0.865568 -1.49563 -0.362922 2.93038 2.42181 -0.809879 -1.11727 -1.30926 -0.884408 0.853338 1.04165 0.327672 -0.554807 -0.576404 -0.72375 -0.801109 0.592034 1.21392 0.285899 -0.445474 0.0950486 0.608905 -0.597866 -1.71371 1.10674 1.49075 -1.89363 -0.523555 0.902955 0.902955 
0.0955961 0.0955961 -0.9073 -1.42056 -0.535441 -0.557857 -0.439757 0.900366 1.41924 -0.234169 -1.24053 0.362251 1.308 -0.758037 -1.68748 0.289904 0.369485 -0.782798 -0.0194898 0.998642 0.826212 1.08132 1.17244 -0.881163 -1.63353 -0.84436 -0.646989 -0.585377 0.947401 2.20233 -0.409567 -1.31955 -0.586795 -0.517878 0.815653 -0.0871725 -1.01128 -0.42983 1.51201 2.84892 -0.187959 -1.12516 0.766639 0.386197 0.00606865 0.222882 0.222882 
0.400204 0.400204 -0.196637 -0.990952 0.160224 -0.104669 -1.14435 -0.602604 -0.051503 0.547274 0.41298 -0.801221 -0.884977 0.524453 1.36743 -0.736297 -1.52929 0.447041 0.26928 0.0184482 0.164948 -1.29185 -0.550178 1.43054 -0.24858 -1.14972 1.76815 1.86503 -1.17586 -2.24962 -1.20028 -0.582098 -0.331374 0.520721 0.841544 0.236953 -0.705001 -0.363531 0.882149 0.369267 -1.16204 0.00171698 0.539038 -0.74069 1.66106 1.98233 1.98233 
