29
0.0974361 -0.231003 -0.498345 -0.75378 -0.604081 0.40206 0.981554 0.959246 0.903196 0.727236 0.567382 0.512661 0.444348 0.497994 0.705488 0.792901 0.862823 0.804933 0.690461 0.670522 0.698771 0.493335 -0.00280438 -0.499624 -1.18674 -1.64308 -1.81023 -2.18219 -2.40046 
-2.59777 -2.27831 -1.98299 -1.82448 -0.720294 0.228913 0.153183 0.105854 0.188457 0.398355 0.337683 0.529729 0.614047 0.811539 0.984711 0.806768 0.795896 0.945196 1.02244 1.01875 0.8266 0.357654 0.313873 0.152923 0.0296401 -0.411615 -0.158831 -0.309922 -0.338006 
-2.04035 -1.98062 -1.97499 -1.51492 0.61626 0.268126 -0.957206 -0.652942 -0.11562 0.0574184 0.861527 0.437339 0.78131 0.736196 -0.0544434 0.460346 0.00773661 -0.413879 -0.1452 -0.544612 -0.353797 0.407917 1.70717 1.67208 1.36496 0.837547 0.1083 0.686294 -0.261936 
-1.67498 -1.93716 -2.09494 -2.00131 -0.663528 -0.317327 0.0105594 0.347857 -0.0528761 -0.014848 -0.124677 0.177386 0.299348 0.62978 0.848754 0.943775 1.24247 1.41762 1.29738 1.44687 1.3092 0.654076 -0.121419 0.0633724 -0.151696 -0.160885 -0.672708 -0.375627 -0.324457 
0.906623 0.824109 0.74812 1.26092 1.97722 0.739565 0.303488 0.143785 0.0600148 -0.195069 -0.394717 -0.457753 0.0215341 -0.147899 -0.545883 -0.900387 -1.34524 -1.45373 -1.65121 -1.18249 -1.03957 -1.14906 -1.07199 -0.566867 0.882013 0.322213 0.895505 1.29788 1.71889 
1.49417 1.1346 1.01253 1.36704 2.08922 0.515537 -0.192114 -0.429125 -0.137661 -0.363284 -0.326499 -0.318235 -1.08475 -1.45845 -1.27824 -1.46423 -1.36463 -0.689652 -1.21255 -0.824996 -0.708839 -0.172637 -0.274079 0.280727 1.14123 0.53351 0.863152 0.789345 1.07889 
-2.35897 -1.87507 -1.53813 -1.83404 -0.409047 1.06264 1.17858 1.34455 1.7319 1.65555 0.125101 0.745402 -0.339029 -0.469361 -0.375793 -0.0540226 0.499109 -0.0630718 0.377781 0.137413 -0.185351 -0.141649 0.538265 0.624573 -0.779455 -0.127969 0.19959 0.303395 0.0271022 
-1.54532 -2.71442 -2.35036 -0.109389 0.636786 0.468624 -0.00114139 0.292692 0.857024 0.489183 1.37268 0.537912 0.989971 0.296721 0.358117 0.525847 0.374106 -0.47289 0.229498 0.166015 0.128759 0.697252 1.46608 1.05914 -0.691932 -0.62456 -0.423743 -1.21277 -0.799871 
-1.32372 -2.09757 -2.65181 -1.3634 -0.982728 -0.655594 -0.579077 -0.346768 -0.102116 0.0737217 0.0727351 0.338085 0.182015 0.282184 -0.175104 0.158559 -0.0742514 0.19755 0.674628 0.710915 0.872063 1.53927 1.38371 1.62019 1.24883 0.375843 0.652266 0.00102225 -0.0314519 
1.21006 -1.06722 -0.37017 0.460594 0.542172 -1.2278 -1.33303 -0.848647 -0.832466 -0.931895 -0.989761 -0.598979 -0.908459 -0.216623 -0.526373 -0.331921 -1.23919 -0.428125 -0.369157 0.115547 -0.33245 1.07993 2.03923 1.1241 1.15299 1.85022 0.549428 1.31454 1.11346 
1.35239 2.10855 1.31187 1.35601 0.0725289 -0.952939 -1.47967 -1.77565 -1.34145 -1.41416 -0.904951 0.320201 0.615056 -0.449389 -0.612977 -1.07586 -0.417824 0.145432 -0.25237 0.678028 1.53866 0.76305 0.364327 0.165965 -0.206241 0.0698411 0.157879 0.694915 -0.831221 
-0.245434 0.754329 -1.4412 0.202904 -0.991393 0.947771 0.985511 1.30087 0.619568 -0.261544 -0.0720948 -1.68055 -0.00750048 -0.306261 -0.608538 -1.69739 -0.226987 -0.129473 0.970042 0.581947 0.273247 -0.131874 -1.76392 -0.0700262 0.254076 1.83169 1.67701 0.842389 -1.60716 
1.76467 1.86664 1.59477 1.97055 2.02695 1.06174 0.492224 0.315115 -0.0919437 -0.534891 -0.70435 -0.849589 -0.64392 -0.912664 -0.874093 -0.704787 -0.489476 -1.15953 -1.12029 -0.935662 -0.565906 -0.912747 -0.254904 -0.173636 -0.0202529 0.1739 0.172946 -0.586671 0.0958099 
-0.667887 -0.667887 -0.546436 0.14736 2.24614 2.96115 1.25021 0.192907 -0.0627116 -0.235401 -0.0337069 0.118582 0.298864 0.7577 0.813875 0.585009 0.34328 0.0365183 0.0996554 0.337089 0.0284927 -0.843888 -1.32864 -1.64635 -1.57901 -0.713985 -0.573603 -0.658658 -0.658658 
0.818088 0.818088 0.528044 1.98572 3.41065 1.2843 -0.511583 -0.226248 0.237307 -0.0208915 -0.0530639 0.208227 0.218041 0.378166 -0.298414 -0.630084 -0.0403512 0.118451 -0.157264 -0.642749 -1.48119 -1.21381 -0.658766 -0.802038 -1.30718 -0.629465 -0.106553 -0.61271 -0.61271 
-0.0798286 -0.0798286 0.333011 2.52495 1.69151 -1.76985 -1.09707 0.720639 0.585315 0.860434 0.244554 -0.229957 0.160957 -1.00909 -0.431701 -0.0831119 -1.04877 -0.304948 -0.282051 -0.362347 0.835048 1.97811 1.15641 -0.500138 -1.00783 -1.44314 -0.303211 -0.529034 -0.529034 
-0.832305 -0.832305 -0.260486 2.14295 2.54883 0.925887 0.911578 -0.259341 -0.740279 -0.272784 0.15153 0.524026 0.569617 0.72552 0.347206 0.475323 0.604082 -0.069157 -0.110384 -0.138409 -1.43145 -2.45646 -1.10668 -0.206053 -0.517788 -0.994686 -0.502497 0.402256 0.402256 
-0.304436 -0.304436 0.498282 1.56659 -0.793702 -2.34755 -0.894055 -0.419007 -0.547618 -0.703867 -0.444912 0.470559 0.327094 -0.855811 -1.10536 -1.16856 -0.836838 -0.50328 0.27503 0.734018 -0.0456338 -0.134423 0.694313 2.54405 1.10812 -0.0725184 1.22487 1.01954 1.01954 
-0.621263 -0.621263 0.37288 1.54825 -1.1362 -3.12683 -1.2659 0.125088 0.140941 -0.213627 0.111994 -1.00637 -1.53815 -0.220104 0.0412342 -0.0710045 1.12765 0.261014 -0.139152 0.750545 0.957503 0.654557 0.680456 2.0197 0.401206 -0.337872 0.405454 0.349633 0.349633 
0.689745 0.689745 -0.149261 1.02138 2.92314 1.51473 0.109905 0.401924 0.141216 -1.92216 -1.17263 -0.692755 -1.50036 -0.232953 0.253464 0.747909 -0.203134 -0.323934 0.0223031 -0.799272 -0.493641 0.58514 0.63098 -1.61113 -1.00306 0.859956 0.270706 -0.378978 -0.378978 
-0.796572 -0.796572 2.43031 2.7919 0.512181 -0.638441 -0.201263 0.777284 0.151154 0.453178 0.011329 -0.396936 -0.263017 -0.632695 0.182036 -0.0196513 -0.979869 -0.171622 0.569803 -0.13011 0.467917 1.2307 0.307662 -2.07687 -1.62803 0.219 -0.591397 -0.390705 -0.390705 
-2.01608 -2.01608 1.00627 2.37644 0.967635 0.521881 0.382908 0.629319 0.546558 0.186561 0.317746 0.0904637 -0.151619 -0.59307 -0.250871 0.0781125 -0.0125496 1.02783 0.682673 0.219659 1.14431 0.680155 0.0489041 -0.267373 -1.89335 -0.943984 -0.619013 -1.07172 -1.07172 
-1.68369 -1.68369 1.53861 0.900515 -1.79583 -1.9895 0.347728 0.473601 -0.131673 -0.208443 0.299789 0.0389252 0.351047 0.350767 -0.164902 -0.784387 -0.145106 0.856651 0.518292 -0.00730856 0.95447 2.4135 0.000422302 -0.964181 0.707457 -0.671114 -0.600741 0.539399 0.539399 
0.120008 0.120008 -0.597895 -1.08873 -2.16719 -1.40417 -0.668652 0.300223 0.525354 0.600983 1.90958 1.69345 -0.61509 -1.07733 -0.470791 0.357635 1.39227 0.327691 0.697871 1.96672 0.246594 -1.02318 -0.441159 -0.414422 0.063948 0.528001 0.791113 -0.836417 -0.836417 
-0.692833 -0.692833 -0.245233 0.450285 0.655252 1.5111 0.383107 -0.116386 -0.94753 -0.342651 -0.847908 0.182692 1.09249 -0.279697 -0.828544 0.40287 1.22699 0.969352 0.632018 -0.346216 -0.358044 -1.27733 0.180784 1.53965 1.45887 1.12628 -0.549406 -2.14357 -2.14357 
-0.0370877 -0.0370877 0.49074 1.12357 -1.46151 -2.66811 -1.14886 -0.835685 -1.34815 -0.89012 -0.316217 0.406929 0.168845 -0.153275 0.69117 1.03188 -0.586188 -0.925611 0.721996 1.35915 0.334613 0.889966 1.71525 0.742784 0.960396 0.662874 -1.17574 0.141739 0.141739 
0.107818 0.107818 0.733481 2.51663 2.53576 -0.899832 -2.4981 -1.18569 -0.387952 0.0244505 0.317515 0.298205 0.574649 0.46273 -0.157438 -0.426087 -0.496333 -0.221406 0.269348 -0.06588 -1.06671 -1.22556 -0.725364 -0.227492 0.839099 0.904969 0.0481883 -0.0784076 -0.0784076 
-0.144134 -0.144134 1.13764 2.64568 -0.505868 -3.33803 -1.21736 0.769433 0.291487 -0.144421 0.312382 0.349301 0.260344 -0.343224 -0.775675 0.337833 0.769121 0.00810574 -0.558436 -1.05326 -0.391244 0.834094 0.472998 -0.459262 0.26266 1.16666 0.125644 -0.334169 -0.334169 
0.279927 0.279927 1.68282 0.88517 -2.73307 -1.76905 1.60967 1.09247 0.105173 -0.202394 -0.682175 -0.0378033 -0.482963 -0.363614 0.608348 -0.379235 -0.12628 0.506415 -0.0210363 0.730668 1.51364 0.221381 -1.57043 -1.36946 -0.587843 0.466673 0.60075 -0.128831 -0.128831 
0.345123 0.345123 2.24864 2.11722 -1.07167 -1.40447 -1.04646 -1.41603 -0.118405 0.598555 0.523316 0.223367 0.0518243 -0.283908 -0.305914 0.0956881 -0.538987 -0.673616 -0.162606 -1.15404 -1.94365 0.149459 1.67456 0.358646 -0.732356 -0.0956476 0.998621 0.608807 0.608807 
0.509815 0.509815 1.29822 -1.03607 -2.97121 -0.156649 1.34067 0.173081 -0.292814 -0.00679083 0.784134 0.48715 -1.06144 -1.13973 -0.313394 0.11558 0.408385 0.737967 0.830534 -0.319237 -0.723495 0.463491 1.89412 0.222798 -2.01361 0.00357322 0.723348 -0.234119 -0.234119 
0.60083 0.60083 1.39003 -1.07995 -3.20575 -0.153768 2.11681 0.877933 -0.294113 -0.0861201 -0.598968 -1.17467 0.461251 0.993788 0.0334283 0.662787 0.156248 -0.917276 0.26201 0.669661 -0.131135 -0.252706 0.849934 -0.254186 -1.64967 -0.0638322 0.394939 -0.104165 -0.104165 
-0.506754 -0.506754 0.324134 2.26946 0.438915 -1.90801 -0.701088 0.110974 -1.56082 -0.843783 0.961344 -0.143865 0.415104 1.33357 0.784938 -0.235332 -0.672015 0.248758 -0.248633 -0.277453 1.07137 0.886974 -1.4701 -1.07105 1.84266 0.992831 -0.790612 -0.372378 -0.372378 
1.82407 1.82407 2.03817 -1.22228 -2.11765 -0.508982 0.751692 0.12211 -0.278457 -0.169345 -0.589905 -0.248994 -0.226146 0.176959 0.276426 -0.774514 -0.176536 0.831001 -0.0619751 -0.146881 0.719176 -0.181441 -2.04495 -1.23267 1.27282 0.527234 -0.447559 0.0322745 0.0322745 
2.08498 2.08498 3.08084 -0.139824 -1.45967 -0.536733 -0.0336507 0.0072046 -0.433546 -0.278045 -0.181586 -0.452885 -0.608548 -0.183878 0.376091 0.0614778 0.578538 0.393564 -0.699138 0.223787 0.22296 -0.907903 -0.800425 -1.52342 -0.603517 0.814481 -0.204579 -0.440776 -0.440776 
1.66425 1.66425 1.30039 -2.07461 -1.82119 1.04912 1.23134 -0.446576 -0.562129 0.0728284 -0.0321482 -0.143977 0.004617 -0.467416 -0.820507 -0.161918 0.762568 0.205086 -0.665863 0.0755175 1.20722 -0.717235 -2.09927 0.229969 -0.00608883 -0.919183 0.517068 0.476939 0.476939 
-0.404547 -0.404547 -0.752257 -1.00768 -0.119442 1.16559 1.31143 0.949862 0.317081 1.08461 0.877932 -1.68447 -1.85882 0.206243 1.12056 1.42382 0.0828076 -0.387895 1.26512 -0.215667 -2.01405 -0.383187 0.535272 0.461841 0.771639 0.619149 -0.862541 -1.04893 -1.04893 
0.42142 0.42142 0.920588 0.746453 0.861522 -0.0951359 -1.06786 -0.854808 -0.0622078 0.171679 0.477216 1.49279 -0.231673 -1.27853 0.590055 1.57543 0.506741 -0.326829 -0.843993 -0.61038 -0.56807 0.486894 2.12191 1.01745 -0.196493 -1.34114 -2.24657 -1.04394 -1.04394 
0.331665 0.331665 0.796159 -1.4887 -2.83883 0.173727 1.28923 -0.202038 -0.0957124 0.701677 0.89627 0.300276 -0.466944 0.327626 0.814138 -0.993331 -1.49254 0.904443 1.62124 -0.340095 -0.400135 0.957623 -0.163789 -0.609816 -0.114411 -1.62367 -0.438268 0.911268 0.911268 
