32
1.36179 1.48583 1.52725 1.42437 1.42832 1.26255 1.16167 1.04535 0.835578 0.749466 0.539618 0.394289 0.266293 0.143368 -0.139609 -0.235745 -0.252532 -0.39757 -0.411247 -0.313575 -0.183363 -0.277473 -0.619885 -0.765859 -0.957987 -1.06434 -1.12087 -1.28623 -1.11077 -1.64549 -1.1852 -1.658 
0.303092 0.0300745 0.13504 0.548592 -0.0433742 0.444554 0.458861 0.385158 1.13868 0.85345 1.03781 1.09414 1.42668 1.68014 0.653052 -0.0254293 -0.0721562 -0.0734632 0.0910161 0.201456 0.609065 -0.180257 -0.0985165 -0.838373 -0.851433 -0.24655 -0.804579 -1.97469 -0.947886 -2.6944 0.158901 -2.39865 
-2.17516 -1.82396 -1.77207 -1.13516 -0.648732 -0.974398 -1.03351 -0.772251 -0.743186 -0.92429 -0.269087 -0.0785873 -0.316279 -0.34665 0.012923 0.0555604 0.401666 0.866855 1.20644 1.45168 1.35497 1.64627 0.726104 0.219758 0.471888 0.644227 1.22097 0.47377 0.990848 0.760193 0.509515 -0.000329204 
1.45542 1.60827 1.24623 0.148379 0.904273 1.52446 1.08559 1.10786 0.56728 -0.485758 0.695069 -0.349802 -0.72422 -0.161336 -0.0267003 -0.638294 0.295142 1.04506 1.24287 0.395943 -1.70485 -0.0788639 -0.799864 -1.59602 -1.56187 -1.46573 -0.4533 -1.22163 -1.10469 -0.012767 -0.217248 -0.718892 
1.00276 0.45322 0.743533 0.857746 0.313569 0.707318 0.496873 -0.339309 -0.931542 -1.02328 -0.952435 -1.1579 -1.74358 -1.78358 -2.027 -1.40446 -0.140842 -0.619284 -0.403763 -0.277864 0.231588 0.173144 -0.0306787 0.143599 0.65485 0.6534 -0.0208386 1.35362 0.662009 1.80392 0.777488 1.82772 
1.31204 1.47156 0.625424 -0.541269 -0.448797 -0.581598 0.232435 -0.00614258 -0.955217 -0.677641 -1.79346 -1.57057 -0.0948878 0.368331 1.01162 1.77668 0.252562 1.16046 0.872414 1.55147 1.19296 -0.161913 -0.668265 -0.371917 -0.144076 -0.815033 -1.59662 -0.356578 0.321337 1.03944 -1.65314 -0.751607 
0.950495 0.965971 0.849183 1.03558 1.06988 1.39524 1.02662 1.02156 1.88261 1.01841 0.168329 -0.214302 -0.565631 0.385509 0.168568 -1.06443 -2.05764 -1.84778 -1.29665 -1.63019 -0.758071 -0.0780799 0.279052 -0.865945 -1.15619 -0.18119 0.346582 -0.921095 -0.271964 0.289818 -0.0058662 0.0616197 
-2.10191 -2.19839 -2.11418 -1.63502 -1.52363 -1.19237 -1.18702 -0.13379 -0.160207 0.0410491 0.17149 0.253148 0.22634 0.660594 0.70657 1.2272 0.788579 0.928619 0.715474 0.509564 0.734242 1.29773 0.872862 0.380317 0.304184 0.52583 0.668914 0.168425 0.532103 0.277084 0.443625 -0.187424 
-0.576158 0.492498 1.48962 1.10659 1.63714 -0.02187 -0.55488 -1.27826 -0.234897 -0.786707 0.249178 -0.302418 1.60411 0.281757 0.114357 1.19255 1.79755 0.691027 -0.622258 0.189693 -0.558315 -1.18875 1.1493 -1.41552 -1.7386 -0.657778 -1.78773 -1.07304 0.604106 0.0914564 -0.148027 0.254267 
0.534068 -0.336704 -0.832029 -1.08055 -0.979379 -1.49134 -0.993872 -0.774521 -1.19679 -1.45087 -0.993489 -0.249074 -0.607474 -1.00397 -0.666198 -0.414724 -0.636681 -0.131051 -0.108538 0.11118 0.313113 0.502862 0.949536 0.913112 0.794264 0.962879 1.45341 1.69141 1.74133 1.31497 1.24772 1.41738 
1.44944 1.14605 1.01282 0.759455 0.126133 1.22671 1.03738 0.938788 0.434595 0.942109 1.26831 0.851687 0.772091 0.617264 0.409897 0.0731938 0.357322 -0.299593 0.168927 -0.635643 -0.656562 -0.193076 -0.911662 -0.602181 -0.652228 -0.289274 -1.02566 -1.29369 -1.80282 -1.71861 -1.87637 -1.63481 
1.27122 1.66618 1.74181 1.30045 0.672322 1.0027 1.80106 1.55379 0.698047 0.315134 0.71984 0.409868 0.352443 0.0703344 0.068076 -0.758442 -1.0643 -1.03286 -1.19522 -0.862794 -1.12424 -0.34161 -0.328654 -0.626712 -0.584901 0.0878983 -0.638107 -0.976986 -1.50931 -1.19461 -0.720546 -0.771872 
-1.63169 -1.77257 -1.87065 -1.18291 -0.984064 -1.15376 -1.3253 0.0751582 -0.0772108 -1.13593 -0.175495 0.320698 0.478005 0.698508 -0.0149092 0.331963 -0.164642 0.91738 1.17281 1.15715 1.16197 1.33314 1.67455 1.01134 -0.0786343 1.23236 0.794069 0.105085 -0.714625 -0.746197 0.127667 0.436741 
1.8171 1.8171 0.599066 0.39794 0.0603278 -0.502388 -0.236971 -0.821475 -0.659287 -0.659719 -0.977588 -0.538221 -0.417956 -1.24987 -1.10608 0.322799 0.0603035 0.0769983 1.37984 2.15221 1.12275 -1.41424 -1.69264 -0.885936 -0.673249 0.0546454 -0.262121 0.983155 -0.999511 0.529448 0.861782 0.861782 
-0.141449 -0.141449 0.918313 -0.157445 -0.0426405 0.89318 0.0262676 1.16729 0.840786 -0.0377515 0.489463 0.718192 1.02248 -1.07619 -2.5147 -1.00145 0.0438056 0.369815 0.542304 0.917588 -0.47125 -0.974246 -0.897893 -1.04422 1.03146 0.190271 -2.54955 -0.103255 -0.992957 1.82634 0.574445 0.574445 
0.486796 0.486796 0.99553 1.76928 0.0552797 -0.91613 0.128975 0.285988 -0.501703 0.613226 1.27492 -0.315008 -0.7083 0.355215 0.485217 0.461236 1.21365 1.20204 0.810394 0.0335062 0.115519 -1.35077 -2.77109 -0.683645 0.524851 1.10286 -0.534499 -0.640734 0.279041 -1.08806 -1.5852 -1.5852 
-0.0554754 -0.0554754 -1.30342 -0.187943 1.52632 0.334179 -0.26242 -0.36391 -1.43686 0.28077 0.288919 -1.26292 0.341315 0.849253 -0.322651 0.474399 1.83292 1.09891 -0.494428 -2.78799 -0.320505 1.05626 -1.36057 -0.607074 0.283267 1.2594 0.396829 -0.496698 1.35947 1.03876 -0.551316 -0.551316 
-0.448323 -0.448323 0.585705 -0.71431 -0.278833 0.241075 -1.67498 -2.26975 -1.11001 -0.0770344 -0.254201 -1.27698 -1.01921 -0.486015 0.546118 2.89388 1.17871 -0.454082 0.487396 0.945299 0.658119 -0.453062 -0.0905144 1.02347 0.749708 -1.09711 1.04635 1.01929 0.65701 0.135413 -0.00739601 -0.00739601 
-0.370661 -0.370661 -1.47025 -0.692031 0.165189 0.763449 0.675747 -0.786079 -0.358126 -0.496374 -0.54172 1.60694 1.80621 1.11606 1.36631 -0.430726 -0.312294 0.712558 0.522822 0.464395 -1.22197 -1.34455 0.0245084 0.633241 -0.16877 -1.00571 0.57874 1.78884 1.35609 -1.43845 -1.28636 -1.28636 
-0.0352999 -0.0352999 0.148269 0.310538 0.45978 0.027045 -0.327825 0.992824 0.0701285 -1.7676 -1.25041 -0.714754 0.717698 0.862028 -1.4837 -2.31741 -0.7678 0.890803 0.307194 0.651937 1.74045 1.18736 -0.772648 -1.46793 0.808926 1.68747 -0.721139 -0.590802 1.37401 0.359294 -0.171573 -0.171573 
-0.308291 -0.308291 0.961468 1.02142 0.695181 0.461272 2.05382 1.98374 0.104441 0.45044 0.186628 -0.160234 0.61753 0.778076 0.968607 -0.100325 -0.939838 -0.442478 -1.20558 -0.239824 1.45733 0.0245473 -2.30487 -1.53562 0.0397515 0.523305 -1.06959 -0.583 -0.0415398 -0.47639 -1.30584 -1.30584 
1.51788 1.51788 0.410715 0.054864 -0.918294 -1.72944 -1.01586 0.186402 0.317255 0.311551 0.311715 0.975736 0.387895 -1.19384 0.637001 1.22609 -0.440144 -1.90317 -0.439997 -0.00887379 -1.10895 1.24471 -0.230595 -2.26017 0.520273 -0.095115 -0.374349 1.76655 0.830489 -0.631275 0.0665302 0.0665302 
-2.37785 -2.37785 -1.32378 -0.313343 -0.75959 -0.0882873 1.15052 -0.407467 -1.20945 0.280641 1.97206 0.590156 -1.34249 -0.163214 0.934416 -0.0137377 0.416792 0.830916 0.346592 0.650522 0.599756 1.01434 0.631208 -0.326762 0.0205669 1.05283 1.17037 0.423985 -0.701408 -0.899895 0.109732 0.109732 
-0.514388 -0.514388 -0.404768 -1.50054 1.46611 2.43893 -0.18858 -0.87847 0.449571 2.26906 0.24417 -0.644976 -0.0713499 -0.351312 -0.749821 0.327098 -0.374521 0.0295014 -0.294027 -1.36644 1.41201 -0.116656 -0.454098 1.01074 1.12791 -0.375929 -1.75849 -1.26056 -0.488743 0.281153 0.625904 0.625904 
0.909035 0.909035 -0.399238 -1.50014 -0.292887 1.93859 1.03497 -1.55259 -1.76478 0.206972 0.321076 -0.401846 -0.358259 -0.27196 -1.12359 -1.59853 -0.256399 -0.0319118 0.438921 0.283918 0.988181 1.41743 -0.27311 -0.227971 1.29076 0.0896506 -1.49294 -1.18996 -0.167557 1.40676 0.834185 0.834185 
-0.460724 -0.460724 0.511976 0.860525 -0.145998 -0.580778 1.26238 1.28488 -1.60187 -0.295585 1.52968 0.58691 0.263286 -0.758828 -0.610488 -0.355979 0.50699 1.38978 0.101248 -0.19294 0.0263748 0.421486 -0.55796 -2.23821 0.0792333 0.844226 -1.50348 -1.95122 -1.1795 0.808526 1.2084 1.2084 
-0.928536 -0.928536 -1.09371 -0.370667 -0.667619 -0.172389 -0.190282 -0.275057 0.204605 -0.189636 0.171544 0.531355 -0.512671 -0.493349 1.3633 1.02964 -0.130096 1.15542 1.77601 -0.139368 -2.85714 -2.24034 0.505625 0.908927 0.844207 0.409399 0.834293 -0.533808 -0.300837 1.60033 0.34469 0.34469 
0.695554 0.695554 -0.0372871 -0.681023 0.68933 0.020552 0.160345 0.528486 -0.847307 -0.265723 0.488583 0.336719 -1.24879 -2.43604 0.024525 1.71655 0.907763 0.313203 0.346771 -0.716856 -1.31517 -0.317034 -0.0740613 1.28795 0.814587 -2.46589 -0.22635 1.03401 1.28811 1.04138 -0.879224 -0.879224 
0.464942 0.464942 1.02893 -0.591217 -1.86326 0.147844 0.970346 -0.365571 0.33265 1.3891 -0.582458 -1.35143 0.58265 0.964076 0.171406 0.62508 0.6341 -0.199804 -0.757615 -0.412364 -0.914866 -2.00991 0.580392 2.49653 1.39631 -0.678028 -1.17677 0.687113 -0.231926 -1.26471 -0.268233 -0.268233 
-0.653747 -0.653747 -0.00741058 1.70897 0.371875 -0.967097 -0.335145 -0.611157 0.442888 1.06931 -0.825105 0.0997038 1.29319 -0.315374 -0.147855 1.31834 0.4312 -1.27918 -2.18282 0.17012 2.2968 -0.533294 -0.894435 1.02182 1.15083 0.135145 -0.948182 0.627123 0.959024 -1.03781 -0.851982 -0.851982 
0.67916 0.67916 -0.223048 -0.638441 0.624582 -1.00738 -1.78096 0.353633 1.48329 0.555479 -0.871214 -0.569367 0.510476 1.04788 2.30719 0.400562 -2.36193 -0.518223 0.932715 0.0800282 -1.00891 -0.558004 0.986255 0.54466 -1.51013 0.167417 1.43033 -0.308657 -0.651863 -0.49955 -0.137562 -0.137562 
-0.67642 -0.67642 -0.156644 1.15032 1.03013 0.399007 -0.976938 -0.632529 0.251498 -0.0646215 1.46282 1.6262 -0.269864 -0.235806 -0.975104 -1.06315 0.821608 0.615781 -0.107748 -1.10736 -1.1502 0.890535 1.37898 -0.0710906 -1.03666 0.557269 1.9245 0.577198 -2.09753 -1.70691 0.15958 0.15958 
0.119229 0.119229 0.214565 0.194397 -0.155176 -0.451348 0.578789 0.245183 -1.61041 -0.764453 0.629943 1.16767 0.937762 -1.28197 -1.85659 0.431983 1.89625 0.642954 -0.128957 0.853441 0.325952 -1.4651 -1.54864 0.940578 1.86522 -0.887555 -1.32714 1.24231 0.569575 -0.896673 -0.300512 -0.300512 
0.933635 0.933635 0.97609 -0.154172 -0.362279 0.996575 1.1126 -1.34611 -1.05146 0.0926128 -0.398062 0.339567 0.698907 0.283037 -0.587662 -1.31713 -0.2079 -0.153785 0.177926 1.92024 0.221633 -2.62993 -1.07048 1.69484 1.49251 -0.751213 -0.749061 0.762461 0.109909 -0.860952 -0.552997 -0.552997 
-0.651214 -0.651214 -0.882104 -0.795156 -1.09057 0.00385095 1.31023 0.932132 0.148358 0.063561 0.498104 0.116584 -1.34055 0.228785 1.6373 -0.631736 -1.96322 0.0672512 1.29625 -0.366884 0.88053 0.637064 -2.20694 0.554347 1.47192 -0.513308 1.27508 0.8489 -1.48865 -0.428529 0.519918 0.519918 
0.614918 0.614918 1.35984 0.253774 0.00375395 1.24601 -0.39747 -1.90199 0.345127 2.18332 0.0660187 -2.60573 -0.717564 1.51643 -0.0519653 -0.543766 0.460535 -0.213916 -0.295154 0.0244756 0.10605 -0.138975 -1.15085 -0.612341 0.854907 0.685497 -0.625765 -1.54208 -1.13816 0.435829 0.582158 0.582158 
0.0146818 0.0146818 -0.651391 1.08528 2.34269 -1.05777 -2.06846 0.335954 1.8613 -0.176807 -1.82327 -0.243744 0.126554 -0.464367 0.360425 0.176177 -0.232849 -0.00302263 -0.900487 0.985075 0.70774 -1.18628 0.633347 0.909683 -0.894853 -1.80647 -0.589684 0.719874 0.885193 0.625596 0.157608 0.157608 
-0.751173 -0.751173 -1.4155 0.102468 2.11336 0.83957 -2.06842 -1.65119 1.10008 1.29698 -0.329094 -0.371647 0.116669 -0.423541 -0.762213 0.56159 0.98365 0.457875 0.228875 0.369737 0.722299 -0.722822 -0.954611 0.981994 0.229957 -1.64151 -0.733877 0.838081 1.60526 0.642782 -0.307224 -0.307224 
0.497695 0.497695 0.707839 -0.485457 -0.957735 0.76037 1.03607 -1.81565 -1.04164 1.79929 0.44331 -0.85228 -0.900118 -0.615565 0.154126 0.584984 0.963782 -0.333384 -1.043 -0.133898 0.281688 -0.441059 -1.69232 0.295415 1.76968 -1.043 -1.77416 0.106575 1.57513 1.35094 0.152332 0.152332 
