45
-1.11792 -1.14335 -0.748714 -0.715895 -1.17208 -1.37039 -1.23317 -0.947099 0.636994 0.709392 0.246591 -0.0486786 -0.0261273 -0.109118 -0.0925579 -0.0258631 -0.0708963 -0.204748 -0.0955798 0.383703 0.78138 1.19669 1.55687 1.69551 1.76174 1.79522 1.71946 1.50833 1.10481 0.813788 0.709084 0.412046 0.473292 0.51594 0.234513 -0.037837 -0.345828 -0.332171 -0.508617 -0.787812 -1.04449 -1.49843 -1.31052 -1.61643 -1.65104 
-1.47276 -1.21062 -0.82779 -0.81603 -0.953642 -0.696895 -0.541717 -0.342301 -0.114294 0.384765 0.976047 1.46301 1.39015 1.56263 1.51374 1.46845 1.50959 1.49715 1.5046 1.6146 1.65471 1.29996 0.948904 0.694544 0.339846 -0.00617268 -0.332653 -0.498086 -0.597531 -0.659295 -0.734289 -0.801981 -0.766782 -0.783383 -0.570447 -0.635658 -0.785116 -0.525195 -0.450637 -0.939411 -1.43743 -0.876625 -0.459575 -0.635907 -0.35047 
-0.661199 -1.47113 -1.04486 -0.198979 0.258134 -0.189548 -0.610399 -0.0614243 0.342636 -0.285768 -0.723157 -0.501859 -0.141497 -0.163541 0.01437 0.265192 0.343156 0.555125 0.165795 -1.11857 -2.0025 -2.03063 -1.9579 -1.86881 -1.31932 -0.792079 -0.413262 0.28051 0.875306 1.26932 1.20748 1.49457 1.36222 1.42386 1.45273 1.11226 1.11656 1.21031 1.16203 0.915728 0.0954454 0.230197 0.762523 -0.241704 -0.117328 
-0.463885 -0.640156 -0.93797 -0.905827 -0.676828 -0.842669 -1.26705 -0.402497 0.249743 -0.0153038 -0.830034 -1.22255 -1.20101 -1.20242 -1.06307 -1.34047 -1.35504 -1.20664 -1.07482 -1.07003 -0.405611 0.247723 0.539373 0.702745 0.822874 1.0067 1.40268 1.33605 1.50124 1.49833 1.32668 1.46956 1.38187 1.3347 1.28015 1.20992 0.774712 0.858728 0.829785 0.42483 -0.00435219 -0.37655 -0.293408 -0.748531 -0.651676 
-1.12632 -1.40372 -1.73019 -1.86511 -0.861634 -1.59053 -1.88432 -0.398887 -0.224322 0.138246 0.727588 0.493645 0.572098 0.895255 0.923281 0.288471 0.360166 0.144806 0.190473 1.32926 1.90999 1.92196 1.81612 1.8356 1.82322 1.10039 0.772058 0.00862653 -0.0663889 -0.187643 -0.154062 -0.0940883 -0.417025 -0.526567 -0.396754 -0.351761 -0.903776 -0.278595 -0.480619 -0.0242703 -0.519874 -0.279567 -0.0594398 -0.768509 -0.657265 
1.05276 0.661335 -0.566696 -0.327839 -0.319885 0.856857 0.427745 0.244559 -0.0479767 -0.784778 -0.264823 1.35393 2.19575 1.92056 1.17893 1.01378 0.852881 1.12833 1.2103 0.934408 -0.379848 -0.914863 -1.15943 -1.88182 -2.20445 -1.49209 -1.4722 -1.04024 -1.24076 -1.29202 -0.970652 -0.605166 -0.662941 -0.463573 -0.29659 0.280328 0.711841 0.814233 0.2403 0.105883 0.231766 0.201644 0.183172 0.493232 0.0941095 
-0.1022 0.0559048 0.200328 -0.739134 -0.816567 -0.564197 0.0268636 0.674175 -0.217615 -0.154915 0.0367239 0.429918 0.414248 0.905461 1.26922 1.64533 1.73904 0.720494 0.156394 -0.0242925 -1.47057 -1.6369 -2.53177 -2.32265 -2.10766 -1.69314 -0.689461 -0.00525572 0.130579 -0.0228651 0.0861151 -0.315107 0.063087 0.0698726 -0.29439 0.56062 0.31527 0.509073 -0.12733 0.937006 1.64349 1.36693 0.291635 0.206493 1.38175 
-0.0501007 -0.789938 -0.690163 -0.570202 -0.145667 -0.971129 -1.6269 -0.322367 0.442215 0.777543 -0.392414 -0.816699 -0.797414 -1.10038 -1.24655 -0.759785 -0.318039 0.82863 0.447796 -0.470101 -0.224819 -1.52315 -2.18804 -1.32493 -0.114142 0.257548 0.815001 1.40383 0.119019 0.58651 -0.299469 -0.299372 -0.03443 0.410236 -0.291886 0.280138 2.24142 1.78273 1.87173 0.225904 -0.028816 1.57258 2.00198 0.205169 1.12692 
1.0999 -0.606823 0.255411 0.751297 1.02068 1.89513 1.15066 -0.2089 -1.00498 -1.49382 -1.0019 -0.621475 -0.45079 -1.10043 -2.19336 -1.37217 -1.00305 -0.0387956 -0.00986656 -1.24559 -1.13902 -0.884583 1.02595 2.25704 1.12618 0.818492 0.492412 1.32341 1.27866 0.493614 0.572134 0.747995 0.467794 -0.163292 0.711047 -0.932801 1.02996 0.140592 0.1855 -0.671189 -0.380636 0.0498771 -0.318981 -1.14585 -0.905435 
0.465101 0.374804 0.521922 1.3046 1.70629 1.15101 0.807275 0.990292 0.2336 -0.120244 0.178217 0.662254 0.667306 0.907953 0.884929 0.591917 0.822635 1.09823 0.839793 0.390166 0.332313 -0.516605 -1.28128 -1.65872 -1.80886 -1.74904 -1.66288 -1.2752 -0.370812 -0.712078 -1.21869 -1.70748 -1.53938 -1.42165 -0.564393 -0.954321 -0.183583 -0.463712 -0.00535376 0.560812 0.827068 0.703165 0.226531 0.641337 1.32475 
-2.44936 -0.784025 -1.79938 -0.744831 -0.495028 -1.0799 -0.737468 -1.25617 -0.192892 0.563504 0.163427 1.41109 1.15465 -0.148519 0.815751 0.0864991 -0.370175 -0.404339 -0.304599 -1.63057 0.576871 2.14639 0.94364 0.197581 1.02371 1.58199 1.1841 0.659337 0.034443 -0.645567 -0.775631 -1.24111 -0.435566 -0.254825 -0.403869 0.446222 -0.579238 0.331134 0.419645 1.93451 1.84018 -0.583928 0.0435165 -0.281991 0.0408112 
0.0666103 0.397413 -0.21033 0.354463 0.183751 0.0126269 0.696144 -0.580941 -1.50031 -0.064307 0.314412 -1.40917 -1.60726 -1.1031 -1.28236 -1.29463 -1.29966 -2.11215 -1.32105 -1.08885 -0.795763 -1.0724 -0.903657 0.163217 0.446399 0.307096 0.628972 -0.708399 0.333259 0.922255 1.34394 1.05269 0.766804 1.42789 0.939122 1.38382 0.293029 0.781652 1.64099 1.36956 1.73027 0.522483 0.721609 -0.241003 -0.20513 
0.724565 1.64172 0.926786 1.42852 1.08095 1.45143 0.423924 0.467684 -0.0699986 -0.629655 -0.0720319 -0.339078 0.752557 0.629356 0.266675 0.172492 0.333635 0.164174 0.195996 0.142357 -1.22356 -0.858105 0.954569 1.15918 1.02064 0.691088 0.179322 0.0218209 -0.635546 -0.954954 -1.67025 -0.738688 -1.29295 -1.37118 -1.97106 -2.07648 -1.37564 -0.700632 -1.93508 -0.732839 0.969713 0.209205 0.864419 0.806367 0.968599 
0.682102 0.682102 0.783741 -0.700793 -1.10409 -0.0686918 0.776479 3.30101 2.92819 -0.643283 -1.2848 -0.437944 -0.067554 -0.0780078 0.183167 0.0756978 -0.274221 -0.00516632 1.06465 1.56805 1.45643 1.391 0.908253 0.395357 0.211874 -0.035875 -0.46267 -1.03454 -1.17395 -0.652579 -0.66307 -0.373515 0.219179 -0.378726 -0.928343 -0.974693 -0.47566 -0.246136 -0.757113 -0.897096 -1.202 -0.426275 -0.167998 -0.556248 -0.556248 
1.26687 1.26687 0.729711 -0.386861 0.138736 0.76689 0.643892 0.800141 1.443 2.22237 2.19642 0.771561 0.0968655 0.148309 -0.318913 -0.12578 -0.0552787 -0.127548 0.135118 0.205189 -0.791894 -1.63111 -1.41572 -1.42354 -1.62018 -1.55964 -1.17222 -0.685131 -0.462716 -0.41026 -0.422978 -0.186569 -0.0769583 0.304361 0.200075 -0.577411 0.120131 0.600738 -1.00552 -2.23394 0.0178458 1.98105 0.399581 0.117219 0.117219 
-0.511175 -0.511175 1.63171 1.67161 -0.0024567 -1.13868 0.151152 1.21872 -0.304998 -1.39397 -0.294316 0.738099 0.423176 0.187055 0.540187 0.41084 0.360558 -0.244194 -2.18069 -2.82077 -1.195 0.0430575 0.19476 0.81176 1.3788 1.15792 1.37344 1.65295 1.26502 0.415222 0.276842 0.185597 -0.106164 0.102478 -0.417916 -0.449717 0.112226 0.0441826 -0.395898 -1.39499 -0.901846 0.848642 -0.625375 -1.15333 -1.15333 
-0.827341 -0.827341 -0.443317 0.52739 0.162584 -1.04134 0.857273 2.84107 0.759653 -1.94339 -2.17826 -0.637358 0.0832886 0.300377 -0.208161 -0.491766 0.292812 0.562544 0.29792 1.27929 2.47431 1.78744 0.884635 0.56859 0.606284 1.11456 0.653073 0.227824 0.345219 -0.275445 -0.00679801 0.14791 -0.202294 -0.141215 -0.183701 -0.885121 -0.600903 0.147688 -0.753293 -1.49078 -1.43042 -0.486407 -0.639206 -0.613937 -0.613937 
-0.8991 -0.8991 -0.6862 1.30108 0.413522 -1.52492 1.78386 2.48369 0.805847 1.42563 0.53429 -0.229106 0.603341 0.52799 -0.903451 -0.838199 -0.211437 -0.25033 1.77311 2.57262 0.888882 -0.137033 -0.125817 0.0138535 -1.09536 -1.56747 -1.62813 -1.24961 -0.290041 -0.127771 0.14303 -0.389698 -0.642997 0.0335258 0.26444 -0.754383 0.112564 0.635537 0.38326 -0.0554214 -0.378243 0.69124 -0.727367 -0.890065 -0.890065 
-1.72204 -1.72204 -1.0247 0.342778 1.38045 0.89688 -0.607731 -0.456624 -1.06914 -0.170207 2.43596 2.79206 0.696616 -1.05529 -0.933537 -0.291025 0.196449 0.465156 -0.144847 -1.68962 -1.97631 -0.792811 -1.00012 -1.08649 0.500904 0.879866 0.569622 0.325768 -0.208858 0.368554 0.829642 0.410158 0.226366 0.475036 0.892754 1.18543 0.660416 -0.451998 -0.714002 0.0602674 0.175658 0.0159455 0.39232 -0.028829 -0.028829 
0.267469 0.267469 -0.980378 -1.23261 0.122408 0.882433 1.33145 -0.354435 -1.01909 0.212682 0.588427 0.352734 0.464174 0.895553 0.764692 0.457669 -1.12795 -1.87583 -0.923245 -1.92621 -1.90989 -1.28298 -0.856121 0.405699 0.639224 1.5359 1.84251 0.855839 -0.0965018 -0.127033 -0.408738 -0.102662 0.36121 -0.482905 0.481459 0.616655 -0.135086 -0.579683 0.410046 1.9368 0.412306 -1.61343 -1.3958 1.16289 1.16289 
-0.559345 -0.559345 0.175269 0.452744 -0.355027 -1.27805 0.54183 1.75539 0.927292 -0.725584 -1.3746 -0.358507 -0.254848 -0.396215 0.278528 0.780846 1.34467 0.641856 -1.12211 -0.587158 -0.912202 -1.68985 0.156885 1.75947 1.3396 0.781388 0.96691 -0.607123 -0.710793 -0.370031 -0.769373 0.213975 0.593816 -0.232446 -0.12363 2.15199 1.27135 -0.328333 -1.34263 -1.63631 1.13813 1.72265 -1.18079 -0.760132 -0.760132 
-0.687362 -0.687362 1.31488 0.77596 1.12008 0.198456 -1.83233 -1.87925 -1.08773 0.0831095 0.873295 0.581279 -0.355078 -1.50375 -0.166719 1.16234 1.29238 0.983144 -1.01671 -0.946137 0.408469 2.04834 2.93615 0.171419 -1.22739 -0.495817 0.539289 0.795033 -0.674005 -0.561954 0.311544 -0.0145452 -0.748087 0.301429 -0.619206 0.37021 1.05605 -0.687341 -0.657632 -0.434333 0.735777 0.13635 -1.00665 -0.452803 -0.452803 
0.00867916 0.00867916 1.24524 1.60584 -0.289367 -1.34526 -0.299466 -0.884416 -1.64488 -0.150258 1.0366 0.620985 0.276223 0.236454 -0.519471 -0.160048 0.645378 -0.0475038 -1.07477 -0.790651 -1.35625 -2.35746 -1.68961 -0.819118 -0.19975 0.134969 0.599391 1.7584 0.725848 -1.27283 -1.48178 -0.526062 0.333066 1.30926 0.59016 0.467608 0.623138 0.180654 1.37943 1.10731 0.129835 -0.922467 -0.159387 1.48382 1.48382 
0.502969 0.502969 -0.0368392 1.08129 -0.367609 -0.285744 -0.227262 0.409811 1.53673 0.243432 0.677605 0.804553 -1.44984 -0.370994 0.136227 -1.11959 -0.505275 -0.013523 -1.15521 0.707554 3.26655 0.252668 -1.79381 -0.000716654 1.15204 0.0702741 -0.886906 -1.08753 -1.22474 -0.787411 -0.597816 0.229066 0.800192 -0.043465 0.548098 -0.226467 -0.173192 0.811322 1.34556 1.18397 -2.29724 -1.65935 0.195369 -0.0738694 -0.0738694 
-0.26643 -0.26643 0.00466135 0.510991 -0.341616 0.648063 -0.633264 -2.49031 0.652976 2.1569 -1.50369 -2.17195 0.40902 0.430842 -0.167473 0.0343687 -0.892731 0.0296447 1.23998 0.663003 0.0734817 -0.0705799 1.48597 1.61855 0.221115 0.265945 -1.12209 -0.28818 1.94364 1.22536 0.205542 -0.614222 0.489114 0.254064 0.00336716 -0.694117 -0.643229 1.61612 0.735546 0.157868 -0.926965 -1.11418 -0.830125 -1.01926 -1.01926 
0.234207 0.234207 -0.232319 0.18024 0.0328378 -0.730739 -1.09764 -0.547571 -1.22521 0.00482681 0.333431 0.933133 1.09467 -0.53854 -0.505953 0.0823069 -0.00223028 -0.14746 -0.0173914 -1.58707 -1.11642 2.45317 2.27255 0.0813061 -0.518567 -0.937697 -0.744485 -0.907996 -1.08982 -1.15488 0.249979 0.430829 -0.703184 -0.754416 -0.784956 0.675772 1.55221 -0.621149 -0.029059 3.26923 1.06504 -0.111136 0.67773 0.124107 0.124107 
0.124996 0.124996 -1.0131 -1.40019 0.531666 1.48878 2.6304 1.69665 -2.97675 -3.18274 0.204496 0.980257 0.323016 0.239288 0.164912 -0.303572 -0.0149165 1.0735 1.25315 0.347428 -0.0886485 -0.373172 -0.716219 -0.48679 -0.28352 -0.470051 -0.718533 -0.498214 0.339901 0.438734 0.261016 0.723437 0.0430821 -0.832651 -0.409811 0.394118 0.605612 -0.168695 -0.451971 -0.293989 0.408024 0.839777 -0.052565 -0.250568 -0.250568 
-0.413046 -0.413046 -1.39881 -0.460554 1.07978 0.507166 0.0905439 0.766681 1.31681 0.726351 -1.21966 -1.79241 -0.489051 -0.305882 -0.180792 0.293938 0.0596269 0.229281 0.354946 -0.757227 -1.55999 -0.489561 0.244441 -0.119319 -0.0589735 0.456677 0.833254 0.687571 0.303859 0.0962705 0.258674 0.366672 0.494607 0.305768 -0.717286 -0.00939112 1.10132 -0.932597 -2.44142 0.964671 3.7824 0.398204 -1.5843 -0.188096 -0.188096 
1.53204 1.53204 1.56067 -1.17762 -2.02138 0.104928 1.68593 -0.332513 -1.87961 0.00239202 1.52428 0.509459 -0.400591 0.0786736 0.155273 -0.134137 -0.475193 -1.82837 -1.85371 0.701865 2.04925 0.991747 0.546198 0.844158 0.243066 -0.0091146 0.349863 -0.0830536 -0.893219 -0.714188 -0.170005 -0.28004 -0.0649002 -0.228923 -0.401416 0.375054 0.349053 -0.3698 -1.03774 -0.368239 1.60432 0.19307 -1.44149 -0.384025 -0.384025 
0.27123 0.27123 0.991682 0.435905 -1.17809 0.501804 2.8677 -0.0862429 -3.56478 -2.19429 0.955541 1.66472 0.682191 -0.230102 -0.601713 0.358029 0.768711 -0.00999923 0.518176 1.60151 0.363356 -1.19364 -0.918415 -0.22038 0.391424 0.0209363 -0.671918 -0.242277 -0.387313 -0.275055 0.300421 -0.158886 -0.228376 9.84729e-006 -0.565912 -0.323435 0.752753 -0.126893 -1.22985 -0.516348 0.731646 0.573443 -0.108441 0.00496455 0.00496455 
0.157481 0.157481 1.63801 0.818166 -2.1065 1.01977 2.9853 -0.729749 -0.789392 -0.203441 -1.23391 0.0503126 0.562908 -1.12369 -1.01894 0.514422 0.436834 1.47736 2.10198 -0.659882 -2.01983 -0.757084 0.11128 -0.72344 -1.17922 -0.398045 0.235671 0.995747 0.834646 0.321508 -0.196266 -0.586722 0.314172 0.674912 -0.588124 -0.114278 1.03436 0.200539 -0.515897 -0.568452 0.555134 -0.261229 -1.17921 -0.122341 -0.122341 
0.439134 0.439134 1.41407 1.65671 0.337016 -1.47548 -1.023 -0.386985 0.146172 2.44091 2.0539 -1.29808 -2.80097 -1.22023 0.486852 0.747589 0.481087 -0.301353 -1.59426 -1.36375 0.581345 0.637939 -0.267405 1.01212 1.34387 -0.00903523 -0.453068 -0.61304 -0.027524 0.682364 -0.0283659 -0.488128 -0.0117728 0.417069 0.448441 -0.223671 -1.22542 -1.03791 0.307189 0.57625 -0.0896264 0.0964401 -0.0899491 -0.358283 -0.358283 
-0.897935 -0.897935 -1.06994 0.70501 1.39529 0.777469 -0.890448 -1.64988 0.339727 1.0492 0.048502 -0.131733 0.323157 0.157927 -0.345605 -1.33763 -1.63826 0.0925894 -0.081362 -0.719818 0.391633 0.671586 1.10454 0.972704 0.723703 0.773542 -0.510747 -1.36925 -0.717244 -0.259922 -0.0303832 0.478041 -0.306298 0.0349979 0.70281 -0.467438 -0.86281 0.324734 1.66904 -0.0454611 -2.46798 -1.27999 1.84623 1.69782 1.69782 
0.444119 0.444119 0.615784 -0.338438 -1.08114 0.544494 1.86632 0.228111 -1.54525 -1.43447 0.216736 0.682391 -0.0336905 0.31962 0.717846 0.649226 -0.0963504 -1.53648 -0.770712 0.119504 -0.692564 0.651046 2.12362 0.721344 -0.615467 -0.240933 -0.869388 -1.0483 0.136319 -0.0466038 0.350943 0.832998 -0.286548 -0.454222 1.46481 0.852664 -1.54485 -1.62755 -0.819563 1.5244 2.06771 -1.445 -1.54637 0.249886 0.249886 
1.17875 1.17875 0.850458 -0.159617 -0.39275 -1.83947 -1.30662 0.412633 1.15445 1.15364 0.262517 -0.789239 -1.31109 0.0737901 1.58315 0.847888 -0.15011 -1.44758 -1.21621 0.827223 1.78319 1.49883 -1.18431 -2.57725 -0.447412 1.03525 0.745393 -0.780054 -0.867587 0.559414 0.292512 -0.686447 0.151529 0.0375575 0.000946427 0.979565 -0.68518 -1.08488 0.113172 0.807869 0.30669 -1.10238 -0.399846 0.296433 0.296433 
0.798256 0.798256 1.05828 -1.20002 -2.22144 -0.100705 0.238887 -1.06359 0.435974 1.84017 0.462715 -0.641724 -0.370705 -0.667192 -0.379338 0.746542 -0.0122676 -1.33381 -0.629301 -0.29639 -1.22324 -0.333807 1.01586 0.980903 0.594563 0.482832 1.07722 -0.00223549 -2.27922 -1.68533 0.445065 1.21525 1.23001 0.0919662 -0.700331 -0.0696421 -0.300344 0.451932 0.574786 -0.994494 -1.55708 -0.301979 1.64174 1.09148 1.09148 
-0.304673 -0.304673 0.381885 -0.176319 -0.81261 0.112958 0.453868 1.10991 -0.0753795 -0.500739 0.371323 -1.27952 -0.695032 1.00066 -0.432871 -0.367116 0.70593 -0.372292 0.469539 2.74184 -0.252529 -3.0804 -0.128803 1.8356 0.0703713 -1.22518 -0.684138 -0.180654 0.211061 0.411725 0.650922 0.885191 -0.140559 -0.128011 -0.0855863 -0.416107 0.664008 0.959332 0.255598 -2.20998 -1.71908 1.5573 1.0003 -0.138538 -0.138538 
0.182988 0.182988 0.489044 -0.190187 0.101979 -0.157166 -1.8779 0.796605 2.82818 -1.28449 -2.59749 1.17528 1.59241 -0.329343 -0.220528 -0.419266 0.0162685 1.30826 0.401964 -0.685976 -0.424298 0.872917 1.04014 -0.74543 -0.798472 -0.792792 -0.315822 1.87224 0.933996 -1.03149 -1.09283 0.190532 0.543969 -0.27449 -0.554014 -0.371718 1.41557 0.852539 -0.86233 -0.985798 -0.749779 0.0776599 0.0764971 -0.0952035 -0.0952035 
-0.284292 -0.284292 -0.0170999 0.189579 -0.572141 -0.7143 0.136479 -0.0647691 0.37561 1.0273 0.619065 0.510867 -0.935272 -1.01879 0.419941 0.344085 -0.130957 0.00803222 -0.914504 -0.69393 2.6345 2.2127 -1.51828 -1.7898 -0.642102 -0.128463 0.037087 -0.205803 -0.142042 0.885566 1.04483 -0.599461 -0.749768 -0.035108 0.944107 1.53151 -0.822095 -1.00625 2.53744 0.726438 -2.17143 -0.232986 0.170206 -0.340701 -0.340701 
