72
-0.922254 -1.02752 -0.85328 -0.995461 -0.854491 -1.00356 -0.976594 -1.33865 -1.26206 -1.20296 -1.39233 -1.08284 -0.666255 0.7879 0.973742 1.22289 1.40905 1.44432 1.4963 1.52613 1.49438 1.18554 0.7228 0.558617 0.514435 0.373911 0.274594 0.0726038 -0.0304082 -0.194894 -0.221229 -0.285002 -0.377617 -0.300202 -0.221983 -0.220406 -0.0142256 0.210935 0.686956 1.14746 1.33768 1.46124 1.61372 1.82881 1.92595 1.58932 0.953527 0.500554 0.608458 0.430344 0.418454 0.322858 0.316035 0.187987 0.345767 0.123515 0.120411 0.043194 -0.314064 -0.38335 -0.491831 -0.606769 -0.778284 -1.0285 -1.01319 -1.12355 -1.2013 -1.34432 -1.35858 -1.43055 -1.66549 -2.04638 
-1.95163 -1.92943 -1.84974 -1.89247 -1.94214 -1.89897 -1.7994 -1.91924 -1.87131 -1.72678 -2.00571 -1.69439 -0.683603 -0.28048 -0.12597 -0.0590402 0.110385 0.36501 0.502171 0.625186 0.69792 0.751447 0.444863 0.505724 0.701878 0.883602 1.01861 1.09803 1.1954 1.37539 1.33368 1.26479 1.29448 1.28305 1.21958 1.25935 1.21199 1.20622 1.18365 1.11052 1.06063 0.914381 0.705545 0.546861 0.3494 0.204183 0.136515 0.182321 0.157792 0.0777304 -0.0453673 -0.110316 -0.217581 -0.220578 -0.194041 -0.294587 -0.192018 -0.318001 -0.334268 -0.165193 -0.214881 -0.235361 -0.0764368 -0.0308054 -0.043933 0.0207938 0.0405555 -0.0527642 -0.098985 -0.11112 -0.179868 -0.273229 
1.03322 1.0402 1.14475 1.77327 1.72779 1.55771 1.68528 1.61177 1.61696 1.8496 1.36584 1.73638 2.25812 1.2406 0.691742 0.468212 -0.0366201 -0.509621 -0.693401 -1.01649 -1.22387 -1.45178 -1.45693 -1.39931 -0.914939 -0.719042 -0.811251 -0.603004 -0.590847 -0.569139 -0.205747 0.148829 0.182521 0.197718 0.275973 0.379089 0.429433 0.198355 -0.262175 -0.867535 -1.38354 -1.79323 -2.03574 -2.03933 -1.79124 -1.47039 -0.764417 -0.192622 -0.274988 -0.0163426 -0.0564132 -0.143777 -0.136706 -0.0304909 -0.323756 -0.461028 -0.309914 -0.175333 -0.569128 -0.04787 -0.17312 -0.0489931 0.192408 0.326308 0.158749 0.341971 0.355632 0.411267 0.467179 0.0781813 0.182754 0.442234 
-0.944027 -0.781298 -0.793957 -0.795577 -0.717994 -0.953694 -1.06441 -1.02972 -0.967525 -0.813055 -1.22333 -0.893377 -0.820841 -0.720461 -0.548206 -0.445907 -0.383042 -0.122733 -0.0511859 0.0173447 0.0422874 -0.0750575 -0.153195 -0.184483 -0.586295 -0.782319 -0.850983 -1.03137 -1.12106 -1.14193 -1.34847 -1.34822 -1.20633 -1.22253 -1.35631 -1.39101 -1.32784 -1.17377 -1.02837 -0.828758 -0.489199 -0.0410757 0.542773 1.04099 1.28875 1.31956 1.34949 1.35752 1.26644 1.3403 1.37424 1.41464 1.46603 1.43381 1.2331 1.22108 1.14283 1.26332 1.14315 1.28 1.28416 1.02923 0.858225 0.957017 0.880083 0.774868 0.689373 0.674309 1.04317 0.896921 0.645886 0.488009 
0.0541832 -0.3789 -0.871445 -1.40646 -0.866367 -1.15307 -1.19405 -0.792363 -0.928411 -0.195587 -0.331579 0.415777 0.382084 -0.0522996 -0.460024 -0.778728 -0.643497 -0.965379 -0.936393 -1.01795 -1.07256 -1.19801 -1.77405 -0.598136 -0.197362 -0.232787 0.127106 -0.103152 0.426064 0.220381 0.551026 0.185265 -0.0339167 -0.237526 0.340408 0.35058 0.507884 1.27892 2.39206 3.00951 2.96811 2.22538 2.38822 1.63986 1.03438 0.875848 0.983352 0.440466 0.76363 0.509463 0.574203 0.828456 0.498611 0.435308 0.466497 0.185852 -0.0917319 -0.278813 -0.878217 -0.558542 0.276438 -0.0796711 -0.86952 -1.03487 -1.11121 -0.799077 -0.64007 -0.273572 -0.545703 -0.989401 -0.624994 -0.139905 
1.28562 1.74958 1.20211 0.211943 0.739625 1.0278 1.40211 1.64767 1.80028 1.10108 1.4583 0.419992 2.06961 0.617746 0.345245 1.28346 1.04319 0.846238 0.492015 0.174462 -0.23236 -1.30567 -1.38583 -0.799429 0.732282 1.13003 0.943198 1.47515 1.44831 1.20187 0.426097 0.562331 -0.067686 -0.0216413 -0.244635 -0.212339 -0.326048 -0.821334 -1.23175 -1.42594 -1.25846 -0.660483 -1.32047 -1.76957 -1.48376 -0.803065 -0.949568 -1.34761 -0.995193 -1.34087 -1.06494 -0.923947 -0.64162 -0.759545 -1.09526 -0.951038 -0.361839 -0.947735 -1.13003 -0.523661 0.295486 -0.217788 -0.377783 -0.982013 0.132041 -0.275948 -0.0950119 -0.0691609 -0.322001 0.139694 0.286868 1.05159 
-1.07505 -0.985311 -1.50783 -1.43842 -1.64014 -0.984319 -1.13924 -1.03078 -1.68583 -1.25258 -1.26914 -1.94297 -0.380335 -1.022 -0.620733 -1.05819 -0.314575 -0.577738 -0.245937 -0.0687089 0.553034 1.06049 1.21826 1.80077 1.10422 0.688781 0.506449 0.324764 0.415618 0.282617 0.665286 0.264114 0.259359 0.385446 0.766317 1.38978 1.26736 1.49058 1.30912 0.604781 -0.709174 -1.9743 -2.67986 -1.88461 -1.02554 -0.0228705 0.029147 0.370519 0.3761 0.673365 0.729871 0.907686 0.85117 1.16276 1.03051 1.41917 1.10265 0.866863 1.2567 0.292421 0.180377 0.259624 -0.159752 0.309149 -0.302805 0.495036 0.307085 0.325922 -0.0873814 -0.0165709 -0.266539 0.0659615 
1.7109 1.66159 1.61192 1.68582 1.65099 1.20171 1.18359 1.1947 1.52136 1.64083 1.38185 2.0728 1.63859 1.69139 1.33985 1.12313 0.648537 0.835247 0.511568 0.418322 0.037952 0.22237 0.835653 0.250177 -1.03045 -1.22257 -0.682886 -0.0162269 -0.0102673 0.330036 0.58543 0.685712 0.655684 0.659265 0.316574 -0.158111 -0.0389896 -0.392412 -0.852702 -1.39799 -1.50526 -1.25434 -0.949264 -0.53141 -0.79944 -1.12152 -0.974002 -1.21949 -1.043 -0.991516 -0.800118 -0.901126 -0.96527 -0.818069 -0.57431 -0.781625 -0.298561 -0.228363 -0.837359 -0.727083 -0.89049 -0.619224 -0.328662 -0.476747 -0.500045 -0.471717 -0.534661 -0.874883 -0.936514 -1.01653 -0.840558 -0.689816 
-0.286169 -0.500989 -0.168591 0.00974803 -0.287925 -0.334575 -0.115694 0.171887 0.117819 -0.580938 -0.385033 0.0242686 -0.724738 -1.6296 -1.4825 -1.74694 -1.38046 -1.2368 -1.03494 -1.11025 -0.833618 -1.01793 -1.90203 -1.9514 -1.25889 -1.04478 -0.957054 -1.17307 -0.864468 -0.89455 -1.06211 -0.352614 -0.236573 -0.516951 -0.322352 -0.315927 -0.322783 -0.6102 -0.951321 -0.780947 -0.575375 -0.46372 0.301411 0.767068 0.772563 0.824135 1.09263 0.521758 0.696708 0.882421 0.942711 0.954445 1.29652 1.02402 1.24029 1.05061 1.6606 1.65751 1.67171 1.60406 1.24522 1.41396 1.39587 1.15086 1.19733 0.864873 0.852977 0.674476 0.839493 0.893418 0.942177 0.659275 
-0.317534 0.876335 1.70688 1.88409 0.700568 0.329846 0.688942 0.959252 1.43624 0.305219 1.24965 0.426618 -0.478135 -0.90888 -1.44882 -1.83324 -2.16181 -2.05815 -2.06339 -1.5743 -1.60885 -1.16593 -0.603211 -1.00564 -0.198944 0.0586052 -0.623785 -0.44828 -0.684826 -1.197 -0.809567 -1.09838 -0.856857 -0.449158 -0.418897 -0.321788 -0.670121 -1.17929 -0.879567 0.143306 1.01044 0.719692 0.305274 -0.832693 -0.750332 -0.174374 0.0622222 -0.118753 -0.487144 -0.421348 -0.202648 0.557719 0.209757 0.00689354 0.284186 0.836687 0.967701 1.18418 1.64661 1.22126 1.48167 0.653897 1.01139 1.31348 1.20488 0.925617 0.0918166 0.891696 0.623578 0.251612 1.34593 0.477915 
-0.0376112 1.17934 1.60581 1.06611 0.359674 0.519971 0.548925 0.735201 1.10515 1.32458 0.55101 0.852969 0.785995 1.46084 1.43411 1.43411 1.36019 1.29314 1.18053 1.02037 1.0124 1.20864 2.29826 2.03156 0.818746 0.358727 0.67162 0.888007 0.56143 0.577691 0.369086 -0.16792 -0.384786 -0.671799 -0.649027 -0.655483 -0.765984 -0.554555 -0.478125 -0.611055 -0.75581 -0.357051 -0.502445 -0.766621 -0.599336 -1.00654 -1.53331 -1.39714 -1.5512 -1.7041 -1.63298 -1.43679 -1.46668 -1.40635 -1.57457 -1.21831 -1.18634 -0.852445 -0.586165 -0.995091 -0.265857 -0.472318 -0.00729613 -0.506566 -0.0722282 -0.3934 0.0513154 -0.371874 -0.168601 0.0148635 -0.380063 -0.536529 
-0.845867 -1.28905 -0.195876 -0.765561 -0.935018 -1.14278 -0.981237 -0.4198 -0.787081 -0.712303 -0.945745 -0.710661 0.123757 0.757612 0.934758 0.795916 0.136229 -0.00968683 -0.0123114 0.299573 0.258802 0.197237 -0.105416 -0.470721 -0.622379 -0.294115 -0.498278 -1.39817 -1.87115 -1.91394 -2.04667 -1.87085 -1.97343 -1.11893 -1.41785 -1.82813 -1.43264 -0.0752602 0.77497 0.725597 0.524705 -0.0851993 -0.381826 -0.219339 -0.136261 0.0230343 0.337532 0.624257 1.12295 1.57988 0.658318 0.0935787 0.512048 1.14518 0.372167 0.737933 0.582575 1.16793 1.973 1.09325 1.54492 1.38444 0.49616 1.25242 0.703582 1.13105 1.41722 0.802788 0.402301 1.3423 1.2608 0.222791 
0.747517 -0.295481 -0.45927 0.954747 -0.905205 -1.73045 -1.09433 -1.25213 -1.07792 -0.70293 -1.02616 0.137256 -0.220674 -0.980683 -1.42903 -1.47899 -1.2217 -1.56529 -1.83949 -2.49544 -2.80458 -1.38502 -0.189859 0.0778621 0.415891 0.0561358 -0.282766 -0.09581 0.0451338 0.411672 0.194272 0.499579 0.89326 0.124308 0.418358 1.06398 1.58595 1.48224 0.973469 -0.437825 -0.562928 0.199863 0.352801 0.284599 -0.691211 -0.878004 -0.348038 0.507577 0.700637 0.0228068 0.356949 -0.00760399 -0.615618 0.469483 0.219884 -0.241324 0.167303 0.439213 1.07783 0.634335 1.23487 1.60688 1.02285 1.53124 1.56394 1.37839 1.67098 0.687651 0.372087 0.585103 -0.155165 1.30203 
0.215749 0.215749 0.136933 0.0658862 0.0511733 -0.192242 -0.647014 -0.54105 0.35821 -0.209689 0.324952 1.6188 4.0629 3.57022 0.99727 0.997953 0.54128 0.254756 0.243139 0.0643917 -0.658742 -1.57902 -1.27015 -0.37643 -0.325914 -0.443638 -0.574881 -0.582771 -0.502691 -0.33897 -0.123925 -0.265449 0.0360167 0.400787 0.238856 0.512079 0.989479 1.56565 2.06816 1.4579 0.738464 0.657884 0.853305 0.735148 -0.442897 -2.00786 -2.25626 -0.668323 -0.0814398 -0.337224 -0.161031 -0.150213 -0.219505 0.131957 -0.0691884 -0.412708 -0.103029 -0.859223 -0.842288 -0.311097 -0.408574 -0.543165 -0.832018 -0.43311 -0.134472 -0.333174 -0.40291 -0.267354 -0.11565 -0.586844 -1.24646 -1.24646 
0.186855 0.186855 -0.033253 -0.471841 -0.180615 0.325353 -0.227332 -0.402367 0.493961 -0.614277 -0.0487767 4.32387 4.6351 1.732 0.592182 0.642753 1.27911 1.16972 0.723514 0.505079 0.269489 -1.01654 -0.991675 0.712795 1.12257 0.915247 0.568407 0.440826 0.781783 0.310227 -0.53355 -0.29147 -0.0967043 -0.412533 -0.238935 -0.184332 -0.338701 -0.254657 -0.483024 -0.575672 -0.823584 -1.36244 -1.40461 -1.36605 -1.32039 -0.88034 -0.232702 -0.0864472 -0.513184 -0.847369 -0.796131 -0.742453 -0.532412 -0.0787722 -0.409501 -0.151724 -0.237964 -0.640862 0.359496 0.246183 -0.396479 0.310797 0.534938 -0.0483821 0.0163584 0.127866 -0.407972 -0.631678 -0.356429 -0.432805 -0.708193 -0.708193 
0.24438 0.24438 1.45912 1.16591 -0.394882 -0.0566848 0.13205 -0.107102 0.49124 -0.464392 -0.194875 1.77029 -0.942541 -3.03493 -1.48316 -1.3971 -1.88467 -1.2572 -0.964219 -1.01034 -0.824314 -0.429094 0.128948 1.08568 1.35592 0.229055 0.253193 0.457164 0.0925922 0.779047 1.42961 0.785239 0.121955 0.20905 0.380879 0.32633 -0.32682 -1.32527 -2.05677 -2.16518 -1.78277 -1.24825 -0.454566 0.504244 1.13835 2.03324 2.52367 0.982948 0.370928 0.453589 -0.22265 -0.130517 0.247814 -0.339163 -0.815035 0.0534605 0.58477 -0.480201 0.275521 0.800365 0.0242126 0.740796 0.759895 -0.0393771 0.0570208 0.411196 0.161839 0.244415 -0.624576 -0.529474 0.737912 0.737912 
0.361571 0.361571 -0.159904 0.126431 -0.616291 -1.21376 -0.35581 0.192817 0.572861 -0.926261 -0.369452 1.16249 0.434056 0.750461 0.756551 0.409462 0.910818 0.938365 0.329863 0.18199 -0.407782 -0.734849 -0.461798 -1.4888 -2.01149 -0.954434 -0.904825 -0.971544 -0.4654 -0.836146 -0.769144 0.33641 0.284229 -0.590485 -0.649176 -0.0242526 0.57469 0.835598 0.980111 1.59617 2.38468 3.1598 3.31875 2.25235 0.769283 0.0781182 0.00585698 -0.378094 -0.169244 0.227445 0.121275 0.176644 -0.0537726 -0.853666 -0.789568 -0.401006 0.0194437 -0.113591 -0.0616792 0.332824 -0.910276 -1.46607 -0.343721 -0.0452414 -0.692544 -0.719708 -0.433664 1.00799 0.591741 -1.37516 -1.41205 -1.41205 
-1.3925 -1.3925 -1.54704 0.018572 0.395042 -0.485934 0.557755 0.413611 0.915658 0.915744 0.937776 1.09287 -0.69879 -1.26587 -1.09048 -0.267297 -0.272115 -0.433194 -0.0688256 -0.195575 -0.262128 -1.05268 0.920356 2.40133 0.564787 0.502806 0.207415 0.46413 0.501389 0.20033 -0.0423685 -0.875974 -0.630131 0.578396 0.902514 0.264786 1.41835 2.86751 2.63465 0.88424 -1.17797 -0.868309 -0.876845 -2.04173 -1.14746 -0.0664847 -0.64922 -0.322255 0.11548 -0.276322 0.494505 -0.103735 -0.585189 -0.0378165 -0.367335 -0.835472 -0.693617 -1.18154 -0.413232 1.76147 0.7369 -1.72654 -1.43733 -0.355565 0.368366 0.725184 0.807603 0.153944 -1.07441 -0.109343 1.29881 1.29881 
-0.0970398 -0.0970398 -2.07196 -0.611743 1.12443 0.916131 0.858253 0.557161 -0.725969 -0.448079 -0.908635 0.846625 0.28496 -2.32557 0.920515 0.964299 -0.577429 -0.732204 -0.895992 -0.967429 -1.99387 -1.5502 0.703936 2.89309 2.63687 0.302836 0.485115 0.702391 -0.354779 -1.37193 -0.852212 -0.654251 -0.776741 -0.223943 -0.242617 -0.0941903 -0.810725 -1.21369 -0.804764 -0.0198962 1.05598 -0.0678428 -1.48992 -0.205395 1.32903 0.741894 -0.723199 -0.0455849 0.0255391 -0.0783527 0.582624 0.591316 0.239661 -0.599727 -0.243696 1.01247 0.0208666 -1.02694 0.592335 1.95244 0.431801 -0.89802 -1.02155 0.708797 0.975322 -0.291992 0.297227 -0.291905 0.300036 0.843315 1.25488 1.25488 
-0.62949 -0.62949 -0.657694 -0.212648 0.600898 0.665825 -0.0935406 -0.787382 -0.336793 0.548996 -0.986868 1.20396 1.24858 -0.362593 -0.0792954 0.39565 0.637453 0.066136 0.677095 1.07933 1.53747 0.893785 0.997906 -0.187287 -1.57176 -0.858383 -0.53409 -0.155096 -0.0875561 0.317281 -0.054756 -0.592233 0.13924 0.674222 1.36424 0.666015 0.110757 0.0288428 -1.25796 -2.82908 -3.60707 -2.76304 0.0953355 2.26597 2.55373 1.43409 0.516668 0.452246 0.391055 0.461704 0.295989 0.139193 0.324786 0.219713 0.326632 0.0709987 -0.795309 0.184625 -0.826015 -1.52228 -0.0745855 -0.500951 0.0396212 -0.227545 0.228796 0.817022 -0.263699 -0.576333 -0.504229 -0.277633 0.0854121 0.0854121 
-0.0680672 -0.0680672 0.178257 0.207922 -0.838069 -0.804668 0.115809 0.80515 1.02179 -0.149121 0.993486 0.643138 -0.632751 -0.467457 -1.00634 -1.25236 -0.445755 -0.144026 -0.703757 -0.817102 -0.261956 1.72471 0.185419 -3.60117 -2.81472 0.824726 2.54173 1.47462 0.822125 1.32083 0.840944 0.270285 0.0769449 -0.548177 -1.5044 -0.581074 -0.338625 -1.49707 -1.88068 -1.17487 0.417033 1.24145 1.57521 0.429373 -1.05001 -0.219188 -0.0660503 -0.00813244 0.585614 0.615434 0.310544 -0.200374 0.295883 0.911489 0.202688 0.681142 1.23599 -0.947425 -0.867292 0.0235951 0.345469 1.25312 0.414686 -0.212833 0.139878 0.0606133 -0.676248 -0.673622 -0.153371 0.321672 0.783031 0.783031 
0.183839 0.183839 1.02407 -0.322472 -0.8033 0.300641 1.01493 0.431606 -1.67632 -1.1421 1.22596 -0.793431 -3.60196 -1.68687 -0.318202 0.150629 1.02277 0.670979 0.203032 0.362816 0.129843 -2.35077 -2.06236 1.30702 1.87011 0.577627 -0.341613 0.130428 0.527796 -0.489831 1.09075 1.69684 -0.418648 -0.25076 0.362173 -0.06836 -0.696337 -1.4107 -0.432348 0.736004 0.610514 1.80636 2.56291 0.939469 0.0545197 0.616579 -0.713656 -0.913569 0.703343 0.4583 0.0864839 0.688702 0.0812467 -0.187622 -0.0106095 0.830814 1.22958 -0.0436883 -0.181657 -0.978911 -0.473708 0.254523 -0.629734 -0.491753 -0.678619 -0.803353 -0.47434 -0.0962573 0.400466 0.15201 -0.567833 -0.567833 
2.49126 2.49126 1.20922 -1.33056 -2.02151 -0.0762354 0.732121 0.880788 -0.886328 -0.296866 0.0915114 -2.24036 -1.74567 -1.28564 -1.22722 -0.960669 -0.345197 0.0625299 0.548575 0.51162 0.453395 1.20656 0.140549 0.448215 1.28047 -0.59731 -0.70077 -0.13855 -1.00573 -0.218877 0.0627828 -0.12121 0.757111 0.490702 0.0990411 -0.378375 -1.14291 -0.325693 1.60625 2.32178 0.665262 -0.950813 -2.01917 -1.39272 0.768581 0.963075 0.00856361 -0.754341 -0.443156 0.297181 1.17305 0.458477 -0.756181 0.0322818 0.984814 0.800353 0.376623 0.794549 -0.0148229 -0.269579 -0.77703 -0.654601 0.770178 0.182417 -0.550682 -1.46518 -0.104352 0.608989 -0.868738 0.849322 0.223799 0.223799 
2.93721 2.93721 -0.176936 -2.18533 -0.944395 0.359291 0.405346 1.00985 1.06863 -0.958571 -0.812266 0.440368 1.1014 1.17275 -0.0235924 -0.107252 -0.226115 -0.294706 -0.459766 -0.274253 0.357548 2.30333 1.48266 -2.59905 -2.94177 -0.23703 0.962087 -0.171549 -0.526328 -0.317191 -1.29801 -1.31265 -0.869473 -0.444648 0.0527169 -0.183547 0.202715 0.534101 -0.0763699 -0.468481 0.474083 0.472951 -0.702283 -0.147975 -0.401537 -1.63194 -0.668652 -0.00792085 -0.520381 -0.121183 0.497681 0.318608 0.0777539 -0.167473 0.357145 0.712025 0.672387 1.08777 -0.229088 0.591625 0.950551 0.482163 -0.0369223 -0.0913181 0.22441 0.242807 0.0619521 -0.36607 0.709391 -0.351082 -0.953702 -0.953702 
0.824567 0.824567 0.652516 -1.06479 -0.572546 -0.122348 0.923845 0.204587 -0.457317 -0.275285 -0.0572527 1.39514 1.93751 1.04356 -0.00738821 -1.14556 -1.15519 -0.261515 0.361138 0.309256 -0.198672 -0.554858 -0.967976 -0.762606 0.180717 0.109304 -1.56112 -1.92673 -0.76098 -0.298214 -0.000875045 0.0401408 0.963197 0.696147 -1.02407 -0.0795989 2.32459 2.94309 1.02976 -0.399871 -1.16225 -1.29246 -0.241928 0.274508 0.270166 0.584921 0.758238 1.00876 1.24026 -0.691425 -2.081 -0.258428 1.37079 -0.249737 -0.613378 0.22669 0.525354 1.83163 -0.161063 -0.641722 0.336568 -1.4859 -0.239042 0.22263 -0.224565 0.911139 -0.505954 -1.43988 0.674311 1.10816 -1.58214 -1.58214 
-1.36324 -1.36324 1.40578 -0.505769 -3.02938 -0.216347 0.535855 0.0152851 0.615727 0.0551182 0.943666 0.904563 -1.26311 -1.36501 -0.564789 0.23045 -0.100474 -0.699443 -1.05146 -1.09085 1.24821 2.94354 1.64544 0.679461 -0.0276935 -0.790582 -0.174449 0.366329 0.568715 0.164868 0.0958612 0.784538 -0.426132 -0.538415 1.05578 1.31264 0.468162 -0.693459 -2.16709 -1.7347 0.715455 1.0288 0.0922872 -1.17979 -1.31344 0.383542 1.55832 1.17863 -0.549535 -0.390538 -0.0374808 -1.09927 0.53446 0.938387 -0.804275 -0.0624662 0.763745 1.02294 0.21669 0.173775 1.09283 -0.242156 -0.0884469 0.606594 -0.175471 0.117419 -0.781656 -1.46704 -0.118778 -0.597412 0.80476 0.80476 
-0.0270155 -0.0270155 -0.0957044 -0.033729 -0.200377 -0.625832 -0.288047 1.02105 0.369548 0.0170305 1.81699 3.66308 1.93584 -2.91471 -2.43771 -0.391672 -0.669348 -0.239062 -0.134862 -0.822765 -1.53969 -0.541929 1.21187 0.96208 -0.0157935 -0.19152 -0.0853312 0.118979 0.284895 0.41538 0.120265 0.203818 0.69331 0.245292 0.156783 0.774896 1.06779 1.09206 -0.0549813 -1.23638 -0.724284 0.160214 0.123885 -1.204 -2.60279 -1.704 1.34426 2.15183 0.369294 -0.0277656 0.229989 -0.00734838 0.32199 0.194512 -0.477404 0.0164666 -0.382512 -0.66554 0.57912 0.468505 -0.175182 -0.360207 0.155587 0.723581 0.145804 -0.210345 0.11282 0.326912 -0.259702 -1.0441 -0.588539 -0.588539 
-0.160277 -0.160277 -0.533467 -0.0983781 0.705334 -0.0127396 -0.592197 0.640751 -0.1533 -0.434798 4.22882 4.01247 -2.17838 -3.41306 -0.899819 0.611508 0.4754 -0.445737 -0.538524 -0.359313 -1.26772 -1.0461 1.49848 1.82599 0.199275 -0.444516 -0.376669 0.20857 -0.0841144 -1.09219 -0.484966 0.398718 -0.076 -0.0940115 0.221184 -0.0578784 -0.0328279 -0.095792 -0.246137 -0.262768 -0.642444 -0.467378 0.0239431 0.098672 0.440295 0.952513 0.702525 -0.211648 -0.620448 -0.213746 0.116283 0.251407 0.591729 0.131595 -0.0350634 0.172969 -0.389191 0.535383 0.781787 -0.616239 0.0819906 0.819543 -0.278611 -0.414243 0.176978 -0.334047 -0.619276 0.0708676 0.196229 -0.272301 -0.207314 -0.207314 
1.01743 1.01743 0.761707 -1.65902 -1.10833 0.417549 -0.0859958 0.27125 -0.353641 -0.640432 1.90699 -0.694115 -4.23298 -0.513531 1.38643 -0.392211 0.0799923 0.760763 0.173286 0.0799971 0.464918 0.789381 1.27911 1.0281 -0.789145 -1.00379 0.156926 -0.182095 0.238712 1.12408 -0.0366237 -1.18251 -0.544557 0.183801 0.0602636 -0.659257 -1.4825 -1.55083 -0.77457 0.196951 0.757697 1.11639 1.48645 1.34726 1.29152 1.16621 -0.958053 -1.91958 -0.503714 -0.559724 -0.551463 0.3683 -0.223998 -0.969007 0.30041 1.17884 -0.507466 -0.311741 1.07485 -0.261207 -0.0939785 0.599615 -0.722466 -0.655048 0.350952 0.0493955 -0.187485 -0.72791 -0.716986 1.1463 1.06335 1.06335 
-0.468467 -0.468467 -0.179657 -0.402817 -1.29426 0.320249 1.47625 0.994215 -1.07124 -0.892944 2.16432 0.86797 -0.358074 0.382797 -0.286432 0.213116 0.590991 -0.528462 -0.705398 -0.686507 -0.86725 0.00303317 -0.702954 -1.50558 0.596502 1.17375 0.0402569 0.500739 0.194084 -0.248855 1.24021 1.11999 -0.877393 -0.883959 0.628642 1.29196 0.924799 0.466442 0.824666 1.47422 1.63466 0.999664 -0.857773 -2.51399 -2.13552 -0.712511 -0.40264 -0.119099 0.668289 0.350546 0.00627503 -0.119045 -0.981702 -0.684641 0.514089 0.873521 0.347415 -0.0243089 0.507789 -0.798418 -1.75693 0.628968 1.49062 -0.294323 -0.622782 0.318634 1.80015 1.09178 -2.34623 -1.9636 0.0203052 0.0203052 
-0.184456 -0.184456 0.986073 1.38309 -0.446104 0.0527419 0.603633 0.198675 0.306509 -0.0523748 0.0635196 -1.29249 -1.83242 -0.36176 0.677669 0.542942 -0.192944 0.0830781 0.108746 -0.213433 -0.709721 0.815172 2.51347 -0.334752 -1.48834 -0.336099 -0.0978271 0.150879 -0.26614 -0.47545 -0.873608 -0.508351 1.01845 1.07697 -0.303381 0.316755 1.87702 0.840456 -1.5517 -2.91941 -1.3792 0.156222 -0.946218 -0.271238 1.40788 0.3036 -0.260137 0.502817 -0.0345696 0.214467 0.0601239 -0.876143 -0.0196266 0.0939677 -0.665277 -0.312856 -0.327646 0.140719 2.13143 0.790984 -2.67672 -1.69447 0.9561 1.28112 0.739111 0.259484 -0.495998 -1.476 -0.265757 1.70543 0.983896 0.983896 
-1.28396 -1.28396 -0.342179 2.05133 0.975202 -0.181891 -0.241737 -1.03198 -0.658556 -0.128028 0.824817 0.759605 -2.05615 0.399691 2.11162 -0.97633 -1.10439 -0.215676 -0.161927 -0.718301 -0.38608 1.72976 2.85553 1.23645 -1.68082 -1.39801 0.247481 -0.551914 -1.34807 -0.33104 0.452659 0.0384596 0.267315 0.334273 0.0734694 -0.376623 -0.732252 -0.00637191 0.759736 1.18989 -0.0411397 -1.65222 -0.0989314 1.8079 0.600747 -1.33382 -0.518108 0.47269 -0.03135 0.349082 0.421694 -0.231413 -0.778391 -0.321962 1.02959 0.160416 -1.32555 0.358358 1.91137 -0.113754 -1.84865 -0.94757 1.02612 1.27769 -0.655685 -0.44756 -0.0101601 -0.00840437 0.721956 0.605618 0.255224 0.255224 
-0.0417894 -0.0417894 0.311031 0.978347 0.676999 -0.569962 -1.17149 -0.212274 1.04001 -0.534792 0.49981 1.75278 -1.26135 -1.07214 0.581685 0.548789 -0.28066 0.0119968 0.783806 0.66265 -0.166529 -0.44718 -0.876475 -2.05659 -0.551457 0.803206 0.538117 0.33457 0.355057 0.006573 -0.740469 0.134365 0.984582 0.951714 -0.0259365 -1.01315 -0.524563 -1.10452 -2.28511 -1.88173 0.0329214 2.91573 3.96744 1.92952 -0.678922 -1.63435 -0.797812 -0.119012 -0.0119315 -0.0947961 -0.275108 0.00339921 0.044404 -0.0179662 -0.137327 -0.908875 0.0706497 -0.0437731 -1.37262 0.576283 0.790249 0.07111 0.197319 0.130543 0.808674 -0.409867 -1.12404 -0.210116 0.217371 0.448022 0.268383 0.268383 
0.140645 0.140645 0.160247 -0.693664 -0.691196 0.608169 1.04159 0.57652 -0.65266 -0.0408176 0.501377 -1.09667 -0.755954 -0.268966 -0.540746 0.348294 0.710225 -0.192594 -0.466859 0.269809 1.65741 0.273491 -3.54125 -2.00449 2.90234 3.51721 0.407312 -1.15836 -0.123737 -0.00968081 -0.716276 -0.526937 -0.562923 -1.06701 -0.043853 0.748182 -0.627373 -1.04104 0.190785 1.49612 1.57449 0.743159 -0.558707 -1.75676 -0.450659 0.628046 0.117341 0.408478 0.389912 -0.203871 -0.56117 -0.0318032 0.71256 -0.0836959 -0.174321 0.660647 -1.09821 -1.41188 0.619496 0.779229 0.790303 0.0236198 -0.990757 -0.203698 0.158567 -0.56138 -0.50727 0.323381 0.635535 0.596622 0.282732 0.282732 
0.55819 0.55819 -0.316365 -1.17437 0.417176 1.19338 0.0975348 -1.73544 -1.00962 1.89745 0.238927 -3.12317 -0.567797 2.14522 1.2059 0.883415 0.350433 -0.519934 -0.187671 -0.0350598 -1.74995 -1.41132 2.38814 2.56655 -0.461253 -1.424 -0.277973 0.577141 -0.390372 0.378101 1.43268 -0.96785 -1.25246 0.519605 0.130941 -0.675008 -0.859353 0.183931 1.40672 0.689795 0.707653 1.28052 -0.550556 -1.61668 -0.197236 -0.486442 -0.981329 0.932791 0.90348 -0.388164 0.162117 0.00907363 -0.556682 -0.0471839 0.673931 0.817955 -0.555499 -0.904097 -0.594935 -0.177207 0.813568 -0.088861 -0.472218 -0.0192751 -0.189904 0.145151 0.471721 0.580647 0.17372 -0.616418 -0.45505 -0.45505 
-0.832975 -0.832975 -2.60696 -2.19411 0.938617 1.98586 0.730961 -1.06796 -0.760069 0.7455 -1.29499 -1.22074 0.729353 0.424628 0.289485 0.678574 0.777183 0.686781 0.37618 -0.00398266 0.547898 -0.156017 -0.467187 0.858707 -0.667779 -1.32135 0.382934 -0.150508 0.00639207 0.808833 0.130718 0.547474 0.489908 -0.39715 -0.544534 -0.804978 0.0992968 1.98273 1.9117 -0.594764 -2.22334 -1.81252 -0.246164 2.00969 1.70798 -0.468358 -1.13708 -0.253018 0.796966 1.19139 0.175161 -1.28503 -0.23519 1.27855 0.598982 -0.36231 0.0584446 -0.210918 -0.680773 -0.469887 -0.206431 1.14319 0.64714 -0.860095 -1.08831 0.374252 1.51126 -0.471409 0.230367 0.825614 -0.374416 -0.374416 
-1.91245 -1.91245 -3.2125 -0.393407 1.75054 0.97708 0.524493 0.532726 -1.1708 -1.11415 1.00893 1.34212 0.577454 -0.624845 -0.72518 -0.0277175 -0.0179636 -0.0478676 0.116617 0.632434 1.77188 0.831674 -3.06999 -2.76061 1.63234 2.63039 0.145764 -0.86009 0.00910163 -0.396141 -0.540996 0.380774 0.665247 0.700321 0.272391 0.200473 0.567919 -0.0772773 -0.545606 0.459692 0.712777 -0.658097 -0.298555 0.298053 -0.857207 -0.0695291 1.15462 0.199355 0.0300617 0.76238 0.388059 -0.168446 -0.211268 0.28423 0.672686 0.307437 0.346603 -0.480158 -0.217784 0.866971 0.0325216 -0.535825 -0.267843 0.27254 0.31966 -0.00178311 -0.290756 0.522472 0.113079 -0.973162 -0.286706 -0.286706 
-0.0419988 -0.0419988 -1.14409 -0.717774 0.673235 1.02873 0.278229 -0.817953 -0.239544 0.32516 1.14042 1.34857 -0.157216 -1.17974 -1.33647 -0.668189 0.63576 1.04153 0.434712 -0.290845 -0.486134 -0.425289 -0.0649075 0.805596 0.62797 -1.04942 -1.23822 0.581909 1.11353 0.556218 0.285557 0.687115 0.489412 -1.20692 -0.429423 2.21744 2.00824 -0.76255 -2.07695 -1.33832 -0.504406 0.659038 1.07402 0.397056 0.267625 0.381639 0.340414 0.377753 -1.02268 -2.06302 0.346294 2.28362 0.0739933 -1.20494 0.374166 0.799204 1.0984 -0.372096 -1.51887 0.387774 -0.473338 -0.300985 1.16487 0.0777069 0.510271 -0.112167 -1.44037 0.825857 1.70364 -1.37967 -1.6581 -1.6581 
1.64533 1.64533 0.458876 -2.82615 0.106302 2.13953 0.0704326 -0.023761 -0.0486129 0.130208 0.453897 -1.44304 -1.48201 0.360095 0.916931 0.214855 -0.650502 -0.663595 -0.316276 1.35402 2.43073 0.173215 -1.4786 -1.11181 -0.985762 -0.164424 0.644734 0.38793 -0.198379 -0.366827 0.31128 -0.397327 -0.894466 0.846458 1.07558 -0.438061 -1.31848 -1.70898 -0.719613 1.7158 1.64191 -0.460124 -1.44416 -0.945843 0.896993 1.7091 0.420157 -1.38164 -1.04729 0.244485 -0.513235 0.281656 1.1914 -0.904262 -0.694546 0.899902 0.600354 -0.412882 -0.600396 0.470464 -0.331497 -0.806529 0.453465 -0.127351 -0.376957 -0.449583 -1.05677 0.338098 0.466421 0.499885 0.796963 0.796963 
