52
0.416418 0.374291 0.53388 0.683127 0.97201 1.18208 1.33045 1.42536 1.56491 1.59044 1.58915 1.60282 1.54624 1.50471 1.42384 1.3074 1.12571 0.831439 0.695752 0.354949 0.213407 0.194761 0.0578747 -0.0992977 -0.20333 -0.272437 -0.498889 -0.689583 -0.839579 -0.991274 -1.03161 -1.07731 -1.16285 -0.293354 0.0139428 -0.11774 -0.228298 -0.315918 -0.488505 -0.590247 -0.804122 -1.02842 -1.20326 -1.1787 -1.27993 -1.33165 -1.23065 -1.19362 -1.08972 -0.983793 -1.15688 -1.15401 
1.44283 1.85249 1.879 2.00893 1.93123 1.85834 1.74082 1.64367 1.27168 1.12702 0.914128 0.542396 0.355432 0.113458 -0.257195 -0.334418 -0.188965 -0.298918 -0.306243 -0.550335 -0.503341 -0.312043 -0.243525 -0.226489 -0.327991 -0.117951 -0.196918 -0.153415 -0.186551 -0.213069 -0.335849 -0.454487 -0.416414 -0.84925 -0.920209 -1.01116 -1.18257 -1.39802 -1.51946 -1.36554 -1.18334 -1.48036 -1.44146 -1.16781 -0.870275 -0.425423 -0.150753 0.238544 0.589144 0.491783 0.306386 0.282465 
0.22968 0.377616 0.388493 -0.0608264 -0.465831 -0.931106 -1.2229 -1.57678 -1.76311 -2.00034 -1.86995 -1.77986 -1.58085 -1.43906 -1.2517 -1.27143 -1.24275 -0.953395 -0.770441 -0.565444 -0.451594 -0.0060637 0.116109 0.295818 0.202414 0.489058 0.473917 0.0987649 0.27442 0.441641 0.230691 -0.0981421 -0.182706 0.509269 0.859415 1.12188 1.29635 0.825056 0.660821 0.75307 0.752946 0.393438 0.222935 0.614583 0.782727 1.40839 1.51969 1.55625 1.4673 1.01873 1.00795 1.09487 
-0.762298 -0.76096 -0.804304 -0.857857 -0.919284 -0.650244 -0.402785 0.0193942 0.551907 0.816301 0.962792 1.34601 1.54277 1.68253 1.69073 1.72171 1.77327 1.86532 1.63274 1.87781 1.66847 1.32401 1.02711 0.575627 0.227853 0.0850653 -0.130129 -0.971469 -1.09259 -0.900074 -0.781826 -0.780885 -0.901071 -0.566307 -0.297234 -0.561398 -0.229466 -0.589399 -0.727269 -0.577521 -0.788323 -1.20054 -1.19137 -0.692783 -0.780714 -0.440604 -0.242383 -0.251469 -0.614388 -0.664072 -0.636884 -0.623518 
0.592389 0.251214 0.580835 1.08355 1.74675 2.16213 2.48975 2.34827 1.90494 1.29318 1.03529 0.342687 -0.017521 -0.0476611 -0.100101 -0.212784 -0.244105 -0.396102 -0.203535 -0.400594 0.350855 -0.569363 -0.750734 -1.1839 -0.665173 -0.93658 -0.928486 -0.191806 -0.180729 0.381713 0.413931 0.139141 0.00826998 -1.29438 -1.54669 -1.84406 -0.763475 -0.29566 -1.03842 -0.964971 -1.08383 -0.845163 -1.02211 -1.11441 -1.19098 0.0944014 0.624931 0.967237 0.543357 -0.0685553 0.294455 0.452594 
-0.480198 -0.720225 -1.2802 -1.41165 -1.15404 -1.57279 -1.85513 -1.79509 -1.63612 -1.11213 -1.04146 -1.07035 -0.853925 -0.515193 -0.477313 -0.719835 -0.533865 -0.923658 -0.425145 -0.0829041 0.151165 -0.0436547 -0.00078191 -0.569911 0.158102 0.328047 0.806304 0.582272 0.909284 1.02437 0.688002 0.429859 0.682071 0.436587 -0.111081 -0.45953 -0.174634 0.0545901 -0.387315 0.14092 0.636712 0.62624 0.75114 1.01476 0.789044 1.32697 1.91715 1.88752 2.14489 1.35311 1.51529 1.05371 
1.24929 1.31043 1.40585 1.59932 1.02838 0.807255 0.0708704 -0.992817 -1.73027 -1.76264 -1.9847 -2.2005 -1.70539 -1.37621 -1.10236 -1.21527 -1.39394 -1.17945 -0.721333 -0.211355 -0.287176 -0.20693 -0.580475 -0.353963 -0.473797 0.124481 -0.327091 -0.117067 0.0330264 0.143626 0.149532 -0.626025 -0.106237 0.339943 -0.0840548 0.339742 1.25211 1.14309 0.126782 0.655645 0.457984 0.971827 0.933503 0.978743 0.575648 1.03336 1.60322 1.25554 0.271611 -0.142885 0.748747 0.272382 
1.59487 1.07193 1.31316 0.0745627 -0.1261 -0.755977 -0.314295 0.212774 0.971604 0.911589 1.21843 0.641553 0.614462 0.829105 1.27862 0.459823 -0.356704 0.624863 -0.206225 0.0325245 -1.13414 -0.40059 -0.844859 0.0718743 -1.50218 -0.466067 0.665985 2.01038 1.33116 0.185751 0.82741 0.127002 0.831652 0.926764 0.971482 1.18911 0.962742 -0.648905 -1.36742 -1.33002 -0.632631 -0.503679 -1.94409 -1.57364 -1.15326 -0.779517 0.225945 -1.58577 -1.45411 -1.53102 -0.585788 -0.980133 
-1.72965 -1.31784 -1.40851 -1.68409 -2.21752 -1.83341 -2.22029 -1.56024 -0.810691 0.00908404 0.550778 1.1746 0.941792 0.480404 0.540232 0.304454 0.580624 1.29351 1.45295 1.14073 0.695624 0.413908 0.125588 1.0198 0.684516 0.0593754 -0.285492 -0.231072 -0.436206 -0.734934 -0.560798 0.944735 1.06005 0.659587 0.279114 0.880297 1.26148 0.361909 1.09756 0.376884 -0.0680685 0.0880278 0.688291 -0.964198 0.433349 -0.0227494 0.96804 1.00902 -1.1037 -0.784918 -1.05677 -0.545174 
-1.83208 -1.32214 -1.27048 -1.22929 -0.446697 0.206305 1.21587 0.974457 0.484646 -0.758908 -1.38227 -0.760185 -0.539098 -0.64339 -1.65848 -1.80067 -1.02989 -0.651611 -0.131614 -0.635235 -0.281148 0.077709 1.11247 0.0159551 -0.566245 -1.37591 -1.54908 -0.0573084 0.226257 -0.506449 -0.173687 0.717399 0.594849 0.262302 0.164469 0.912041 0.1357 0.00293115 0.799178 0.49659 -0.607693 0.413511 1.70803 0.382935 0.0874314 0.883269 1.90357 1.80281 1.4513 1.38655 1.51854 1.27248 
-0.70525 -0.777086 -1.08959 -0.574993 -0.0650598 0.0802173 0.00539321 -0.0909905 0.0377354 -0.144544 -0.157324 -0.151803 -0.514753 -0.855485 -1.59344 -1.36267 -0.630824 -1.4991 -1.20708 -1.39817 -1.41735 -0.951611 -1.1865 -1.94709 -0.731353 -0.206651 -0.544541 -0.719034 -0.341997 0.233231 0.299293 -0.0318441 -0.515227 1.63414 1.68661 1.43268 0.316941 0.388316 1.13706 1.20798 1.24183 1.65465 1.8583 1.27417 0.422147 1.21222 0.894778 0.581831 0.605282 1.04404 1.46907 0.693442 
-0.047572 -0.844909 0.092965 0.917476 0.81978 0.196805 -0.832266 -1.86414 -3.42054 -1.71407 -0.514267 0.113983 0.225385 -0.994698 -1.15709 -0.887383 -1.49072 -1.07238 -1.54765 -0.986049 -0.532418 0.332712 -0.214981 -0.304972 0.315815 0.817497 1.3354 0.274751 1.01876 0.767486 0.994344 0.0285416 -0.00931126 0.0387052 0.794489 1.4325 0.374791 1.76509 0.630516 1.1619 1.34488 0.415226 0.769352 0.684441 0.799518 1.1496 -0.834108 -0.30254 -0.350686 -0.0954952 -0.1607 0.566231 
0.399316 1.48445 1.51584 0.859764 0.0725463 -1.19572 -1.28448 -0.654177 -0.329946 -0.539059 0.452473 0.134957 0.107978 0.0655137 1.29764 0.946275 1.49474 1.98137 1.53691 1.1446 0.962487 0.453208 -0.0251277 0.744431 -1.00728 0.041336 0.80199 1.29191 1.61589 0.306413 -0.584535 0.238751 0.243607 -2.11876 -2.42249 -1.34556 -0.194566 0.234167 -0.84774 -0.723794 -0.0597572 -0.259491 -0.199951 -0.26998 -0.6022 -0.0793382 -1.55361 -1.08823 -0.321147 -0.282899 -1.37461 -1.06412 
0.549708 0.549708 1.14031 1.53933 1.72705 1.29339 0.937998 0.91079 0.696649 0.261997 0.225405 0.0547981 -0.11558 -0.190555 -0.421717 -0.732849 -1.28166 -1.1397 -1.2833 -1.30137 -0.307155 -0.292786 -0.720294 -0.618904 -0.347124 -0.724925 -1.10016 -0.864204 -0.743848 -0.40541 -0.0783233 -0.217836 2.6066 3.81893 0.729174 -0.56038 -0.424396 -0.615823 -0.659408 -0.786828 -1.16505 -1.04457 -0.27658 -0.0494066 -0.284794 0.33927 0.613185 0.622152 0.834743 -0.0200549 -0.338099 -0.338099 
1.3575 1.3575 0.572683 0.280326 -0.288712 -0.400428 -0.468476 -1.18245 -1.31574 -0.869364 -1.50645 -1.43371 -1.06965 -1.58501 -1.12279 0.325215 0.233387 -0.195253 -0.571595 -0.419196 0.802345 0.862733 0.37382 -0.103194 0.438301 0.501528 0.0342886 0.162871 -0.0335804 -0.285086 -0.543542 -0.0922499 -0.973769 -1.27967 -0.320472 -0.6023 -0.951593 -0.811399 0.224921 1.07682 -0.188361 -0.590402 1.01067 1.73631 2.21666 2.1525 1.99663 2.20966 0.84428 -0.659528 -0.45348 -0.45348 
0.273638 0.273638 -1.02824 -1.93477 -1.96955 -1.72278 -1.47996 -1.25007 -0.99581 -0.30541 0.408058 0.557619 0.670319 0.644939 0.292876 -0.0530244 0.620693 0.956977 0.773104 0.622473 1.14678 1.16492 0.585494 0.115585 0.348679 0.519274 -0.923288 -0.507397 0.674852 -0.167857 -1.24914 -0.97365 1.25148 2.19904 1.26281 0.879875 -0.719544 -1.45784 -0.229453 0.128272 -0.856453 -1.22784 0.409507 1.14768 1.65777 1.53386 0.249772 -0.18674 -1.24422 -1.0738 0.093423 0.093423 
-0.105661 -0.105661 -0.228972 -0.269595 0.455109 1.14902 1.49305 2.13342 1.77896 0.911762 1.17871 1.29163 0.744688 0.321097 0.0767378 0.174132 0.311308 -0.326996 0.0167695 0.0689678 -1.25539 -1.45211 -1.69254 -1.80682 -1.11334 -0.815501 -2.3848 -2.17346 0.149096 0.686834 0.256465 -0.279178 0.470756 1.34523 -0.000266374 0.140948 -0.0741955 -1.12961 0.0153902 -0.148451 -1.41091 -0.916732 1.12939 0.911241 0.555226 1.19807 0.413599 -0.847003 -0.938205 -0.06183 0.0798114 0.0798114 
-0.0263198 -0.0263198 1.11288 1.56321 1.44531 0.992289 0.240555 -0.800185 -1.43504 -1.18471 -1.29384 -1.43196 -0.537673 -0.122201 -0.23363 -0.205122 -0.258194 0.044045 -0.0167866 0.737675 -0.238552 -1.49781 -0.840313 0.10478 0.323144 -0.366183 0.994684 0.998712 0.763498 0.792038 -0.338183 -0.558345 -1.94591 -2.10984 -0.752752 1.04658 2.07953 -0.381888 -0.914259 -0.0720241 0.151013 0.072604 -0.374196 -0.23869 1.62111 2.44066 1.16756 -0.120844 -1.40899 -0.346728 0.692802 0.692802 
-1.7045 -1.7045 -1.48713 0.149773 -0.425414 -1.50646 -0.547874 0.335678 1.26456 1.08779 -0.0191531 0.27266 1.0087 0.651222 -0.512522 -0.216027 -0.510882 0.11487 1.58049 1.05104 -0.0242203 -0.407019 -1.15643 0.215304 1.69502 1.19498 0.406187 0.103377 0.78233 -0.545837 -1.29309 -0.114678 -0.0893321 -1.69079 -1.89694 -0.230044 0.926531 -0.528617 0.0700405 1.94743 0.86887 0.126296 0.675068 -0.0269134 0.522278 2.15582 1.01949 0.353147 -1.17277 -1.36333 -0.702238 -0.702238 
0.254882 0.254882 0.44745 -0.522236 -1.12554 -1.36629 -2.59237 -2.59392 -1.09317 -0.343182 -0.610113 0.43349 1.22654 0.904577 0.261256 -0.397259 0.0791745 1.00582 1.4358 0.658828 0.0334931 -0.399747 -0.186905 0.182289 0.723274 0.240536 -0.324441 0.551088 0.406407 0.196591 -1.09292 -0.345136 1.43271 0.0593331 0.026762 1.97141 1.19606 -1.6105 -0.682257 0.50901 0.487153 0.719018 0.0371175 -0.493688 0.106528 1.52235 0.350372 -1.91067 -2.00791 0.72137 0.631341 0.631341 
-0.207663 -0.207663 -0.930898 -1.37747 -0.762308 -0.11316 1.05604 1.37655 0.783246 0.326473 -0.195867 -0.53334 0.266568 0.748219 -0.296164 -1.57561 0.243818 0.229102 -0.521584 -0.860711 -0.360673 0.369371 0.554498 -0.587252 -0.46661 2.26816 2.5797 0.749247 -1.76692 -0.432053 0.0176581 0.0813155 0.885262 0.21834 0.342151 0.0681975 -1.78045 -2.27782 -0.611296 0.819603 0.912118 -1.24832 -1.00427 0.876237 0.879565 1.47084 -0.737759 -1.62082 0.132353 0.95455 0.633752 0.633752 
0.335777 0.335777 -0.481099 -1.00726 -0.223296 -0.0491405 0.278769 1.62927 1.81909 1.57208 1.33921 0.418817 -0.87081 -0.523056 -0.254947 0.00214716 1.12951 0.99079 -0.227416 -0.945833 -0.909585 -0.723268 0.674174 0.618361 -1.1872 -1.19858 -0.391012 -0.224958 -0.644629 -0.193915 1.95022 1.88031 -0.384716 -0.97389 0.216433 1.12157 -0.661891 -0.240658 -0.0280569 -1.43105 -0.389122 0.852983 -1.29629 -0.348819 1.07294 0.589558 1.18028 -2.50785 -2.17772 0.00991716 0.239051 0.239051 
0.436725 0.436725 -0.0299612 0.697739 1.30685 1.53282 0.642358 -0.850385 -1.84809 -1.98105 -0.123665 0.71705 -0.00611531 -1.23683 -1.27455 0.503417 1.02158 0.771909 -0.10609 -0.271266 0.587396 1.26505 -0.183874 -1.79368 -1.5081 -1.10087 1.19037 1.64508 -0.569547 -0.520568 1.09604 0.642741 -0.575477 -0.550869 0.52447 -0.151035 -1.02748 0.538149 0.369081 -1.52304 -0.205105 2.18308 -0.152835 -1.73582 0.375727 1.68571 0.793082 -0.572663 -0.536812 -0.0554531 -0.235963 -0.235963 
-0.587331 -0.587331 0.194933 1.29201 0.799363 0.0193331 -0.303027 -0.0315043 -0.146084 -0.334845 -0.0843299 -0.551434 -1.01332 -1.51354 -0.751205 1.20942 -0.256633 -0.843341 0.0599954 -0.355128 0.521029 0.233292 -1.40256 0.532491 2.24699 0.174548 -0.758134 0.195535 1.19562 0.780795 -0.42824 -1.16117 2.14768 2.86247 -0.343386 -1.9017 -1.46777 1.01934 1.01873 0.0651087 0.521181 0.747681 -0.582183 -1.99038 -0.157281 0.555814 -0.915548 -0.460817 0.541913 1.07759 -0.542324 -0.542324 
0.098744 0.098744 1.69787 0.676807 -0.750397 -1.66872 -2.07189 -2.59183 0.10814 2.82573 1.76262 0.689465 -1.13297 -1.40293 0.0659872 -0.368777 -0.222229 -0.0959637 0.0452973 0.961186 1.26046 0.273166 -0.668573 0.483535 1.06692 0.965472 -0.574965 -0.352025 0.446007 -0.0638964 -0.768415 -1.02942 -0.0298027 0.752714 1.33444 -0.453642 0.288103 0.212318 -0.634558 0.664532 -0.776039 -0.607289 0.225619 -0.0100804 0.418817 -1.65056 -1.47162 0.436825 0.16432 0.1475 0.612631 0.612631 
1.08209 1.08209 -0.496978 -1.23936 -1.79454 -1.16113 0.56065 0.935187 0.173934 0.779097 0.680788 -0.242879 0.00656003 1.14842 0.868281 0.248282 1.00825 0.107778 -0.689316 -0.451395 -0.557472 -0.82611 0.333641 -0.821154 -0.568086 1.71032 1.20365 0.807645 -0.824186 -1.92598 0.00817533 0.820562 -2.06844 -2.34829 0.770737 2.08999 1.50216 -0.522814 -0.799219 0.784142 0.490604 -0.057602 0.0600252 -0.295255 0.242425 -0.793276 -0.845408 1.18723 0.799877 -0.885828 -0.638938 -0.638938 
0.56346 0.56346 0.926375 0.559942 -0.197395 -0.691372 -0.321697 -0.193224 -0.563804 -0.402319 -0.162163 -0.283845 -0.196865 -0.25215 -0.466942 -0.755847 -0.343753 0.0247925 -0.12075 0.91412 0.943621 -0.349471 -0.270323 0.365697 -0.0701395 -0.658613 -0.100388 0.350362 0.443575 0.631602 0.196894 2.4683 3.69784 -1.68128 -3.95681 -1.02291 -0.0241374 -0.18746 -0.129244 -0.433609 -0.208136 0.83438 0.93142 0.018819 0.379801 0.843025 0.283578 0.227803 -0.557814 -1.04044 -0.262979 -0.262979 
-0.723994 -0.723994 -1.02464 -0.80274 -0.616978 -0.101786 -0.721118 -0.788208 0.405035 -0.113046 -0.497265 0.532255 -0.0725248 0.0284351 2.04745 1.47769 -0.452148 -0.744727 -0.147218 1.49596 1.40134 -0.357599 -0.910234 0.149382 0.704937 -0.332392 -0.265184 0.0132805 -0.377582 -0.441344 0.281375 -0.359349 -1.13801 0.754889 0.779647 -0.565937 -0.131953 1.29294 2.02481 -0.341924 -1.6314 1.31609 2.47574 1.32325 0.511053 -0.143194 0.14186 -1.10194 -2.86745 -1.25147 0.294962 0.294962 
-1.02484 -1.02484 -1.74372 -0.738906 0.175657 0.395796 0.38241 0.39148 0.756669 1.12082 0.691934 0.215524 0.076795 -0.291763 -0.545937 0.26751 0.808484 0.128412 -0.257713 0.303877 0.437715 -0.437552 -0.824578 -0.180244 0.327676 -1.00112 -0.806603 1.27488 0.276806 -1.51818 -0.631446 1.99055 2.5235 0.0165373 -1.03855 -1.56446 -1.84627 0.396193 1.26534 -0.489663 -1.06785 1.01146 1.89134 0.997427 0.313798 -1.109 -1.35689 -1.17719 -0.695894 1.0683 0.933164 0.933164 
-0.119711 -0.119711 -0.156892 0.619248 1.29153 0.943117 0.894112 0.254823 -1.12497 -0.556227 0.34082 -0.404083 -0.895124 -0.618188 -0.14136 0.207837 -0.465505 -0.276426 0.355551 -1.17119 -1.39901 -0.406951 -0.331494 0.523258 0.900442 -1.17054 -1.24971 2.31227 2.61101 0.0914172 -0.890987 0.189277 1.47987 -0.437951 -1.10906 -0.0745147 -1.16972 0.0751411 0.891145 -1.31226 -0.710015 2.31814 1.66619 -0.532351 0.255664 -0.136475 -1.87859 -1.24408 0.711773 0.924881 0.122785 0.122785 
0.766876 0.766876 1.08973 0.188465 -0.459186 -0.913613 -1.33497 -1.25118 -0.325554 0.0513675 -0.227133 0.492259 0.889157 0.168113 -0.109318 -0.0674795 0.12877 0.123207 0.447425 -0.208862 -1.65259 -0.481298 1.0991 0.784265 -0.387523 0.431588 0.928684 -0.215616 -0.198042 -0.839712 -1.01802 -1.20252 -1.1622 0.805558 2.2131 1.98072 -1.074 -2.19625 0.172287 0.713871 0.0538216 -0.426414 -0.273049 1.38066 1.87108 -0.375041 -1.88632 -1.89711 -0.211815 1.457 0.695416 0.695416 
0.118511 0.118511 1.31649 0.736445 -1.2527 -0.130199 1.3076 1.28586 0.509859 -0.980067 -0.63713 0.711661 0.236477 -1.15389 -0.675277 -0.0393755 0.201593 1.49001 0.644567 -1.21499 -1.10767 -0.869192 0.414875 2.04628 0.676405 -0.983817 -0.839471 0.234707 -0.515706 -1.55948 0.27497 0.840398 -1.19406 -1.36349 1.02848 2.0258 -0.259088 -0.667403 1.77153 0.544052 -1.37338 -0.182411 -0.152703 -0.152396 1.55687 0.323314 -1.35987 -1.64499 -1.29679 0.303782 0.443247 0.443247 
0.121357 0.121357 -0.546829 -1.09525 -0.592954 -1.02209 -0.857263 1.02172 1.53959 0.321528 0.523849 1.25425 0.313278 -0.676487 -0.908399 -0.136804 0.955492 0.923484 -0.250441 -0.977633 -0.740774 -0.163207 0.389731 0.615845 0.0288003 -0.73329 0.202658 0.492273 -0.255612 -1.04449 -0.384626 1.72901 0.267373 -0.980138 1.30623 0.794398 -2.47954 -1.30564 1.44916 0.794476 0.133375 -0.321444 -0.846982 0.0364934 1.37786 0.156691 -2.37694 -1.63637 1.80233 1.8073 -0.0733731 -0.0733731 
-0.453918 -0.453918 -0.729518 0.0964621 0.772677 1.11459 0.911776 -0.175935 -0.655624 -0.61183 -0.538206 0.277806 0.783319 -0.354866 -1.44171 0.325663 1.10618 -0.479941 -0.680148 0.0917232 0.751551 0.557206 -0.597951 -0.637747 1.7546 1.87242 -0.94496 -2.69006 -0.736608 1.09375 0.309239 0.527851 0.0769819 -0.342756 -0.10024 -1.31752 -1.4554 0.71395 1.90396 0.932577 -1.28378 -1.19026 1.30357 1.155 0.359373 -1.0057 -1.91557 0.529399 1.58178 0.301851 -0.205559 -0.205559 
-0.521936 -0.521936 -0.864421 0.177585 0.633431 0.336579 1.10228 1.01239 -0.0274488 -0.302581 -0.740893 -1.42875 -0.603298 0.410651 0.35164 0.91094 0.653298 -0.873463 -1.25079 -0.434253 0.154649 1.04067 0.883062 -1.20181 -1.17289 0.528025 0.643523 -0.155303 0.0299844 1.6988 1.35992 -1.51006 -1.84806 0.401074 1.37374 -0.561934 -0.876909 0.422349 -0.765061 -0.225243 1.49648 -0.580706 -0.772489 1.55194 0.62058 0.0796473 -2.00636 -2.17598 1.64863 1.58289 0.158925 0.158925 
-0.251248 -0.251248 0.175566 0.806548 0.51227 -0.367267 -1.37533 -1.43823 -0.640688 1.03389 1.60498 0.0914207 -1.12352 -0.721494 1.04317 1.36921 0.179952 -0.638931 -0.589373 0.429221 0.923564 -0.429894 -1.77154 -0.754214 0.42882 1.60519 1.63305 -1.00976 -1.24773 0.999381 0.704784 -0.95791 -0.677607 0.66762 0.256987 -0.887781 0.426698 0.841592 -1.18646 -0.314299 2.19621 0.0531326 -2.27606 0.332489 2.02928 0.267264 -1.30211 -0.75754 0.325831 0.19893 -0.0833987 -0.0833987 
0.454317 0.454317 1.07997 0.3529 -0.717597 -0.620483 -0.0207927 0.0977028 -0.164793 0.043417 -0.115319 -0.521592 -0.540482 0.157678 1.56108 0.29025 -1.16247 0.188769 0.286623 0.271123 0.343769 -1.0888 0.17883 2.0895 -0.195932 -1.7056 0.0201677 1.1224 0.341968 -0.91787 -1.09928 1.47722 2.30284 -1.41243 -2.70876 -0.633024 1.67404 1.42623 -0.535991 -0.275551 0.397464 -0.621039 -1.55329 0.250517 1.46027 -0.424233 -0.571575 0.839375 0.885537 -0.61013 -0.915621 -0.915621 
0.999644 0.999644 0.336708 -1.62817 -1.56147 -0.896603 -0.637944 1.37681 3.47881 1.03558 -1.4256 -1.9186 -1.39712 0.739832 0.632828 -0.225734 0.138521 0.135088 0.647761 0.750352 -0.485312 -1.29105 0.097978 1.08818 0.274297 -1.10462 -0.894008 0.624272 0.148465 -0.827085 -0.665482 0.440947 1.11846 0.847147 -0.821848 -0.717956 0.393776 -0.637655 0.254999 -0.130465 -0.864352 0.611732 0.349139 0.0868302 -1.10371 -1.26599 1.31665 1.02355 -0.226454 0.252465 0.263385 0.263385 
-0.911268 -0.911268 -1.36614 -0.738784 0.104188 1.49932 1.3407 -0.180693 -0.0393847 0.366814 -0.569928 -0.356857 0.908728 0.584247 -0.495275 0.142014 -0.0298345 -0.983872 -0.28636 0.137038 -0.17334 0.602256 0.0592921 -0.496249 1.60734 1.14183 -0.496833 -1.18624 -1.61869 0.566258 1.73911 -1.21613 -1.88536 1.79587 2.77567 0.504409 -1.54466 -1.35384 0.85705 0.846553 -0.459497 -0.207568 -0.0893596 0.168015 -0.248891 -0.61028 1.26975 1.06435 -1.21395 -0.825333 0.207529 0.207529 
