61
-1.39875 -1.3596 -1.60324 -0.461175 -0.187117 0.140522 0.314051 0.438325 -0.00912651 -0.488738 -0.637946 -0.810815 -0.87691 -0.548663 -0.515718 -0.585674 -0.484917 -0.268639 -0.0616167 0.173075 0.166547 0.0476802 0.109182 0.226226 0.326166 0.54792 0.836647 1.00914 0.949661 1.1457 1.33708 1.69787 1.96834 2.1493 2.17201 2.0618 2.29381 1.72951 1.0619 0.553762 0.142112 0.0618922 -0.0849219 -0.09197 -0.218357 -0.1327 -0.124287 -0.306025 -0.458176 -0.510368 -0.496894 -0.686126 -0.775903 -0.813291 -1.06338 -1.11559 -1.27718 -1.375 -1.34906 -1.35673 -1.12561 
-2.22344 -1.82565 -2.02893 -1.52364 -1.45858 -0.820021 -0.520508 -0.439483 -0.0410085 0.431329 0.640336 0.903287 0.844932 0.715727 0.808908 0.903959 1.03341 1.04322 1.09411 1.04013 1.09996 1.2485 1.25804 1.32403 1.44365 1.46773 1.39956 1.3318 1.39513 1.2708 1.15857 1.03843 0.915997 0.718569 0.304896 0.0950276 -0.23492 -0.147645 -0.232062 -0.227323 -0.330195 -0.488313 -0.477876 -0.539846 -0.550355 -0.671277 -0.672027 -0.783774 -0.856892 -1.05192 -1.03074 -0.945894 -0.990194 -0.923195 -0.795557 -0.791298 -0.714801 -0.589202 -0.636504 -0.640006 -0.726945 
0.172625 0.410798 0.237186 0.606532 0.178472 0.571664 0.588352 -0.396209 -0.92409 -0.823417 -0.835988 -0.659849 -0.401097 -0.240962 0.039791 -0.111026 -0.223477 -0.21882 -0.419242 -0.563926 -0.527451 -0.485797 -0.602878 -0.613877 -0.769676 -0.946155 -1.04918 -1.06361 -1.27872 -1.44483 -1.50791 -1.80815 -1.91727 -1.728 -1.62758 -1.53228 -0.924754 -0.460882 -0.331897 0.00424476 0.396272 0.675107 0.927833 1.01811 1.06547 1.09856 1.29428 1.39927 1.37611 1.22103 0.902811 1.20531 1.38544 1.16837 1.25975 1.46826 1.15742 1.17186 1.41784 0.911618 1.10859 
-2.02343 -1.41443 -1.33179 -1.32452 -1.22886 -0.887063 -0.504669 -0.208292 -0.268332 -0.650934 -0.800288 -1.11544 -1.0083 -0.983396 -1.04115 -0.895423 -1.0498 -1.10414 -0.922308 -0.827553 -0.852231 -1.02647 -1.03577 -0.946009 -0.884855 -0.866951 -0.713355 -0.764676 -0.649062 -0.392418 -0.306829 0.198019 0.517115 0.450521 1.04769 1.50963 1.27358 1.04366 1.1306 1.19872 1.34547 1.53184 1.43128 1.38247 1.34143 1.20485 1.06339 1.15891 1.24965 1.27535 0.847349 0.599715 0.845383 0.76895 0.542001 0.564535 0.551581 0.351581 0.571184 0.565238 0.467046 
0.807322 0.833667 -0.235116 -1.04255 -1.31271 -1.56651 -0.813419 -0.205904 1.1728 1.75723 1.1913 0.835711 0.405446 -0.191874 -0.0263202 0.0760635 0.444152 0.77114 0.806942 0.390259 0.549512 0.524289 1.2147 0.990902 0.61143 0.666425 0.482221 0.599023 0.699622 0.607567 0.729966 0.579191 0.197856 0.513431 1.02893 1.88142 1.55647 1.48084 1.35668 0.321803 0.370933 -0.0717825 -0.904149 -1.37394 -1.47721 -1.0225 -1.39665 -0.804023 -1.14217 -0.442245 -1.33627 -1.90575 -1.45381 -1.52381 -1.43992 -1.32818 -1.148 -0.689928 -0.784181 -0.340427 -0.475893 
-1.45392 -1.74836 -0.966408 -1.012 -1.68775 -1.57507 -1.06519 -1.54409 -1.03737 -0.524505 -0.282688 -0.157439 0.326426 0.283581 -0.141548 -0.0420435 -0.235946 -0.122243 -0.46185 0.0752884 0.175495 0.224903 0.608744 0.47207 0.146004 -0.111844 0.0235591 0.0342066 0.142612 0.358806 0.422032 0.753913 0.890647 0.704349 0.338795 -1.36805 -1.98365 -2.21488 -1.18493 -0.851868 -0.744042 -0.689431 0.149183 -0.133033 -0.300327 0.583971 0.757809 0.98072 0.893644 1.24191 1.69233 2.16927 1.52285 2.0001 1.87873 0.567675 0.878469 0.65924 -0.195206 0.726861 1.15148 
2.89375 1.37511 0.671538 1.14761 -0.367246 0.609036 -0.0464407 -0.168043 -0.657618 -1.19926 -0.896929 -0.389056 -0.146022 0.798837 0.347292 0.592266 0.983445 0.488329 0.248988 0.752681 0.521302 1.00753 0.438998 -0.0370585 -0.190933 0.402093 -0.181771 -0.551193 -0.529433 -0.407803 -0.768633 -1.61324 -2.17147 -2.64014 -3.37123 -1.95079 -0.0941009 0.460377 0.984779 0.0650937 -0.823698 -0.597749 -0.329582 0.0894205 0.89944 1.04688 0.564 -0.00513338 0.244569 -0.589284 1.04165 1.06555 -0.325426 0.512118 -0.00491856 -0.670231 -0.11128 0.103829 0.0880126 0.457344 0.933849 
-1.72275 -2.4007 -0.630498 0.369037 0.640747 0.753658 -0.669282 0.631264 0.731355 0.58344 -0.505436 -0.494275 -0.969121 -1.32508 -0.878343 0.0209481 1.16722 0.748624 0.773474 0.256046 0.257842 0.755123 0.485927 0.64525 0.702137 0.505236 0.84325 0.922304 0.745581 -0.27721 -0.648826 -1.24178 -1.9361 -2.31054 -1.88823 -1.19923 0.911999 1.93052 0.730071 0.300143 0.523002 0.599759 0.0560487 -0.555958 0.104999 -1.62331 -0.420526 -1.22417 -0.0290164 -1.61841 -0.713178 0.861888 0.191871 0.555346 -0.125795 0.997559 0.711079 0.896114 0.872085 1.30356 1.32324 
1.17163 0.020195 0.857052 0.172243 1.21984 2.266 1.73265 -0.28868 -0.692315 -0.420921 -0.901173 -0.769012 -0.89074 -1.34043 -0.687858 -0.494046 -0.678135 -0.388251 -0.842956 -0.908277 -1.08368 -1.80224 -2.1141 -1.49294 -0.391471 -0.879846 -1.00752 -1.0159 -1.04335 -1.09245 -1.04126 -0.753342 -0.164691 0.829778 1.78272 1.44845 0.451806 0.13935 0.637551 0.664675 0.895289 1.28202 1.19749 1.42563 0.468733 -0.364793 0.554479 0.652963 0.13368 0.0940394 0.308815 0.870278 1.66077 0.807947 1.16624 1.18993 -0.16603 -0.457871 -0.710356 -0.590128 -0.627491 
0.443023 0.431143 1.08983 0.320444 0.409779 1.52294 1.41358 0.80576 0.85009 1.30063 2.12457 1.74464 1.55166 1.43794 1.47342 1.17528 0.647418 0.546784 0.949192 0.658595 0.0840365 0.144758 0.201353 0.139083 -0.0462873 -0.171264 -0.425734 -0.54544 -0.613773 -0.494605 -0.740506 -1.05801 -0.887079 -0.677302 -1.50853 -2.09248 -1.85894 -0.792872 -0.287018 -0.520481 -0.524514 -0.893211 -1.314 -1.38433 -1.61502 -0.863523 -1.12003 -1.00656 -1.11726 -0.908317 -0.55283 -0.890798 -0.454889 -0.419062 -0.271445 0.865898 0.821623 0.717949 0.233982 0.813991 1.13671 
0.822709 -0.451293 -0.33562 -0.117898 1.06564 0.470008 0.328464 0.930125 1.20219 0.314878 0.107327 0.210428 0.307825 -0.224111 -0.222022 -1.10386 -2.15209 -2.22304 -1.89793 -2.27562 -1.62371 -1.73352 -1.95277 -1.57639 -1.64355 -1.42863 -0.86913 -0.266339 0.220719 0.00328166 0.373862 0.562071 0.207698 0.173044 -0.0680765 0.151659 0.283483 0.40552 0.193304 0.0491943 0.0292238 -0.433431 0.0506189 0.242666 0.695674 0.604953 0.279434 1.27459 0.222546 1.79225 1.30464 -0.146465 0.588821 0.581662 0.648343 1.02727 1.66382 0.842563 1.18829 1.4311 -0.106405 
-1.15399 -2.14229 -2.43076 -1.26736 -1.284 -0.838092 0.479141 0.536077 0.320755 -0.727729 -0.0764262 -0.570878 -0.609763 -0.0159049 -1.08784 -1.98872 -1.05827 -1.45835 -1.86218 -1.76343 -0.49092 -0.0530332 0.934355 0.367306 -0.192229 -0.466783 -0.21813 -0.212515 -0.221782 0.733238 0.49958 0.788979 0.298151 -0.46982 0.229609 1.07693 0.489579 -0.369337 -0.522477 0.196349 0.979655 0.760892 1.04282 0.247835 0.778453 1.83918 1.4009 0.544597 0.408941 1.36163 0.215287 -0.447638 0.42255 0.189065 -0.0749262 0.218921 0.712826 0.876529 2.34479 1.48448 1.29618 
1.00501 0.978867 0.377138 0.342086 -0.00238082 -0.386599 -0.639321 -0.42337 -0.21998 0.0284053 0.264443 0.648822 0.489869 0.235653 0.813579 1.23302 1.30907 1.39552 1.14147 1.68037 1.38755 1.9714 1.77292 1.30388 1.11101 1.66454 1.18429 0.818389 0.731874 0.395793 0.119631 -0.169287 0.0469382 0.157973 0.883394 0.665547 -0.369401 -0.768555 -0.995842 -0.701449 -0.503904 -0.655876 -1.17791 -0.701102 -0.725529 -1.34064 -1.36087 -1.53659 -0.952585 -1.22026 -1.04957 -0.644394 -0.744452 -0.366775 -0.726148 -1.46529 -1.11008 -0.646291 -1.02926 -1.72339 -1.80133 
-0.457204 -0.457204 1.95179 3.08255 1.30367 1.08409 0.639902 -0.716449 -2.03546 -1.38404 -0.714046 -0.532511 0.562033 0.778358 -0.0914013 0.0567142 0.681908 0.914014 0.954235 0.487796 -0.284452 -0.13586 0.379419 0.463376 0.692085 1.10443 0.99684 0.236285 0.287703 0.835639 1.1955 1.36824 0.975458 0.434294 -0.20167 0.255471 -0.736361 -2.70132 -2.57864 -2.01956 -1.08491 -0.506452 -0.34663 -0.302013 -0.0995248 0.194907 -0.389142 -0.739845 -0.456889 -0.0951311 -0.394456 -0.619978 -0.288316 -0.638478 -0.670842 -0.47753 -0.577164 -0.167578 0.0293381 0.477502 0.477502 
0.482048 0.482048 0.830195 1.69923 2.13085 2.89019 1.08451 1.40501 2.67235 2.05872 1.38059 0.514689 -0.755373 -0.264596 0.461692 0.579158 0.303099 0.0486574 -0.157956 -0.128967 0.526912 0.364043 0.0966871 0.45318 0.317476 -0.290721 -0.588165 -0.162279 -0.345491 -0.91405 -0.900471 -0.933554 -1.18387 -2.12708 -2.16737 -1.89622 -0.933865 -0.138672 -0.405982 -0.465749 -0.993189 -0.626222 -0.314826 -0.382664 -0.573592 -0.541985 -0.512271 -0.746647 -1.01638 -0.710967 0.195472 -0.0166116 -0.0744149 0.482437 0.279243 0.113615 0.506593 0.10565 -0.312465 -0.44084 -0.44084 
0.10926 0.10926 0.427609 -0.189925 -0.132051 0.94733 -2.39641 -3.71805 -1.08424 0.166391 0.349543 1.00803 0.96919 1.02258 0.267918 -0.686366 -0.309039 -0.52254 -0.884983 -0.310047 0.142188 -0.230484 -0.358272 -0.452239 -0.853852 -0.725763 -0.332473 -0.604519 -0.97263 -0.603661 -0.929188 -1.04091 0.14708 0.655625 0.427571 1.65829 2.5528 1.3914 1.08141 1.7198 1.58072 1.24264 0.785016 0.286598 0.147817 0.507898 0.682391 0.15117 -0.480011 -1.19611 -0.0855892 1.12389 -0.137063 -0.35247 0.680388 -0.295783 -0.766787 0.584605 -0.679016 -0.79798 -0.79798 
1.76244 1.76244 0.0202754 0.0579436 1.0265 1.85669 1.72518 0.44421 -1.52163 -1.78022 -1.58494 -0.842295 0.142254 -0.335177 0.0146542 -0.265087 -0.844354 0.12906 0.560747 -0.0371633 -0.815988 -0.771442 -0.00708448 0.196879 -0.0111599 0.256484 0.0560603 -0.0539073 0.837738 0.750806 1.46943 2.1455 0.491009 1.29612 2.82636 0.413957 -1.58917 -0.654046 0.208895 0.382083 0.724432 0.0083813 -0.672528 -0.500202 -0.754319 -1.04506 -0.373068 0.299217 0.0970737 -1.40482 -2.19621 -0.245747 0.24993 -1.11843 -0.831895 -0.212318 -0.856614 -0.183296 0.378542 -0.541564 -0.541564 
-1.29555 -1.29555 -2.38653 -1.34155 -0.617129 0.721773 1.84878 2.66738 2.63717 0.0926572 -1.13732 -0.959808 -1.27611 -0.496498 0.419048 0.68406 0.97795 0.543161 -0.429916 -0.268383 0.243833 0.938844 0.67901 -0.72091 -0.356112 -0.10061 -0.0197358 0.352922 0.0796375 0.108163 0.0313292 -0.627795 -0.0175876 1.1559 1.85844 0.758732 -0.455685 -0.192958 -1.44812 -1.22137 -0.446539 -1.59996 -1.63538 -0.681383 0.528302 0.173876 0.354332 0.401436 0.541835 -0.185511 -1.8465 -0.0853472 0.568218 0.0866313 0.324433 0.450434 0.903598 0.544505 0.525772 0.471845 0.471845 
0.51085 0.51085 0.850617 -1.13965 -0.923563 0.695237 -0.112469 -0.116791 1.23731 0.875627 0.346398 0.676877 0.447371 -0.793717 -0.599361 -0.283658 -0.264272 -0.46321 0.114926 0.715423 0.0495025 0.436761 0.182696 -0.786571 -0.952016 -0.321953 0.0446367 0.00777507 0.288417 0.226733 0.384684 0.485048 -0.222444 -0.90824 -2.98431 -3.32571 -1.31099 0.935762 1.70621 0.447185 0.0670099 1.06479 0.604901 -0.768509 0.824186 1.28995 0.386926 0.0306893 0.201844 0.935712 1.11139 -0.386172 -0.385744 0.331128 -2.11052 -1.52048 -0.0297544 -1.62071 -0.0624469 1.68392 1.68392 
-2.11554 -2.11554 -0.155054 -0.952416 -0.460786 0.383841 -0.695203 -0.532147 -0.944975 -0.166663 0.864838 0.806563 1.23605 0.55339 -0.134485 0.693777 -0.0336111 -0.653312 0.328357 0.336183 0.319015 -0.0123499 -0.958119 -0.55058 0.500157 0.0775463 -0.868386 -0.273155 0.209471 -0.166553 -1.11621 -1.31022 -0.940735 -1.11063 0.74606 3.28943 2.43833 1.12891 -0.319958 -1.7089 -0.582926 0.554179 0.743919 1.27647 1.00957 -0.261142 -0.965416 -0.245408 -0.505585 0.851942 1.69498 -1.27507 -0.475395 0.383549 -1.09352 -0.0359947 0.829318 0.264414 0.415991 0.899863 0.899863 
0.903912 0.903912 2.48951 1.0731 0.235039 -1.36679 -0.244204 1.19541 -0.173719 -1.29756 -1.1472 -0.566802 -0.913811 -0.0427089 1.14378 1.80501 0.559305 -0.500694 -0.594113 -0.615905 0.343226 0.0870784 -0.232369 0.075853 -0.260859 0.00486881 0.265709 -0.220834 -1.26233 -1.44655 -1.04025 -1.34528 -1.13874 -0.083268 0.921927 2.51834 2.8298 -0.300478 -1.66959 -0.324242 0.154691 -0.569891 -1.22093 -0.0822455 -1.1374 -0.625255 0.24876 0.241551 -0.501155 -0.775203 2.21593 0.726963 -0.418266 -0.428781 0.289477 0.662522 -0.224403 0.0236721 0.256619 0.297926 0.297926 
-0.298697 -0.298697 0.215085 0.447119 2.353 0.612297 -2.76515 -2.62232 -0.0979313 -0.182289 -0.33559 0.0591598 -0.581481 0.271055 0.979577 0.0583783 0.164158 -0.133802 -0.5249 -0.217372 -0.936626 -1.08687 0.38823 1.94437 0.722718 -0.630624 -0.102124 0.00822311 -0.0366188 0.0499664 0.421048 1.01282 1.79076 2.19187 0.728858 -1.41773 -1.39371 0.252186 0.626081 0.331455 0.727398 0.380406 0.205799 -0.754719 -1.92367 0.142084 1.16827 -0.415646 -0.567727 0.240504 0.902347 1.53624 -0.0209558 -0.496826 0.468254 -1.41922 -1.76663 -0.551655 -0.0979481 0.138911 0.138911 
0.952366 0.952366 -0.242525 -1.14062 1.82891 1.5155 -1.19919 -0.956767 0.712703 1.94246 0.632475 -0.971619 -0.551699 -0.191318 -0.482229 -1.37085 -1.0593 0.408112 0.108463 -1.43261 -0.878437 0.117148 -0.07686 -0.458538 -0.557451 -0.666449 -0.658136 -0.364521 0.0122808 -0.267818 -0.95663 -0.299113 0.532627 -1.04818 -2.30021 -0.620653 1.98209 2.41165 0.361763 -0.442535 -0.655854 -1.31325 -0.842598 -0.542745 0.753612 0.712891 -0.293528 -0.0635316 0.0870538 0.822426 -0.040274 0.0865844 0.676212 0.221458 1.959 1.6563 -0.301284 -0.994856 0.083589 1.35606 1.35606 
-1.53881 -1.53881 0.485882 1.93527 0.831325 -0.96718 0.657878 1.21926 -0.801694 -1.45266 -0.108398 0.305503 -0.556421 -0.685782 -1.1607 -2.58628 -1.48567 0.378342 -0.0380044 0.40556 0.769159 -0.413261 0.246633 0.45308 0.233926 1.08447 1.61093 1.5126 0.399321 0.241229 0.791805 -0.192162 -0.49465 -0.340934 0.00434473 0.510535 0.377932 -0.0890279 -0.450264 -0.189333 -0.621689 0.0624094 0.951025 0.908892 0.525095 -0.531585 0.942254 -0.0438426 0.73599 1.50208 -2.59802 -0.938204 1.02164 0.114159 0.638184 1.41166 -0.217327 -0.612058 0.832185 -1.7239 -1.7239 
-1.39435 -1.39435 0.847522 1.13074 0.383177 1.77295 1.36768 -0.229101 -1.38084 -0.477904 0.0993458 -0.619765 0.514151 -0.562186 -2.11956 -0.033274 0.488508 -0.901676 -0.381943 1.36464 1.718 1.42092 0.373875 -1.23787 -0.93312 -0.0910645 0.200845 -0.0678829 0.921307 0.687513 -0.00600235 -0.273948 -1.37563 -0.135493 1.54749 0.206785 -1.57095 -1.11855 0.525313 1.501 0.524122 0.00173492 -0.598635 -0.339526 1.59395 0.584449 -1.41291 -1.0976 0.787192 -0.265848 -1.94916 0.15187 0.599306 -0.582402 -0.0329713 0.756685 0.621087 1.63628 0.569353 -1.15664 -1.15664 
-0.907063 -0.907063 -0.922773 -0.469321 -1.08476 -0.923053 0.134812 0.938757 0.995927 1.05347 1.29318 0.596962 -0.528633 0.770199 1.95759 1.07299 0.486051 -0.0957922 0.701707 0.633365 0.712595 0.878875 -0.976956 -0.96706 0.835324 0.328783 -1.2918 -0.597807 -0.545248 -0.879522 -0.796391 0.0714956 0.776456 1.67397 1.09428 -2.00857 -2.32814 -0.904547 0.317906 1.06672 0.279952 -0.988392 0.119907 0.997001 -0.927631 -0.920237 -0.14576 0.919273 0.75719 0.0286749 1.21465 0.73743 0.688958 0.231887 -1.73662 -0.477097 1.64319 0.342072 -1.69889 -1.16123 -1.16123 
2.04953 2.04953 3.04354 -0.637848 -1.82487 -0.651607 -1.6509 -2.41992 -0.654963 1.09349 0.680428 1.05363 1.08422 -0.642521 -0.702481 0.61167 0.685504 0.171278 -0.442785 -1.15699 -0.616343 0.515468 0.45865 0.206738 0.495414 0.199784 -0.831268 -0.691486 0.458753 0.729891 0.400078 -0.261541 -0.889111 -1.10288 -0.22531 -0.538138 -2.6673 -1.68759 0.531185 1.24497 1.262 0.580877 0.1116 0.149106 0.368709 -0.322704 -0.889816 -0.127668 0.498628 -0.0132312 -0.529485 0.0251901 -0.0843763 -0.404377 0.0733697 0.0142353 0.204352 0.465037 0.49895 0.325849 0.325849 
0.466832 0.466832 1.54925 1.65322 1.51659 -1.27006 -1.81665 2.01092 0.847426 -1.57574 -1.88996 -2.62723 -0.937432 1.54911 1.08413 -0.164333 -0.627561 -0.541063 -0.188038 0.886234 0.647266 -0.502663 0.144225 0.308203 -0.89336 -1.09481 0.19318 0.335461 -0.903161 -0.65805 0.00890724 -0.319782 -1.45339 -1.1918 0.320758 1.56959 2.2223 0.690702 -0.374188 -0.698191 -0.166674 0.878132 0.336563 -0.289104 -0.16524 0.109578 -0.221714 -0.594689 0.0776414 1.54261 0.89805 -0.302955 0.654787 0.473697 -0.426182 0.316375 0.0232805 -0.986971 -0.647476 -0.126695 -0.126695 
0.286897 0.286897 -0.226894 -0.443611 0.968231 -1.86193 -3.85959 1.11376 3.2539 1.21495 0.722276 0.537577 0.0341387 -0.561432 -1.39983 -0.458001 0.158333 -0.457159 0.198824 0.87664 0.088226 -0.394356 -0.162472 -0.390296 -0.205544 0.455819 0.122904 -0.510585 0.0227432 0.0581727 -0.341765 0.917489 1.43356 0.255399 0.856253 1.79023 -0.200024 -1.20217 0.295258 0.437457 -0.37497 -0.640001 -0.773404 -0.508124 0.206151 0.466797 -0.27477 -0.945095 -1.09891 0.35019 1.95228 -0.0207978 -1.20631 0.702152 0.0691931 -1.18203 0.754516 0.0950552 -1.12829 -0.0769495 -0.0769495 
-1.22895 -1.22895 -1.20043 0.852181 1.45229 0.619297 -0.979301 -2.36829 -1.59412 0.0423108 0.800459 1.39811 0.474247 -0.00637207 0.143322 -0.560206 0.388704 1.15421 -0.0356184 -0.952237 -0.465759 0.702764 0.823477 0.0871628 0.135383 0.141149 -0.144785 0.682148 0.699591 0.568574 1.14633 -0.650625 -0.55291 1.85861 -0.577743 -3.25326 -0.71846 1.45177 0.874822 0.480622 -0.192724 -0.967552 -0.294859 0.0283156 -0.32233 0.378938 1.10816 0.446248 -1.20008 -1.64626 0.967918 1.9425 -0.570562 -0.728927 0.776372 0.0715312 0.112225 1.02553 -0.181037 -0.606471 -0.606471 
-0.904978 -0.904978 -0.0682107 1.38548 1.62084 1.94321 1.52657 0.599929 -2.09308 -3.0538 -0.874134 -0.142509 0.339624 1.32603 0.91396 0.416169 -0.144197 -1.15872 -0.681216 0.508133 0.935316 0.317096 -1.36042 -0.860247 0.465333 0.237982 0.331794 0.0482012 -0.227363 -0.0700549 -0.620691 -0.0705421 1.39692 1.47086 -0.349402 -1.88441 -0.793438 -0.826065 -0.854876 0.770645 -0.334523 -0.983336 0.704176 1.7012 0.653477 -0.170678 0.150847 0.118771 -0.50137 -1.94384 0.0488341 1.90222 0.10634 -0.226584 0.259943 0.432395 0.0439556 -0.333917 -0.0895546 -0.0745537 -0.0745537 
0.191681 0.191681 -1.23658 -1.32533 1.26461 0.529915 -0.634871 0.916489 0.660038 -0.691481 -0.19477 0.0203179 -1.10747 -0.8033 0.313887 0.188325 -0.180993 0.219978 0.793669 -0.0990916 -0.252116 0.04344 -0.930032 -0.866436 0.281277 0.663077 0.184477 0.122799 0.104986 0.0169412 0.13323 -0.487831 -1.052 -2.03412 -1.78697 1.14867 3.00598 2.11306 -0.402755 -1.22847 0.391062 0.33386 -1.36776 0.105221 1.42505 -0.365929 -0.955813 -0.184961 0.597321 0.600563 -1.00075 -1.12651 0.462607 -1.28988 -1.38089 1.44106 -0.124071 -0.0756034 2.31933 1.20109 1.20109 
1.32267 1.32267 0.743683 -0.322884 0.869402 -0.271101 -0.766006 -0.282251 0.164501 1.21326 0.605796 0.16866 -0.28472 -1.09606 0.00105295 -0.0276383 -1.07904 0.161948 0.617609 -0.107668 -0.353963 -1.02824 -0.491706 0.958002 0.355211 -1.09462 -0.355538 0.681771 -0.0234792 -1.06349 -0.931331 0.0265291 0.0440464 1.12393 3.0941 1.12791 -1.66969 -2.10374 -2.16148 -0.291832 1.54239 0.862567 0.423589 0.0920087 -1.21738 -1.53497 -0.0894605 0.233009 0.695925 1.497 -1.64536 -1.67684 1.10348 -0.549718 -0.405525 1.29533 0.117249 -0.401012 0.360529 0.250466 0.250466 
1.08679 1.08679 0.11178 -1.55658 -1.68421 -0.334575 1.75904 0.0438368 -1.72075 -0.67479 0.498346 0.155974 0.356083 1.41169 1.26722 -0.407016 -1.59184 -0.798652 -0.0839887 0.640547 0.479225 -0.400901 -0.0124095 -0.0242935 -0.0535452 0.357787 -0.160047 -1.05653 -0.848416 0.148187 0.0650256 -0.0724758 0.864039 1.4138 1.78616 1.30863 -1.94505 -3.10189 -0.0210406 1.25108 -0.173778 -0.951608 0.330994 0.0528148 -0.37847 0.9495 0.591994 -0.520895 -0.704577 1.86565 1.02935 -1.81796 -0.800253 0.482501 0.746529 -0.358418 -0.444442 0.326435 0.184103 0.0237516 0.0237516 
0.309993 0.309993 0.457653 1.34354 0.0881524 -3.27399 -2.07537 1.68037 1.5358 -0.1682 0.136689 -0.173439 0.117882 0.976448 -0.152302 -0.535869 -0.139259 -0.455457 -0.0701426 -0.278971 -0.570284 0.826136 1.91203 0.195896 -1.65561 -0.541865 0.389581 0.0247239 0.00960276 0.274284 0.59577 0.854682 0.733346 -0.692723 -2.314 -1.3677 1.04572 1.26837 0.0334825 0.0475135 0.0141897 -0.34889 -0.73932 -1.37209 0.553736 1.95065 -0.371884 -1.1217 0.400592 0.918548 0.807602 -0.604523 -1.31074 0.294357 -0.603942 -1.43917 0.535128 1.04494 0.422494 0.133768 0.133768 
-0.748833 -0.748833 -1.30491 1.27361 1.63563 -1.88392 -1.53976 1.17482 1.78615 -0.0586584 -1.81332 -0.742197 0.474162 0.0340312 -0.739324 -0.366292 1.09251 0.71407 -1.14872 -0.62005 0.950593 0.487336 -0.365435 -0.306554 -0.137717 -0.0713247 0.177965 0.406124 0.0508935 -0.608911 -0.0283603 0.913132 -0.472789 -1.76301 0.255733 2.64253 1.86855 -1.01226 -1.77623 -0.639068 -0.548108 -0.124611 0.468094 0.979355 0.768479 -0.657349 -0.489727 0.226665 0.539583 -0.0878214 -0.4646 0.43465 0.0745281 0.785288 0.879442 -1.4085 -1.65052 0.229322 1.44665 0.778903 0.778903 
1.35253 1.35253 2.31374 0.238892 -1.91504 -0.105224 1.4598 -0.958154 -1.76216 0.46958 1.17578 -0.287317 -0.647597 -0.390943 -1.25057 -0.205709 1.97587 0.96986 0.0278521 0.545095 -0.533223 -0.336726 0.58434 0.00137443 0.428526 0.923 0.293731 -0.79371 -0.833346 0.270088 -0.277614 -0.843347 -0.0888604 0.340724 0.574478 0.257556 -0.387816 -0.53944 -0.0567186 -0.103883 0.176752 1.05279 0.571171 -0.272666 -0.945491 0.286452 0.333262 -0.126988 1.03503 -2.20124 -1.60854 2.41028 0.707706 -0.244501 0.870278 -0.557555 -1.33229 0.705815 -0.727549 -1.68534 -1.68534 
1.34212 1.34212 1.51291 -0.289816 0.377477 0.583887 -1.2171 -1.66725 -0.159837 0.882806 -0.0953467 0.240342 0.0249222 -1.59802 0.309152 1.56296 -0.533476 -0.534712 1.35687 1.25654 0.0241384 -0.820352 -1.61315 -0.797963 0.681765 0.674021 0.00417947 0.424664 0.44573 -0.569 -0.589594 -0.835731 0.0736937 1.75294 0.196606 -1.89033 -0.80902 1.25432 1.56988 -0.010518 -0.91391 -0.686861 -0.215592 1.3124 0.547389 -1.82304 -1.02413 1.31694 0.491776 -1.65992 0.242099 1.52702 -0.452591 -0.391085 0.797716 0.38462 0.520624 -0.0409975 -1.69402 -1.05063 -1.05063 
-0.0106914 -0.0106914 0.29358 -0.108847 -0.304608 0.818198 1.24914 0.577667 0.076825 0.199308 -0.306472 -1.2226 0.116094 1.66813 0.203023 -0.987564 -0.784412 0.144558 0.489122 0.00715611 0.16459 -1.13385 -1.23879 1.21591 0.869374 -1.42747 -0.621901 0.500797 -0.189183 -0.168669 0.637993 1.05525 1.07513 0.213113 -2.47117 -2.29663 0.740658 1.77537 1.32259 -0.0256171 -1.37915 -0.107542 1.33207 -0.703058 -1.28664 0.524493 1.23418 0.605739 -0.59775 0.306811 0.475432 -0.352894 -0.339374 -1.62774 -0.475885 2.26774 0.549521 -2.24272 -1.00888 0.360622 0.360622 
