20
0.657173 0.844789 1.00185 0.990694 0.952263 1.00167 0.991528 0.898354 0.833496 0.651542 0.246142 -0.139244 -0.426727 -0.745241 -0.970684 -1.1698 -1.29945 -1.35721 -1.42218 -1.53897 
1.69899 1.72003 1.44704 1.32961 1.16329 0.855606 0.508037 -0.124957 -0.606103 -0.765198 -0.561685 -0.591811 -0.17284 -0.599876 -0.658182 -0.68077 -0.896294 -0.870182 -0.923907 -1.2708 
0.42465 -0.0390596 -0.574304 -0.850605 -1.2252 -1.58364 -1.53975 -1.00024 -0.738952 -0.857924 -0.295294 -0.00913739 0.589697 0.75228 0.985014 1.26274 1.19367 1.18153 1.24608 1.07844 
-1.40949 -1.24636 -0.792905 -0.49434 0.0893045 0.705776 0.934474 1.13448 1.29388 1.03475 1.33864 1.31157 0.766714 0.225861 -0.0507153 -0.603958 -0.715152 -1.12933 -1.13833 -1.25485 
1.1597 1.85029 1.39247 0.999835 1.1119 0.938552 0.600842 0.289383 -1.07171 -0.961389 -0.92143 -0.220549 0.0722684 -0.132177 -0.522284 -1.50355 -0.190494 -0.521152 -0.977018 -1.39349 
-0.649536 -1.2747 -1.08528 -0.664734 -1.04103 -1.35182 -0.704611 -0.247955 -0.196177 -0.194794 -0.507683 -0.428616 -0.145188 1.13043 1.95884 0.64277 1.48783 1.09771 1.0021 1.17244 
1.47534 1.17599 0.300025 -0.0911882 -1.22412 -1.9254 -2.1299 -1.20579 -0.927945 0.179088 0.192946 0.815394 0.758766 0.948762 0.57763 0.243731 -0.0716978 -0.0976727 0.786869 0.219163 
1.34214 0.28965 -0.334732 -1.05501 -0.318883 0.44329 0.213665 0.421158 -0.0350406 -0.0546983 -1.64177 -1.72186 -1.44185 -1.11845 0.00557347 0.656203 0.880402 1.2766 1.84938 0.344248 
-2.24745 -1.99088 -1.39526 -1.02491 -0.152271 1.04391 1.10289 0.964159 0.574735 0.852228 0.536118 0.351751 0.809355 0.0948471 -0.000325392 -0.494027 1.08889 -0.312991 -0.058387 0.25761 
-1.18004 0.369819 0.62254 1.06543 0.430329 -1.22367 -1.30599 -1.37444 -1.89552 -0.570821 0.943643 0.707983 0.825469 0.0733541 0.353163 0.122399 2.07592 -0.24595 -0.163769 0.370144 
0.355823 0.150815 0.854112 1.45632 0.932843 0.201018 -0.252389 -0.997714 -1.14355 -0.813024 -0.467599 -1.78977 -1.35969 -1.24396 0.929644 0.426536 0.429631 -0.432449 1.44395 1.31945 
1.16664 1.55798 0.402369 0.0428814 0.519487 0.508263 1.10952 1.14481 0.347086 0.139389 -0.268221 -0.39772 -1.16342 -1.18031 0.709398 -0.609878 -0.623925 -2.68402 -0.618565 -0.101766 
0.495134 0.132944 0.304442 -0.728666 -1.06663 -0.154212 -0.433825 -0.0886596 1.06388 2.09397 1.31665 0.451865 0.432741 -1.45437 -0.91161 1.16182 -1.91574 0.196545 -1.04311 0.146828 
1.75799 1.75799 1.13364 0.519594 0.70984 0.798684 0.350819 0.17897 -0.0998908 -1.16955 -1.80853 -1.43815 -1.2281 -1.03323 -0.6582 -0.35731 0.0866808 0.289866 0.104436 0.104436 
0.169065 0.169065 -0.21242 0.081456 -0.442722 -0.942085 -1.83835 -2.20637 -0.900722 0.985597 1.34093 1.93454 0.841001 -0.473956 0.640349 0.207195 0.34137 0.787146 -0.240543 -0.240543 
-1.66185 -1.66185 -1.36262 -1.10611 -1.23726 -0.569058 0.864716 1.21184 0.16042 0.64158 1.28845 1.34626 1.14895 0.564395 0.748245 0.266357 -0.196477 0.0168656 -0.231424 -0.231424 
0.869472 0.869472 1.07289 1.26842 1.7459 1.21279 0.587279 0.483207 -0.206392 0.0106164 0.35917 -0.915597 -1.68727 -1.28433 -1.30294 -1.05455 -0.845674 -0.692195 -0.245136 -0.245136 
0.696374 0.696374 -0.716825 0.0266536 0.312745 -0.27404 -0.454224 -1.78935 -1.23909 0.588749 1.35921 1.6891 0.507987 -0.382969 -1.39643 0.825556 1.67435 -0.63342 -0.745381 -0.745381 
-0.850833 -0.850833 0.578141 -0.194917 -1.1943 0.204333 1.25306 0.4394 -0.18274 -0.681064 -0.574907 0.239971 1.87508 2.61981 -0.921782 -0.899025 0.366303 -0.919149 -0.153275 -0.153275 
-1.06571 -1.06571 -1.15894 -1.41972 -1.73438 -0.792168 0.857336 1.34683 1.53247 1.26457 0.772795 0.701264 0.262394 -0.0567772 -0.588446 -0.531916 -0.219422 0.998354 0.448584 0.448584 
-1.376 -1.376 -1.08568 0.103315 1.39888 0.554873 0.0701221 -0.127888 -0.326402 -1.31471 -1.36752 0.264179 0.6168 1.35441 1.64039 0.854004 0.631649 0.93628 -0.725349 -0.725349 
0.677357 0.677357 0.815194 1.15075 2.15113 1.1655 -0.451559 -0.994728 -0.490537 -0.401728 -0.961204 -0.0239612 -0.66615 -1.33576 -1.06828 0.964477 -0.135649 -1.74471 0.336253 0.336253 
1.20298 1.20298 0.386422 -0.268489 -1.81528 -1.40751 -0.237915 -0.561568 0.466091 1.96763 0.816617 -0.213874 -0.594841 -0.475103 -0.0905241 1.14411 -0.398418 -1.77883 0.327764 0.327764 
0.237335 0.237335 0.939245 -0.12749 -1.28749 -1.22656 -1.2383 -0.970857 -0.0353532 0.39182 -1.04528 -0.971664 0.278661 1.79473 1.25662 -0.630735 -0.942878 0.686046 1.32741 1.32741 
-0.532618 -0.532618 -1.11819 0.154786 0.4264 0.523613 0.559891 -0.531181 -0.72069 -0.416438 -0.355452 -0.634728 -0.546905 1.52407 0.50833 -0.976426 -1.55419 0.0676251 2.07736 2.07736 
-0.0831951 -0.0831951 -0.627998 -1.04169 0.538123 0.585502 0.124883 1.28782 1.84401 0.276914 -1.26178 -0.646108 -1.47626 -1.02 2.19607 -0.743732 -0.71218 0.780254 0.0312809 0.0312809 
-0.58954 -0.58954 -1.45454 -0.307034 0.683118 -0.215777 -0.583009 -0.344937 -1.60966 -2.11696 -0.0884054 1.10761 0.860366 1.09278 1.24213 1.33927 1.20163 0.314981 0.0287587 0.0287587 
-0.211014 -0.211014 0.018604 -0.0928879 -0.71268 -1.00341 -0.900782 0.819665 2.58108 1.83855 0.828505 -0.303555 -1.7948 -0.0697212 0.619269 -0.146548 0.540197 -0.367616 -0.71592 -0.71592 
0.18937 0.18937 0.505512 -0.0249398 0.48248 2.41125 2.01552 -1.04749 -0.882282 1.21086 0.689082 -0.351377 -1.14309 -0.673312 -0.546772 -1.34381 -0.486939 -0.222514 -0.485458 -0.485458 
0.387191 0.387191 0.655318 1.03113 0.0319567 -1.48055 -0.89222 -0.980101 -0.539809 0.883789 -1.16185 -2.698 -0.397395 0.635267 0.423345 0.735287 0.60513 0.931752 0.721288 0.721288 
-0.7406 -0.7406 -0.278967 0.77614 -0.0498343 -0.33935 -0.803999 -0.350461 1.61345 1.75018 0.820086 -0.391665 -1.1497 -1.0456 0.887255 2.04355 -0.769023 -1.36557 0.0673519 0.0673519 
0.751609 0.751609 0.286584 -1.17417 0.132189 1.36421 0.0334268 -0.971669 -0.781979 -0.343879 0.446064 1.36579 1.32359 -1.7904 -2.22469 0.666859 -0.120081 -0.420522 0.352729 0.352729 
-0.215095 -0.215095 -0.479047 -0.703174 0.514456 2.50252 2.0443 0.562621 -0.203996 -0.889652 -0.690893 -0.637343 -0.887996 -0.981925 -0.601652 0.252783 1.42816 0.555404 -0.677191 -0.677191 
0.230328 0.230328 1.16237 1.95037 0.356717 -1.03886 -0.532468 -0.308089 -0.927597 -0.813382 1.24042 1.55824 0.857371 0.805129 -0.389525 -0.788003 0.0672396 -1.061 -1.2998 -1.2998 
0.0428908 0.0428908 0.278801 0.885205 -0.0436466 -1.88382 -1.57275 -0.0814175 0.362891 -0.384913 0.211572 0.153421 -0.976264 -0.336732 1.56315 0.601668 -1.95869 0.277753 1.40899 1.40899 
-0.501411 -0.501411 -0.915226 -1.37663 -0.705165 1.01123 0.54907 0.459382 1.61265 0.236031 -1.36387 -0.877306 -0.150516 0.333206 1.03767 -0.180002 -1.83236 0.473395 1.34563 1.34563 
0.354841 0.354841 -0.36514 -1.62182 -0.860713 -0.0857057 0.0536822 0.693013 0.800819 -0.800542 -1.03917 0.774673 1.74824 0.541157 -1.75595 -1.60343 0.769842 1.4134 0.313977 0.313977 
-0.609289 -0.609289 0.235805 0.804869 0.0243118 -0.131921 -0.92079 -1.07068 -0.144368 0.0219287 -0.365458 -0.347642 1.21262 0.479998 -1.88055 -1.58979 0.472573 2.19034 1.11366 1.11366 
-0.313188 -0.313188 -0.576763 0.77689 1.07065 -0.229366 0.481391 1.12923 -0.610158 -1.94487 -0.554163 -0.102729 -0.204293 2.37367 0.209937 -1.81901 1.0049 0.507602 -0.44327 -0.44327 
