59
0.527599 0.586648 0.730209 0.662421 0.590769 0.345057 -0.0543734 -0.0358945 0.029016 0.24246 -0.0599107 -0.135299 -0.378624 0.242181 0.33073 0.173232 0.387245 0.272578 0.550377 0.637927 0.636922 0.296376 0.523186 0.374451 -0.0179515 -0.280006 -0.257287 -0.250213 -0.283494 -0.213698 -0.648563 -0.536357 -0.457323 -0.569617 -0.564192 -0.571054 -0.577128 -0.528764 -0.12126 -0.346405 -0.103795 -0.176243 0.246231 0.621104 1.24862 1.11767 0.602073 0.688442 0.664322 0.356119 0.814902 1.18987 1.39107 1.12555 0.339987 -1.4017 -1.74154 -3.19528 -5.03939 
-1.07461 -0.292243 -1.46212 -1.44694 -1.7356 -1.71344 -1.63613 -0.92359 -0.251379 -1.01543 -0.974647 -0.418813 -0.419042 0.00892781 0.101799 -0.281446 -0.40113 0.338189 -0.00986619 0.295952 0.298636 0.57612 0.350429 0.593792 0.95589 0.114811 -0.421209 -0.279495 -0.38682 0.110482 -0.119076 0.184561 0.379487 0.126712 0.419606 0.145299 0.583475 1.07155 1.42818 1.27557 0.764787 1.04802 1.38898 0.458865 -0.674555 -0.137238 0.633105 0.948188 0.957401 2.00522 1.42508 0.651721 0.451669 0.110768 0.934144 0.162672 0.733462 -2.93423 -3.02452 
0.567174 0.329848 0.490891 0.690762 0.782845 1.13888 1.40701 0.805729 0.702063 0.928618 0.981941 0.268113 0.630162 0.286574 0.153089 0.186564 0.37098 0.35955 0.621235 0.43638 0.553644 0.420259 0.471896 0.525985 0.669668 1.12813 0.716927 0.416549 0.47346 0.439243 0.591969 0.325132 0.53226 0.845147 0.76091 0.708064 0.790739 0.403789 0.0409476 -0.0893684 0.267647 -0.187052 -0.448546 -0.401693 -0.166995 -0.651929 -1.029 -1.07224 -1.36798 -1.69954 -2.13788 -1.88587 -2.33963 -2.37727 -2.4179 -1.92704 -1.92165 -0.997375 -0.101808 
0.658146 0.875255 0.835819 1.20054 1.43834 1.36766 1.46708 1.28348 1.36483 0.826328 0.734694 0.789785 0.854015 0.72277 0.474262 0.414755 0.420195 0.566743 0.510049 0.419933 0.468521 0.371611 0.446848 0.33621 0.668891 0.777245 0.59241 0.504256 0.476677 0.349372 0.326477 0.251991 0.289268 0.401384 0.23077 0.420336 0.175121 0.081511 -0.0881614 -0.190699 -0.493354 -0.395019 -0.436576 -0.702907 -0.984766 -1.23848 -1.09674 -1.02377 -1.24157 -1.04514 -1.23306 -1.23098 -1.28432 -1.49492 -1.195 -2.07659 -2.25377 -2.46121 -2.22654 
-0.89245 -0.968979 -0.889283 -1.01813 -1.00325 -1.13372 -0.977619 -0.662746 -0.637429 -0.729005 -0.620305 -0.761509 -0.874828 -0.845834 -0.916202 -0.857249 -0.836811 -0.967129 -0.828856 -0.746406 -0.670512 -0.476628 -0.568006 -0.690829 -0.595153 -0.748244 -0.54014 -0.507129 -0.219009 -0.415583 -0.566495 -0.470286 -0.232642 -0.121926 -0.0771183 -0.197029 -0.583108 -0.391083 0.0778306 0.33879 0.106691 0.303267 0.422337 0.803435 0.888458 1.16509 1.0703 1.22791 1.34701 1.35338 1.4772 1.70373 1.80082 1.80641 1.81522 1.85965 2.03153 1.73272 1.90686 
-1.0753 -0.378975 -0.489536 -0.744691 -0.158053 -0.23005 -0.338038 -0.0852376 0.368702 0.896697 0.355711 -0.570639 -1.37473 -0.90385 -0.941184 -0.979115 -0.720303 -0.352393 -0.324678 -0.346976 -0.563552 -0.387309 -0.346688 -0.0235768 -0.545175 -0.918442 -0.0253061 0.146672 -0.436285 -0.0585507 -0.0272688 0.528301 0.0500461 -0.516223 -0.412562 -0.298202 -0.497726 -0.126835 -0.389659 -0.506586 -0.504481 -0.390597 -0.622724 -1.11005 -0.71767 -0.145304 0.281474 0.0545113 0.000628094 0.801048 0.405679 0.923612 1.19024 1.40648 0.771883 1.61209 2.20286 3.11056 4.47732 
0.207434 0.435761 0.0391623 0.280843 -0.279417 0.591957 0.221224 0.499628 0.608467 0.550984 0.133046 0.17528 0.730865 0.397594 0.68627 -0.0526794 0.232887 0.412967 0.368018 0.404835 0.738629 0.971076 0.44055 0.372612 1.05665 0.842607 0.0731505 0.261071 0.238315 0.981215 0.83994 0.575948 0.764889 0.662452 0.624689 0.293425 1.08417 1.02306 0.94713 0.552879 0.801661 0.772484 -0.0822822 -0.0969971 -0.227069 -0.775344 -0.548857 -0.53902 -0.65215 -0.811037 -1.03559 -1.07311 -1.88112 -2.08964 -1.62154 -2.6777 -2.12787 -1.75953 -3.56488 
-0.530002 -0.800183 -0.960886 -0.770298 -1.04176 -0.929677 -0.909426 -1.18175 -1.22544 -1.3656 -1.11206 -1.01808 -1.18454 -1.19737 -1.26311 -1.19871 -1.0171 -1.1606 -1.02414 -0.859578 -0.67819 -0.767728 -0.650437 -0.784042 -0.411834 -0.217182 -0.495611 -0.382089 -0.197243 -0.0203525 0.00120715 -0.326988 -0.145644 -0.00379891 -0.0902781 0.12635 0.479934 0.297973 0.331326 0.73176 0.838525 1.01751 1.13473 1.52508 1.4722 1.42916 1.20445 1.53977 1.39636 1.65626 1.16399 1.48603 1.2585 1.20903 1.18422 1.38243 1.42917 1.31121 0.314558 
0.873473 1.03744 1.1809 0.86929 0.895079 0.205235 0.636684 0.0193348 0.750509 1.0421 1.18609 1.96685 1.63241 1.09452 0.556486 0.864646 0.555917 0.23688 -0.24836 -0.272108 0.431447 -0.27728 0.279168 0.362015 0.733978 1.00017 0.763256 -0.0443088 0.575515 0.271807 0.0332595 0.59309 0.391584 0.61768 0.639871 0.0301188 -0.778629 -1.14862 -0.811261 -0.825283 -0.977315 -1.25735 -0.941936 -1.16002 -1.61995 -2.44305 -1.78849 -1.63251 -1.80676 -1.44911 -0.885113 -1.14677 -1.24215 -0.915357 -0.772452 -0.149108 -0.198227 1.44179 1.02293 
0.49096 0.447972 0.82521 0.888092 1.2179 0.651621 0.684604 0.881737 0.686989 0.903916 1.27093 1.36755 1.40999 1.34755 1.26664 1.26679 0.859202 0.375442 0.494847 0.516065 0.390842 0.559669 0.632697 0.523742 0.138576 0.321161 0.344297 0.483062 0.309366 -0.0220901 0.107359 0.524614 0.679596 0.631057 0.500261 0.743404 -0.0226582 0.186759 0.171013 -0.107897 -0.584377 -0.708206 -0.641217 -0.910489 -0.978903 -0.941417 -1.18912 -1.33994 -1.45968 -1.68287 -1.77266 -1.61424 -1.53828 -1.75166 -1.58022 -1.22366 -1.66222 -1.29617 -2.07353 
-0.579269 -0.320775 -0.591695 -1.47127 -1.25254 -1.00534 -0.666924 -0.692333 -0.057509 0.329471 0.0266867 -0.739253 0.487969 -0.103543 0.303383 0.290659 0.983685 1.22077 -0.37446 -0.0537711 -0.470521 -0.476779 -1.13517 -1.37963 -1.34321 -1.56257 -1.16155 -0.94531 -1.17763 -1.10418 -1.53666 -0.907313 -1.47399 -1.17688 -0.614777 -0.493128 0.153336 -0.0726901 -0.369193 0.0646487 1.17146 1.14025 0.621811 0.49828 1.02472 1.39053 1.71748 0.884849 0.746545 1.23151 1.07616 0.548816 0.804286 1.62458 1.38706 1.6865 1.28697 1.98291 0.624541 
-0.179675 -0.46713 -0.687439 -0.382612 -0.786789 -0.276341 -0.808138 -0.440606 -0.755115 -0.580574 -0.322826 0.182824 0.165075 0.471061 0.45059 0.189806 0.0731532 0.33883 0.139577 0.29186 -0.0240246 -0.49824 -0.562516 -0.896327 -0.318303 -0.859525 -1.15964 -1.27674 -1.13648 -0.974369 -0.758653 -1.23379 -0.738767 -0.606416 -1.03945 -1.07944 -0.44456 -0.529897 -0.598797 -0.881436 -0.582887 -0.702662 -0.710884 -0.373961 0.107308 0.283613 0.60047 1.16163 0.949989 1.30242 1.00881 1.6013 1.60299 1.97099 2.28589 2.26171 1.62012 2.35479 2.2602 
-1.09358 -0.400081 -0.0526084 -0.494126 -0.982234 -0.598763 -0.344838 -0.325934 0.067708 -0.623115 -0.628346 0.856562 0.343712 0.589372 -0.226806 -0.500758 -0.208715 -0.985888 0.411408 -0.148123 -0.229317 -0.887574 -0.525081 0.193167 -0.272597 -0.773875 -0.568501 -0.366318 -0.476273 0.161361 -0.291723 -1.46597 -0.629903 -0.41569 0.238091 -1.0608 -0.335884 -1.06839 -0.606321 -0.378215 -0.80187 -0.813782 -0.582592 -0.0556266 -0.824643 -1.32302 -0.222445 0.32775 0.736651 1.5063 1.80806 1.77814 1.74486 1.13542 1.15119 2.75633 2.76384 2.56286 1.45754 
0.48969 0.48969 0.339492 0.0846428 -0.12605 -0.514199 -0.20135 0.348512 0.579385 0.144459 -0.197569 -0.127649 0.696767 1.08976 0.168116 0.316688 0.367408 0.442941 0.682402 0.352249 -0.154693 0.11508 0.342219 -0.391039 -0.52523 -0.0336515 0.285044 0.21873 0.293004 -0.182542 -0.132322 0.476226 0.210379 0.123213 0.248062 0.234446 0.299844 0.789592 0.465709 0.270446 0.451266 0.664256 1.19396 1.43677 0.837786 -0.515861 -0.258518 0.323478 -0.143765 0.428078 1.23707 0.932053 0.173602 -0.99491 -2.74295 -2.21513 -1.87416 -3.65547 -3.65547 
-0.231812 -0.231812 -0.974643 -0.121414 -0.114643 0.2397 0.908154 1.48416 0.0544685 -0.556911 0.721054 0.681349 0.557545 0.647688 -0.137764 -0.343569 0.743344 0.522226 0.102493 0.442093 0.414659 0.193536 0.160499 0.729621 -0.320381 -1.18998 -0.238395 0.176686 0.52098 0.402629 0.215114 0.626118 0.0873767 0.182233 0.161385 0.302053 1.04022 0.961272 0.340929 -0.498941 -0.0769323 0.747761 -0.42706 -1.85462 -0.433784 1.40952 1.19434 0.457385 1.16685 0.596217 -1.16713 -0.799111 -0.380385 0.610541 0.193644 -0.0509212 -2.85517 -3.49525 -3.49525 
-0.138089 -0.138089 0.700407 0.56815 0.867652 1.2053 -0.630731 -1.3438 0.243901 0.54499 -1.25857 -0.666462 0.0436191 -0.906764 -0.183596 0.426105 0.339981 0.488177 0.155565 -0.121421 -0.0227059 -0.148572 0.210984 0.387519 1.16307 0.0988511 -1.35653 -0.458732 0.0517377 0.235501 -0.210641 -0.106302 1.00555 0.446739 -0.254697 0.0654224 -0.575356 -1.42981 -0.937612 0.442999 -0.179133 -1.36537 -0.403447 0.548197 -0.471713 -1.64503 -0.797906 -0.641917 -1.19488 -1.46836 -0.349138 -0.378722 -0.934257 -0.141916 0.871712 0.959984 1.79121 3.49847 3.49847 
1.03078 1.03078 1.57489 2.59677 0.991852 0.481812 0.06558 -0.00104797 -1.30921 -1.94682 0.241168 0.815685 0.128847 -1.02391 -0.759486 0.176571 0.936096 0.707072 -0.165282 0.222792 0.19775 0.29598 0.245378 1.19432 2.00153 0.0939573 -0.630377 -0.050732 -0.195045 -0.177774 0.0169199 0.23871 0.926531 0.160243 0.445725 0.17074 -0.873055 -0.5946 -0.62751 -1.11769 -0.377263 0.585149 -0.759019 -1.64478 -1.59827 -0.0368892 1.16729 -0.157975 0.297092 0.407257 -0.309162 0.186912 -0.59702 0.705093 -1.76816 -3.5268 -1.04187 0.476239 0.476239 
-0.375578 -0.375578 -0.598836 -0.875418 -0.882362 -0.279722 1.62074 1.06262 -0.671845 -0.316014 -0.527795 -1.47524 -0.748937 -0.565648 -0.437803 -0.0503021 -0.857986 -0.355143 0.552817 0.286624 0.76215 0.0483413 -1.30317 -0.504937 -0.634101 -0.15433 0.639836 0.981295 0.00157082 -1.87194 -0.622526 1.03559 1.09749 0.274586 -0.709583 -2.54834 -1.21719 2.43138 2.72555 -0.265934 -0.54068 0.957891 1.74531 1.60002 1.15421 0.386889 -0.120979 0.791761 0.146304 0.166438 1.10602 0.991957 0.0490851 -0.327643 -0.161906 0.533986 -0.930741 -0.92113 -0.92113 
0.532426 0.532426 -0.786721 0.179885 0.433815 -0.529223 -0.0789188 0.700144 1.08168 -0.297699 -2.31402 -2.67879 -0.741657 0.321385 -0.384036 0.0265426 0.589206 0.268812 -0.272179 -0.610867 -0.335606 0.0209743 0.224594 -0.554874 -1.52034 0.441065 1.197 -0.849476 -0.564213 0.287377 0.53393 -0.172498 -1.72783 -0.921054 0.0225776 -0.397761 -0.0421023 -0.129864 -0.806181 -0.438879 -0.118881 -0.443623 -1.27714 -0.411323 1.05784 1.10554 -0.00266226 -0.669058 0.755319 0.281879 -0.109765 0.80803 0.389765 -0.859697 0.0053711 1.70424 1.79782 2.87365 2.87365 
-0.0757371 -0.0757371 -0.0503992 -0.360917 0.833811 1.1934 0.0683506 0.978253 0.340968 -0.658497 -0.469301 1.37778 0.665329 0.158918 -0.610784 -0.616686 1.12701 0.499917 0.2281 0.946696 1.31787 -0.322022 -0.891948 1.41248 1.13526 -1.62249 -0.859831 0.556899 1.60987 1.385 -0.525393 0.101135 0.407656 -0.0224772 -0.456634 1.11531 1.62787 -0.0164794 -0.648549 -0.032474 0.660189 -1.43359 -1.40615 -0.031179 -1.04351 -0.367006 0.691911 0.0475502 -0.272574 -0.483974 -0.253714 -1.36071 -1.68515 0.736035 -0.872206 -0.717142 1.98559 -2.48295 -2.48295 
-1.38916 -1.38916 0.0182608 -0.320043 -0.559846 0.331184 -0.842977 -1.03829 -0.6346 0.273304 0.98849 -0.294422 -0.620672 -0.312991 -0.0771238 0.678397 0.0433942 -0.0945124 0.846459 0.983683 0.207536 0.0117511 -0.122853 0.655795 1.65846 -0.328919 -0.576732 0.838347 1.03191 0.533147 -1.00964 -0.521581 0.914163 0.0960959 0.324519 1.6687 0.451205 -0.526946 1.25199 1.47622 0.799819 0.831735 1.47734 0.957784 -0.366003 -0.890874 0.264839 0.513169 0.282792 -0.782791 -0.592978 0.215664 -0.919119 -0.299919 0.456623 0.675199 -0.290561 -3.47762 -3.47762 
0.420069 0.420069 -0.31404 -0.495682 -1.07955 -0.453354 -0.341447 0.121223 1.5243 0.617906 1.373 0.634475 -1.40104 -1.71533 -0.409333 -0.0553604 -1.02353 -1.296 -0.84018 0.994897 -0.0624658 -0.289548 0.93236 0.647582 0.930598 -0.00928763 -1.66678 -0.344288 0.433487 -0.891533 0.441465 0.498642 -0.0165251 0.328784 -0.961468 -2.24414 -1.87404 -0.104854 0.444639 -0.310812 -0.721449 0.000129124 0.0957619 -1.10109 -2.03502 -0.314655 1.1967 -0.0826887 0.228627 1.36822 0.412214 -0.605622 0.302741 0.670565 1.12833 0.831916 2.40131 1.83055 1.83055 
1.19682 1.19682 1.50694 1.36801 -0.474934 -1.3444 0.891797 0.224726 0.282705 1.92821 1.57581 0.625101 0.159164 -0.202172 -0.0188143 -0.975732 -2.39321 -0.849532 0.629652 -0.0869126 0.345465 0.926181 0.1125 -1.22964 -0.375662 0.820335 0.69198 0.115419 -1.26195 -0.37398 1.81914 1.89394 0.529532 -0.307569 0.546823 -1.314 -1.41279 0.785041 -0.645367 -1.99495 -1.54069 0.0512437 -0.374791 -0.771412 0.127144 -0.39802 -0.949611 -0.574784 -0.786772 -0.699046 0.418773 0.904284 -0.184788 0.0948696 1.76433 -0.0224353 0.00536069 -0.98708 -0.98708 
-0.0919678 -0.0919678 -1.82378 -1.07868 0.63594 0.818083 0.403255 0.854298 1.48184 0.0550633 -1.69935 0.628882 0.894311 -0.353946 0.526804 0.962167 1.34231 -2.13977 -2.01255 -0.219235 -0.716756 -1.08447 -1.44694 -0.38963 -0.351437 0.203373 0.86623 -0.0975333 -0.314812 -0.619399 0.226514 0.0223118 -0.483266 1.23442 0.96742 1.09579 0.566728 -0.868199 0.135932 2.27138 1.56369 -0.909474 -1.04995 0.540047 1.28469 0.981136 -0.842557 -1.55055 0.454458 0.428519 -1.11192 -0.486772 1.56395 0.813755 0.0211702 -0.22536 0.377984 -1.08109 -1.08109 
-1.42893 -1.42893 -0.0164731 -0.454959 0.0354038 -0.268941 -0.609765 -0.0915807 -0.551822 0.812882 1.60251 0.945508 0.469351 0.462858 -0.888761 -1.11813 0.137359 -0.0596245 -0.330041 -0.608182 -2.10224 -1.50221 -1.16738 0.364364 -0.130265 -2.22442 -1.21299 -0.162807 0.503056 0.683001 -0.836695 -0.170605 1.27812 -0.93508 -1.34609 1.20064 1.09252 -0.585851 -1.05637 -0.180088 0.208307 -0.523274 0.565849 1.73318 1.35014 0.958054 1.87585 0.615496 0.117716 -0.0777664 0.494749 1.19897 0.66358 1.41054 0.475286 -1.80573 0.00394472 1.3084 1.3084 
1.17411 1.17411 -0.225703 -1.25622 -0.238764 0.676383 0.226763 0.399076 -0.47623 -0.968158 1.71517 1.08912 -0.439241 -0.813335 -1.45417 -0.0874051 -0.708026 0.655081 0.923497 -0.899921 -1.02168 -0.474482 1.22316 0.201672 -1.30237 -0.474654 0.392923 0.00402859 0.54107 0.117889 -2.1167 -0.526793 1.18559 0.96078 -0.905331 -0.817599 -0.119073 -0.443247 0.741473 -0.350887 -0.646901 0.160719 0.825316 -0.408237 -1.6728 0.632973 1.92618 1.07314 1.34379 1.21165 0.225537 -0.187667 -0.902384 -0.84188 1.88935 1.87916 -0.348327 -1.72077 -1.72077 
0.0270058 0.0270058 -0.27154 -0.342407 -0.498562 0.114747 1.21359 1.11756 -0.0360827 -0.707215 -0.115806 1.25064 1.62911 -0.416337 -0.702671 0.436421 0.350858 0.57196 0.0967146 -0.777666 -0.0748769 0.78507 -0.389941 -0.813225 0.621622 1.15216 0.498613 0.212282 -0.267118 -0.295296 0.974679 0.604418 -0.210584 0.247102 0.333263 0.263618 0.853289 0.397262 -0.405202 0.186038 0.66429 1.073 1.10793 -0.214291 -2.08447 -1.08132 1.18621 0.337387 0.325493 1.82056 0.793345 -1.04286 -2.0544 -3.21367 -1.22648 1.22071 -1.48435 -1.88379 -1.88379 
-0.516525 -0.516525 0.20742 0.84344 0.420147 0.981569 1.16965 -0.610582 -1.61805 0.679333 1.16439 -0.0249834 0.0851896 -0.476203 -0.727308 0.86135 0.848357 -0.429997 0.0457593 0.378616 -0.0971445 -0.101899 0.568606 -0.294265 -1.51499 0.183314 1.27333 0.758063 0.305458 -0.14577 0.303375 0.00536778 -0.262875 0.176544 0.215414 0.859424 0.673082 -0.479584 -1.12521 -0.240796 1.17155 -0.183325 -2.09431 0.108045 2.88329 1.49518 -0.694114 0.0904253 0.231546 -1.86658 -1.07015 0.781284 1.30981 0.600801 -0.447485 -2.47309 -2.80868 -0.429342 -0.429342 
0.586492 0.586492 0.471077 0.000718622 0.410782 -1.45281 -2.36972 0.618026 1.50304 -1.45637 -1.20241 0.991135 -0.354932 -0.34351 1.01791 0.311674 -0.0910617 -0.306161 -0.6772 -0.300799 -0.168923 0.0587022 0.322595 0.685616 -0.397138 -2.34398 -0.63181 1.08371 0.460599 -0.374196 -0.443507 0.916088 0.337387 -1.24499 -0.477989 -0.425055 -1.45006 -0.461355 1.48909 0.516664 -1.72332 -0.340979 1.52466 -0.204803 -2.05917 -0.429885 0.730144 -0.491652 -0.866435 0.592815 0.805656 -0.655839 0.0614214 1.43077 0.816354 0.657183 2.07001 1.34463 1.34463 
0.379035 0.379035 1.11267 -0.430175 -1.52998 -0.676589 -0.358253 -0.998589 -1.40851 1.10145 1.97167 -0.0922355 -1.33229 -0.649352 0.850256 1.2057 0.36926 -0.802301 -0.359273 0.24903 0.0409448 0.0225954 0.63334 1.24918 -0.801573 -1.9011 -0.115474 0.300936 -0.102804 0.140576 0.287404 0.641431 -0.0679316 -0.356779 -0.00406184 -0.958378 -0.561052 0.164684 -0.387132 0.168059 1.2109 -0.285668 -1.61251 -0.614114 1.14274 1.97386 -0.098528 -0.636335 0.394194 -0.446841 -0.169788 -0.218258 0.360415 -0.852387 -3.04977 0.50982 2.86227 1.07829 1.07829 
-0.129798 -0.129798 -0.308277 -0.16869 0.398675 1.62953 0.88049 -1.46514 -0.875368 0.107226 -0.733778 -0.128433 0.60123 0.215046 0.346825 -0.256874 -0.182444 0.924665 0.428404 0.149354 -0.139494 -1.31848 -0.342762 0.44602 0.240518 0.836345 0.747092 -0.397604 -1.82693 -0.388461 1.89051 1.1242 -0.476806 -1.15184 -1.80737 -0.313289 3.2277 2.55853 -1.72631 -2.09344 0.804008 1.48943 0.42864 -0.367171 -0.768568 -0.808611 0.275536 0.186749 -0.389252 0.633575 0.54698 -0.667769 -0.837271 -0.121883 0.570282 -0.481861 -0.924719 0.0204728 0.0204728 
-1.04383 -1.04383 -0.320234 0.85736 -0.587156 -0.440153 0.863971 0.812489 -0.803302 -2.59832 -1.83879 1.12074 2.18959 0.211388 -0.27704 0.672238 0.125037 -0.70115 -0.714844 -0.103805 0.416668 0.363038 -0.4874 -1.36257 0.689228 1.97786 -1.02241 -1.37475 0.794715 0.765738 -0.400583 -1.74946 -0.616687 1.25402 0.335409 -0.104743 0.144222 -0.628307 -0.287651 0.458184 -0.0598748 -0.923388 -0.0321442 1.69163 1.07919 -0.850209 -1.38477 0.511095 0.65554 -0.703919 0.337549 0.317621 -1.30477 -0.344078 1.86302 1.28549 0.819089 0.749039 0.749039 
0.111295 0.111295 -0.0783332 0.635795 1.04502 -0.371633 -0.0355677 0.262305 -0.903715 -0.398997 1.33935 0.788722 -0.64852 -0.683481 -0.377827 1.15706 0.777713 -0.453128 0.368662 0.761327 -0.678964 -1.25368 1.15505 1.33381 -1.75758 -1.12255 1.42674 1.60403 0.601532 -1.20815 -0.688217 0.66562 0.0203338 -0.431986 0.790652 1.3688 -0.595346 -1.29435 0.0860542 0.895047 -0.75982 -1.16606 0.952255 0.317282 -0.109262 1.15562 0.348985 -0.493174 -0.228772 0.107339 -0.439589 -0.778334 1.37627 0.592274 -0.79161 1.84103 -0.982529 -2.63304 -2.63304 
1.09521 1.09521 0.849571 -0.346448 0.546148 -0.132271 -0.921048 0.224603 1.02563 1.2518 -0.338911 -1.09508 0.0598216 0.467964 0.793132 0.16081 -0.487891 0.656394 0.856162 -0.390605 -0.632397 -0.166585 0.540932 1.36668 -0.641678 -1.54963 0.920834 1.24131 -0.148296 -1.40903 -0.692514 1.47014 0.521788 -0.354825 1.21514 0.165288 -1.52091 0.654736 1.52777 -0.255005 -0.394646 0.565239 0.164826 -1.26511 -1.26897 0.531347 1.09275 0.0863392 -0.867668 -0.562575 0.798264 -0.163501 -0.301051 1.0722 0.781318 -0.469212 -2.94198 -2.24076 -2.24076 
-0.580209 -0.580209 -0.718916 -0.604186 0.0127002 0.544012 0.419141 1.40511 0.359658 -0.135163 -0.00697024 -2.13795 -1.814 0.73767 1.24798 -0.488641 -0.96701 0.120388 1.72977 0.574261 -1.00046 0.740054 0.695996 -0.0209682 -0.521227 -2.00306 -0.275438 1.5842 -0.437515 -0.013531 1.04195 -0.369357 -0.149331 -0.741208 -1.98438 -0.716489 1.614 1.75099 -0.176898 -0.91008 0.21782 0.604422 -0.860543 -1.64675 0.580919 2.44821 0.157513 -0.758872 1.08833 0.120569 -1.5269 -0.103219 0.95491 0.610821 0.103589 0.952456 0.742966 -0.455464 -0.455464 
0.276368 0.276368 0.179343 -1.32437 -1.83459 1.01432 1.15567 -0.365614 1.2495 0.962895 -0.850318 -0.929615 -0.517993 -0.0645212 -0.48048 -1.59852 0.14792 2.17097 0.592399 -0.138698 0.767333 -0.102924 -1.44586 -0.281156 1.4915 0.805429 -0.432538 -1.30486 -0.28202 2.21164 1.64371 -0.840895 -1.47777 0.071857 -0.643117 -1.30883 1.52576 0.595752 -1.88179 -0.565517 1.48886 0.874051 -0.514768 0.410336 0.32056 -0.692233 -0.0636727 0.173508 -0.0270055 0.901742 1.17956 -0.361751 -0.505521 1.42106 -0.0221461 -1.1687 -0.613935 -0.633348 -0.633348 
-1.00789 -1.00789 -0.551147 1.56151 1.21642 -0.0889296 0.075906 0.714877 -0.436224 -1.89636 0.405458 1.64362 -0.548768 -0.171575 0.860484 0.553614 -1.84778 -2.00283 1.23099 0.848031 -0.476682 -0.393896 0.479643 0.725249 0.417217 0.800137 -0.130749 -0.670273 -0.266197 0.385539 0.447075 -0.381389 0.796728 0.942977 -0.0312719 -0.191918 -1.15022 -0.210371 1.97827 0.928925 -1.89616 -1.54846 0.942263 1.48484 0.324094 -1.25029 -1.49822 0.848777 1.26688 -0.906484 -0.507367 1.69402 0.85093 -0.892019 -0.583271 0.272433 -0.470859 -0.840708 -0.840708 
0.908077 0.908077 0.595441 -0.0620042 0.0336371 -0.55899 0.027464 -0.0576788 0.54588 1.43702 -0.00443073 -0.906918 -0.443116 -1.06731 -1.22622 0.63262 0.655712 -0.432243 -0.490107 -1.36255 -0.736426 0.567557 1.23186 0.640458 -1.94477 -0.870965 1.37092 1.12453 0.50406 -1.05422 -0.707604 1.40885 -0.644054 -1.97003 1.42375 1.63971 -1.37274 -1.63112 0.190313 0.802711 -0.343679 0.155932 1.50983 0.460199 -0.651646 0.275832 -0.343231 -1.35252 -0.59328 0.169828 0.811304 0.0213833 0.0518579 -0.233243 -2.39216 -0.435053 2.12135 0.831073 0.831073 
-0.763973 -0.763973 -1.39145 0.080409 1.26511 0.371817 -0.0804883 -0.339684 -0.744135 1.42268 1.34102 -1.22344 -1.07003 -0.52962 0.530374 0.542683 0.540455 1.08178 -0.858465 -1.09604 0.347408 1.45522 0.500066 -1.44941 -0.323447 1.12061 0.379827 0.178566 0.15769 -1.52993 -0.304179 2.0991 0.994131 -1.18478 -0.994477 0.567107 0.316301 0.61234 0.144599 -0.757007 0.399874 0.984781 -0.258071 -1.43272 0.722345 2.27975 0.356373 -0.26625 0.172704 -0.592534 -0.763672 -0.598419 -0.309982 1.78823 1.74518 -1.27414 -2.1036 -0.747307 -0.747307 
