23
1.29839 1.13472 1.02307 0.866059 0.648481 0.601153 0.73998 0.628918 0.876575 0.911483 0.759129 0.384396 0.0597496 -0.0133157 -0.227166 -0.522902 -0.8615 -0.859939 -1.06841 -1.46878 -1.50766 -1.62675 -1.77568 
0.892314 1.19478 1.09918 0.88383 0.907255 1.39672 1.46074 0.536585 0.152874 0.164966 0.408767 0.460532 0.128749 0.163744 -0.846784 -0.855464 -1.09748 -1.21866 -1.20574 -1.0192 -0.50179 -1.09913 -2.0068 
-0.619596 -0.668595 0.60758 1.34028 0.843258 1.49957 0.627581 1.96447 0.778089 1.30276 -0.0618238 -1.28857 -1.09967 -0.0888523 0.0505339 -0.0583377 -0.298948 -1.13488 -1.59166 0.00101148 -0.291099 -0.213133 -1.59998 
0.621203 0.544902 -0.697876 0.268421 -0.289059 -1.06255 -0.791511 -0.191024 -0.242643 0.159543 0.209657 0.0433937 0.338706 0.308146 0.908856 1.69737 1.68984 1.36582 0.341332 0.214276 -1.73227 -1.64052 -2.06401 
-0.662035 -0.894862 -0.670047 -1.24862 -0.846639 -0.493657 -0.180562 -0.814224 -0.671723 -0.376055 -0.562072 -0.663525 -0.596607 -0.549517 -0.195889 0.469098 0.449073 1.15407 0.657048 1.13739 1.18958 1.63253 2.73726 
-0.683341 -0.552097 -0.0549907 -0.32281 -0.614065 -0.599746 -0.933444 -1.2887 -1.28021 -1.34031 -1.18596 -0.293609 -0.0361221 -0.0497352 0.37845 0.14554 0.403063 0.732977 1.77378 1.08848 1.11164 1.85067 1.75054 
1.27861 1.50363 1.10453 0.908819 0.829289 0.776355 0.487762 0.415521 0.620459 0.416753 0.638957 0.0735636 0.205721 0.12257 -0.0335835 -0.594227 -0.347932 -0.847311 -1.21757 -1.24519 -1.15994 -1.90969 -2.02709 
-0.596597 -0.670724 -1.00088 -0.322413 -0.501841 0.325835 0.353461 -0.400103 -1.59372 -1.10705 -1.40197 -1.11375 -0.179215 -0.0726477 0.760047 -0.0102498 0.81488 0.411205 -0.175721 1.76486 1.35379 1.23808 2.12473 
-0.737071 -0.539625 -0.34523 -0.398385 -0.166216 -0.553418 -0.091552 -0.00142178 -0.0439643 0.574791 1.29373 0.137015 0.830928 0.294467 -1.84391 -1.41914 -1.3861 -0.70042 0.177878 2.12117 1.60539 1.62022 -0.429137 
1.23101 0.0412159 -1.17747 -2.20548 -2.1096 -1.06212 -0.396966 -0.48911 -0.316957 0.440908 0.473271 -0.223666 -0.624772 0.070056 0.643322 1.0268 0.636077 0.659959 0.9313 0.104086 0.472381 1.96842 -0.0926682 
0.351227 0.319584 -1.48472 -1.08648 -2.00428 -0.47784 -0.335592 0.752743 1.09068 0.911404 1.53882 1.8805 0.567494 -1.37694 -1.47651 -0.0241285 0.218945 -0.574314 0.0930372 0.359782 0.770653 0.119353 -0.133419 
-1.63888 -1.52231 -0.624053 -1.08471 -0.272486 -0.85387 -1.21718 -0.130754 0.193657 0.717319 0.441276 0.870758 -0.0957168 0.347652 -0.590766 -0.477729 -0.509506 -0.0088786 0.37856 1.2455 0.806674 2.33624 1.6892 
0.106582 0.429363 1.3653 1.93066 1.64216 0.539144 0.686905 0.990321 0.916763 0.382801 0.293645 0.236786 -0.307394 -0.357744 -1.09554 -1.37732 -0.622727 -0.2434 -0.398344 -0.962722 -1.30738 -1.54002 -1.30784 
0.00818159 0.00818159 0.0351094 -0.393325 0.050301 1.49188 1.23409 1.67428 2.26469 0.646742 -1.01016 -1.70704 -0.486867 -0.0387203 -0.939371 -1.44395 -0.241453 0.284868 -1.34082 -0.654854 0.482831 0.037698 0.037698 
0.759082 0.759082 -0.044582 0.140154 1.23405 1.29706 -0.896944 -1.59184 -0.138743 0.83518 0.896752 0.00342482 -0.0226019 -1.07604 -1.14383 0.0489386 -0.125668 0.269992 0.747595 1.53058 0.313967 -1.89781 -1.89781 
1.10132 1.10132 1.78809 0.230228 0.163117 -0.166313 0.431616 0.155402 -0.558183 -0.71474 -2.25346 -0.888634 1.07719 1.03369 0.0499809 -0.283868 -0.922629 -1.11255 1.02111 1.16579 -0.164966 -1.12676 -1.12676 
-1.10086 -1.10086 0.00750508 0.736035 -1.11351 -0.232721 1.22793 0.884922 0.67411 0.782261 0.177952 0.438618 0.582883 0.907546 1.77828 1.13168 -0.0510345 -1.13215 -0.922759 -1.90299 -1.67037 -0.0512356 -0.0512356 
-0.596672 -0.596672 -1.21686 -0.899065 0.771927 0.61249 -1.15732 -1.46333 0.203675 -0.385611 -1.09795 -0.644248 -0.377795 0.136496 1.24486 0.574612 0.646376 -0.20924 -0.612213 0.372935 0.305857 2.19388 2.19388 
0.634736 0.634736 -0.0631301 -1.44178 -0.94839 -1.02261 -1.66892 -1.07051 -0.55434 -0.29927 1.36633 1.54669 -0.0376207 0.26089 -0.122607 -0.421055 0.563188 1.93295 0.157595 -1.62201 0.868785 0.653176 0.653176 
0.533815 0.533815 -0.841329 0.203184 0.669835 -0.0134831 -0.0765884 1.53651 1.10682 1.16325 -0.0189183 -0.313234 1.26297 0.320628 -1.24005 0.0753482 0.275592 -1.73961 -0.197654 1.29116 -1.06913 -1.73147 -1.73147 
-0.731483 -0.731483 0.154242 0.331636 0.507237 0.750917 -1.11003 -2.54731 -1.08769 -0.0300171 -0.263562 1.18337 0.969583 0.849729 -0.182247 -0.19115 0.240325 -1.42151 1.33742 1.54439 -0.875641 0.651635 0.651635 
0.282179 0.282179 0.0835252 0.113468 -0.151334 0.0307497 0.409135 0.00928566 0.428332 1.03197 -0.375467 -0.395308 0.0963763 -2.14881 -1.38683 0.334472 0.541296 1.21134 2.20826 1.10316 -0.425542 -1.64122 -1.64122 
-1.89823 -1.89823 -1.76503 -0.682649 1.02625 1.49498 0.556645 0.15072 0.850594 0.735496 -0.462349 -0.819257 0.326686 1.12896 0.872602 0.0788779 -0.217206 0.327921 -0.372847 -0.293018 1.61989 -0.380404 -0.380404 
-1.24916 -1.24916 -0.930855 -0.274452 0.560922 1.34584 1.02144 1.16634 0.22774 0.442086 0.827823 -0.608957 -2.3017 -1.40322 1.11194 1.36565 -0.297124 0.0170307 0.801908 0.611998 -0.0677663 -0.559159 -0.559159 
0.916769 0.916769 0.063072 -0.0641713 -0.242722 -1.9813 0.48534 1.50246 0.670147 -0.217906 -0.357196 -1.37832 -1.35779 -1.31629 -1.80484 -0.463946 0.109288 0.729295 1.27106 0.0490404 1.02904 0.721101 0.721101 
1.64739 1.64739 1.94315 0.450238 -1.58394 -1.05203 0.66278 0.392935 -0.628048 -0.647065 -0.0653525 -0.620147 -0.61221 -0.848275 -1.13045 0.689157 1.49522 0.38626 -0.764364 -0.99568 -0.591195 0.112121 0.112121 
0.0321458 0.0321458 -0.291575 0.0232781 1.43624 0.906259 0.149621 0.790513 -0.764599 -2.46265 -1.76669 0.407192 1.27236 -0.330108 -1.04998 0.539139 1.31808 -0.81887 -0.698245 1.38973 0.535085 -0.324539 -0.324539 
-0.285967 -0.285967 -0.166317 1.0627 0.983859 -1.14566 -1.63654 0.725626 1.80649 0.905224 -0.304162 -0.360898 -0.4646 -0.491646 0.963182 0.893995 0.377724 0.80015 1.05102 -0.0463013 -1.98596 -1.19798 -1.19798 
0.623764 0.623764 -0.465049 -0.991949 -0.13338 0.331428 0.368621 -0.548017 -0.464387 -1.04109 0.0222319 2.47161 1.48731 -0.574164 -0.777094 -0.536004 -0.435412 1.50228 1.73614 -0.685202 -1.45853 -0.528442 -0.528442 
0.708866 0.708866 1.28363 -1.04997 -0.92985 1.68168 0.716182 -0.602496 -0.246558 -0.557002 -0.436677 0.153899 0.204388 0.777529 0.0112653 -1.60878 -1.95159 -0.853298 -0.773703 -0.755383 1.29535 1.11183 1.11183 
-0.717568 -0.717568 -0.469151 1.32185 0.948801 -1.74085 -1.85543 0.83111 0.609673 -1.25025 -0.434947 0.330172 0.37753 1.03565 0.109701 -0.700603 -0.845505 -1.2166 0.22231 0.484877 1.19065 1.24308 1.24308 
-0.464657 -0.464657 -1.43563 -0.596637 0.322058 -0.480618 -0.00688909 0.811828 0.570018 1.37955 1.32693 -0.961943 -0.878731 -0.0330128 -0.453444 0.509841 1.68474 -0.258813 -2.47688 0.527726 1.62923 -0.125009 -0.125009 
-0.749956 -0.749956 -0.0310169 1.23669 0.047424 -0.317207 1.26342 1.0111 -0.0603571 -0.57829 -0.819711 1.07888 0.632843 -1.52627 0.0277301 1.23977 -1.05268 -0.129179 2.28264 -0.403279 -1.88392 -0.259333 -0.259333 
0.438546 0.438546 0.556322 0.084856 0.128865 -1.22324 -2.33926 -0.134668 1.52177 0.397649 0.65609 0.669205 -0.371018 -0.914227 -0.840564 0.131049 -0.966367 0.578879 1.81962 -1.6188 -0.742223 0.864484 0.864484 
0.022493 0.022493 0.0448745 -0.00456996 0.109152 0.589922 0.154938 0.185332 0.935416 -0.429841 -0.895876 0.523675 -1.13972 -0.937681 2.02718 1.61221 0.826426 1.41701 0.0901191 -1.79773 -1.88039 -0.737715 -0.737715 
0.0610744 0.0610744 0.863352 2.03129 1.57644 -0.385742 -1.03405 0.180221 0.395787 -1.01084 -1.19007 0.547188 1.40639 0.366984 -0.815998 -0.845445 0.146936 -0.153023 -0.497911 1.43939 -0.102431 -1.52031 -1.52031 
0.1828 0.1828 0.634176 0.989737 1.07811 0.280592 -0.159518 -0.581874 -0.534116 0.376563 -0.758835 -2.1881 -0.582258 2.31131 1.86793 -1.00503 -0.963465 0.719666 0.373045 -0.634116 -0.841431 -0.373991 -0.373991 
-0.635418 -0.635418 -0.738261 -0.192582 -1.49493 0.643021 2.87028 0.203941 -1.33589 -0.775765 -0.883322 -0.754143 0.10471 -0.306754 0.743471 1.60165 1.019 0.993564 -0.495235 -0.141035 0.597758 -0.194319 -0.194319 
0.268133 0.268133 -0.769388 -2.38861 -0.981432 1.62398 1.06679 -0.83449 -0.660173 0.453645 0.0812984 -0.317456 -0.0959502 -0.297567 1.13105 1.88734 -0.147912 -1.50774 -0.897809 0.182938 0.832474 0.551371 0.551371 
