33
0.299759 0.368047 0.40632 0.405371 0.430758 0.480468 0.518204 0.515165 0.422558 0.449357 0.53012 0.577173 0.607528 0.672807 0.711781 0.701889 0.722678 0.68748 0.654862 0.592703 0.564251 0.508559 0.371908 0.27334 0.0954337 0.040214 -0.57752 -1.41385 -1.8173 -1.95589 -2.22858 -2.41835 -2.19724 
0.460071 0.669116 0.43652 0.451698 0.629506 0.514146 0.527118 0.549474 0.630472 0.559356 0.417912 0.359962 0.475365 0.3173 0.127803 0.136247 -0.00940547 0.0684558 0.0259853 0.264455 0.571213 0.741442 0.463342 0.619689 0.492393 0.29207 -0.600163 -0.173642 -0.681625 -1.29476 -1.60805 -2.65119 -3.78228 
1.06266 1.26368 1.60144 1.77136 1.17306 1.40583 1.23643 0.937979 1.12015 1.22574 0.277506 0.299931 -0.212129 -0.629441 -0.474576 -1.02224 -0.94217 -0.747516 -0.997139 -1.09886 -1.63692 -0.867226 -0.0541714 -0.727921 -1.05622 -1.3125 -0.710895 0.519645 -0.289812 -1.09239 0.55266 0.0283501 -0.60431 
1.08373 0.980781 1.0297 0.510255 0.427422 0.468704 0.197023 0.282821 0.366698 0.248324 0.410863 0.419678 0.627384 0.634311 0.451593 0.807606 0.692542 1.03312 1.01304 1.00499 0.90501 0.110113 0.177476 -0.519547 -0.918487 -1.41768 -1.82207 -1.904 -2.11155 -1.21125 -1.19368 -1.18559 -1.59935 
-0.102198 -0.448877 -0.608696 -0.160998 -0.0592812 -0.148886 0.225555 0.323561 0.143222 0.145611 0.303294 0.0683068 -0.0439616 -0.0290845 -0.0121992 -0.406351 -0.347648 -0.714145 -0.63327 -0.68466 -0.994522 -1.21771 -1.63132 -1.51508 -0.928942 -0.426221 -0.667244 0.932458 1.05999 1.97136 2.043 2.20344 2.36149 
0.0973993 0.142712 0.278487 -0.124853 -0.167792 -0.82342 -1.14315 -1.15127 -0.464105 -0.464439 -1.16319 -1.33582 -1.302 -1.30894 -0.791415 -0.126403 -0.231585 -0.231737 -0.16532 -0.247982 0.95264 1.69198 1.22731 0.354104 -0.615045 -0.42972 -0.770115 0.612749 0.668221 1.0393 1.8699 2.42558 1.69793 
0.583543 0.348979 0.539677 0.0913025 0.570042 1.55396 1.79163 1.35068 0.725522 0.47283 1.04373 0.902394 0.784457 0.331841 0.211765 0.0268013 0.342669 0.416476 -0.36832 -0.63435 -1.10521 -0.664064 -0.728694 -1.11369 -1.49538 -2.00072 -2.04799 -2.10428 -0.145682 0.682416 -0.13058 0.322611 -0.554364 
0.897747 0.333834 0.671223 0.907732 0.946653 0.154502 -0.038277 0.093525 -0.0553669 -0.630343 -1.20706 -0.237865 -0.542482 -0.593958 -0.623128 -0.774871 -1.29342 -0.745735 -0.596581 -0.446773 -0.688662 0.16049 1.37859 1.42586 2.22605 1.81978 1.85882 -0.533234 0.0314196 0.131467 -0.945881 -1.07572 -2.00832 
1.19497 1.24517 1.20973 0.983139 0.506538 0.756117 0.728467 0.80367 0.967584 1.3754 1.46158 0.927568 0.94176 1.09901 0.647563 0.0499831 -0.247233 -0.5301 -0.788363 -0.479274 -0.679019 -0.829141 -0.230647 -1.25163 -1.12526 -0.771474 -0.848232 -0.894565 -1.77176 -1.19016 -0.367117 -1.55684 -1.33742 
-1.05037 -0.920954 -1.05362 -0.824728 -0.79826 -0.736126 -0.847907 -0.685715 -0.681373 -0.437556 -0.382616 -0.310377 -0.443793 -0.290869 -0.403582 -0.466141 -0.351269 -0.37229 -0.143963 -0.149923 -0.174402 -0.262312 -0.708248 -0.450798 -0.0147499 0.486832 1.25113 2.23015 1.55159 1.49744 2.02429 1.88376 2.03677 
-0.894891 -0.532416 -1.22335 -1.31474 -0.886111 -1.09533 -1.24532 -1.27008 -1.25323 -0.928394 -1.06981 -0.510699 -0.0715117 -0.156919 0.590798 1.2969 1.93838 1.9349 1.59846 1.1437 1.56836 0.300816 -0.12781 -0.210323 -0.0729051 0.612748 1.09526 0.835226 0.122266 -0.235102 0.423079 -0.375104 0.0131626 
-1.22675 -1.21679 -0.762148 -1.11206 -1.15982 -1.00283 -0.841702 -1.03768 -1.00579 -1.01205 -0.865556 -0.974274 -1.15048 -1.12907 -0.704791 0.115114 0.492199 0.886597 1.33838 1.64436 1.05464 1.0335 0.638943 0.498954 0.871127 1.03804 0.954637 1.74604 0.838821 0.281951 0.330543 0.459607 0.978345 
0.672149 0.905348 0.661419 0.256281 -0.180671 -0.204404 -0.339428 0.0476238 0.234139 -0.391274 -0.883864 -0.916033 -0.649126 -0.921003 -0.396916 -0.0530133 -0.179339 -0.301125 -1.06115 -1.79264 -1.3127 -1.10106 -1.20685 -1.3228 -0.00483281 0.742467 1.50828 1.5121 2.0346 0.613085 0.757422 2.18979 1.08354 
0.712708 0.712708 0.524715 0.489725 0.627277 0.660808 0.51758 0.16367 0.244686 0.715427 0.770422 0.63355 0.683038 0.706444 0.502337 0.452959 0.384247 0.239232 0.166028 0.177341 0.1949 -0.0988843 -0.215305 -0.327322 -0.20962 -1.40386 -3.52476 -2.94293 -1.04838 -0.693343 -0.832337 0.508469 0.508469 
0.426796 0.426796 0.122844 0.76629 0.561628 0.303192 0.519108 0.625761 0.479213 0.130462 0.151103 0.553796 0.396832 -0.0811995 0.179858 0.248599 0.357435 0.519206 0.771014 1.31855 1.21156 0.294596 0.272832 0.509266 -0.0499332 -1.24923 -0.266439 0.336 -1.294 -0.988764 -1.66294 -2.94511 -2.94511 
0.823863 0.823863 0.784167 -0.410616 -0.330395 0.217058 -0.460997 -0.0122544 0.503459 -0.939378 -1.04553 -0.488801 -1.05008 -0.198818 -0.365197 -0.460667 0.486824 0.0660057 -0.312283 -0.680447 0.431821 2.15638 0.313977 -1.14284 -0.60998 0.57694 2.47471 0.673638 -1.92142 1.2115 1.56667 -1.34058 -1.34058 
0.232007 0.232007 -0.672314 -0.958384 0.259101 -0.150939 -0.0542819 0.717729 0.274417 0.445212 0.721372 0.819443 0.815341 -0.0323692 0.725589 0.87248 0.838977 1.04521 0.288234 0.114749 -1.59369 -1.23035 -1.01783 -2.0303 -1.60076 -1.61259 -0.706602 -0.279232 1.85345 2.34226 0.405049 -0.53149 -0.53149 
-1.12437 -1.12437 0.237524 0.685905 -0.235254 0.232308 0.553951 -0.397172 -0.561098 0.0184113 -0.38855 -0.851359 -0.422988 -0.201565 -0.90281 -0.831117 -0.783705 -0.745692 -0.205469 -0.875354 -1.16988 -1.34775 -0.765844 0.948142 1.61074 0.19264 2.07332 2.70517 1.52509 1.42927 0.141855 0.290003 0.290003 
0.0740078 0.0740078 -0.451924 -0.661421 -0.957165 -1.28163 -0.52259 0.657735 0.66686 -0.957773 -1.15975 -0.300991 -0.106763 0.46026 1.24796 0.517987 -0.261749 -0.0605935 -0.157315 1.17225 2.13584 0.183704 -1.7066 -2.29796 -1.05711 -0.320052 1.08376 1.54781 0.361747 1.27039 1.48679 -0.33987 -0.33987 
0.00660405 0.00660405 -0.246139 0.0943505 1.78744 1.50249 -0.181833 -1.20178 -0.979241 0.43461 0.566239 -0.248031 -0.615987 -0.618514 -0.302126 0.213197 0.519087 -0.781994 -1.18371 -0.812616 0.0233321 0.503536 -0.473037 -0.847837 -0.990099 -0.594772 -0.0639498 2.30715 3.35257 0.0763087 -0.366864 -0.442493 -0.442493 
-0.0629103 -0.0629103 0.825373 0.494143 -0.647432 -0.904566 0.120808 0.169513 -0.614848 -1.08963 0.62404 0.926006 -0.206701 0.0989804 -0.0122928 -0.555393 0.220813 0.961813 0.520259 0.0862896 0.8624 2.48265 1.59274 1.12896 0.625648 -0.219058 -2.42283 -1.83951 0.926144 -0.8961 -1.15122 -0.990589 -0.990589 
0.371412 0.371412 -0.129177 -0.927057 -0.0658641 0.746103 0.430729 0.777188 1.37874 1.23816 -0.46521 -0.595415 0.654788 -0.187356 -1.55253 -1.27359 -0.704405 -0.633957 0.436648 0.542484 -0.288041 1.15565 -0.419379 -1.27327 1.21313 0.84576 0.122104 -1.32556 -0.18989 2.88515 -0.318436 -1.41016 -1.41016 
-0.397802 -0.397802 -0.180462 0.167236 -0.19712 -0.49918 -0.280563 -0.0268451 0.151497 0.262049 -0.112831 -0.524372 -0.348085 -0.302851 -0.773658 -0.276406 -0.185653 0.0622366 0.0951462 -0.457213 -0.636268 -1.55711 -0.802532 1.12452 1.65793 2.37511 3.41829 0.265776 -1.99163 0.642106 0.453363 -0.363446 -0.363446 
-0.469912 -0.469912 -1.10022 0.454585 0.290947 -0.512612 -0.256439 -0.0247485 0.460752 0.240968 0.566312 1.37262 0.477551 0.906021 2.00523 1.8577 0.872257 -0.485833 -1.11253 -0.0555663 -1.18432 -2.36931 -0.723605 0.0624884 1.12928 1.60853 0.295206 -1.36501 -1.50018 0.403993 -0.208188 -0.583031 -0.583031 
0.554081 0.554081 -0.082419 -0.97102 -0.0744651 0.294998 -0.3293 -0.55787 -0.222315 -0.0196329 -0.200848 -0.771607 -0.541453 0.520636 1.93294 1.84945 1.09686 1.22898 1.0726 -0.769511 -1.34809 -1.00289 -1.21311 0.143004 0.685818 -0.119953 0.984586 -0.472501 -2.85719 -1.16665 0.0465621 0.878109 0.878109 
-0.0865468 -0.0865468 -0.857317 -1.09038 -0.629852 -0.265285 0.230725 0.618973 -0.603545 -1.42354 -0.707219 0.209848 -0.0795921 0.230944 0.974478 0.189127 -0.373177 -1.13835 -1.87455 -0.377335 0.76147 0.054225 -0.341328 1.37781 2.42015 1.75344 0.855714 0.561929 -1.15912 -1.61574 1.83023 0.320186 0.320186 
-0.209307 -0.209307 -0.244091 0.0795347 0.147652 -0.131473 -0.516631 -0.293709 0.526083 0.500215 -0.103817 -0.109292 0.0500409 -0.202059 -0.274414 -0.139816 -0.234889 -0.239355 -0.0839489 0.00627917 -0.29702 -0.43021 -0.249514 -0.0167716 -1.09261 -3.31802 -1.55243 2.43935 2.21391 0.192352 1.17231 1.31048 1.31048 
-0.0672872 -0.0672872 0.772936 0.902588 -0.275105 0.274095 0.750835 0.277522 -0.317153 -0.0988349 0.882415 0.650496 -0.49957 0.0462887 0.760275 0.561501 0.682981 0.869677 1.37341 0.904884 -1.00748 -0.896184 0.609939 -0.0918546 -1.96665 0.046901 2.39963 -1.01219 -1.40028 -0.152144 -2.22502 -1.34467 -1.34467 
0.103903 0.103903 -0.582776 -0.513856 0.48746 0.0516559 -0.00507629 0.681018 -0.40613 -0.763531 0.385677 0.124099 0.293378 0.520339 -0.0237758 0.616399 0.429411 -0.332554 -0.302292 0.554376 1.75713 0.0589878 -1.76945 -0.404309 1.11513 1.89958 0.182292 -2.39987 0.43584 2.13143 -1.34004 -1.54417 -1.54417 
-0.689466 -0.689466 -0.935315 0.888165 0.781626 -0.181614 0.83424 0.370191 -0.146494 0.471821 0.409321 0.168464 -0.64434 0.0105737 0.865335 0.185153 0.236153 -0.385602 -0.711933 -1.52962 -1.06827 0.582601 -0.599774 -0.413263 0.446691 0.856151 1.23359 2.28782 2.34062 -1.15705 -2.38199 -0.717155 -0.717155 
1.15994 1.15994 1.58264 -0.569647 -0.551565 0.620056 -0.717374 -1.17513 0.267833 0.0387176 -0.943902 -0.156413 0.488629 -0.576288 -0.717443 -0.0116644 -0.0434149 0.421169 -0.246183 -1.03312 -0.569286 0.256946 2.04045 2.11652 -0.836178 0.31214 2.24468 -0.640778 -1.32678 -1.42796 -1.19796 0.0157156 0.0157156 
-0.287297 -0.287297 -0.427413 -0.273458 -0.350352 0.35511 1.36155 0.859986 -1.01603 -1.15722 0.503726 0.768716 0.573598 0.970522 0.103066 -0.945266 -0.322509 0.134305 0.889009 1.59817 -0.596704 -2.50545 -1.59533 0.498849 1.38732 1.49631 1.31372 -0.418439 -0.121086 0.816912 -1.01252 -1.15725 -1.15725 
-0.139797 -0.139797 0.0810055 1.34285 0.937257 -1.25294 -1.72957 -0.493003 1.08528 1.02632 -0.418579 -0.742552 -0.21615 0.227637 0.563455 0.556648 -0.621263 -1.08014 0.0042451 0.806853 0.877608 -0.297784 -0.852241 -0.311204 0.188212 0.624697 1.90596 2.23966 -1.42256 -2.38789 -0.312332 -0.024941 -0.024941 
0.667149 0.667149 0.425038 -1.05868 -1.00452 0.579404 0.802956 -0.519862 -0.902505 0.923422 1.49118 -0.589364 -0.586648 0.159965 -0.460449 0.18825 1.12686 0.236741 -0.622097 0.267949 1.76947 0.551703 -0.971612 -0.689031 -0.967465 -2.21041 -1.1666 2.46578 0.707446 -1.50058 -0.0512036 0.135277 0.135277 
-0.214926 -0.214926 -0.712904 0.13702 1.14177 0.407442 0.116905 0.689185 0.385211 -1.05335 -1.04688 0.796525 0.352185 -1.28014 -0.580444 0.62684 0.496718 0.809666 0.831753 -0.354793 0.480195 0.015533 -1.41844 1.11639 1.42005 -0.583431 -1.25768 -0.0972191 2.72552 0.0172755 -2.58331 -0.583869 -0.583869 
0.163787 0.163787 0.407757 -0.000403159 -0.45632 -0.0472642 0.342709 0.31445 0.213994 -0.174186 -0.540524 -0.153786 0.16672 -0.287327 0.0298409 0.423872 0.248901 0.208314 -0.353198 -0.501927 -0.760482 -0.105377 1.89291 1.73772 0.888789 1.24648 -1.46878 -3.7847 0.275345 1.72686 -0.694281 -0.561846 -0.561846 
-0.442849 -0.442849 0.718287 1.0668 -0.694442 -0.380924 0.392207 0.563469 0.226305 0.1067 0.872994 -0.0384202 -0.320595 1.16874 0.738585 -0.818241 -1.7223 -1.45438 0.349193 -0.0257468 -1.70005 0.371931 1.84395 1.41161 1.18246 -0.595022 -2.19279 -1.31294 1.34897 0.992732 -0.709249 -0.252068 -0.252068 
-0.477557 -0.477557 -1.11853 -0.0126916 0.894791 -0.20225 -0.63363 0.0587432 0.369819 -0.00294455 -0.560852 -0.264118 0.913707 1.76643 0.940091 -0.621515 -0.465999 -0.0359315 -1.46 -1.76455 -0.186773 0.0789361 0.808142 1.35133 -0.208108 0.197082 -0.272733 -2.78962 -0.519138 2.07614 1.45652 0.581392 0.581392 
-0.499587 -0.499587 -0.659902 0.187047 0.598128 0.622531 0.638819 -0.543265 -1.37435 -0.0407268 1.15411 0.462296 0.0450962 0.755624 0.00182108 -0.896396 -0.882514 -1.00213 0.554045 1.84376 0.327432 -0.727972 0.941006 1.93006 0.288962 -1.04551 -0.78899 -1.35531 -1.46732 2.0868 1.36221 -1.00809 -1.00809 
