34
0.032928 0.223308 0.228271 0.30154 0.405896 0.470446 0.507009 0.529719 0.6075 0.64803 0.717346 0.697202 0.630364 0.616236 0.636051 0.580842 0.55719 0.628955 0.620473 0.589473 0.570139 0.642491 0.681598 0.647439 0.365015 0.0652577 -0.330675 -0.825321 -1.56805 -1.90909 -2.10527 -2.25573 -2.34193 -1.86466 
1.10176 0.717783 0.668283 0.648994 0.566657 0.265226 0.17272 0.157788 0.117671 0.0289355 -0.0992229 -0.12302 0.033164 0.272334 0.389422 0.699347 0.931564 0.796544 0.981862 1.02291 1.04405 0.596778 0.287303 0.000822001 0.0574568 -0.0624746 -0.184862 -0.979979 -0.0151118 -1.12261 -1.63965 -2.04383 -1.92069 -3.36792 
0.0561105 -0.0462392 0.954855 0.706995 0.554609 0.729929 0.96679 1.10175 0.677659 0.707199 0.208352 0.864895 0.98376 0.782728 0.0754284 0.245766 -0.470818 -0.539337 -1.52566 -1.59801 -1.84643 -1.58966 -1.48159 -0.701353 0.715371 -0.0806624 -1.05792 -1.80232 1.60292 1.51271 -0.432283 -0.721345 -0.338224 0.784025 
0.334781 1.20308 1.23566 1.34266 1.01818 0.939658 1.07392 0.737597 0.208488 0.224711 0.519134 0.0949554 -0.445234 -0.518815 -0.67556 -1.04766 -0.551607 -0.37831 0.210378 0.359047 0.81285 0.969752 1.35041 0.653066 0.362236 -0.176438 -0.288794 -1.06424 -1.84996 -1.73311 -2.00591 -2.0882 -1.15426 0.327536 
0.830836 0.516473 0.366012 0.0578105 0.0258426 0.0550519 -0.105756 -0.243858 -0.150001 -0.382352 -0.457418 -0.353695 0.0376897 -0.239181 -0.282318 -0.0580661 0.0535831 -0.00953439 -0.155947 -0.29396 -0.772108 -1.02242 -1.17075 -1.31281 -1.91637 -1.316 -1.11695 -0.495219 0.481381 1.38562 1.18352 1.98717 2.61343 2.26029 
0.804678 0.267151 -0.152612 -0.1199 0.239221 -0.239925 -0.335148 -0.8393 -1.20213 -1.03222 -1.2404 -1.02131 -1.30493 -0.980986 -0.55899 -0.37713 -1.16888 -1.37003 -1.12173 -1.01928 -0.252485 -0.0451336 0.43841 1.04675 1.36035 1.06377 0.418254 0.950891 1.25445 0.36008 0.841609 1.71319 2.15244 1.47129 
-0.936593 -0.00890187 -0.320929 -0.492167 -1.28512 -1.19693 -1.71956 -0.889548 -0.591799 -0.637485 -0.474672 -0.618834 -0.606233 -0.435867 -0.349809 -0.48432 0.160242 0.872649 0.92448 1.22033 0.903553 1.03269 0.549146 -0.381846 -0.540355 -1.33898 -0.717398 0.178397 1.55442 0.596312 0.407333 1.21339 2.66527 1.74914 
-0.380869 -0.317369 0.44414 0.199951 0.200425 -0.0978755 -0.212689 -0.577856 -0.207198 0.0888613 0.200026 0.455675 -0.389508 0.571868 0.911634 1.10085 0.664221 0.0690746 -0.376445 -0.461963 0.518193 0.774526 0.940058 0.895615 1.12869 1.28814 0.889704 1.52486 -2.26375 -1.99823 -0.16645 -1.25563 -2.57286 -1.58782 
-1.43743 -0.778144 -0.429437 0.0714572 0.550518 0.63031 1.06489 0.565714 0.469282 0.690588 0.380931 -0.30194 0.719962 0.606415 0.381844 0.11448 0.131856 0.354822 0.506904 1.05483 0.598439 0.351623 0.22493 0.797412 0.555963 -0.906516 0.677494 1.52855 -1.77088 -2.05829 -0.557544 0.0299859 -2.63615 -2.18287 
-0.246785 -0.772878 -0.854443 -1.03046 -0.754984 -0.474728 -0.0290423 0.184061 0.11148 -0.034466 0.411593 0.69222 0.375895 -0.0358713 -0.0501806 0.148417 0.075033 -0.37081 -0.279876 -0.814936 -0.713394 -1.26732 -1.43245 -1.0901 -1.64005 -1.14355 -0.0954676 1.00072 1.52491 1.77519 2.13164 1.85768 1.6753 1.16764 
-1.61965 -1.22158 -1.70646 -1.09602 -0.889218 -0.782733 -0.0162311 0.742424 0.641999 0.871689 0.744147 1.129 1.57933 1.57399 0.992095 0.53136 0.199709 0.284993 0.0193437 -0.0512807 -0.73583 -0.593976 -0.550122 -0.99767 -0.800254 0.14351 1.43771 1.72977 1.37868 0.189373 -1.49001 0.016228 -0.738249 -0.916063 
1.13125 -0.210275 -0.112944 -0.31367 -0.486386 -0.454914 -0.593126 -0.165327 0.558677 0.767906 0.816993 0.959376 0.834988 1.00647 0.888917 0.262274 -0.419707 0.198214 0.213416 0.0516526 0.901927 1.22806 1.02319 0.243998 0.326973 -0.702233 0.0976623 1.69607 -0.854072 -1.47559 -1.86771 -2.09878 -2.66017 -0.793115 
0.128205 0.280646 -0.185384 -0.305833 -0.443779 -0.527575 -0.959381 -0.659982 -1.08887 -1.14583 -0.788504 -0.875873 -0.625924 -0.583612 -0.822517 -0.9313 -0.256984 -0.549036 -0.624301 -0.222648 -0.374939 -0.0991413 -0.48882 -0.609749 -0.383234 0.334267 0.914459 0.889613 1.77585 1.61638 2.45015 1.63547 2.33828 1.1899 
0.795326 0.795326 0.494243 0.749774 0.727356 0.553067 0.445503 0.551469 0.597283 0.575519 0.41953 0.0694924 0.0849601 0.307736 0.202119 0.0903702 0.416809 0.45581 0.191612 0.16371 0.429419 0.579666 0.305837 -0.520791 -1.20362 -1.49544 -1.99649 -2.88806 -2.49317 -1.08804 -0.598059 -0.315308 1.29852 1.29852 
-0.339996 -0.339996 0.37789 0.313249 -0.24215 -0.262167 0.301808 0.404937 0.259654 0.086343 0.214175 0.773905 1.29156 1.2146 1.35388 1.58051 0.704633 0.612312 0.958901 0.635716 -0.325542 -0.976358 -0.659842 0.0608474 0.388701 0.0362936 -1.29281 0.847456 0.232539 -2.68462 -1.30014 -0.0399159 -2.09318 -2.09318 
0.650311 0.650311 0.534235 -0.385917 -0.0483388 0.26217 0.229972 -0.29728 -0.381372 -0.441009 0.0591628 0.551923 -0.13218 -0.791227 -0.494979 -0.502385 -0.692925 -0.908099 -0.911155 -0.322522 -0.0599718 0.224403 0.641981 1.68593 0.428502 -1.48122 -1.44003 2.05597 2.57782 -1.69015 -1.84878 0.00839856 1.13423 1.13423 
0.989955 0.989955 0.12655 -0.278398 -0.488816 0.0314549 -0.26092 -1.01327 -0.613437 0.320557 -0.178917 -1.12548 -0.727853 -0.292977 -0.631535 0.108822 0.727372 0.832435 0.804503 0.651526 0.660863 0.577911 -0.39092 -1.15248 -0.972523 -0.770111 -1.03864 -1.80232 -0.790347 -0.208627 -0.434479 0.934123 2.70801 2.70801 
-0.881689 -0.881689 -0.872039 -0.686441 -0.157945 -0.35975 -0.621814 -0.222927 -0.370552 -0.635139 -0.108739 0.621875 0.025742 -0.65486 0.13006 0.372505 -0.0776083 -0.481816 -0.599127 -1.11873 -1.29462 -0.778026 -0.608476 -1.32151 -0.158616 1.09854 1.13198 2.34987 2.79238 0.94615 0.788602 2.08608 0.274175 0.274175 
-1.43213 -1.43213 -0.613077 0.505655 -0.229539 -0.882127 -0.918045 -1.30242 -0.334234 -0.112116 -0.0414851 -0.149828 0.000776726 1.01427 0.81019 -0.933151 -1.48327 0.010579 0.44664 1.19138 1.34205 0.935205 1.51116 1.26706 -0.0327076 -1.4103 -0.219273 1.14391 -0.905743 -0.650121 1.88636 1.82564 -0.404591 -0.404591 
0.486996 0.486996 -0.774749 -1.32692 -1.02906 -0.7187 0.133037 1.07497 0.0695254 -0.0854029 -0.198469 -0.370937 -0.00980915 0.0745327 -0.275514 0.365736 1.33813 0.657583 0.179314 -0.24391 -0.435334 -0.626799 -1.84399 -1.4708 -1.31883 -0.423157 1.52231 2.38852 0.259949 -1.53692 0.488617 2.37258 0.395251 0.395251 
0.793455 0.793455 0.525863 -0.135995 -0.183055 -0.283318 -0.34147 0.0807351 0.65579 0.430114 0.394971 -0.436747 0.17701 1.20754 0.536005 -0.13921 -0.821356 -0.829088 -0.385873 0.854009 1.15131 0.442848 0.181268 0.240006 0.41733 -0.131879 0.281832 -2.66654 -2.988 1.89994 0.72178 -2.01684 -0.212943 -0.212943 
0.860655 0.860655 0.73894 0.83911 0.515518 0.481332 0.0364336 -0.371614 0.18203 0.0181801 -0.676627 0.346597 0.784089 -0.173751 -0.291951 -0.106028 0.270761 0.374274 0.623985 0.156412 -0.454299 -0.200947 0.428634 0.340451 -1.22329 0.179461 1.95728 -1.79536 -2.6702 1.01845 1.69078 -1.51121 -1.61438 -1.61438 
-0.96129 -0.96129 -0.468647 0.0338033 0.675897 0.915423 0.820922 0.0915901 -0.413684 0.316174 0.916471 -0.156398 -1.13077 -0.705757 0.153179 0.0700462 -0.836845 -0.605608 -0.731158 -0.71623 -0.742781 -1.11805 0.143235 -0.398304 -0.181382 2.06745 2.91137 2.17412 0.983719 0.747666 0.00992242 -0.748345 -1.07722 -1.07722 
-0.0954951 -0.0954951 0.125542 0.845454 0.320936 0.903468 1.58225 0.679949 0.129402 0.101179 0.262673 0.864123 0.458005 -0.616333 -1.0903 -0.829852 -0.261556 -0.192861 -0.35513 -0.791122 -0.569974 0.188148 -0.425301 -0.265475 1.1826 2.32414 1.64584 -0.0665826 -1.60838 -2.99086 -0.185346 0.777291 -0.975466 -0.975466 
-1.09665 -1.09665 0.0230183 -0.242027 -0.0141305 0.019735 0.408718 1.25496 1.04044 0.378027 0.31242 0.142159 0.170715 0.177427 -0.605909 -1.15988 0.0616244 0.74589 -0.0193497 0.800253 1.27911 0.243509 -0.841333 -0.558818 -0.804204 -0.100565 2.47837 -0.809605 -2.9884 -0.870357 -0.487146 -0.653285 1.40597 1.40597 
-0.800654 -0.800654 -1.37112 -0.685275 -0.608654 -1.22295 -0.421902 -0.415804 -1.16076 0.48279 0.419227 0.194754 0.465846 -0.55608 -0.871938 1.03711 0.653994 -0.91297 0.537186 0.376168 0.113073 -0.383175 -1.21251 0.0756124 1.82831 2.56765 1.01581 1.65558 1.37416 1.26449 -0.105198 -0.378979 -1.07657 -1.07657 
-0.426097 -0.426097 -0.13126 0.190268 -0.305667 -0.40391 -0.0805456 0.0964247 -0.0509524 -0.283796 -0.662566 -0.464736 0.196189 0.0564782 -0.329504 0.169012 0.34295 -0.33854 -0.415733 0.195685 0.401237 -0.221292 -1.34843 -1.82035 -1.20328 -0.993523 -1.68553 -0.651784 1.99819 2.10791 0.812893 2.10961 1.78337 1.78337 
0.706377 0.706377 0.653301 -0.392182 -0.355542 0.563566 0.66468 0.0823151 -0.144667 0.0795846 0.681478 1.00156 0.478775 0.168098 0.417375 -0.416162 -0.678052 0.325704 0.136144 -0.937717 -1.20673 -0.157564 0.968567 0.977877 0.0967663 -1.26375 0.782965 1.36938 -2.78323 -1.14154 2.28847 -0.534236 -1.56899 -1.56899 
-0.100003 -0.100003 -0.62811 -0.367742 0.338578 0.12635 -0.354471 -0.384254 -0.115874 0.219456 0.536496 -0.143201 -0.804264 -0.241606 0.132394 -0.146991 -0.266236 -0.158632 0.302701 0.455141 0.280516 0.369493 0.805437 -0.155906 -1.85112 -1.1058 1.99674 2.2726 -2.18341 -2.57396 0.941476 1.67867 0.612771 0.612771 
-0.92614 -0.92614 -1.30449 -0.694393 0.170057 0.0934827 -1.09555 -0.448807 1.12678 0.286537 -1.4705 -0.632326 0.658376 -0.0294521 0.255964 1.15021 0.556642 -0.0473795 -0.288471 -0.25365 -0.188224 -1.10215 -1.73618 -0.662847 0.23781 -0.181218 -1.08386 0.112541 1.36958 0.21305 0.948249 2.81664 1.53793 1.53793 
-0.00522073 -0.00522073 0.176411 0.684169 0.305045 -0.46862 0.119235 0.231229 -0.418067 0.241554 1.21549 0.116942 -1.26411 0.0874243 0.990745 -0.217895 -0.850728 -0.525038 -0.63797 -0.695299 0.318762 0.656821 -0.546536 0.425582 2.35367 1.24835 1.20993 1.61025 -1.38839 -1.97562 1.1009 -0.518097 -1.78784 -1.78784 
0.524974 0.524974 1.259 0.239224 -0.922985 -0.464172 -0.288189 0.370627 0.768561 0.179655 -0.0371695 0.0153034 0.751369 0.518651 -1.29018 -1.51722 0.60678 1.25384 0.762327 0.575076 -0.180507 0.0985331 0.205312 -1.0254 -1.76911 -0.134836 1.66345 -0.462836 -1.18953 1.81954 1.61198 -1.51558 -1.47574 -1.47574 
-0.752284 -0.752284 -1.11005 -0.0995509 0.459299 0.818164 1.22737 0.0240713 -0.686603 -0.108416 -0.11978 0.187457 0.353849 -0.106933 0.253897 1.11073 0.254314 -0.685595 -0.518871 -0.333019 -0.182858 -0.847471 -0.481623 0.405482 0.744009 1.90604 1.88696 -0.752684 -2.47814 0.213379 2.59825 0.00472871 -1.21592 -1.21592 
-0.152008 -0.152008 -0.548761 -0.416562 -0.0799122 -0.0865617 0.226633 0.606212 0.217837 -0.147948 -0.511242 -0.122256 0.994073 0.223601 -0.798912 -0.805273 -0.405149 0.269452 1.01734 0.92987 -0.238071 -0.573094 -0.113193 0.149909 -0.214527 -0.0728239 -1.51101 -1.95171 2.74579 2.23224 -2.33953 -0.551922 1.08976 1.08976 
0.0184102 0.0184102 0.0788947 -0.0430034 -0.12413 -0.197377 -0.423123 0.179819 0.32727 -0.426572 0.29021 0.973917 -0.222294 -0.557833 0.132797 0.431682 0.381921 0.305189 -0.0396455 -0.559187 -0.123877 0.625038 0.418813 -0.905567 -0.00530517 2.01241 -1.10054 -2.70227 1.79095 2.72516 -1.43556 -1.90382 0.0296103 0.0296103 
0.430362 0.430362 0.867514 0.997543 0.768787 0.12792 -0.715025 -1.07241 0.19714 1.15903 -0.409414 -1.77944 -0.476223 1.11883 0.676723 -0.859618 -0.586104 0.0936942 -0.0945029 -0.00836966 -0.347858 0.772613 0.627951 -0.280688 2.14705 2.69256 0.0945499 -1.67539 -1.23933 -0.8455 -1.29985 -0.944118 -0.284395 -0.284395 
0.218064 0.218064 0.711966 0.200472 0.106221 0.931753 -0.0869274 -0.930316 -0.33065 0.157851 0.589844 0.200429 -0.94926 -0.995811 -0.0800668 0.634989 0.503433 0.00222258 -0.344022 -0.080976 0.738256 0.165674 -0.244792 1.16954 1.84305 0.38423 -1.57376 -2.16617 -1.93981 1.04271 2.65159 -0.475648 -1.13607 -1.13607 
0.571058 0.571058 0.398858 -0.180525 0.013677 0.118335 0.646137 0.25404 -0.726134 -0.629384 -0.309633 -0.248456 -0.133476 -0.660962 -1.02524 0.277307 1.08179 -0.208998 -0.12107 0.687219 -0.518106 -1.53404 -0.677661 -0.132267 0.141337 1.97629 -0.617053 -3.70815 -0.19586 1.46867 -0.0153576 1.07357 1.18151 1.18151 
-0.440155 -0.440155 0.143817 0.694788 -0.412239 0.204588 0.732835 -0.583536 0.810697 1.39088 -0.199677 0.0852698 -0.593733 -1.0935 1.40212 1.34485 -1.61485 -0.0538828 1.14323 -0.315542 -0.600979 -1.08312 0.436218 2.63473 2.16746 -0.646238 -0.731027 0.350699 -0.287418 -1.21405 -1.35378 -0.781513 -0.548398 -0.548398 
