30
0.834518 0.819112 0.95862 1.13495 1.0602 1.16441 1.10181 1.00809 0.890769 0.82648 0.683925 0.604135 0.480111 0.245867 0.231512 0.12344 0.108557 0.030337 -0.0910016 -0.270479 -0.289847 -0.730443 -0.840406 -0.942444 -0.630821 -1.29427 -2.26361 -1.42437 -1.3858 -2.14335 
-1.11095 -1.07797 -1.29756 -1.36162 -1.3315 -1.03356 -1.10103 -1.42248 -1.10879 -0.2844 -0.134397 0.172335 0.482273 0.818251 0.853188 0.826548 0.916062 1.3647 1.25177 1.4255 1.1165 1.26292 1.12095 1.01789 0.319277 -0.427238 -1.01747 0.407583 -0.0166005 -0.630162 
1.14305 0.961485 1.25001 0.780899 1.1315 1.09204 1.31278 0.724764 0.484753 0.765235 0.348753 0.296615 -0.292325 -0.441818 -0.845911 -0.866555 -0.89422 -1.32436 -1.23359 -1.26158 -1.82597 -0.552781 -0.96695 -0.473586 -1.49819 -0.500147 0.461271 -0.0403022 0.308725 1.9564 
0.760337 1.0577 1.12085 0.929788 0.780971 0.852094 0.971194 0.828668 0.889093 0.905249 0.955939 0.634913 0.721591 0.65254 0.51736 0.504994 0.500624 0.0110506 -0.000883545 -0.675156 -0.980708 -1.30582 -1.56381 -1.55539 -1.16471 -1.28416 -1.15726 -1.43003 -1.48795 -0.989092 
-1.08933 -0.886423 -0.976241 -1.19604 -1.1399 -1.1041 -1.03735 -1.03071 -0.964704 -0.809558 -0.993189 -0.836456 -0.608691 -0.396502 -0.39354 -0.279831 0.110853 0.302972 0.589026 0.851636 0.874758 0.883993 1.09683 1.01726 0.95501 1.19128 1.53899 1.38566 1.33207 1.6122 
-0.302896 -0.369024 -0.461575 -0.588644 -0.928156 -0.850865 -0.816073 -0.855994 -0.851101 -1.07373 -0.874101 -0.696955 -0.838023 -0.828123 -0.575114 -0.552341 -0.796294 -0.360514 -0.101307 0.0272168 0.00106767 0.813528 0.972062 1.34205 1.00738 1.4239 1.82182 1.675 1.57927 2.05754 
0.942674 0.773838 0.904793 0.919754 0.831763 1.16157 1.17458 0.918747 0.966893 0.942793 0.981855 0.732286 0.654177 0.662479 0.537633 0.519959 0.206343 -0.200874 -0.472568 -1.02766 -1.13116 -1.32477 -0.825919 -1.06375 -0.831327 -1.41153 -1.17861 -1.191 -1.36589 -1.80708 
-1.00231 -0.967981 -0.877783 -0.722584 -0.804547 -0.80069 -0.370909 -0.428027 -0.151606 0.348781 0.496149 0.808947 0.888786 1.05676 1.07125 1.42818 1.77196 1.42343 1.27408 1.46207 0.871255 0.384667 -0.235315 -0.375081 -0.531166 -1.1456 -0.677744 -1.39304 -1.58472 -1.21721 
1.18677 0.719609 -0.375573 -0.893151 0.298776 0.695346 1.38162 1.14837 0.184404 -0.636938 -1.55515 0.0513077 -0.0481783 0.301053 -0.198827 -0.986237 -0.14193 0.239792 -0.0993 -0.657663 0.167043 1.41584 -0.412826 -1.17367 -2.27285 -0.248059 0.191527 -0.74112 -0.417562 2.87758 
0.504029 0.708404 0.163758 -0.712873 -0.489829 0.376948 0.614317 0.997946 1.31867 1.25679 1.10279 1.23822 1.00315 0.332501 -0.208925 -1.31016 -2.21258 -1.90102 -1.82826 -1.31889 -0.279418 -0.601619 -0.276857 0.0294569 0.277059 1.01196 -0.77105 -0.425068 0.553139 0.847403 
-0.896655 -0.896146 -0.964244 -1.34153 -1.48004 -1.49227 -1.09141 -0.416398 -0.865064 -0.634696 -0.82873 -0.952322 -1.01874 -0.335191 0.354501 0.757296 1.09444 1.27926 0.805818 0.746868 0.461707 1.42924 0.96773 1.39541 1.45154 1.49889 0.347201 0.148154 0.736237 -0.260867 
-0.693603 -0.881992 -0.965734 -0.241672 -0.279781 -0.866638 -0.693505 -0.00733423 -0.176991 0.217463 0.143007 -0.996828 -1.26939 -1.39622 -1.16697 -0.389408 -0.085784 0.419257 1.52895 1.81019 2.22949 1.82945 1.5581 0.621317 0.788852 0.329836 -0.367646 0.401755 -0.287579 -1.11059 
0.699696 0.634095 1.50197 1.64056 1.29815 0.458047 0.436218 1.32026 1.76463 0.802637 0.847111 -0.513034 -1.17251 -1.2529 -1.42848 -1.87304 -1.05031 -1.5462 -0.58146 0.305403 0.623585 0.202004 -0.0976501 0.0459102 -0.425585 -0.763564 -0.63938 -0.532248 -0.229952 -0.47397 
0.772018 0.772018 1.23942 0.717119 0.541314 0.570925 0.0884112 -0.0449874 0.0267678 -0.03475 -0.0725393 -0.0273632 -0.403886 -0.136538 0.171038 0.16975 0.242525 -0.0169894 -0.263832 -0.0152516 -0.651797 -0.872646 -0.0473225 0.980405 -0.38817 -3.51086 0.152329 2.60937 -1.28324 -1.28324 
-0.297607 -0.297607 -0.444042 -0.0671959 0.479088 0.331809 -0.602902 -0.0276951 1.70151 1.45449 0.673282 0.914643 0.958778 0.543769 -0.00346583 0.0788985 0.796152 0.49064 0.0757644 -0.220135 -0.261342 -0.00927131 -0.385767 -1.2258 -2.19686 -2.03331 1.24386 1.49445 -1.58207 -1.58207 
0.041373 0.041373 -0.336516 -0.254925 0.309717 0.139041 -0.581868 -1.18738 -0.0460023 -0.27792 -0.715049 -0.941693 -1.06964 -0.826711 -0.657378 -0.162677 -0.700841 -0.545187 -0.0166723 -0.877697 0.832307 1.02973 0.00488804 -0.797341 -0.134095 2.47593 0.505138 -0.299666 2.52487 2.52487 
1.33249 1.33249 -0.0320136 -0.62417 0.108286 0.856762 0.259895 0.0959745 0.539282 0.512086 -0.429897 -0.32936 0.374581 -0.24522 -0.0868574 0.278583 -1.05459 -1.07572 -1.59171 -2.41199 -1.43654 -1.30366 -0.371876 1.4403 1.08307 0.346151 -0.0821667 -0.598523 1.55717 1.55717 
-0.268713 -0.268713 -2.09377 -1.46358 -0.359994 -0.314181 -0.440105 -0.443323 0.197872 -0.879953 -0.873099 0.903135 1.14257 0.171966 -0.253228 1.42079 1.75934 1.30759 1.61193 0.476704 -0.617259 0.20186 -0.18156 -1.3693 -0.00564184 1.76444 0.082296 -1.65036 0.22114 0.22114 
-0.864488 -0.864488 -1.03456 -1.72378 -1.15345 -0.108849 -0.435962 -0.519407 -1.02931 -0.485837 0.629854 -0.320963 -0.787711 0.312074 0.347999 -1.03891 0.113698 1.51791 0.660425 -0.135944 1.77278 2.28819 1.05335 -0.323078 -0.193238 1.85127 0.279127 -1.09856 0.645934 0.645934 
0.455512 0.455512 1.02544 0.34652 1.3228 1.63599 -0.179975 -0.071021 0.647537 0.619367 -0.0797708 -0.443098 0.356515 0.211591 0.131042 -0.4543 -1.6622 -1.53221 -1.99076 -1.4692 -0.348297 1.51947 1.38235 0.556206 -0.50544 -0.503886 1.25681 -0.00775334 -1.33737 -1.33737 
0.277784 0.277784 0.513835 0.177613 -0.117952 0.881465 0.762384 0.462876 1.55166 1.29963 0.933272 0.801391 0.518546 0.390938 0.759967 1.40304 0.0253019 -0.937752 0.110042 -0.752126 -2.06953 -2.12651 -1.44917 -0.5432 -1.47021 -0.251675 -0.448665 -1.7367 0.377978 0.377978 
-1.02791 -1.02791 -1.05932 0.366048 0.935764 0.620631 0.228111 -0.800349 -1.16686 -1.13834 0.374709 0.884954 0.101426 -0.148107 -0.856485 -0.0187602 0.709867 -0.027652 -0.613532 0.111771 1.23803 -0.415606 -1.66806 -1.21343 0.52264 1.48163 -0.361505 -0.433816 2.20103 2.20103 
-0.380068 -0.380068 -1.4681 -0.695421 1.05932 1.07373 0.587447 0.671347 0.222936 -0.254868 -0.0562711 -0.137878 -0.949193 -1.25754 -1.69093 -2.05426 -0.63228 0.349226 0.548328 1.52132 0.684342 -0.0350086 0.597591 0.519929 0.951303 -1.09251 -1.48395 1.29521 1.24315 1.24315 
-0.204873 -0.204873 -0.812856 -0.926157 -0.338675 0.5293 1.63527 0.268152 -0.447407 -0.0376333 -0.607251 -0.401879 0.89703 2.11382 1.66201 1.09467 0.743874 -0.56058 -0.952864 -0.649873 1.00203 0.718227 -0.150545 0.682485 0.0704191 -1.8733 -2.26981 0.529963 -0.754331 -0.754331 
-0.247135 -0.247135 0.784598 0.836195 -0.646095 -0.407237 1.03221 0.644606 0.314755 0.422402 -1.31246 -1.53647 -0.391036 0.17638 1.199 1.2831 0.974949 1.8864 1.63334 0.852692 0.0823508 -0.698597 -1.3055 -0.809234 -0.269014 -1.24711 0.141891 0.151104 -1.64947 -1.64947 
0.970496 0.970496 1.20598 -0.189817 -1.31851 -0.948782 1.03962 1.57727 -0.551707 -1.01289 -1.47207 -2.28392 -0.808014 -0.249946 -0.669929 0.481382 0.422186 0.585964 2.18065 1.435 -0.0739943 -0.786527 -0.134766 -0.332945 -0.888289 -0.20131 0.312022 0.517433 0.112463 0.112463 
0.395811 0.395811 0.10812 -0.246168 0.0578338 -0.111106 -0.200895 0.104406 0.143999 0.0836597 0.142428 -0.0441512 0.0782246 0.455037 0.307068 0.177736 0.0355006 -0.14055 0.139317 -0.0753377 -0.333907 0.471314 1.15905 -0.0493844 -2.3355 0.436075 3.50948 -0.652372 -2.00575 -2.00575 
0.0299855 0.0299855 0.272328 0.717801 0.380747 -0.571651 -0.107035 1.60607 1.07732 -0.537077 -0.223012 0.307751 -0.114347 -0.494645 -0.174794 0.638373 0.388938 -0.339112 -0.33293 -0.0926313 0.259757 0.0441395 -0.658173 -1.04052 -0.395134 2.33681 2.39279 -1.69314 -1.85429 -1.85429 
-0.464916 -0.464916 -0.404225 0.29688 0.10923 -0.847031 -1.17048 0.214783 0.492681 -0.681495 -0.677573 -0.447583 -0.0982923 0.122837 0.310122 -0.216152 -0.468354 0.325099 -0.431161 0.447694 1.23503 -0.799302 -1.5429 -0.287205 2.25101 0.291673 -2.24846 1.31857 1.91722 1.91722 
-1.12038 -1.12038 -1.59229 0.0788552 1.14726 0.0878686 -0.639255 0.1897 0.298661 -0.80533 -0.703535 0.608165 0.0340997 -0.400692 0.384484 -0.804176 -1.11225 -0.461009 -1.09788 0.0907063 0.850316 0.815518 2.15381 1.12654 -0.904922 -0.961573 -0.785802 1.27349 1.685 1.685 
-1.2282 -1.2282 -0.811911 1.12271 0.736685 -0.0755158 -0.107905 0.398844 -0.311028 -0.730065 1.15529 1.30893 -0.505597 -0.944642 0.802364 1.30688 -0.0973768 -0.119968 -0.571468 -1.49517 -0.204154 0.265222 -1.06048 0.0936137 2.04751 0.0354952 -2.27837 0.0691231 1.21369 1.21369 
-0.229444 -0.229444 -0.718651 -0.193113 1.03756 0.400553 -0.40014 -0.529885 -0.0848965 1.06896 0.00830395 -1.11492 0.340607 0.697406 -1.06766 -0.275032 1.70612 0.279344 -1.28264 0.680827 1.61193 -0.619379 -1.96221 -0.993553 1.43464 0.226562 -2.20253 0.151636 1.12952 1.12952 
0.548568 0.548568 0.0275191 0.339386 1.1008 -1.04217 -1.19891 0.74626 0.641021 -0.447022 -0.704245 0.446005 0.613622 -0.0618776 -0.399885 -1.2651 -0.716099 -0.140986 0.159527 1.37171 2.40488 1.43939 -0.628108 -1.33766 -0.702424 1.46364 0.491935 -1.87979 -0.909275 -0.909275 
0.14013 0.14013 -0.171862 -0.665165 0.57422 0.737984 -0.467332 0.65349 0.697541 -0.652735 -0.54124 -0.463747 -0.459781 0.145114 0.860258 -0.760629 -2.25101 -0.000275415 0.09334 -2.10141 -1.35424 0.496744 1.39029 -0.098429 0.191607 0.869017 -1.45691 0.688161 1.88337 1.88337 
-0.214087 -0.214087 0.701024 1.08696 -0.0304703 -0.64824 -1.10621 -1.08951 -0.410913 0.795793 1.10507 -0.369368 -0.857157 -0.80891 -0.110873 0.811706 -0.199625 -1.04356 -0.104405 0.994815 -0.5325 -2.05967 -0.70613 1.21254 1.53635 -0.761551 -1.42366 1.45127 1.49769 1.49769 
-0.875461 -0.875461 -0.29143 1.85728 1.28415 -0.409734 -0.357215 -0.328586 -0.753152 -0.264109 0.035357 -0.727987 -0.899368 -0.61371 -0.655274 0.74711 1.76361 0.839296 0.832862 0.0497365 -1.22943 -0.118641 0.366381 0.214284 -1.27183 -1.89376 1.75169 2.00822 -0.0924149 -0.0924149 
-0.356361 -0.356361 -0.435798 0.402362 1.09035 1.45387 -0.11319 -1.39029 -0.144485 -0.0421641 -0.185473 1.12458 1.8337 0.606247 -0.644639 -0.573815 -1.09061 -1.11971 0.00730064 1.44051 1.0291 -0.738181 0.0448469 0.224827 -1.722 -1.57087 1.75487 1.13244 -0.830534 -0.830534 
0.906632 0.906632 0.94728 -1.03325 -0.885727 1.416 0.922474 -0.471365 -0.0812115 -1.18807 -1.44934 0.819731 1.44321 1.34646 0.965707 -0.0826686 0.569111 0.612512 -0.720504 -1.12801 -1.12826 -0.999499 0.00668106 0.910375 -0.251117 0.417548 1.19534 -1.31738 -1.32464 -1.32464 
0.216203 0.216203 -0.795315 -1.78392 -0.504464 1.75445 1.87614 -1.10766 -1.8315 -0.621428 -0.875548 0.526781 1.51954 0.145616 0.575531 0.836989 0.121337 1.31988 0.660829 -1.58836 -1.56436 0.0015073 0.374252 -0.50052 0.140942 0.915397 0.566411 -0.0990696 -0.247928 -0.247928 
