56
-0.216185 -0.286483 -0.348657 -0.346581 -0.346146 -0.220872 -0.311586 -0.30478 -0.358978 -0.451332 -0.516623 -0.501311 -0.446714 -0.369222 -0.508275 -0.432838 -0.443927 -0.489155 -0.378118 -0.469348 -0.506903 -0.273798 -0.248794 -0.153639 0.0462904 0.121599 0.110644 0.137251 0.210032 0.174093 0.451132 0.337854 0.385653 0.30146 0.420943 0.429779 0.601912 0.736631 0.795793 0.91838 1.33482 1.43006 1.25529 1.42154 1.59034 1.65327 1.51763 1.3184 1.16956 0.745465 0.346271 -0.41759 -1.9635 -2.5478 -2.84673 -3.25619 
-0.172555 0.037 0.298185 0.383754 0.236745 0.194354 0.267137 0.310218 0.224198 0.274119 0.352223 0.33948 0.251127 0.27448 0.425394 0.654115 0.455657 0.733735 0.718009 0.545628 0.480359 0.562924 0.674311 0.484644 0.196706 0.445679 0.453933 0.647497 0.615816 0.787958 0.335268 0.481745 0.446431 0.481926 0.244624 0.193809 0.218501 0.295414 0.517673 0.529868 -0.0890332 -0.0474931 0.402193 0.600232 0.617957 0.18267 -0.0628837 -0.362467 -0.654423 -1.02892 -1.46926 -1.7145 -2.31956 -2.51033 -3.49852 -3.94376 
0.543148 0.465664 0.476114 0.937489 0.548978 0.0494171 0.428681 0.0444587 0.771147 0.746514 0.779015 0.924598 1.02675 0.663806 1.3405 0.318054 0.522552 -0.0206049 0.088513 1.64273 1.6546 0.600547 0.828723 1.01529 0.489319 -0.253507 -0.129302 -0.295628 -0.232486 -0.228955 -0.827397 -0.734178 -1.20807 -0.830334 -1.03978 -1.12751 -1.62641 -1.48693 -1.77705 -1.84617 -1.24659 -1.35905 -1.68947 -1.9344 -1.91633 -0.722905 0.270581 1.43683 1.28448 1.26622 0.125161 0.633831 0.13086 0.808889 0.427468 -0.757854 
2.53686 2.56892 1.83288 1.05698 1.10202 1.10593 0.118717 -0.0139943 -0.00441866 0.169798 -0.0341539 -0.221268 -0.850781 -0.808771 -0.824311 -0.995387 -0.267862 0.525385 0.567813 0.362074 0.600871 0.540177 0.132773 0.33571 0.0698023 0.0536216 -0.845402 -1.50258 -1.0296 -0.837568 -1.08305 -0.611106 -0.154975 -0.246825 0.398312 0.0788403 0.188951 -0.608531 -0.866898 -0.526476 -0.598823 -0.434705 0.836522 0.822605 -0.0408332 -0.430885 -0.103972 -0.567892 -0.513646 -1.48866 -2.68475 -1.1521 -0.448809 1.40223 0.997608 2.39363 
0.236667 0.0672262 -0.0017848 0.423441 -0.543458 -0.615669 -0.0392054 -0.230795 0.0160875 -0.212611 -0.336193 -0.356578 -0.389489 -0.272329 -0.228647 0.157176 -0.848932 -0.77544 -0.778184 -0.436659 -0.353425 -0.159163 -0.697898 -0.393882 -0.161561 -0.280883 -0.329477 0.236366 0.166375 0.18732 0.602019 0.947859 1.07408 1.69758 1.68848 2.40868 1.76922 1.63625 2.17072 2.15857 1.16396 0.855627 0.517728 -0.148891 -0.454327 -0.827177 -1.43433 -2.03278 -1.97291 -1.13303 -1.29858 -1.09886 -0.977604 -0.853527 -0.686024 1.17886 
-0.0261023 -0.263996 -0.127562 -0.60457 -0.561644 -0.133325 -0.0955449 0.0299538 -0.447353 -0.373121 0.116712 -0.155058 0.12868 -0.68279 -0.758643 -0.251134 0.113984 -0.483891 -0.329199 -0.798499 -0.778255 -0.175972 0.240934 -0.0264402 -0.0128897 0.142918 0.182066 0.595593 0.687652 0.815544 1.05548 0.929681 1.31148 1.16622 1.01339 0.441028 0.428112 0.158255 -0.125339 -0.387921 -0.334744 -0.930154 -1.56584 -1.95551 -1.29978 -1.40051 -1.43683 -1.28777 -0.869524 -0.000215553 -0.939075 0.236305 1.67033 1.96881 2.50298 3.6831 
-0.921179 -0.998405 -1.23987 -1.14414 -1.17822 -1.00154 -1.01029 -1.1112 -1.08957 -1.06439 -1.04831 -0.743287 -0.975993 -0.560878 -0.658817 -0.81585 -0.880137 -0.627874 -0.769694 -0.695987 -0.925603 -0.792771 -0.70509 -1.03066 -0.825879 -0.461398 -0.319941 -0.351178 -0.0123111 0.358241 0.494596 0.492713 0.488795 0.288324 0.296692 0.340893 0.266843 0.257178 0.178788 0.148293 -0.0693455 0.22828 0.341864 1.07051 1.25798 1.48565 1.61658 1.75336 1.673 1.47833 1.08512 1.6823 1.67427 1.67798 2.15154 1.24168 
-0.49989 0.0979132 0.0492006 0.271597 0.493552 -0.0499726 -0.192027 0.520594 0.668042 0.186634 -0.489015 -1.32816 -0.550863 -0.500887 -0.13852 -0.111589 -0.523023 -0.675963 -0.528529 -0.506467 -0.952958 -1.54115 -1.36124 -1.52019 -1.17579 -0.730517 0.0811782 0.394918 0.665893 0.713922 1.02857 1.51341 1.66753 1.36652 0.858891 0.688049 0.60112 0.616555 0.987908 0.42145 1.40921 1.48502 1.83334 1.45555 0.457221 0.197698 0.419631 0.313323 -0.737985 -1.50996 -0.541518 0.696758 -0.261867 -1.6038 -0.794005 -3.33531 
1.72093 1.59929 1.80072 1.58773 0.711894 0.870142 1.07602 0.404128 0.879679 0.819021 0.940891 1.28659 0.99989 0.223228 0.146307 0.227417 0.606095 0.66197 0.670554 0.978387 1.22914 0.441116 0.774783 0.765167 0.967649 0.981115 0.394867 0.436713 -0.149456 -0.303954 -0.413214 0.134823 -0.59446 -0.762074 -0.90672 -1.09002 -1.2092 -1.70385 -1.94712 -1.12723 -1.44307 -1.63032 -1.30667 -1.16945 -0.730862 -0.729556 -1.17138 -1.16582 -1.22086 -0.829712 -0.155648 -0.407644 -0.256853 -0.163224 -0.428329 -1.31955 
-0.0246675 -0.541344 -1.34155 -0.661844 -0.345363 -0.722606 -0.276757 -0.516263 -0.511958 -0.250245 -0.37372 0.0387556 -0.183017 0.00603439 0.328665 0.399203 -0.292024 -0.0899049 0.356721 0.12041 -0.0324072 0.988014 0.414294 1.81701 1.68164 1.50492 1.13369 0.214139 0.43779 0.0486328 0.117243 -0.364904 -1.47734 -1.68636 -1.7017 -1.43689 -2.0209 -2.01815 -1.18922 -0.986255 -1.13981 0.252168 0.986893 0.871821 0.216859 0.207672 0.172908 0.583294 1.44995 1.48727 -0.874556 0.458427 1.27859 2.82776 0.184992 0.473989 
0.700591 0.593872 0.410764 0.3244 0.00121668 0.452134 0.30103 0.153329 -0.480788 -0.337184 -0.296689 -0.590154 -0.441314 -0.74153 -0.730234 -0.572028 -0.521425 -0.59138 -0.444122 -0.223278 0.199144 -0.110845 0.0444211 -0.411988 -0.250904 -0.719501 -0.603744 -0.530931 -1.10059 -1.90832 -2.29723 -2.17428 -1.86688 -1.45992 -1.43499 -1.16651 -0.319698 0.296992 0.766115 0.721913 1.49275 1.19004 0.977394 0.692955 0.900353 0.736926 0.808485 0.117138 0.415645 0.719526 0.706924 1.22921 1.85726 2.263 1.59542 1.65751 
-1.28063 -0.877877 -0.375219 -0.973346 -0.652727 -1.58188 -0.831145 -0.690686 -0.125495 0.242853 -0.369347 -0.574853 -0.571033 -0.510007 -0.433663 -0.440392 0.135956 0.452513 -0.23059 -0.461873 -0.593186 -0.36638 0.143588 -0.419154 -0.212392 0.608495 -0.0602634 -0.719686 -0.477232 -0.163106 -0.936283 -1.55536 -1.12089 -1.22739 -0.711494 -0.727081 0.19047 1.13881 1.22599 1.91555 1.41665 1.90499 1.35837 1.38169 1.48575 1.67184 1.77294 1.37498 0.847136 1.52701 1.50054 1.18345 -0.00915927 -0.588273 -1.46127 -1.15021 
-0.636505 0.439904 0.170954 -0.0290596 0.93165 1.13804 0.394948 0.881298 -0.140573 -0.85224 0.0423351 0.688852 0.728106 1.35623 0.970381 1.5004 -0.632604 -0.659218 0.412681 0.305133 -1.28341 -0.342987 0.107009 -0.535502 -0.992128 -1.95595 -1.34522 -1.01501 -1.16544 -0.706181 -0.54068 0.890786 0.332757 0.728898 0.622716 0.86697 0.425351 0.563082 0.502921 0.0913061 0.829233 0.242733 0.159274 -0.463751 -1.92447 -2.42135 -2.36181 -1.02827 -0.734993 -0.783076 0.869562 2.5271 0.12904 0.60993 0.783763 1.30709 
-0.033403 -0.033403 0.105118 0.22495 0.460746 0.286291 0.0595474 0.129437 -0.0603523 -0.0815823 0.124486 0.353946 0.472959 0.10232 0.0983851 0.343303 0.112353 0.346099 0.258055 -0.0263444 0.594419 0.714154 0.450124 0.784926 0.74694 0.343313 0.2501 0.410369 0.290659 0.681601 0.533576 0.0948202 0.150487 0.287687 0.465743 0.566514 0.807447 0.591225 0.568005 1.25181 1.19949 0.0679331 0.20383 0.861422 0.663667 0.0809673 -0.420777 -0.44605 -0.87644 -1.35559 -2.0059 -4.20069 -3.85701 -1.47032 -1.13568 -1.13568 
1.33537 1.33537 1.06764 0.186198 -0.0901138 0.384498 0.569063 0.22615 0.240921 0.595325 0.460009 0.100567 0.178512 0.695177 1.13864 0.384219 0.490801 0.885387 -0.0873233 -0.194305 0.356219 0.737687 0.149836 -0.712459 0.234728 0.874321 0.754672 0.668436 0.622177 -0.286938 -0.342357 0.558911 0.319262 -0.116906 -0.303282 0.262463 0.538274 0.964893 0.825144 -0.991234 -0.927868 1.37961 1.71755 0.784787 -0.582801 -1.15132 -0.858282 -0.958484 -1.12024 -1.44066 -1.16156 -1.51726 -1.39962 -2.22693 -2.77644 -2.77644 
-0.0178761 -0.0178761 0.672846 0.16145 -1.0703 -0.0861489 0.0616948 0.50703 0.967962 0.0781367 0.296322 0.385598 -0.266238 0.470233 -0.375143 -0.980419 -0.36605 -0.488311 2.20015 2.07549 -1.26784 -0.990574 0.599674 -0.367005 -1.55832 -0.724912 0.0140597 -0.0642131 0.153514 -0.69452 -0.579556 -0.419907 -0.0552049 0.283768 -0.312877 -0.683903 -0.392666 -0.12504 -0.392429 0.748001 0.692458 -0.499637 -0.669452 -0.222743 1.62097 2.87128 2.83644 1.3677 -0.150641 -1.418 -0.742555 0.0753564 0.292443 0.448248 -1.94024 -1.94024 
-0.747484 -0.747484 -1.63758 -0.777094 0.0819991 -1.0552 -1.20571 -0.107579 0.230554 -0.00468313 -0.402751 -0.871579 -0.61916 0.057236 -0.177514 0.6411 1.70347 0.948715 -0.151839 0.0644941 0.224286 -0.487615 -0.19718 -0.0412981 -0.282693 -0.980179 -1.68634 -0.174848 0.760695 -0.0308092 0.277562 1.05051 0.429393 0.637615 0.386851 -0.202571 -0.729183 -1.13512 0.118473 0.323405 0.129177 1.60935 1.41322 -0.938482 -1.35286 -0.0414835 -0.122861 -0.423251 -0.986309 -2.36376 0.398852 2.49134 2.8421 1.62155 1.12028 1.12028 
-0.394839 -0.394839 0.462524 -0.83201 -1.54919 0.675958 0.503843 0.0286686 -0.024834 -0.558951 -0.258614 -0.127891 0.0704152 0.180844 0.56819 -0.945347 -1.39565 0.0509508 0.437389 0.561347 0.34903 -0.547695 -0.389457 0.722215 0.111867 -0.293143 0.694695 0.663846 -0.121763 0.577041 1.04546 0.629552 1.02987 0.834751 0.974168 0.0653574 -1.16469 0.527819 0.702004 -1.50255 -1.92958 -0.982759 -1.49932 -1.45251 -1.02897 -1.46397 -1.78923 -0.82755 1.24616 0.921162 -0.00178943 0.411717 0.302665 0.369336 2.87915 2.87915 
-0.341148 -0.341148 -0.672875 -0.802599 0.453372 0.446232 0.0261261 -0.68846 -0.759583 0.582142 0.102129 -0.18379 -0.93252 -1.43139 0.398449 1.01021 -0.5233 -0.815224 -0.636852 -0.823374 0.663248 1.21354 0.0070544 -0.552525 0.0345601 0.0700717 0.42761 0.501013 0.104748 0.309893 -0.0420491 0.154764 0.127762 -0.613928 -1.20646 -1.01236 -0.592687 -0.968201 -0.958109 -0.490903 -0.952638 -1.90831 -1.62288 0.168718 0.569558 -0.390529 -0.0439776 0.586644 1.58584 -0.296882 0.127736 3.41967 2.20313 0.954746 2.17786 2.17786 
-1.24895 -1.24895 -0.709011 -0.0616276 0.191071 0.270154 -0.596403 -0.50154 -0.107932 -0.125274 0.748303 -0.0283336 0.315354 0.736059 -1.05003 -0.944976 0.332733 0.0906955 -0.466707 -0.740778 -0.556208 0.434302 -0.996686 -0.631146 1.52299 1.32532 0.0900018 0.706258 1.96053 1.32834 0.16571 -0.272184 -0.89212 -0.853767 -0.0899721 -0.347258 -0.515412 -0.528958 -0.593983 -1.02868 -0.00438009 1.0296 2.37512 2.60579 1.04189 0.865366 0.581646 -0.077961 -1.11264 -2.08928 0.382664 1.58509 -0.267591 1.23585 -1.61605 -1.61605 
0.733659 0.733659 0.301128 0.612982 -0.269486 -0.688886 0.758403 1.09196 -0.283762 -1.23211 -1.64428 0.0297561 1.05417 0.576102 0.549551 -0.341995 -0.549236 0.0946709 0.296302 -0.387997 -1.09111 -0.369399 0.125165 0.314692 1.01085 1.54925 1.3977 0.774703 0.46856 0.518885 1.02216 0.837202 -0.0682292 -0.830675 -0.680693 -0.19598 0.0186427 0.54666 -0.123778 0.586429 1.32643 0.589674 0.0670582 -1.4845 -1.34824 0.0577056 0.234235 -1.23275 -1.99971 0.327378 2.64352 0.42322 -2.54961 -0.512096 -1.89397 -1.89397 
0.361055 0.361055 0.187009 -1.8653 -1.15805 0.90274 -0.67877 -0.165011 0.99946 0.325656 1.09982 0.32144 -1.81679 -1.41713 0.21702 1.08499 1.03691 0.331841 0.81185 1.27322 -0.814521 -0.656568 0.826393 0.57647 0.620447 -0.882175 -0.828108 -0.827957 -1.20202 -0.29345 1.04496 -0.136253 -1.49965 -0.385851 -0.41574 -0.367228 -0.960379 -1.19678 1.30758 1.16931 -0.749407 0.468909 1.08705 1.30601 1.04709 -0.630192 -0.622099 0.114763 0.849369 2.2384 1.01313 0.0162334 0.674689 -0.117642 -1.9939 -1.9939 
-1.23887 -1.23887 -0.0747544 1.01181 -0.0166287 0.10925 0.243271 -0.186362 0.301337 0.177004 0.3237 0.228053 0.0106559 0.540374 0.425058 -0.561452 -0.433421 0.67374 0.247136 -0.336137 0.886696 0.477146 0.849125 1.27566 -0.261171 -0.490678 -1.21347 -0.634634 -0.118547 -0.269406 -0.359887 -1.50908 -1.24331 -0.175806 0.285234 -0.268095 -0.523091 0.851737 1.04656 0.0905711 1.24751 2.11183 0.645433 -0.706769 -0.60374 -0.000270892 0.407984 1.28509 0.922091 -2.21931 -0.9586 2.13756 2.34791 -1.0216 -2.24778 -2.24778 
-0.542317 -0.542317 -0.50657 -0.752564 0.190978 0.493174 -0.558085 -1.40632 -0.894751 0.289962 -0.47759 -0.287322 -0.299178 -0.540724 0.264329 0.333356 -0.0673265 0.102416 0.6131 1.09633 0.164108 -0.305056 -0.562191 -0.551973 -0.573376 -0.652978 0.297815 -0.905864 -2.45223 -2.13482 -0.500414 0.722426 1.22118 0.72511 0.481927 1.92528 2.53678 1.8735 0.71288 1.24274 0.78876 -0.938382 -0.906295 -0.168635 0.0438802 -0.194674 -1.12178 -0.723223 1.02454 0.478187 0.861743 1.98681 1.78214 -0.493168 -1.09666 -1.09666 
1.22516 1.22516 -0.126266 -0.372062 -0.819021 -0.238266 1.20596 0.955435 1.26314 -0.326617 -1.10146 -0.269683 0.0901971 0.188123 0.096638 0.771761 1.20827 -0.492284 -1.232 -0.486951 0.131578 0.997462 -0.068617 -0.478017 1.39021 0.20805 -1.79072 -0.560367 0.754155 -0.617188 -1.87724 -0.24662 0.445478 0.555419 0.67818 1.22051 2.52204 1.40084 1.05142 0.260079 -0.0116129 -0.0760505 -0.703945 0.174639 0.394416 0.390408 -0.398201 -1.24741 0.207918 0.884896 -0.461242 -2.03582 -2.38961 -1.95806 -0.756113 -0.756113 
0.672325 0.672325 -0.487767 0.629824 0.999193 -0.549333 -0.294891 -0.548259 -1.63709 0.104694 1.3391 0.561727 0.545012 0.15865 0.0694818 -1.51844 -2.02434 0.888476 0.814918 -1.60306 -0.650596 1.20216 -0.236514 -1.06051 -1.35254 -0.38246 0.793645 0.101856 0.219137 0.506276 1.38988 0.732289 -0.208679 0.201989 0.0639446 -0.240921 -0.337737 0.00895572 -0.490323 0.235029 0.0760818 -0.670445 -0.703641 -1.95538 -1.84073 -0.459023 1.20456 1.41701 0.161308 1.39677 2.94695 -0.734577 -1.80399 0.533509 0.57208 0.57208 
0.202576 0.202576 0.345845 0.462145 0.110301 -0.442699 -0.150565 -0.106385 -0.215326 0.257952 0.55767 0.453589 -0.263874 -0.410867 0.325077 0.0536645 0.0403078 0.211162 -0.40832 0.439112 0.922285 -0.135551 0.121577 0.39183 -0.491016 -0.557045 0.117134 0.0854559 0.361242 0.327389 -0.664576 -0.421047 0.26755 0.413876 0.370323 0.445497 0.0665087 -0.249307 0.826747 0.791947 -1.37845 -1.15342 0.985639 0.586734 -0.896127 -1.25957 -0.593124 -0.507814 -1.05046 -1.31339 -3.36456 -2.17617 3.30131 3.29052 0.437059 0.437059 
-0.111776 -0.111776 -1.03873 -1.04776 0.378321 0.862996 0.00325614 -0.175306 0.558019 0.400182 -0.350525 -0.126252 0.795094 1.17949 -0.157233 -0.511513 0.696827 -0.438196 -0.965664 0.636226 1.1499 -0.0472588 -1.35525 0.259056 1.8385 0.716573 -0.046736 0.0304434 -0.834925 -0.844558 1.05931 0.865564 -0.540934 -0.48491 0.568739 1.05479 0.908483 0.471464 -1.88736 -1.67375 2.66305 2.9518 -0.455758 -2.24935 -1.8663 -0.119925 0.372574 -0.105705 -0.337293 0.126324 0.0892268 -0.0805692 -0.576535 -1.27814 -0.40811 -0.40811 
0.535667 0.535667 0.188776 -1.11528 -0.100816 0.834992 0.469501 0.681876 -0.223792 -0.388452 0.275693 -0.314461 0.124545 -0.00673725 -0.916872 0.0733036 0.400943 1.80784 1.80622 -2.28527 -2.01264 1.33391 0.490116 -1.39668 -0.175641 1.13371 0.515302 0.16173 -0.360415 -0.430121 0.253411 0.422814 0.544454 -0.107649 -0.589256 0.0130127 0.446224 0.0672963 0.659338 0.803037 -0.779164 -0.856677 0.254959 1.62078 2.16588 0.891614 -0.952777 -1.95907 -1.82246 -0.334372 1.08011 0.769197 0.320076 -1.44734 -1.55303 -1.55303 
-0.700633 -0.700633 -0.0537295 1.26129 -0.240546 -0.99955 0.680938 1.04829 0.0458862 -0.507579 -0.683189 -0.194162 0.6668 0.300554 0.40747 1.38262 0.199791 -1.42626 -0.696214 0.251296 -0.446537 -0.348321 0.304065 -0.0957575 -0.737307 -1.08671 0.573966 1.80818 0.0768166 -0.394681 0.781448 0.0826746 -0.341876 -0.0634521 -0.663109 -0.870488 -0.732549 0.605786 1.06503 -0.0234228 0.935288 0.933853 -1.9469 -2.11097 0.642881 0.893226 -0.318477 -0.680597 -1.49032 1.00987 3.61853 1.80533 -0.685365 -1.32591 -0.408319 -0.408319 
0.546768 0.546768 -0.493659 -1.75913 1.06966 1.50774 -0.662533 -0.567204 -0.614577 -0.330192 0.204145 0.122142 0.105831 0.257764 -1.04743 -1.72066 0.658431 1.33093 0.267908 -0.213316 -1.03365 -0.73583 0.878336 0.260617 -0.958353 0.326122 0.626839 -0.798495 -0.212067 0.795804 -0.100098 -0.154832 0.0226192 -0.187068 -0.76067 -1.86132 0.229383 1.35798 -1.77412 -2.25732 0.275458 0.203501 -0.519847 0.23572 -0.151505 -0.753324 0.369191 2.29726 1.26315 -1.14529 -0.551746 0.102391 -0.176363 1.92844 1.87485 1.87485 
-0.358841 -0.358841 -0.465214 0.836702 0.937221 -0.437166 -1.01727 -0.731107 0.955074 0.619782 -0.71489 -0.935239 -1.10986 1.00458 1.91529 -0.84266 -1.58369 -0.179937 -0.0935065 0.979261 1.58345 -0.624904 -1.535 -0.064269 0.423708 0.235478 0.26655 -0.351571 -0.243543 -0.207198 -0.21403 0.0524218 -0.717154 -1.18089 -0.41354 0.416472 -0.0506123 -0.38647 0.304562 -0.0823376 -1.2491 -0.636423 1.61634 1.71098 -0.545408 -0.589925 0.71446 1.24963 -0.811317 -1.28247 2.96076 1.61501 -2.10806 -0.107544 0.916135 0.916135 
0.435125 0.435125 0.909088 0.698794 0.282729 -0.536702 -0.52515 0.397445 0.315298 0.666692 0.110796 -0.277147 0.599453 -0.959802 -1.1909 1.05217 0.798062 -0.545462 -0.568915 -0.0257019 0.900125 -0.282659 -0.740212 1.88453 1.4722 -1.0093 -0.413406 1.40928 0.495268 -1.2742 -1.13196 -0.734635 -0.385965 0.627094 0.410651 -0.271649 -0.0932023 -0.0176995 -0.326032 0.471486 1.54674 1.78191 1.19379 -0.936265 -1.23438 -0.297127 -0.650805 -1.2006 -1.43271 1.13457 2.72991 -0.436241 -0.215865 -0.947415 -2.04811 -2.04811 
-0.208749 -0.208749 0.0037946 -0.302859 -0.801243 0.786596 1.29977 -0.624243 -1.49792 -0.841214 0.94606 1.92516 0.458402 -0.257881 -0.539685 -0.662834 0.38365 0.662315 -0.24292 -0.859548 0.0987172 0.914993 0.552281 0.689679 0.92745 0.349697 -0.441848 -0.547213 -0.0883113 0.463344 0.30299 -0.657109 -1.05069 -0.331381 0.518616 0.562671 0.592185 -0.0110253 0.113146 1.07443 0.0882529 -0.77228 -1.3276 -0.878552 1.13712 1.16457 -0.793465 -1.43649 1.14934 3.25062 0.151362 -3.45332 -0.55142 0.532892 -0.855772 -0.855772 
-0.0355413 -0.0355413 -1.40333 -0.815977 1.92526 0.399874 -0.631164 1.19894 0.407466 0.147339 0.0776449 -1.86336 -1.07824 1.43592 1.74803 0.626885 -0.421492 -0.0695432 0.707849 -1.00346 -1.20568 1.17407 0.902231 -0.0568012 -0.891681 -0.884956 0.116589 -0.168742 0.436684 1.57798 0.185221 -1.61544 -0.0858937 0.802843 0.0928659 -0.282528 -0.472409 1.59197 1.65736 -1.29046 -0.386336 1.30438 0.638356 0.0538257 -1.20996 -1.032 0.57694 1.06114 1.49578 0.189595 -1.40054 -0.145104 -0.00876868 -1.69807 -1.17001 -1.17001 
0.777823 0.777823 1.48138 0.0616861 -0.560368 0.192336 -0.167362 0.0616474 0.259332 0.0385294 0.0571044 -0.17865 0.226279 0.292378 -0.689393 -0.531823 0.823847 0.464716 -0.629855 0.43817 0.550657 -0.000277929 0.541093 -0.694878 -1.11967 -0.592574 -0.069164 0.733022 0.260538 -0.132221 -0.778651 -0.547977 0.887356 1.0138 -0.0357087 -0.499349 0.74915 1.04041 -0.468812 0.15417 1.33283 -0.365802 -1.80102 -0.784802 0.481513 0.67915 0.856329 0.356938 -2.24508 -1.19372 2.84516 2.16505 -2.02153 -2.95171 -0.769914 -0.769914 
0.0527848 0.0527848 -0.144902 0.584624 1.02516 -0.577908 -1.50242 -0.246495 1.38723 0.359298 -0.439862 0.167434 -0.179583 0.476905 0.726489 -0.242469 -0.161531 0.570865 0.822787 -0.336763 -1.10213 -0.559614 -0.174371 0.0150692 -0.057112 0.724167 -0.179168 -2.18594 -0.963564 1.59258 2.32021 1.40757 0.0262143 -0.570026 0.98854 1.67539 -0.0175493 -1.44167 -0.482841 0.0850364 -1.72874 -1.33813 0.642644 0.787641 0.00313163 -0.912692 -0.400697 1.74889 0.989539 -0.106769 1.23642 0.763709 -1.96891 -2.28941 -0.460922 -0.460922 
-0.920532 -0.920532 -1.09758 -0.446098 0.149263 1.51147 0.912707 0.0940759 -0.870565 -1.65032 0.0938996 0.911232 0.382646 0.0575298 0.473282 0.853597 -0.857595 -1.70483 0.0567323 1.03507 1.1221 -0.091309 -1.00989 1.10368 0.547061 -2.23832 -0.500596 1.88595 0.0119626 -1.84249 0.319809 1.72593 0.630595 0.220505 0.53195 1.38101 0.182781 -1.00638 -0.768792 -0.71281 -0.189222 -0.445792 0.233461 0.844034 0.208307 -0.518027 -1.12682 0.489475 1.58878 -0.429102 -2.05088 -1.3361 0.108902 1.22949 0.918643 0.918643 
-0.718437 -0.718437 -0.0119438 0.954915 -0.730488 -0.80314 0.0156024 -0.833557 0.427692 1.89634 0.30384 -0.487062 -0.239884 -0.285686 -1.04526 -1.3087 1.53647 1.80978 -1.56012 -0.911511 1.78826 0.276688 -1.41544 -0.690579 0.443557 1.37165 0.321087 -0.348256 0.27058 0.755016 0.1578 -0.995616 -0.32031 0.187264 -0.265065 -0.239002 0.172885 -0.081535 0.157837 0.37298 -0.557478 -0.477984 -0.79736 -0.703894 0.960859 1.94003 1.20087 -0.644578 0.00213243 1.77588 -1.33242 -2.98841 0.816552 1.51697 0.0393064 0.0393064 
