18
0.386747 0.607217 0.712021 0.796306 0.79879 0.78298 0.775967 0.771541 0.851098 0.71894 0.553731 0.132895 -0.560285 -1.03953 -1.44456 -1.49733 -1.63039 -1.71614 
0.834832 0.706709 0.742254 0.712545 0.734676 0.827163 0.888455 0.567438 0.0935585 -0.441305 0.00754814 0.697826 0.355992 -0.0820481 -1.22995 -1.36123 -2.04501 -2.00945 
-0.437058 -1.04819 -1.13934 -1.05449 -0.9385 -0.841111 -0.684011 -0.413848 -0.276403 -0.103699 -0.384994 -0.241539 0.33562 1.05512 1.47417 1.60559 1.64571 1.44699 
-1.36062 -1.42466 -1.15574 -0.76921 -0.900714 -0.518878 -0.179233 0.427121 0.795902 1.58564 1.75041 1.44794 0.871993 0.509289 0.0397314 -0.0667305 -0.593143 -0.459091 
-1.97956 -1.61624 -1.4589 -1.12874 -0.78117 -0.452094 -0.144816 0.285209 0.712149 0.899469 0.811099 0.617256 1.06126 1.25767 0.473091 0.380503 0.256086 0.807741 
-0.256522 0.0580564 0.524712 0.776022 -0.0645934 -0.771725 -1.14521 -1.6685 -1.61627 -1.10231 -0.327696 -0.649019 0.709281 0.682459 0.971979 1.07443 1.38893 1.41599 
1.81642 0.972403 0.010153 -0.928163 -1.51738 -1.83072 -1.52829 -0.782111 -0.0628306 -0.296785 0.190312 0.388555 0.314656 0.37586 0.572957 0.897388 0.134391 1.27318 
1.73951 1.27488 1.45769 1.35603 1.16872 0.716935 0.232551 -0.186474 -0.783782 -1.09587 -1.05733 -0.65145 -0.499339 -0.798891 -0.909534 -0.56552 -0.851935 -0.54619 
-0.649294 -0.314797 -0.072513 0.101944 -0.227569 -0.425343 -1.53011 -2.03791 -1.48429 -0.236234 0.318544 0.995476 1.83479 0.666767 0.832088 0.606732 0.495578 1.12614 
-1.65321 -1.48562 -1.62549 -0.801654 0.0610292 0.836548 1.26091 1.63695 1.33594 0.21934 -0.402883 -0.434503 0.6973 0.322866 -0.492435 -0.364131 0.0859179 0.80313 
1.04201 1.57305 1.31487 1.18426 1.01502 1.02861 0.416696 -0.727692 -1.14325 -0.925641 -1.06424 -1.68221 -0.605574 -0.280831 -0.791652 -0.274426 -0.385841 0.306835 
-2.07322 -1.42693 -1.50404 -0.824985 -0.176767 0.429469 0.287655 1.18603 1.39428 0.37126 0.520528 1.20414 0.944771 0.021399 -0.562832 0.807439 -0.00385792 -0.594331 
1.78262 0.79908 -0.0796483 0.331715 0.592988 1.68121 1.55901 0.435946 -1.28778 -0.81174 0.377306 -0.990306 -0.237233 -0.582429 -1.19368 -0.638151 -0.658708 -1.0802 
1.24646 1.24646 0.943606 0.716062 0.493467 0.472346 0.497663 0.690182 0.406125 -0.138197 -0.780172 -1.9543 -2.0842 -1.44338 -0.494957 0.109827 0.0364987 0.0364987 
0.39784 0.39784 0.548739 0.52817 0.715533 0.775579 0.141554 -0.679026 -1.00692 0.40791 2.28642 1.07406 -0.655994 -1.89194 -1.42159 -0.709952 -0.454114 -0.454114 
-1.72382 -1.72382 -0.40366 -0.0107437 0.0130495 0.091021 0.418747 0.381463 0.196599 -0.597685 -0.653166 0.975188 2.06786 1.76795 0.652442 -0.0663223 -0.692544 -0.692544 
0.167982 0.167982 0.803976 0.238778 0.232146 0.897174 1.21408 1.25521 1.51405 1.2261 -0.315558 -1.36109 -1.44611 -1.29594 -0.934251 -1.0145 -0.675015 -0.675015 
0.425849 0.425849 0.358321 0.745675 0.743475 0.661424 0.866982 1.11064 0.616433 -0.432867 -1.20901 -0.124968 0.669689 -1.83201 -2.42048 -1.07623 0.235611 0.235611 
0.674338 0.674338 0.597047 -0.999943 -2.17079 -1.60014 -1.37556 -0.855485 0.411635 1.29411 0.27372 0.986758 1.34653 0.0408833 0.198803 0.22932 0.137221 0.137221 
-1.61748 -1.61748 -1.70992 -1.34425 -0.731609 0.142435 1.18102 1.58964 0.628865 0.401266 0.824929 0.27501 0.140678 0.406323 0.664351 -0.276785 0.521498 0.521498 
-0.0465729 -0.0465729 0.718347 -0.0616374 -0.799485 -1.42553 -1.3565 -1.59447 -1.36912 -0.0291356 1.48391 1.72324 0.236621 -0.317102 1.03914 0.66872 0.588074 0.588074 
0.374779 0.374779 0.213641 -0.362077 -0.736861 -1.51743 -1.82958 -0.159827 1.60807 1.60924 1.0342 1.32068 -0.536921 -1.21553 -0.266405 -0.544774 0.317007 0.317007 
-0.249832 -0.249832 0.374884 1.32927 1.28327 0.866011 0.485729 -0.204797 -1.62571 -1.93148 -0.898642 0.771102 0.444761 -1.40878 -0.930202 0.274346 0.834957 0.834957 
0.494786 0.494786 -0.378035 -0.260699 -0.0704888 -0.654439 -2.18197 -1.92296 -0.126282 0.23907 -0.863182 0.739889 1.98347 -0.110621 0.143292 0.670167 0.901612 0.901612 
0.454845 0.454845 0.487653 1.21398 1.14106 0.349938 0.64248 0.993022 -0.931017 -0.990076 0.718899 0.309703 -1.29949 -1.6248 0.671998 0.44462 -1.51882 -1.51882 
-1.25554 -1.25554 -0.0834496 0.87445 1.44319 1.12097 -0.737088 -2.08279 -0.739124 1.70837 0.159217 -0.207115 0.651984 -0.494409 0.262438 0.758778 -0.0621742 -0.0621742 
-0.169127 -0.169127 -0.430009 -0.33799 -0.101324 0.182908 0.427849 0.0731492 -0.771646 -1.182 -1.90407 -1.31698 0.76387 2.00018 1.95886 0.787415 0.0940266 0.0940266 
0.151545 0.151545 0.137565 0.162349 0.217141 -0.341144 -0.939692 -0.731618 0.787756 2.28742 0.501753 -1.95094 -1.96696 -0.471383 0.852359 0.706561 0.222871 0.222871 
0.932456 0.932456 1.2464 0.210593 -0.0410483 0.201795 0.109705 -0.299855 -0.904699 -0.801322 1.13437 2.05174 0.511057 -1.25328 -1.58794 -1.197 -0.622711 -0.622711 
0.72659 0.72659 0.118615 -0.572648 0.750687 1.09871 0.427592 0.365131 0.0111473 -1.92562 -2.74054 -1.17365 0.112546 0.593055 0.345196 0.321316 0.407641 0.407641 
-0.0824457 -0.0824457 0.194007 0.240632 -0.0943801 0.0538951 0.286355 -0.213066 -1.13585 -1.33706 0.185495 1.30657 -1.25256 -2.23969 0.505143 1.86139 0.902003 0.902003 
-0.00700707 -0.00700707 -1.37156 -2.30596 -0.453808 0.738526 0.69531 1.58611 1.89576 -0.058808 -0.203584 0.975699 -0.749172 -0.921642 0.220045 0.00641542 -0.0196599 -0.0196599 
-0.440967 -0.440967 -0.00436443 0.837511 1.44452 1.95309 1.39737 -0.989868 -1.74951 -0.0964906 -0.481342 -1.14759 -0.173805 0.294675 -1.14622 -0.501159 0.62256 0.62256 
0.524018 0.524018 -0.098671 -1.29838 -1.17549 -0.531326 -0.221516 -0.0967259 1.16302 2.19104 1.31234 -1.0824 -1.71552 0.554034 0.700372 -0.446746 -0.151027 -0.151027 
-0.140136 -0.140136 -0.556771 -0.711383 -0.859627 -0.814304 0.958944 2.46424 1.25671 -0.438826 -0.232344 -1.16051 -1.85893 0.172243 0.461892 0.398679 0.60013 0.60013 
0.302191 0.302191 0.960153 0.497754 -0.447869 -0.678327 -0.866721 -1.58414 -1.31889 0.372754 1.73469 0.79766 -1.63133 -1.07641 1.03187 1.08842 0.257996 0.257996 
-0.647116 -0.647116 -0.561066 0.218525 -0.295774 -1.55551 -0.937307 1.50056 1.57854 -0.547436 0.360264 2.08062 -0.630754 -1.35654 0.565584 0.549107 0.162715 0.162715 
0.234833 0.234833 0.709465 0.640376 -0.35123 -0.112412 0.633632 -0.814843 -1.08251 1.29157 1.06276 -1.10557 -1.05075 1.50171 1.5657 -1.21825 -1.06966 -1.06966 
0.615884 0.615884 1.19428 0.829969 0.0570106 -1.40833 -2.02633 -0.0930721 2.19733 0.450592 -1.24845 0.205699 -0.265316 -0.327057 0.664854 -0.287849 -0.587548 -0.587548 
