31
0.383119 0.526055 0.631143 0.625837 0.655813 0.734991 0.805141 0.734831 0.630395 0.605975 0.745667 0.785602 0.673533 0.728066 0.709199 0.649199 0.579658 0.685785 0.514217 0.210101 -0.0600157 -0.345626 -0.474048 -0.625504 -0.777972 -0.902963 -1.11444 -1.40908 -1.81167 -2.4271 -2.66591 
0.863924 0.589293 0.42446 0.423637 0.634224 0.434582 0.505034 0.705295 0.888016 0.707057 0.565817 0.761018 0.803737 0.400143 0.994861 0.956886 0.50539 0.371116 0.365709 0.0913059 -0.19126 -0.0754848 -0.375103 -0.533055 -0.630342 -0.835705 -1.01962 -1.35564 -1.47545 -2.63309 -2.86675 
1.17271 1.11215 1.04157 0.977871 0.632751 0.527708 0.284201 0.0906822 -0.16052 -0.544274 -0.831008 -1.07838 -1.41131 -1.62434 -1.49041 -1.30992 -1.22535 -1.28658 -1.01446 -0.565713 -0.536399 -0.337378 0.0945755 0.261021 0.462707 0.719916 0.728875 0.777649 1.20957 1.63037 1.69171 
-0.975768 -1.23302 -1.2718 -1.20191 -1.05303 -1.15709 -1.12874 -0.655862 -0.443775 -0.424677 -0.456934 -0.17531 -0.359282 -0.601584 -0.728863 -0.821073 -0.367759 0.00839929 0.499254 1.15535 1.3232 1.43093 1.41663 1.67743 1.71148 1.37059 1.16267 1.08787 0.453621 0.084666 -0.325637 
-1.14784 -1.07262 -1.09371 -1.04595 -0.982893 -0.974895 -0.911687 -1.06495 -1.07067 -1.22074 -1.17967 -0.999738 -0.881263 -0.391341 -0.0466072 0.263879 0.427992 0.351222 0.42142 0.319314 0.566844 0.80143 1.05615 1.12281 1.26171 1.37348 1.50198 1.43672 1.45613 0.840529 0.882939 
-1.61108 -1.17855 -1.05466 -1.3926 -0.97526 -0.962194 -0.993269 -0.744617 -0.489769 -0.692225 -0.190497 0.147935 -0.150678 0.0514942 0.246326 0.319941 -0.114216 -0.713389 -0.574641 -0.30438 0.00703323 0.635228 0.363743 0.189984 0.597982 0.782361 1.23315 1.80776 1.94608 1.55414 2.25887 
1.26205 1.29056 1.39609 1.42525 1.23163 1.07497 1.10348 0.893791 0.821128 0.727032 0.82174 1.07756 0.878388 0.342537 -0.0706778 -0.60446 -0.783003 -0.747095 -0.761477 -0.55016 -0.645634 -0.648673 -0.629254 -0.752987 -0.807573 -0.790514 -1.23037 -1.38297 -1.24946 -1.47165 -1.22025 
1.24303 0.898807 0.685193 0.877421 0.783528 0.763065 0.43947 0.488668 0.887324 0.511193 1.08896 1.23362 1.60306 0.878558 0.519639 -0.0484354 -0.734299 -0.76593 -0.607368 -0.963281 -1.67845 -2.03834 -1.41751 -1.54208 -1.04646 -0.615055 -0.633716 0.490621 -0.00738483 -1.22761 -0.0662271 
-0.56261 -0.425029 -0.0433008 0.0127423 0.528102 0.303415 0.480726 0.33654 -0.202678 -0.60775 -0.389685 -0.00078336 0.152068 0.258642 1.14205 1.38985 1.51814 1.21507 -0.0515847 -0.816029 -1.06268 -2.07695 -2.21927 -1.48446 -1.28384 -0.610454 -0.229003 1.40351 1.40609 1.04277 0.876393 
0.856069 0.975294 0.589572 0.306072 0.128936 0.299233 0.341929 -0.0232996 -1.33993 -1.3697 -1.05479 -1.44085 -0.259501 0.346593 1.03909 1.53089 1.79307 1.18513 0.891022 0.486013 0.188094 0.784188 0.0485256 0.13062 0.251036 -0.316878 -0.729842 -2.30532 -1.96329 -0.511036 -0.856947 
0.689794 0.730997 0.693514 0.97144 1.34091 1.44752 1.21833 1.14988 0.760736 0.437238 0.528521 0.178886 -0.0649889 0.640974 0.534997 0.731449 0.256489 -0.408092 0.0532704 0.594126 -0.458368 -0.615479 -0.754563 -0.843407 -0.777478 -1.35578 -1.28383 -2.06519 -2.33053 -1.38796 -0.613405 
0.514317 0.303346 0.366531 0.35582 0.0923435 -0.0744703 -0.18721 -0.351661 -0.255492 -0.215606 -0.318744 0.00606568 1.33163 2.22636 1.78672 1.2345 1.12171 1.45546 0.988592 0.00334435 -1.05721 -1.74854 -1.63582 -1.53697 -1.24935 -1.04764 -0.660133 -0.844555 -0.0416572 -0.191708 -0.36999 
0.623221 0.45354 0.388141 0.494402 0.922511 0.947428 0.986871 1.07702 1.00342 0.922058 0.972737 0.677399 -0.710336 -1.2268 -1.79991 -2.22635 -1.41156 -1.40709 -0.532161 -0.54486 -0.331626 -0.291806 0.859409 1.35036 1.13835 0.60905 -0.367497 -0.369666 -0.30034 -0.450137 -1.45577 
1.34537 1.34537 0.912932 0.69382 0.940268 1.05746 0.621388 0.112099 0.245968 0.958117 1.14585 0.411432 0.454015 0.725897 0.391788 0.243966 0.728579 0.430955 -0.765774 -1.05325 -0.999268 -0.585928 -0.194584 -0.26473 -0.187525 -0.35965 -0.854555 -1.41207 -2.34782 -1.87006 -1.87006 
-0.338076 -0.338076 0.25487 1.06787 0.637312 0.33384 1.19986 1.44298 0.617428 -0.0841316 0.730466 1.12884 -0.167888 1.0275 1.81927 -0.44637 -0.654913 0.311121 0.00766311 -0.592542 0.252414 0.215487 -0.377287 0.0608731 -0.0417977 -0.229407 -0.512343 -0.373512 -2.1528 -2.39933 -2.39933 
-0.385022 -0.385022 -0.391882 -0.992713 -1.0832 -0.86082 -1.05445 -1.07129 -1.48763 -1.56539 -1.26691 -1.36801 -1.29286 -0.271116 0.590118 0.48209 -0.0469414 0.363518 1.47964 0.948254 0.401715 1.2829 1.21161 0.707662 0.906302 0.484514 0.0283448 0.954005 1.76821 0.957189 0.957189 
-0.613341 -0.613341 0.00437594 0.35873 0.0302625 -0.19732 0.892068 1.239 0.382166 -0.0792116 0.416497 0.130026 -0.859267 -0.752218 -0.468809 0.627482 1.51187 1.58276 2.11134 1.50144 0.465985 0.122056 0.411098 0.502366 -0.633755 -1.09064 -0.588201 -1.39321 -1.94865 -1.52578 -1.52578 
-0.168218 -0.168218 -0.250211 0.000995022 -0.117705 -0.117252 -0.598695 -0.804483 -0.794933 -0.655236 0.329954 0.561043 1.48653 2.16202 1.62631 1.08707 -0.0690735 -0.349454 -0.425095 0.104326 1.10951 1.13099 0.629646 0.283865 0.41853 0.387482 -0.141024 -0.466712 -2.10976 -2.0411 -2.0411 
0.696675 0.696675 -1.00525 -0.357024 0.418336 -0.5722 -0.0517994 0.579788 -0.416685 0.128659 1.32345 -0.444458 -0.74545 0.344545 0.0605689 -1.32884 -2.81499 -1.54947 0.371063 0.752472 1.54313 0.255536 -1.51594 -0.0149954 0.776112 0.870645 1.73264 1.04239 -1.09266 0.158535 0.158535 
0.917198 0.917198 0.919213 -0.00170255 -0.573716 0.110083 -0.0531614 -0.364589 -0.00876347 0.506467 1.58364 0.678964 -1.7581 -2.417 -2.41063 -1.68822 0.0654988 0.570846 1.11082 0.861191 0.201321 0.555003 0.183464 -0.0443492 0.389059 -0.796957 -1.31922 0.44582 0.231599 0.594508 0.594508 
-0.625285 -0.625285 0.160064 0.335332 0.023958 -0.31232 -0.210338 0.847017 0.224348 0.486567 1.24898 0.943994 -0.328423 -1.39473 -1.16572 -1.64436 -0.85902 0.377194 -0.0975439 -1.37667 -1.38249 0.573381 0.91789 0.734582 1.54851 0.795619 1.81005 1.1083 -2.32407 0.105229 0.105229 
0.453195 0.453195 0.366427 0.50863 0.209892 -0.14984 -0.0641758 -0.826668 -1.10429 -0.298429 0.546477 0.477079 0.176641 0.954064 1.10434 0.300785 -0.285415 -1.76984 -2.26082 -1.17538 -1.44124 -1.33021 0.531075 0.89601 0.830646 1.02307 2.04373 1.64056 -0.48331 -0.663104 -0.663104 
-0.197837 -0.197837 -0.616327 -0.399575 0.0719857 0.300422 -0.256065 -1.6686 -1.32002 0.375396 0.00516404 0.90551 1.9365 1.42852 1.30974 0.862585 -0.280195 -0.858267 -0.647395 -0.651352 0.38894 -0.0659399 -0.60006 0.289531 -0.385923 -0.940182 -1.98719 -1.20264 1.94361 1.22874 1.22874 
0.0822029 0.0822029 0.414266 0.985116 0.744811 -0.0949557 -0.340533 -0.564912 -0.922678 -0.248756 -0.285418 -0.755562 0.725178 0.918615 0.203899 -0.313693 -1.52151 -0.20808 1.48285 -0.640717 -1.61979 -0.338503 -0.242742 0.0448399 -0.641748 -0.633307 -0.918145 -1.39127 1.02697 2.48568 2.48568 
-0.104296 -0.104296 0.133233 -0.254222 -0.439377 -0.260587 -0.257784 -0.0099959 0.232368 -0.00403018 0.33392 2.02851 2.7045 0.61078 -1.10546 -0.71778 0.333072 -0.0868987 -1.65137 -2.35554 -2.00693 -0.615299 0.32194 0.529377 0.651382 0.769873 0.311878 0.804572 0.84534 -0.318444 -0.318444 
-0.110208 -0.110208 0.213281 0.791824 0.696464 0.240828 0.317302 0.184774 -0.0162881 0.129412 -0.121438 -1.8077 -2.06693 -1.11194 -1.0064 0.620646 1.12581 1.1963 1.17618 0.400466 0.462035 1.56164 2.0905 0.492379 -0.703662 -1.59994 -0.981979 0.244106 0.0710405 -1.18914 -1.18914 
-0.338126 -0.338126 -0.665289 0.348381 0.850534 -0.168568 -1.104 -0.252989 1.57078 1.65121 -0.508712 -0.725438 0.777103 0.214652 -0.412025 0.810439 0.586764 -1.92371 -1.90856 -0.0410755 1.00534 1.50907 0.787156 0.318105 0.165836 -0.688404 -1.26385 -1.92208 -0.376269 1.02092 1.02092 
0.692219 0.692219 1.47958 0.488353 -0.592916 0.662776 1.19214 -0.446097 -1.361 0.227443 1.2927 -0.75206 0.0198238 2.04247 -1.30943 -2.2782 0.851576 0.759653 -0.757201 0.355002 0.900521 -0.491878 -0.0317705 0.44288 -0.163159 -0.33774 -0.0215934 -1.47076 -1.84397 -0.12079 -0.12079 
-0.0879093 -0.0879093 -0.875401 -0.985012 0.0939512 -0.0412332 -0.354776 -0.646672 -0.726522 0.210372 0.179783 -0.112921 1.35875 2.38905 0.908289 -0.913893 -0.234326 1.92194 0.68748 -1.49173 0.3597 0.98259 -0.832871 -0.479077 -0.371391 -1.22963 0.536431 2.20147 -0.0747431 -1.1419 -1.1419 
0.675097 0.675097 1.04713 0.0537402 -0.557229 0.931363 1.53454 -0.508778 -1.35742 0.0626059 0.246239 -1.31285 -0.899696 0.436501 1.47509 2.10606 1.0295 0.655945 -0.058812 -1.70088 -1.42164 -0.031064 0.425846 -1.07042 -1.64592 0.0743883 -0.291103 -1.40176 -0.112626 0.470523 0.470523 
0.0427668 0.0427668 0.316354 0.276377 0.0032835 -0.391779 -0.616395 -0.0816558 0.29461 1.35717 1.45671 1.39168 1.87568 0.284308 -1.03865 -1.71437 -1.43245 -0.255676 0.626275 1.8034 1.2502 -0.390554 -0.790532 -0.0978607 0.244914 -0.477342 -0.798233 -2.01207 -1.58259 0.20684 0.20684 
-1.03704 -1.03704 -0.630279 0.924198 -0.104112 -0.264097 0.753774 -0.198054 -0.252171 1.12283 -0.328718 -1.26731 0.526003 0.536681 -1.01913 -1.77348 -0.10754 2.03014 1.47536 0.766372 -0.280914 -1.88863 -0.138847 1.46915 0.586642 0.631121 0.13868 -1.74194 -0.523705 0.816023 0.816023 
0.00856272 0.00856272 -0.704285 -1.14862 0.093532 0.409946 -0.360424 0.0413698 0.681256 1.23963 0.140527 -2.57972 -2.38947 -0.498096 0.571122 1.92368 1.75567 0.816149 0.231749 -0.697008 -0.230006 -0.00681932 -0.456934 0.166147 -0.575564 -1.31532 0.968992 1.20744 0.122097 0.287917 0.287917 
0.439037 0.439037 0.560308 -0.198535 -0.552483 -0.266475 0.697806 0.196406 -0.353763 0.604601 0.212141 -1.19579 -1.72256 -0.683703 -0.277085 0.107851 1.29439 0.422519 -1.31789 -0.99344 1.24491 1.48732 0.00717708 0.331978 -0.0621283 0.0766041 0.111991 -2.96484 -0.798406 1.57652 1.57652 
-0.00526848 -0.00526848 0.116551 -0.0650348 -0.495023 -0.165721 -0.510749 -0.821962 0.521583 1.48321 0.733409 -0.247761 0.477676 0.863788 -0.490575 -1.12149 -1.70476 -1.62318 0.578317 0.771163 -0.0635783 1.75866 1.97618 0.325693 0.177913 1.10826 0.598035 -2.09575 -1.90439 -0.0849599 -0.0849599 
-0.359757 -0.359757 -0.195235 0.480342 0.489211 -0.29111 -1.53666 -0.849682 1.50935 0.963745 0.360264 1.42384 0.354871 -0.517839 -0.471671 -1.24892 -1.34829 -0.320825 0.114946 0.744502 0.402237 -0.792791 0.227704 0.120428 -0.9755 -1.25752 -0.241322 2.94149 1.80339 -0.584719 -0.584719 
0.0862551 0.0862551 0.499219 0.0851578 -0.935309 -0.939123 -0.49394 -0.575099 0.0747477 0.30704 -0.520598 0.577119 1.05717 -0.531067 -1.04544 -1.40216 -0.0775624 2.01944 -0.466942 -2.39847 0.0646619 0.842217 0.123352 -0.442614 -0.644549 -0.353915 -0.702287 1.25317 2.65069 0.901292 0.901292 
0.208133 0.208133 -0.078621 -0.391447 0.0276282 0.166735 0.2178 0.395098 0.0367538 0.107497 1.53661 1.7868 -1.01692 -2.7874 -0.950922 1.09699 0.499251 -1.43634 -1.64667 -0.230805 1.32028 1.75592 0.879508 0.276158 0.210329 -0.218927 0.0580186 0.427151 -0.7988 -0.828972 -0.828972 
0.338774 0.338774 0.801778 0.466576 -0.361069 -0.223551 0.0350291 -0.187081 0.0355831 -0.0042615 -1.47037 -1.47708 0.636705 0.928624 1.46646 1.78628 0.540581 0.1202 -0.557011 -0.491634 1.00917 1.38314 -0.775831 -2.15626 -1.59457 -0.142846 1.55566 0.922612 -1.06713 -0.928626 -0.928626 
