67
0.426588 0.469122 0.625022 0.704806 0.802543 0.898905 0.957384 0.961889 0.947444 0.940182 0.955377 0.948546 0.968251 0.980218 0.947292 0.941729 0.977212 0.986125 0.983672 0.972648 0.966073 0.956851 0.925523 0.895708 0.974865 0.977405 0.972567 0.922313 0.85848 0.842325 0.815096 0.599148 0.500292 0.497456 0.388156 0.299939 0.136807 0.0744831 -0.0411845 -0.173265 -0.211269 -0.29884 -0.409064 -0.522865 -0.539804 -0.584306 -0.725913 -0.705275 -0.804704 -0.924883 -0.965954 -0.932932 -1.12017 -1.17445 -1.27396 -1.33619 -1.35688 -1.337 -1.39298 -1.41517 -1.42418 -1.46517 -1.4786 -1.42584 -1.48949 -2.03736 -2.43076 
1.95803 1.77581 1.70773 1.35182 1.26191 1.01181 0.732313 0.849636 0.905287 0.625712 0.434507 0.196604 0.36172 0.301385 0.210377 0.449772 0.476889 0.620777 0.585678 0.663251 0.530755 0.830664 1.47677 1.55882 1.34248 1.29307 1.60955 1.3389 0.906108 0.889375 0.544043 0.343503 0.00346048 0.132449 -0.0310032 -0.015816 -0.145111 -0.384073 -0.31253 -0.686633 -0.804866 -0.898186 -0.855063 -0.806076 -1.02696 -0.83522 -1.01118 -1.06466 -0.918149 -0.86197 -1.15954 -1.24961 -0.784248 -0.775576 -0.760839 -0.867775 -0.803773 -0.958352 -1.11217 -1.03733 -1.07968 -0.829206 -0.762396 -1.17173 -1.46841 -1.81929 -1.98352 
1.06878 0.7878 0.744224 0.564043 0.517929 0.499444 0.417437 0.284854 0.214388 0.234786 0.389356 0.206077 0.124054 0.061774 0.0157497 -0.165898 -0.0912073 -0.24196 -0.570101 -0.861816 -1.02155 -1.23601 -1.56891 -1.78708 -1.865 -1.75071 -1.73291 -1.79441 -1.82071 -1.62744 -1.54828 -1.23771 -0.998312 -1.07357 -0.961199 -0.788625 -0.739406 -0.608063 -0.527639 -0.404196 -0.427756 -0.363115 -0.243 -0.140602 0.238297 0.0277909 0.526231 0.545141 0.52156 0.553001 0.718007 0.878621 0.776641 1.07124 1.12499 1.26748 1.17909 1.3426 1.24737 1.29245 1.25188 1.264 1.20198 1.0153 1.0091 1.35823 1.65548 
-1.03349 -0.991943 -0.958095 -1.02484 -1.02656 -1.04316 -1.10544 -1.08151 -1.08262 -1.16164 -1.13582 -1.15541 -1.11162 -1.09801 -1.14706 -1.12487 -1.24546 -1.22197 -1.2282 -1.1948 -1.16425 -0.943223 -0.744606 -0.850725 -0.962597 -1.06081 -0.992574 -0.913568 -0.727882 -0.528184 -0.35377 -0.0562483 0.0881401 0.292195 0.490627 0.69095 0.793611 0.876689 0.918656 0.901949 0.979475 1.01292 1.0604 1.19474 1.23386 1.19459 1.297 1.13405 1.23349 1.32523 1.29153 1.20678 1.21813 1.11891 1.0894 0.997734 0.997016 0.932692 1.02366 1.02307 0.949536 0.939731 0.865398 0.728131 0.451402 0.175235 -0.256013 
-1.72949 -1.66723 -1.62162 -1.67165 -1.58452 -1.58178 -1.50818 -1.50859 -1.42522 -1.40974 -1.3281 -1.24843 -1.13572 -1.08585 -1.03642 -0.985666 -1.06308 -1.16941 -1.09504 -1.0368 -0.871914 -0.830331 -0.705994 -0.464577 -0.424095 -0.110667 0.0716227 0.108399 0.0341887 0.169039 0.184961 0.329328 0.483466 0.426153 0.388186 0.523365 0.62665 0.516916 0.66748 0.731663 0.745737 0.729997 0.743314 0.828602 0.861393 0.702248 0.793398 0.915323 0.973225 1.01821 1.01933 0.993035 0.945194 0.876773 1.0017 1.07593 1.06529 0.936736 1.09659 0.923288 0.967378 0.883558 1.0539 0.913035 0.816496 1.08992 1.06912 
-1.00344 -1.58015 -1.29084 -1.1973 -0.951508 -0.899062 -1.23567 -1.24881 -1.32379 -1.56197 -1.21855 -1.04577 -0.838522 -0.380567 -0.285392 -0.281383 -0.70036 -0.683293 -0.659222 -0.670705 -0.795994 -0.613367 -0.209544 -0.451722 -0.43065 -0.512951 -0.319334 -0.237001 -0.554907 -0.665011 -0.792252 -0.863052 -0.943386 -0.475866 -0.713026 -0.57555 -0.565878 -0.621987 -0.365004 -0.210171 0.200063 0.666556 0.726191 0.725829 0.602021 0.895401 0.535973 0.789671 0.572755 0.919731 1.11745 1.10704 1.23558 0.70105 1.25795 1.72486 1.69593 1.38833 1.50388 1.51074 1.56556 1.29417 1.29994 1.11075 1.45593 1.92586 1.44375 
1.14178 1.18817 1.31641 1.23363 1.27253 1.24881 1.36093 1.38076 1.41827 1.42057 1.42089 1.36417 1.51627 1.45192 1.50379 1.57302 1.2859 1.2747 1.26828 1.17034 1.10116 1.06795 0.927093 0.526553 0.124668 -0.307633 -0.697742 -0.864069 -1.16342 -1.28584 -1.27534 -1.32179 -1.11408 -1.12174 -1.10775 -1.0828 -0.857547 -0.952362 -0.654291 -0.820879 -0.632973 -0.506268 -0.535483 -0.518859 -0.714635 -0.562915 -0.771026 -0.533674 -0.44571 -0.496287 -0.533107 -0.51806 -0.490452 -0.418236 -0.588901 -0.501952 -0.365612 -0.299947 -0.346497 -0.244523 -0.444765 -0.570665 -0.504594 -1.06387 -1.07859 -1.13835 -1.10535 
0.107374 -0.102523 -0.200437 -0.346166 -0.281681 -0.320778 -0.498103 -0.532431 -0.501289 -0.246004 0.509589 0.281085 -0.017814 -0.188276 -0.297967 0.0717424 1.1822 1.65856 1.61116 1.81312 1.7491 1.5697 1.76306 1.68069 1.60152 1.20332 0.93417 0.616687 0.123964 -0.346565 -0.718919 -0.787846 -0.673682 -0.758444 -1.5656 -1.78273 -2.07407 -1.7297 -1.76021 -1.49585 -1.17087 -0.988528 -0.543303 -0.449671 0.113195 0.517353 0.326087 0.403852 -0.478982 -0.431302 -0.402453 -0.513688 -0.47519 -0.500534 -0.094328 -0.512825 -0.526966 -0.212284 -1.08861 -0.915814 -0.0541658 0.397475 0.410347 1.45647 2.06866 1.08769 1.32841 
1.32255 1.28922 1.31032 1.30781 1.34924 1.37746 0.975417 1.18087 1.25443 0.813164 0.449366 0.131628 -0.28214 -0.869635 -1.28207 -0.983905 -0.333401 -0.481864 -0.44208 -0.60013 -1.32964 -1.46062 -1.40676 -0.940804 0.84322 1.34509 1.28389 2.09225 2.5212 2.15817 1.5567 1.1099 0.506627 -0.472829 -0.206086 -0.480361 -1.1326 -0.895606 -0.883084 -1.1444 -0.873231 -1.09381 -0.64491 0.190472 -0.0856773 0.294033 0.0177405 -0.143924 0.0622861 -0.323974 -0.674357 0.161571 -0.718158 0.580578 0.0881157 -0.110482 0.212436 -0.126648 -0.567023 -0.59349 -0.781743 -1.72987 -1.19427 -0.85736 -0.516481 -0.60214 -0.520204 
0.622393 0.625658 0.844034 0.580456 0.486832 0.348201 0.534126 0.563481 0.496228 0.251941 0.13449 0.0353425 0.028825 -0.078875 0.141591 -0.20876 0.133646 0.225662 0.493307 0.782252 1.3409 1.28544 0.681807 0.836869 1.44107 1.93315 2.36523 2.30135 2.24637 2.03009 1.48004 0.927516 0.147726 -0.227702 -0.570298 -0.607673 -1.54532 -1.07934 -0.825809 -0.693785 -0.858947 -1.20301 -0.992684 -1.12705 -0.776604 -0.98664 -1.66008 -1.09058 -1.31656 -0.861184 -0.944652 -0.834999 -0.46984 -1.14855 -0.328795 -0.814973 -0.526824 0.00574941 -0.132821 0.0344473 0.258802 -0.0427474 0.0822116 -1.03935 -1.53276 -1.48961 -0.710409 
-0.266499 -0.319567 -0.134345 -0.0534121 -0.00137554 0.149726 0.0504733 -0.00166032 -0.0882701 -0.215558 -0.0147841 0.250098 0.266866 0.585049 0.215184 0.00331199 -0.0652833 0.417007 0.643975 0.998811 1.10883 1.4416 2.03136 2.12062 1.84545 2.06379 1.85762 1.69974 1.59021 1.62978 1.55175 1.16027 0.625055 0.548859 -0.0837199 -0.248462 -0.517083 -0.723985 -0.510562 -0.24896 -0.0824759 0.0420636 -0.343062 -0.728937 -1.00657 -1.02443 -1.24871 -0.92564 -0.93477 -0.94776 -1.21171 -1.2163 -1.2396 -1.32959 -1.71964 -1.61008 -1.5953 -1.23572 -0.952896 -0.687155 -1.18008 -0.766749 -0.491412 0.0781075 0.417623 0.546008 0.0328696 
0.303261 0.391535 0.5508 0.785285 0.926523 0.403281 0.618199 0.429563 0.586731 0.958364 1.60368 1.48999 1.2798 0.870568 1.02907 0.404954 -0.315338 -0.59716 -0.448526 -0.220926 0.25208 0.473711 1.08061 1.45124 2.19074 2.35023 1.66862 1.49723 0.685768 1.22608 0.873903 0.576213 0.570737 0.571886 -0.233355 -0.433296 -0.687887 -1.00118 -0.863443 -1.1046 -1.41522 -1.38653 -1.45554 -1.39011 -1.06422 -1.26879 -0.407936 -0.969107 -0.453662 -0.451128 -0.458205 -0.542162 -0.0487972 -0.223843 0.218905 0.0483491 -0.0634027 -0.92464 -0.865032 -0.633416 -1.17386 -0.708477 -0.972375 -1.51294 -2.02514 -1.46579 -0.581861 
-0.648932 -0.739891 -0.594502 -0.564093 -0.476983 -0.42618 -0.501179 -0.270029 -0.251636 -0.236102 0.0549133 0.365356 0.51348 0.692489 0.847467 1.14502 1.01279 1.19459 1.2057 1.0616 0.625939 0.279983 -0.417679 -1.77403 -2.35557 -2.64386 -2.61296 -2.03787 -1.29431 -1.20084 -0.486655 0.253451 0.312935 0.664657 1.1326 1.24553 1.98013 1.92412 1.51951 0.989287 0.0788125 -0.479415 -0.888237 -1.25687 -0.759215 -0.435231 -0.112102 -0.240997 -0.184066 -0.824618 0.129857 -0.447747 0.0224306 0.0913362 0.172616 0.636816 0.930964 1.07759 1.33308 0.693993 0.654188 0.550054 0.394574 -0.545319 0.127032 -0.440425 0.232651 
1.42298 1.42298 1.60602 1.32021 1.40167 1.20876 0.757382 0.399035 0.341214 0.486862 0.488979 0.511146 0.603514 0.344886 0.258746 0.594906 0.666042 0.479622 0.381651 0.361399 0.370253 0.24862 0.147429 0.690343 0.849334 0.43659 0.177158 -0.112738 0.0548245 0.234688 -0.747081 -1.09905 -0.0518329 -0.103151 -0.522709 -0.787239 -0.660002 -0.426765 -0.769544 -0.387908 -0.169191 -0.524078 -0.652972 -0.194569 0.145964 -0.466654 -0.14656 0.0607041 -0.631263 -0.344496 0.408329 -0.309927 -0.738911 -0.307833 -0.346901 0.0403894 0.443854 0.270522 0.0637608 0.294542 0.20222 0.180485 0.641116 0.394367 -2.55708 -4.17752 -4.17752 
-0.394703 -0.394703 -0.937108 -1.00528 -0.674875 -1.26693 -0.119489 0.927149 -0.312333 -1.08324 -0.953108 0.159657 0.71419 -0.0856681 0.850368 1.21926 0.921003 0.726707 0.519609 0.215447 0.909785 3.3413 2.66096 -0.0324129 -0.442975 1.22102 0.530084 -1.80984 -1.01685 -0.743735 -1.31775 -1.30123 -0.272141 0.279338 -0.0760551 0.0306148 -0.763075 -0.135869 -0.557905 -1.15057 -0.273701 0.230205 0.674621 -0.149841 0.29595 0.43623 -0.32956 0.677497 1.01996 -0.366885 -0.823606 1.55898 1.86734 0.460072 0.0990349 0.252885 0.104099 -0.576133 0.140312 0.488434 1.03694 1.37781 -0.682728 -1.81788 -1.63531 -1.22168 -1.22168 
-1.23253 -1.23253 -0.874129 -0.883151 -0.30819 -0.43582 -0.84153 -0.800491 -0.256525 0.543658 -0.180573 -1.02185 -0.591604 -0.4636 -0.888046 -0.458809 -0.348953 -1.78134 -2.28257 -1.68374 -1.40904 -2.0248 -2.038 -1.13133 0.0508392 0.391181 -0.233858 -0.390674 0.515205 0.890225 1.3073 1.87707 0.505174 0.053474 0.934706 0.71016 0.563551 0.674508 0.646421 0.276674 0.0675822 0.578465 0.71272 1.6329 0.520281 0.945345 1.7611 -0.0951018 -0.0505418 0.620034 1.07935 0.130001 0.606427 1.16017 0.619287 0.113864 0.188645 0.164325 -0.256819 -0.0624629 -0.179674 -0.255929 -0.962827 -0.764333 1.14092 2.2199 2.2199 
0.241548 0.241548 -0.227209 -0.381136 -0.164083 -0.426255 -0.250799 0.0140017 -0.431632 -0.315109 -0.057837 0.0199529 0.16363 -0.238197 -0.201055 -0.510744 -0.505084 -0.0100556 0.0328051 0.191995 1.00413 1.73161 0.315571 -1.02837 -0.994139 -0.214557 0.55252 1.06091 1.58333 1.53454 1.95796 1.828 1.42343 1.65736 1.6412 1.22666 0.719167 0.456456 0.0245375 0.178451 0.395523 0.265477 0.702204 0.666032 -0.0854215 0.188505 -0.346847 -0.359715 0.742693 0.166417 -0.597506 -0.402504 -0.465133 -0.642002 -0.609325 -0.484699 -0.366332 0.0305179 0.306381 -0.40564 -0.44552 -0.448992 -1.00071 -1.87678 -2.47801 -3.14684 -3.14684 
0.144712 0.144712 -0.685555 -0.378625 0.0115936 -0.0884487 -0.11178 -0.0395149 0.07797 0.0652268 0.539853 0.769518 0.549188 0.0813718 0.0878669 -0.85005 -2.0115 -0.889212 0.327631 0.996877 0.873695 0.573906 2.05146 1.43145 1.96389 3.01241 0.966859 -0.929689 -0.204538 0.461901 0.532268 1.55423 0.0630195 -1.3574 0.0658721 1.11029 -0.700583 -0.351004 0.934925 -0.0742746 -0.66522 -0.670821 0.0761779 0.220165 -1.58716 -1.15565 0.922564 0.676729 0.107813 -0.312009 -0.839021 -1.20106 -1.51254 -0.235102 0.819626 -0.182684 -1.68207 -0.42154 -0.752344 -1.60826 -0.946659 -0.0131874 -0.434952 -2.40823 0.654964 1.21498 1.21498 
-1.10981 -1.10981 0.890961 0.761046 0.638361 -1.10013 -1.29592 -0.514949 -1.18669 0.0622844 1.28902 0.882516 1.73379 1.39925 0.0441851 -1.4906 -1.45162 -0.129086 -0.214311 -0.660162 -0.0807262 1.49871 0.230636 -0.911905 -0.43466 0.0804012 0.571843 -0.955089 -1.52953 -0.960381 -0.843054 -0.70303 0.903891 0.435754 -0.549451 0.187359 -0.390506 0.347738 0.977417 1.43488 2.36521 1.31864 -0.0749528 -0.622543 0.254298 -0.449043 -0.567498 -0.14209 0.136351 1.37405 0.307243 0.100742 -1.46379 -0.185086 2.80425 1.05549 -1.25644 -0.825162 0.113525 -0.0677687 -0.898361 -1.04476 -0.799403 0.213747 2.18125 -0.288256 -0.288256 
0.935192 0.935192 0.433258 0.0861329 0.315672 0.60015 0.769329 0.479453 0.411341 0.266863 0.0375333 0.62725 0.597623 0.208179 0.727165 -0.589956 -0.902424 0.188185 -0.148828 -0.392679 -0.14118 -0.419663 -1.84693 -2.86114 -2.98455 -2.93879 -1.90536 -1.55273 -1.38211 -0.178169 0.116977 0.883232 1.03396 0.281241 0.407942 1.22882 0.763483 1.04641 0.767534 0.339488 1.47908 0.635456 0.207739 -0.439429 0.0854821 0.037557 0.370274 1.52067 0.401927 -0.0829168 0.172064 0.422397 0.644523 -0.125862 -0.0686137 1.12425 1.04155 0.33093 0.472008 -0.125154 -1.01056 0.0241933 -1.65967 -1.97359 -0.0327526 0.152685 0.152685 
-0.51717 -0.51717 -0.416043 -0.160104 0.00794625 -0.373142 -0.365627 -0.037085 0.41934 1.56106 0.798619 -0.863243 -0.77177 -0.473581 0.37772 2.30065 2.46873 0.643977 0.211524 0.185329 -0.415687 -0.0100783 0.142851 -0.286647 -0.784388 -1.08379 -0.956596 -1.30894 -1.55013 -1.36043 -0.727517 0.0392267 0.0142719 -1.43771 -1.64632 -0.833402 0.0515012 0.46257 0.336486 0.896718 0.767461 0.956978 0.817164 1.00256 1.49195 0.30345 -0.21094 -1.30084 -1.34825 0.0885432 -0.161904 -0.146697 -0.0113347 0.568167 -0.051435 -0.713896 0.441583 -0.917201 -1.14082 1.5982 2.03766 0.7 1.63689 2.58142 -0.61325 -1.1987 -1.1987 
0.0603383 0.0603383 0.102838 0.130877 0.173269 -0.438406 -0.193949 0.462039 -0.429977 -1.03322 -0.862839 -0.931763 -1.30384 -1.30199 -0.0804114 1.38569 0.769664 -0.0726993 -0.0859239 -1.147 -1.10967 -0.0291797 0.794179 3.18059 3.23013 0.68502 1.10776 1.78382 0.168124 -1.25313 -1.36868 -1.37116 -2.10585 -0.905842 0.066812 -1.20073 -0.495546 0.421351 -0.265956 0.0907909 0.14697 0.392123 1.84861 0.848548 0.220042 0.219844 -0.526872 0.138642 -0.171142 -0.938848 0.74691 0.0167858 0.655135 1.18929 -0.875975 0.248675 0.0549028 -0.997904 -0.566713 -0.218962 -1.49021 -0.491794 1.28066 1.01207 0.429224 0.0720653 0.0720653 
0.454388 0.454388 -0.016445 -0.566956 -0.346492 0.14676 0.443164 -0.00355703 -0.486386 -0.574959 -0.318868 -0.123129 -0.13822 0.262283 -0.165865 0.0492929 0.829831 0.697919 1.04539 1.55885 0.951169 -1.09962 -0.728177 1.40301 1.99765 1.69395 0.712996 -0.146417 -0.415329 -1.28884 -1.88213 -2.2875 -1.97502 -1.20361 -0.607131 -1.65707 -0.76892 1.33285 0.743603 0.00484024 -0.835197 -0.17266 0.197341 0.444576 0.311062 -1.49555 -0.120082 0.669435 0.468068 0.719533 0.109515 0.901097 -0.489935 0.31218 0.651893 -0.286101 1.51144 0.758512 0.113948 0.754314 -0.0728948 -0.248274 -1.69514 -2.78624 -0.731168 1.51432 1.51432 
0.268685 0.268685 0.572423 0.270535 0.429585 0.0866594 -0.374011 -0.345353 -0.515704 0.135704 1.02463 0.607546 0.728363 -0.148012 -1.34948 -0.666596 0.906851 1.5768 1.2879 1.02282 0.972806 2.06021 1.50824 -0.452267 -0.159674 -0.00328714 -0.856054 -0.636996 -0.189438 -0.118031 -1.09511 -2.1314 -1.41673 -1.63743 -1.83814 -1.01316 -1.10873 -0.0160852 1.04587 0.939472 0.628793 -0.621532 -1.77848 -1.53483 -0.700655 -0.579719 0.193059 0.680735 -0.0810027 -0.658598 -0.639563 -0.0940829 -0.287651 -1.11897 -0.666645 0.25097 0.817683 1.42527 1.21255 -0.545811 -0.211279 1.53012 1.88416 2.02963 1.02972 -0.902979 -0.902979 
0.427364 0.427364 0.664739 0.635473 -0.594704 -0.475085 0.0681526 -0.0256054 0.883994 1.67651 0.888584 -0.50035 -0.980156 -0.381576 -0.730446 -2.15717 -1.60146 -0.190749 0.636302 1.16292 1.15323 1.37061 1.6125 1.82778 1.485 -0.822174 -1.35936 -1.57019 -0.414747 0.330921 -1.02957 -0.466711 0.0184565 -1.27997 -1.60644 -0.712454 -0.896482 -0.259535 -0.142417 -0.870329 -0.432243 -0.0399832 0.0196818 0.660793 0.222437 1.09097 0.512024 -0.0487551 0.866426 0.0181076 -0.122311 0.69016 0.542275 0.460099 0.467389 -0.432846 -1.55417 -1.27597 0.498287 -0.475897 -0.0963796 0.35259 -1.28056 -1.68369 0.102019 2.36866 2.36866 
0.0487746 0.0487746 0.22079 0.138191 0.167095 -0.0626628 0.192943 0.325308 0.0197161 0.406104 0.824077 0.621558 0.435277 0.44499 0.613006 0.205948 0.0418863 0.245039 -0.216858 -0.850067 -1.13615 -1.50749 -2.93952 -2.77495 -1.26118 -0.39316 0.8305 1.84055 1.15795 1.11632 2.03281 1.10489 0.554433 1.13334 0.794905 1.17284 0.933401 -0.681199 -1.35331 -2.07028 -2.10996 -1.39897 -1.13026 0.154493 1.13614 0.888785 0.24692 -0.130363 -0.855536 0.416554 0.505771 -0.180625 0.735674 0.184488 0.74474 1.04644 0.596339 0.541556 -0.572041 -0.990569 -0.232374 -0.396321 -1.58084 -0.407556 0.120296 0.121324 0.121324 
0.4344 0.4344 0.10036 -0.0183718 0.0902013 -0.532549 -0.725902 -0.265933 0.323112 0.393166 0.248847 0.354328 0.0261487 -0.182484 0.512676 0.696493 0.0857266 -0.111917 0.0822916 0.207142 0.0886534 -0.0399603 0.73673 1.04082 -0.07611 -0.565142 -0.421563 0.0774868 0.62652 -0.716764 -1.33835 1.03304 1.38442 -0.329873 -0.579065 0.0600031 0.64177 0.0924375 0.265879 0.922129 0.0613153 -0.344955 0.605579 1.15422 -0.0975351 -0.121423 0.836816 -0.346033 -0.253114 1.43549 0.260867 -1.12037 0.222913 0.678628 0.62745 1.14466 0.489433 -0.22377 0.248538 0.38229 0.0871608 0.733425 0.47044 -3.51744 -5.12294 -1.67342 -1.67342 
-0.388828 -0.388828 -0.440222 0.217739 -0.177179 0.438731 1.67404 -0.125315 -1.49546 -0.462984 0.957008 1.27694 -0.164878 0.122715 1.00377 0.0733056 -0.351252 -0.282529 -0.36535 0.314188 2.37645 1.34016 -2.52318 -2.31981 0.964948 0.75359 -2.26473 -1.14609 0.823732 -0.20677 -0.400208 0.808281 1.21156 0.167876 -0.16744 -0.497845 -0.105444 0.174723 -0.744862 0.234303 1.06094 0.734942 -0.266436 -0.2654 0.461862 -0.451477 0.201935 1.03738 -0.767239 -1.36969 1.47185 2.0486 -0.808344 -1.31296 -0.136128 0.0238756 -0.60489 0.0473571 0.822572 0.69597 0.690509 -1.2763 -2.38898 -0.698035 0.469495 0.331867 0.331867 
0.247023 0.247023 0.237494 0.466217 0.340948 -0.694794 -0.516653 0.486354 1.28813 -0.0512862 -1.78492 -0.565617 0.458096 -0.444592 -0.126443 0.437863 -1.5283 -2.17371 -0.0284161 0.791082 -0.491724 -0.79578 0.812144 2.07464 1.47651 -0.432188 -0.957264 0.659625 1.22133 0.705074 0.91076 -0.978675 -2.05751 0.32215 0.56206 -0.523501 -0.169158 -0.0439797 -0.551678 -0.742847 0.187235 0.549863 0.982146 -0.334749 -0.857669 1.179 -1.23038 -2.04488 0.623792 1.06183 -0.649054 -0.630979 0.956513 -0.117921 -1.23656 -0.586329 -0.0782091 -0.601983 -0.371026 -0.0500267 -0.335833 -0.958634 -0.668457 2.09039 3.02032 1.00807 1.00807 
-0.466738 -0.466738 -0.671636 0.241268 0.0971812 0.0418091 0.743279 -0.0834721 -0.28085 0.65481 0.603251 0.452041 -0.186392 -0.328205 -0.205556 -0.247463 0.823722 0.873242 0.426196 1.4502 2.20667 -0.759323 -3.51666 -1.58616 1.24053 2.21605 1.85506 1.52939 0.7877 0.655927 0.547874 -0.554294 -0.0699046 0.447121 -0.41608 -1.07011 -0.868001 -0.767404 -0.212822 0.65107 0.273084 0.565473 0.690431 -0.891194 -0.478412 -0.190752 -0.572514 1.60756 0.857591 -1.62674 -0.600068 0.333445 -0.161564 -0.0346991 0.366631 0.480696 0.843062 1.05271 -0.423344 -0.84364 0.0995326 -0.581786 -1.74333 -1.80924 -1.53338 -0.733064 -0.733064 
-0.62178 -0.62178 -0.399399 0.484881 0.190017 -0.109613 0.0152291 0.117255 0.0556637 0.314424 0.490056 -0.0134617 -0.518808 -0.354467 -0.69507 -1.54128 -0.0485992 1.67455 1.34631 0.375416 -0.326681 0.833107 0.60109 -0.0836736 1.12523 -0.742608 -2.8764 -0.868939 0.988026 0.513614 0.771201 -0.36021 -2.12979 -0.0181581 1.76769 -0.575546 -1.07898 1.16475 0.180275 -1.17958 -0.452442 0.516941 0.625323 -1.22537 -1.01705 1.79815 1.30739 -0.610538 -0.736597 -0.706236 -0.664371 -0.508211 0.679642 1.6695 0.0177535 -1.83278 -0.193283 0.653388 -0.880043 -0.161012 1.13546 0.350523 -1.75551 0.769454 2.6049 0.385522 0.385522 
1.27429 1.27429 1.19081 -0.173565 -1.20711 -1.25409 0.364731 0.0589199 0.359625 1.57944 0.515758 0.274516 0.320751 -1.09688 -1.86806 -0.972356 0.863543 0.783741 -0.352492 0.0745693 1.37587 0.188796 -1.56014 -0.438732 0.626321 0.635442 -0.676592 -1.36145 -0.0146627 0.429815 0.154093 1.1112 0.720436 -0.945072 -0.170863 0.090864 0.0917853 0.867664 0.687255 0.880429 -0.0859471 -1.57913 -1.25852 0.20029 0.100216 -0.539288 0.185963 0.440979 0.9629 0.0985402 -0.829398 -1.1492 -0.194914 2.73107 0.785841 -2.62036 -1.21963 0.868978 0.475383 -0.661425 -0.639007 0.0523211 0.797364 1.90388 -0.333813 -1.59798 -1.59798 
-0.509901 -0.509901 -0.883434 -0.0963122 0.583341 0.518388 -0.0996604 -0.355004 -0.198545 -0.372028 0.418022 0.632918 -0.420733 0.169615 -0.828637 -1.72334 0.867558 0.841145 -0.594836 0.0384487 0.00118192 -1.8053 -2.597 -1.19394 -0.0533366 1.19151 1.52172 0.593269 1.50935 1.64336 1.17237 1.01696 -0.61757 -0.64342 1.04988 0.412808 -0.166066 0.0345769 -0.730482 0.795893 0.348703 -1.33784 -1.12644 -0.101339 0.543492 0.336677 1.62616 0.0642791 -1.69536 -0.217132 0.573975 0.538621 -0.559751 -0.737171 1.37543 1.22484 -0.823452 -0.582649 -0.460562 -1.56513 0.190927 -0.668275 -2.11955 1.7809 2.31825 0.229764 0.229764 
0.101014 0.101014 0.301895 0.354421 -0.145568 -0.271568 0.285405 0.637745 1.27599 0.319329 -1.88114 -1.21092 0.327478 0.923851 2.19908 1.66283 -1.27865 -1.74999 -0.338342 -0.470644 -0.13173 0.460026 -0.195432 -0.706129 -0.604021 -0.113521 -0.155068 -0.444213 -0.0187793 0.667295 1.12021 0.603855 -1.13758 -1.28172 0.495952 1.35422 1.03882 0.24532 0.362395 0.359904 0.068938 0.0606522 0.0574213 0.551266 -0.527079 -1.31492 -1.23753 -0.871013 1.11214 0.952782 -0.162994 0.13982 0.582723 -0.00983262 -0.984623 0.408601 -0.137928 -1.22035 1.99592 2.51636 -0.683335 -0.292914 1.49833 -1.74444 -2.94529 -0.437864 -0.437864 
0.037392 0.037392 0.0597724 0.0596869 -0.450928 -0.289642 0.722197 -0.184927 -1.19003 -0.342038 0.0844486 -0.348533 -0.292046 0.979999 2.14876 0.681993 -1.16061 -0.679455 -0.854032 -0.813675 0.895708 1.52311 2.56549 1.94783 -1.98848 -1.69059 0.88052 -0.746538 -2.4206 -1.22319 -0.0907389 -0.584938 0.374884 1.73767 -0.231908 -0.445401 1.2982 0.186726 -0.260381 0.333064 0.24399 1.36171 0.367784 -1.29644 -0.498357 -0.592712 -0.0613457 0.28741 -0.856575 0.736252 0.766249 -0.0697853 0.939353 -1.21865 -0.747323 0.746489 -0.991541 -0.4927 0.625215 -0.733659 -0.214303 2.21515 1.20384 -0.676137 -0.746835 -0.281612 -0.281612 
-0.399003 -0.399003 -0.814263 -0.292806 0.494522 0.551804 -0.157233 -0.745021 -0.474864 0.0825158 0.296977 0.0924196 0.246877 -0.0646997 -0.204508 0.707225 0.445423 0.118756 0.605568 -0.114921 -2.04918 -1.31061 1.84393 2.01229 0.175617 -1.01288 -1.43207 -0.894961 -0.905598 -1.15028 -0.797148 -0.113918 0.773749 0.987976 -0.385895 -0.165887 2.2115 1.09708 -1.04559 -1.23476 -0.177738 0.735015 0.421745 0.0419357 -1.50731 -0.369065 1.58924 0.399805 -0.00605591 -0.314309 0.0931106 -0.496021 -0.488076 0.817454 -0.49514 0.604526 0.744123 -1.098 -0.0470129 -0.184785 -0.800115 -1.26754 -1.95827 0.683297 3.20013 1.64996 1.64996 
0.295621 0.295621 0.0497861 -0.0680369 -0.101455 -0.606109 -0.303519 -0.0671049 0.440017 1.30261 0.432512 -0.192977 -0.56699 -1.64376 -0.374017 1.88567 1.87513 0.358579 -0.402839 -0.208311 0.893055 0.484298 -1.9977 -1.30995 0.413895 -0.5188 -0.467765 0.591121 0.470886 -0.68923 -1.59126 -0.213627 0.450525 -0.294884 0.55664 0.642261 0.860226 1.80282 0.826414 -0.291353 -1.22288 -1.91202 -0.695441 0.925979 0.826049 0.776054 1.0747 -0.174895 -1.04237 -0.40657 0.507979 0.33485 -0.786311 -0.260345 1.16386 1.25701 1.00454 0.369833 -1.55682 -1.11118 1.73876 1.75465 0.455045 -0.647513 -2.33982 -1.52556 -1.52556 
0.110745 0.110745 0.0879288 -1.05618 -0.940111 0.442453 0.276103 0.561721 1.25267 -0.0707354 -1.77141 -1.53119 0.0182832 0.120361 -1.45858 -0.75336 1.45872 1.67026 0.981016 0.328688 0.0876037 0.283737 0.282093 -0.173718 -2.14023 -2.29179 -0.657471 0.662108 1.4078 -0.553636 -0.696153 0.742736 -0.708333 -1.34109 0.368122 0.479172 0.278784 0.513559 -0.550493 -0.300264 0.573029 0.278009 0.472015 0.0837549 0.261055 0.15145 -0.962851 0.201979 -0.0221874 -0.845139 0.449622 0.443802 -0.253671 -0.132696 -0.770459 -1.65034 -0.731617 1.5258 0.549427 -0.537919 0.57158 -0.997511 -1.66181 1.00356 3.08492 1.69277 1.69277 
0.165879 0.165879 0.0839654 -0.0579586 -0.203897 0.0209253 0.380045 -0.1765 0.0754167 0.792981 0.208959 -0.390285 -0.179813 0.171546 -0.241769 -0.571093 0.0340585 -0.261308 -1.09073 -0.916382 -0.65668 -1.79312 -1.26166 1.65971 2.35733 2.06963 2.21048 0.320028 -0.72293 0.862889 -0.016048 -1.47082 0.0235019 0.233769 0.0344697 0.132638 -1.84338 -2.27246 -1.38227 -0.755082 0.661032 0.966873 1.53587 2.24289 0.723493 -0.886554 -1.01541 -1.09802 0.537672 1.34531 -0.596935 0.223287 0.357376 0.00428197 0.850093 -0.151879 -0.505405 -1.1634 -1.52413 0.332141 0.584611 -1.342 -0.0158515 1.68232 0.519786 -0.00368974 -0.00368974 
