47
0.341249 0.456247 0.560605 0.645488 0.660449 0.771805 0.826358 0.837797 0.846603 0.85576 0.924205 0.942635 0.898761 0.864904 0.942989 0.948358 0.825938 0.868679 0.861803 0.758181 0.662579 0.593288 0.622669 0.61906 0.501716 0.459377 0.263186 0.228969 0.0671429 -0.0305166 -0.124524 -0.163459 -0.238262 -0.327599 -0.475067 -0.623942 -0.815503 -1.09402 -1.22177 -1.29275 -1.58089 -1.85081 -1.91451 -2.09312 -1.9708 -1.83873 -2.00051 
0.791831 0.677043 0.440661 0.312314 0.213249 -0.05764 -0.104414 -0.0343317 -0.138319 -0.0936469 -0.185371 -0.17205 0.0962382 0.226802 0.186805 0.221555 0.38276 0.327324 0.374069 0.501033 0.49563 0.464044 0.26213 0.267113 0.523958 0.475164 0.627955 0.392278 0.518433 0.693395 0.862421 0.878602 0.902981 1.08665 1.20849 0.916273 0.671904 0.280538 -0.117884 -0.39733 -1.04309 -1.60432 -1.74286 -2.64461 -2.76704 -2.49164 -2.68509 
-0.3253 -0.361094 -0.356358 -0.290708 -0.325433 -0.10385 -0.203927 -0.437778 -0.451097 -0.431509 -0.38547 -0.6916 -0.48407 -0.800989 -0.971041 -1.31661 -1.05662 -1.40192 -1.3384 -1.23301 -0.750777 -0.478557 -0.394051 -0.203565 -0.379782 -0.323808 -0.135507 0.153671 -0.134462 -0.272388 -0.437225 -0.182025 0.0842476 -0.489603 -0.573229 -0.478843 0.421656 1.35029 1.66487 2.15283 1.45947 1.59344 1.99395 1.44838 1.73389 2.29062 1.8533 
-0.594529 -0.724836 -0.968073 -0.911745 -0.880609 -0.94674 -1.00492 -0.993191 -0.990558 -1.04666 -1.09947 -1.14793 -1.06809 -1.06952 -0.978819 -1.0008 -1.05073 -0.899381 -0.849691 -0.519258 -0.31216 -0.0722635 0.303843 0.466638 0.877658 1.15441 1.09756 1.1821 1.42379 1.63602 1.76426 1.92336 1.91637 1.83003 1.22017 0.917108 0.601087 0.886586 0.707893 0.00544117 -0.394135 -0.129931 0.0515897 -0.00124959 -0.277916 0.136208 -0.168905 
-1.90762 -1.96255 -1.68048 -1.56578 -1.59248 -1.4843 -1.51191 -1.31456 -1.22142 -1.03915 -1.04342 -0.776886 -0.712579 -0.641972 -0.634213 -0.493836 -0.338193 -0.211246 -0.0581277 -0.157778 -0.0897875 0.144274 0.471738 0.43351 0.2524 0.21591 0.758049 0.869442 0.944759 0.975746 1.0969 1.04487 1.12546 1.05277 1.25455 1.15639 0.869058 1.11893 0.545688 0.586099 0.808429 0.986251 0.780504 0.976256 0.545656 0.649545 0.775109 
-0.389183 0.00131061 -0.104608 0.0890416 0.540231 0.299183 0.155524 0.474808 0.598211 0.556803 0.618472 0.478523 0.26122 0.436617 0.39791 0.450653 0.452697 0.170262 -0.166164 -0.197694 -0.685293 -1.16821 -1.4911 -2.0202 -1.95986 -2.45421 -2.21131 -1.61756 -1.29063 -0.952123 -0.745053 -0.569625 -0.393047 -0.0385595 0.579609 0.472431 0.794549 1.06409 1.03649 0.861599 1.50648 1.4909 1.05176 1.4383 0.169743 0.877801 1.12922 
1.03914 1.2596 1.52768 1.61926 1.32896 1.48617 1.49621 1.27537 1.34784 1.24383 1.15088 1.12751 0.942666 0.660582 0.697186 0.416751 0.199305 -0.00862947 -0.0783472 -0.103091 -0.191303 -0.513184 -0.925014 -1.0064 -1.15859 -1.11679 -1.10007 -1.13076 -0.91952 -1.01208 -1.13266 -1.19262 -1.54753 -1.22089 -1.45548 -1.33389 -0.865293 -1.05436 -0.655363 -0.421575 0.200329 0.219045 0.17372 0.48122 -0.120536 0.310256 0.0604754 
0.611308 1.53455 1.43114 1.45009 1.46389 1.31654 1.29343 1.24174 1.07084 0.958566 0.911496 0.868754 1.20033 0.951773 0.815282 0.567592 0.555915 0.626069 -0.275788 -0.406089 -0.0921996 -0.0700375 -0.373337 -0.00321507 -0.300345 -0.482325 -1.28821 -0.937997 -0.831265 -0.605546 -0.545004 -0.576939 -0.171346 -1.05346 -1.89908 -2.08878 -2.04934 -1.72722 0.409312 -0.135324 -0.123227 0.209349 -0.272825 -0.568078 -0.660206 -0.722438 -1.22833 
-0.280869 -0.553895 -0.521608 -0.510256 -0.554757 -1.06936 -1.16899 -1.1451 -1.1217 -0.856535 -0.617201 -0.768082 -0.573789 0.0126177 0.0438546 0.717763 1.01792 1.02172 1.75547 1.6899 1.30398 1.22282 1.53287 1.76203 1.74402 1.49361 0.992467 0.752664 0.516175 -0.00240442 -0.305797 0.191225 0.265393 0.500541 0.479631 0.393483 -0.550723 -0.155276 -0.0229086 -0.313119 -1.13025 -1.43706 -1.47176 -0.71879 -2.30225 -0.687954 -0.569732 
-0.444116 0.006022 0.127329 0.338186 0.431752 0.799585 0.768596 0.786475 0.959098 0.979649 0.996289 1.1954 0.871676 0.387916 0.401169 0.26265 0.585284 0.760249 0.425092 0.644735 0.777261 0.719803 0.593781 -0.0759147 -0.192762 -0.574781 -0.423514 -0.883135 -1.35227 -1.8779 -2.06865 -2.5573 -2.26646 -2.05011 -0.906645 -0.632813 0.168878 0.110829 -0.902251 0.201777 0.925861 -0.0935882 0.904729 1.18793 -0.758368 1.442 -0.699423 
1.34309 0.840871 0.537154 0.219442 0.0803601 0.0209662 0.200116 0.714756 1.03 0.768188 0.754397 0.475488 0.289432 0.684824 0.493547 0.770115 0.349379 0.495941 0.867675 0.500695 0.344356 0.86359 1.48973 0.610908 0.223239 -0.329651 -0.486102 -0.551684 -1.52194 -1.62158 -2.00525 -2.6678 -2.67532 -2.1524 -1.54257 -0.544226 -0.22397 -0.524819 0.113622 -0.0718809 1.26815 -0.387098 -0.165282 0.349513 -0.00527782 0.13555 0.641752 
1.38979 1.33083 1.10129 1.25235 1.2349 1.23147 1.25447 1.11856 1.0635 1.14323 0.914021 0.85315 0.940652 0.846131 0.720662 0.575831 0.819763 0.755599 0.600487 0.451323 0.554224 0.23108 -0.252834 -0.169569 -0.250109 -0.604459 -0.611779 -1.0552 -0.951446 -1.20135 -1.46071 -1.70568 -1.90593 -1.72853 -1.0666 -1.444 -0.576904 -0.224243 0.452813 -0.495874 -0.615208 -1.48703 -1.16281 -0.486382 -0.673412 -0.164868 -0.541181 
-0.525438 -0.951974 -0.768357 -0.960783 -1.02126 -1.01947 -1.13529 -1.00665 -1.11152 -1.15563 -1.07155 -1.0704 -1.26139 -1.25372 -1.09708 -1.18241 -1.18422 -1.08474 -0.974908 -0.597053 -0.449016 -0.412274 -0.200225 0.249976 0.491561 0.737567 0.62361 0.690821 0.601197 0.735426 1.03597 1.34488 1.66692 1.26338 1.03161 1.42613 1.23789 1.78073 1.51822 0.934966 0.501243 0.0317214 0.395286 1.05751 0.574933 0.610779 0.953031 
1.67452 1.67452 1.51391 1.03713 1.17831 1.38948 0.85659 0.612602 0.600431 0.918508 0.967965 0.368935 0.0900673 0.74051 0.949717 -0.119636 0.0796783 0.695909 -0.0846856 -0.557888 -0.374787 0.291783 0.642078 -0.140447 -0.347005 -0.767516 -0.724202 -0.540925 -0.879278 -0.517584 -0.204391 -0.101967 -0.37077 -0.758315 -1.07586 -1.31101 -2.00246 -1.66212 -0.555227 -1.41066 -2.47164 -1.27467 -0.787723 0.204471 1.86137 0.346142 0.346142 
-0.508761 -0.508761 -0.542567 -0.200187 -0.555596 -0.425216 0.424948 0.282296 0.218938 0.249515 0.171346 1.06898 1.36131 0.592648 0.35375 0.855418 0.630551 0.345162 0.799952 0.669927 0.274605 -0.215366 -0.124187 1.01966 0.885577 0.626133 0.160168 0.0937553 1.11763 1.22452 0.828618 0.467963 0.885573 1.12857 -0.0579808 -0.971062 -1.21828 -1.60239 -1.32333 -1.94004 -2.64264 -1.37794 -2.22698 -2.18682 0.748254 0.571169 0.571169 
-0.278445 -0.278445 -0.0703055 -0.151271 0.168667 0.0345797 -0.899862 -0.721855 -0.201859 -0.0800705 -0.748366 -0.417024 -0.439162 -1.21387 -1.27265 -0.390303 -0.389763 -0.792868 0.131847 0.990934 1.33324 0.517196 0.349495 -0.185445 -0.461429 0.286473 0.76495 -0.212579 -1.08889 -0.835918 -0.0293181 0.855215 -0.845796 -1.56371 -0.192645 1.82654 3.53821 2.33606 1.43191 -0.636171 -1.36246 0.88191 -0.512354 -0.748297 1.51335 0.0302743 0.0302743 
-0.998741 -0.998741 -0.52719 0.166038 -0.143367 -0.36903 -0.172309 -0.0186612 -0.190043 -0.330136 -0.310816 0.0243532 0.14317 0.1706 0.118665 -0.236646 0.201305 0.453006 0.90547 1.30318 1.07443 1.50144 1.30664 1.39485 1.68277 0.500656 0.0150085 0.769315 1.09195 0.805271 0.671027 0.32938 -0.290755 -1.81397 -2.36152 -1.61912 -0.132065 0.21491 -2.28124 -2.83933 -0.396978 1.07122 0.270178 -0.887476 0.292352 0.220481 0.220481 
0.43409 0.43409 1.13697 -0.142409 -0.169409 -0.173188 0.19628 0.696605 0.634114 0.230502 0.579652 0.863818 0.0519781 -0.182335 0.106762 0.719531 0.663882 0.653418 -0.285501 -0.638233 0.744521 1.81967 0.691416 -1.41589 -1.40869 1.58814 2.2009 0.266595 -0.066572 0.12335 -0.220649 -0.388721 -0.474285 0.0278517 -0.0776976 -2.10435 -0.662287 -1.84695 -2.71485 0.581636 1.15101 -0.622757 -0.548463 -1.48016 -1.8608 0.443707 0.443707 
0.392006 0.392006 0.0195039 1.07376 0.25115 -0.874528 0.185833 0.691216 0.00865016 -0.108175 -0.294653 -0.822572 -0.225819 0.112153 -0.119955 -0.0428394 -0.677121 -1.31763 -0.84283 -1.12891 -1.9831 -1.67141 -1.75881 -1.03359 -0.967826 -0.622349 1.43675 1.59575 1.11274 0.885926 0.577315 0.519613 0.858461 1.69412 0.820471 0.260231 0.973118 0.311337 -0.529699 0.742867 1.04435 -1.00701 -0.24605 -1.81563 -1.20719 1.66918 1.66918 
1.51959 1.51959 1.13954 -0.507033 -0.313512 0.572126 -0.542649 -0.358563 -0.014062 -0.501827 -0.264044 -0.535041 -1.29794 -0.644925 -0.640061 -1.38922 -1.17543 -0.739796 -0.199596 -0.254132 -1.13034 -2.08464 -1.37547 -0.609809 -0.246555 0.251498 0.0377473 0.611385 0.428931 -0.549551 -0.453411 -1.14444 -0.00440637 0.350404 -0.254276 1.81933 0.903233 0.698007 1.94495 2.60226 1.96805 0.000491545 0.85207 -0.788758 -0.425187 0.612732 0.612732 
1.34987 1.34987 -0.0039773 0.171502 -0.0774616 -0.132721 0.0104871 -0.210766 -0.301471 -0.116088 -0.011985 0.554896 0.246766 -0.453991 -0.452694 -0.265831 0.210023 -1.1227 -1.4228 0.397333 0.625589 -0.298424 0.222518 0.231754 -0.594817 -1.3565 -0.559727 0.80659 0.6202 0.551046 0.165303 0.681892 -0.59094 -2.46418 -1.42754 -0.102475 0.663782 3.80341 2.50575 -0.674806 0.638497 -0.101494 -1.04144 -0.457485 -0.108622 -0.728078 -0.728078 
-0.398326 -0.398326 0.0315919 -0.0844944 -0.879625 -0.962974 -0.14888 0.0371144 0.401865 0.728317 0.099341 0.0312485 1.14587 0.899362 1.03165 1.4382 0.425143 1.08063 0.975753 -0.716936 -0.740496 0.311646 0.780782 0.284843 -0.440168 -1.17057 -1.15453 -0.75443 -1.17588 -1.27702 0.258345 0.829134 0.433237 0.289501 -0.196229 -1.59205 -0.863984 0.76356 -0.273004 -1.70844 -1.73353 -0.550659 1.05148 -1.28991 0.0122359 2.58482 2.58482 
0.770105 0.770105 0.424323 0.384235 0.611078 0.431085 -0.0746285 0.219609 0.223469 -0.00193907 0.256095 -0.235761 -1.22257 -0.735609 -0.236705 0.21038 0.663391 -0.287176 -0.222611 0.453231 0.0527961 -0.320828 -1.20557 -1.19231 -0.776591 -0.389141 -0.501283 -1.39782 -1.49321 -1.09091 -1.03748 -0.34154 0.677246 1.90937 1.99244 1.49854 1.01894 -1.60356 0.0757436 2.5861 -0.482513 -0.0862215 1.79622 -2.45901 0.311466 0.0294971 0.0294971 
-1.07295 -1.07295 -0.816731 -0.588101 -0.229369 0.212564 1.00974 1.19873 0.12046 -0.336473 -0.360221 -0.599448 0.336967 0.329716 0.164702 -0.153951 -0.334491 0.766026 0.0528589 -0.680485 0.550217 1.63686 -0.304646 -1.71254 -1.25991 -0.938816 -0.262083 -1.39223 -1.43953 -0.624918 -1.40665 -0.884283 0.762004 1.61933 2.27956 1.87742 0.0732078 0.515078 0.675262 1.64957 -0.391491 -1.94438 1.0692 0.268458 -0.250876 0.944799 0.944799 
-0.453826 -0.453826 -0.00479055 0.448637 0.118328 0.204838 -0.0784031 -0.245319 0.215728 -0.15659 -0.457208 0.21992 0.147978 -0.30735 -0.414913 0.37486 0.547326 -0.305824 -0.487555 0.0640749 -0.307891 -1.56249 -0.693598 0.16881 -0.766803 -0.610261 -0.800695 -0.563218 -0.149485 -0.925825 -0.915253 -0.788876 0.114115 1.95745 0.771311 1.20995 2.77081 2.3645 -0.417759 -2.12043 -1.95609 -1.00778 2.30235 1.20931 0.850376 0.445692 0.445692 
-0.75625 -0.75625 -0.186057 -0.78056 -0.307543 -0.442335 -0.133368 -0.106707 -0.527466 -0.0672461 0.042984 -0.62699 -0.611079 0.2356 0.00907209 -0.37685 0.0732667 0.345197 1.0232 1.11624 0.28544 0.441345 1.44835 1.52029 1.02296 0.157012 -0.278457 -0.21919 -0.0559628 0.894309 1.31975 1.37213 -0.363084 -1.71195 0.231775 0.337827 0.699054 0.518159 -2.22452 -2.64153 -2.36451 -0.422669 2.33376 0.272939 -1.25264 0.75628 0.75628 
-0.0773534 -0.0773534 -0.616327 -0.275163 0.502515 -0.259481 -0.773998 -0.185364 0.450013 0.519679 -0.51705 -0.888199 0.524249 1.07598 -0.868132 -0.879315 1.02613 -0.0815957 -1.31313 -0.223733 1.0647 1.25371 -0.384401 -1.01389 -0.604654 -0.32219 0.360353 -0.0710968 0.130592 0.867123 0.574035 -0.0838743 -0.637752 -0.692848 -0.520584 -0.943252 -0.292698 1.7402 0.388465 -2.06218 0.25794 2.00777 1.77628 3.09883 0.264357 -1.60866 -1.60866 
-0.0806835 -0.0806835 0.286305 -0.0584134 -0.285651 1.00657 0.713916 -0.265265 -0.0795846 -0.0954609 0.833921 1.23105 -0.555021 -1.12443 0.237209 0.252248 -0.591379 0.137129 0.30366 -0.607554 -0.993372 -0.471903 1.27935 1.03789 -0.466264 -0.821995 -0.61509 0.981826 1.16759 -0.354227 -0.855378 0.0166 0.663639 -1.05582 -2.29499 -1.28814 -0.721154 -0.157052 -0.40636 -1.45858 0.558051 0.401084 -0.911474 3.14463 2.91178 -0.234262 -0.234262 
0.157266 0.157266 0.0999429 0.179095 0.141485 -0.746606 -0.525646 0.504085 0.464283 -0.377018 -0.228656 0.228818 -0.554255 -0.5802 0.592982 0.634983 -0.275109 0.3792 1.27282 0.860479 -0.325498 -0.686578 -0.487561 -0.564224 0.344019 0.878172 -0.34342 -1.3026 -0.431415 0.760075 1.20721 -0.568156 -1.70267 0.47233 2.41017 2.65132 0.370641 -1.48134 -2.09442 -1.96849 1.08469 0.611774 -1.14427 1.44409 0.561127 -1.0401 -1.0401 
0.341963 0.341963 0.918516 0.269001 -0.495235 -0.0742932 0.241177 -0.0649715 -0.309273 -0.150668 0.244603 0.327354 0.0714099 -0.0706028 -0.388925 0.0185086 0.523356 0.535427 0.656857 0.090298 0.114676 0.142907 -0.138875 0.2626 -0.793916 -1.43728 0.173219 0.845459 -0.0203174 -0.400298 -0.446018 -0.850129 -1.83283 -1.77247 0.111832 1.804 1.47513 -1.83768 -2.59041 1.51691 3.20215 0.504646 -1.67925 -0.0317805 0.871257 -0.109996 -0.109996 
0.40852 0.40852 -0.41006 -0.877058 -0.0608958 0.192775 0.515313 0.238935 -0.339426 -0.0760487 0.364009 -0.378821 -0.710557 -0.00615038 0.535833 0.315257 -0.0835026 -0.64864 -0.867632 0.617831 1.53142 -0.0751799 -2.11139 -1.3849 1.88085 2.2683 -0.886759 -1.49199 -0.132854 -0.139785 -0.368838 -0.203485 0.225331 0.212544 -1.40544 -0.415237 0.123485 -1.35449 1.51267 2.43227 -0.811802 -1.12856 -0.589789 -0.880865 1.18973 1.43327 1.43327 
-0.392799 -0.392799 0.469712 0.101467 -1.68198 -0.141484 1.19292 -0.233005 -0.742045 -0.336186 -0.67251 -0.0317325 0.67667 -0.00143823 -0.21485 -0.543876 -1.13098 -0.223617 0.0663549 -1.02093 -0.531879 0.0954546 0.433766 0.559069 0.248394 1.87918 1.72662 -0.353125 -0.668768 -0.526089 -0.387736 0.141964 0.872838 -0.119128 -1.26114 0.0368365 -0.0462372 -1.31753 0.264996 1.19972 -1.51965 -1.14375 -0.749601 -0.874377 2.76295 2.26517 2.26517 
-0.339067 -0.339067 -1.90971 -1.36259 1.05285 -0.195112 -0.864312 0.52767 -0.113198 -0.214995 -0.00822437 -0.962756 -0.0813579 0.650996 -0.686509 -0.487216 0.642931 0.954286 0.486726 -0.864365 -1.72264 -0.210361 1.43028 1.10031 0.845047 0.29465 0.366749 0.396603 -1.08394 -0.818194 -0.544001 0.451757 1.44937 -0.214888 1.42464 1.12759 -1.04615 1.01714 1.83989 0.045486 -2.45833 -1.04105 -0.729394 -1.1949 1.36032 1.01351 1.01351 
-0.848031 -0.848031 -0.726398 0.0394573 -0.12048 0.151355 0.0362957 -0.125841 0.15602 0.291051 0.555487 0.269747 -0.608919 -0.394439 0.220816 0.549757 -0.503545 -1.0414 1.144 1.51024 -0.391872 -0.188997 0.457887 -0.476144 -1.01051 0.114715 1.58974 0.908263 -0.0867376 -0.22492 0.181089 -0.433798 -2.09032 -0.489495 1.72742 1.53999 2.79776 1.36716 -3.01369 -1.2039 0.487786 -1.07406 -0.156363 0.736976 -0.0971691 -0.338984 -0.338984 
0.176272 0.176272 0.0906868 -0.812482 -0.788346 0.398057 0.59663 0.265351 0.368904 -0.363722 -0.6546 0.630866 0.499332 -0.224896 0.256572 -0.587831 -0.404304 0.265252 -1.46594 -1.40599 0.617637 0.980878 -0.160446 -1.04083 -1.21369 -0.667354 0.166114 -0.156422 -0.525968 0.916697 1.41208 -0.011747 -0.538531 -0.604761 -1.52786 -0.632989 1.59599 0.295014 -1.96317 -1.21746 0.712891 1.91257 -0.685702 -0.906871 2.71596 1.75595 1.75595 
-0.22779 -0.22779 -0.258137 0.175342 0.0694332 -0.485114 -0.12612 0.259629 -0.133745 0.0586661 -0.143036 -1.08539 -0.344419 0.78027 0.750085 0.715344 -0.342683 -0.636739 0.594459 0.242452 -0.551998 -0.918617 -0.625746 0.358705 0.641969 0.242377 -0.729604 -0.716924 0.266296 0.37896 0.601246 1.33202 1.73791 1.02958 -0.277028 -0.702973 -2.31433 -0.680039 3.20556 -0.388634 -1.98899 1.75898 -1.76224 -1.09 1.91777 -0.179484 -0.179484 
0.104589 0.104589 0.276039 0.352909 0.512866 0.841653 0.651972 -0.754422 -1.2388 -0.448016 -0.284758 0.435268 0.609227 -0.216735 -0.450256 -0.461899 0.602338 0.202921 -1.17229 0.285416 1.65022 -0.728616 -2.59927 -0.803909 0.492665 0.66072 -0.427567 -0.97052 0.487852 -0.0628958 -0.282051 1.53872 1.7899 1.05046 0.10599 -1.7421 -1.10917 0.363927 0.763206 -0.887511 -2.78266 1.00782 1.57185 -1.07748 0.419635 0.809084 0.809084 
0.295203 0.295203 0.621821 0.0604341 -0.203869 -0.169964 -0.352515 0.18362 0.035662 -0.51299 0.242961 0.407683 -0.408062 -0.433721 0.463166 0.66488 -0.518571 -0.77371 0.238198 0.101165 -1.19992 -0.306089 1.21886 -0.0809843 -0.589442 -0.052666 0.00563386 0.440836 -0.289449 -0.57986 0.0703964 0.713235 1.95002 0.445148 -0.566698 1.41205 0.803409 -2.32508 -3.25889 -1.13636 0.773224 3.03924 1.56879 -1.07415 -0.57831 -0.31976 -0.31976 
0.305618 0.305618 -0.0972834 -0.163141 0.14841 0.0372315 0.14665 -0.347893 -0.0540657 0.305791 -0.460153 -0.524074 0.503778 0.339474 -0.495872 -0.0373033 0.408531 0.56297 0.441737 -0.580795 -0.538193 0.707309 0.650402 -0.369102 -1.00472 -0.962792 -0.335764 0.069978 0.673821 0.851529 0.243013 -1.22129 -2.17092 0.322333 1.30835 0.235872 0.0414038 -2.06215 -2.22216 -0.175683 1.42294 3.10326 0.390613 -2.51135 0.246757 1.28066 1.28066 
