29
1.42047 1.45945 1.47065 1.42592 1.3954 1.35379 1.20031 0.973807 0.861582 0.74789 0.557236 0.28984 0.0533977 -0.29071 -0.501755 -0.793481 -0.999207 -0.973842 -0.996403 -0.918179 -0.799146 -0.664154 -0.691159 -0.642872 -0.649267 -0.903192 -1.06079 -1.1959 -1.1297 
0.721541 0.752744 0.841458 1.12635 1.1723 1.00664 1.16774 1.11438 0.967116 1.06082 1.13617 0.933999 0.541123 0.237469 0.295102 -0.369685 -0.874226 -1.01809 -1.38181 -1.25381 -1.33751 -0.941883 -0.581425 -0.208585 -0.156886 -0.592998 -1.39201 -1.69941 -1.26662 
-0.985015 -1.21989 -1.46245 -1.73747 -1.98415 -1.70876 -1.43104 -0.907391 -0.530294 -0.318007 -0.223553 -0.0970546 0.0885071 0.624963 1.01095 0.882871 0.711455 0.845533 0.702015 0.923279 0.702842 0.685525 0.947364 0.856103 0.784109 1.05529 0.401785 0.627113 0.755374 
-1.10377 -1.32516 -1.20631 -0.914622 -0.600076 -0.440996 -0.319432 0.359875 1.19198 1.61022 1.58547 1.91356 1.09811 1.18573 0.643085 0.478761 0.409661 0.149491 0.44634 0.217602 0.0888276 0.0984537 0.112729 0.00387662 -0.418002 -0.611294 -1.34856 -1.33118 -1.97436 
-1.91774 -1.76672 -1.53081 -1.41609 -1.11211 -0.802624 -0.797023 -1.26159 -1.29244 -1.06334 -0.0245944 0.572887 0.772887 1.06511 0.89864 0.754987 0.836222 0.618777 1.02849 0.608794 0.507535 0.73931 0.810511 0.689871 0.43043 0.580402 0.510783 0.950849 0.6086 
-0.36675 0.262763 0.634235 1.41916 0.600991 -0.25031 0.59277 1.53775 0.503687 -1.49921 -2.51591 -1.35707 -0.211314 0.016409 0.578183 0.957365 -0.0976799 -1.062 -1.68123 -0.150188 0.223432 0.10405 1.33728 1.67528 0.140203 0.344647 -0.011196 -0.825914 -0.899426 
0.845266 0.802722 0.292525 -0.211351 -0.375553 -0.807715 -1.5145 -1.62576 -1.59725 -1.49632 -1.61384 -1.47277 -1.20597 -0.72581 0.0824732 0.759002 0.959941 0.225365 0.250923 0.71853 0.595268 0.644893 0.783596 1.00452 1.39389 0.737827 0.76383 1.03784 0.748441 
2.48214 1.48561 1.59051 1.86823 0.475062 -0.00499627 0.0882983 -0.5772 -1.94599 -1.57694 -0.896565 -1.42907 0.10701 -0.603201 -1.25633 0.447986 0.802306 -0.205349 -0.120538 -0.346211 0.183149 -0.569557 0.308805 0.1948 -0.233519 0.0494806 0.334024 -0.524339 -0.127616 
0.652587 1.34387 1.59515 1.25137 1.52435 1.2104 0.888054 0.510568 0.855254 0.0348994 -1.11703 -1.0906 0.181667 -0.0829626 0.408565 0.806426 -0.384202 -0.840883 0.618131 0.167138 -0.512199 -0.588549 -2.02692 -1.49727 -1.38545 -0.714483 0.20633 -0.822737 -1.19148 
-2.70791 -1.92549 -1.36829 -0.472144 0.146266 1.48313 1.26576 -0.448983 -0.219061 -0.288449 -0.544897 -0.216917 -1.23312 -0.403763 -0.863794 0.441167 0.545888 0.332629 0.825824 -0.134646 0.478132 0.848051 0.0715024 0.482517 0.738841 1.49771 1.10736 -0.516221 1.0789 
0.0649947 0.263355 0.62293 0.781689 1.10798 0.810375 1.17779 1.85096 1.85146 1.42253 0.756845 0.230414 -1.51649 -1.40476 -1.84914 -0.588122 0.62382 0.232659 0.130916 -0.948419 -0.897123 -0.394866 -0.462567 -1.12797 -0.103319 -0.517377 -0.486386 -1.29576 -0.336423 
0.438463 -0.147687 -1.01961 -0.0796501 0.761522 1.49577 1.19075 1.1095 0.109927 -0.153259 -0.48308 -1.1848 -2.22752 -1.17019 -0.977426 -1.06601 0.25868 0.475589 0.42529 -0.705576 -1.06628 0.578782 0.82513 -0.714168 -0.287215 -0.839703 1.52379 1.7334 1.19558 
-1.27008 -2.15345 -2.10485 -2.15086 -1.61867 -1.00176 -0.0584673 0.960686 0.665292 0.902522 1.26221 1.05774 1.25468 0.395517 0.225411 0.378437 0.0173717 -0.0667491 0.390308 0.838179 0.513798 -0.168376 -0.171183 0.258186 0.0844166 -0.00335516 0.84324 0.250402 0.4694 
0.960173 0.960173 0.611239 0.437308 0.450293 -0.0623064 -0.833095 -0.661093 -0.19081 -0.517765 -1.15854 -1.34942 -1.66922 -1.56334 -1.34497 -1.3228 -0.000894565 0.762696 0.983061 1.57334 1.81 1.20119 0.839732 0.925647 -0.334233 -0.964564 -0.46923 0.46372 0.46372 
0.512165 0.512165 1.00326 0.920468 0.0482985 0.271204 0.488593 -0.108339 0.176332 0.607292 0.0345311 -0.871886 -1.06833 -0.196225 -0.895314 -1.98358 -0.975167 -0.702565 -0.176286 0.365775 0.883863 1.74368 1.69956 1.10186 -0.464127 -2.11095 -1.86178 0.522757 0.522757 
-1.37742 -1.37742 -1.47006 -1.47959 -0.209384 1.00082 1.57375 1.80308 1.08453 0.432261 0.234283 0.444536 1.39062 1.85316 0.319566 -0.966789 -0.361788 -0.297404 -0.0962011 -0.273713 -0.824299 0.288675 0.118031 -0.652374 0.184045 -1.15793 -1.26374 0.540373 0.540373 
-0.0784587 -0.0784587 0.774568 1.09993 0.879464 0.558613 1.42354 2.60489 2.17083 0.74623 0.596346 -0.718286 -1.11808 -0.664505 -1.08339 -0.296078 -0.455431 0.152995 0.205254 -0.502386 -0.106082 0.131752 -0.0652308 -0.790381 -0.930769 -1.45513 -1.10487 -0.94844 -0.94844 
0.39389 0.39389 0.318406 0.45996 0.865017 0.244469 -1.36537 -1.44118 0.00148038 2.22597 2.99211 1.24773 0.612871 -0.149302 -1.05582 -0.540649 -0.694117 -0.0109649 -0.431598 -1.49429 -0.139395 0.219279 -0.513655 -1.20131 -0.638504 -0.243721 0.359604 -0.2074 -0.2074 
0.733069 0.733069 0.841261 0.0130715 -1.12602 0.0304915 1.281 -0.0258016 -2.07802 -2.06593 0.135169 1.6406 0.992385 0.585837 0.691278 -0.434299 -1.3696 -1.0662 0.670989 1.36218 0.213207 0.811638 1.13005 -0.797149 -0.890127 -0.069184 -0.778692 -0.582142 -0.582142 
-0.820476 -0.820476 -1.52414 -0.996397 -0.887014 -1.7146 -1.22515 -0.103618 0.220051 -0.00269391 0.0585175 0.644726 1.16194 1.98784 2.28736 1.36099 -0.791337 -1.05884 0.774823 0.54783 -0.0897093 0.309861 0.571143 0.953477 -0.384178 -0.93841 0.480206 -0.00086473 -0.00086473 
-0.735696 -0.735696 0.631528 -0.975835 -1.78891 -0.19399 -0.39296 -1.96171 -0.851685 1.34698 0.379649 1.29779 1.10711 -1.24182 1.34887 2.42983 -0.480011 -0.769183 0.069853 0.546835 -0.0186498 0.355816 1.04112 -0.360899 0.0650707 0.829943 -0.394693 -0.274329 -0.274329 
1.08241 1.08241 0.0607093 0.0821245 0.111566 -0.476077 -0.538794 0.119634 -0.317522 -1.79483 -0.958967 1.43396 1.14665 0.375981 1.02993 -0.63053 -1.47405 1.14141 1.14703 -0.963739 -0.593928 -1.34317 -0.744984 0.785207 0.924696 1.72326 0.0451522 -1.22776 -1.22776 
1.10744 1.10744 1.22036 1.28114 1.71878 0.888851 -2.14142 -1.69726 -0.0634069 -0.546376 -0.151788 -0.906229 -0.408358 0.143924 0.616204 1.17701 -0.330599 0.0551596 -0.686826 -0.568079 0.753007 -0.626606 -0.585797 0.439853 0.785278 0.143121 -2.22267 -0.251075 -0.251075 
0.625591 0.625591 0.584378 0.549744 0.0748054 0.117602 1.12788 0.746026 -0.400915 -1.0942 -1.19567 -2.32089 -1.65676 -0.301231 0.894823 2.61854 0.899132 -0.468009 -1.18419 -1.02492 0.62103 0.497191 -0.717986 0.418818 0.680393 -0.353702 -0.765107 0.201017 0.201017 
-1.17547 -1.17547 0.0305516 1.38434 1.22178 0.315984 -0.328476 -0.877347 -1.02112 -0.491848 -0.838409 -1.40178 -0.0116648 0.964689 0.0591166 0.953634 1.19505 0.10845 -0.956647 -1.20195 0.991765 1.4715 -1.04499 -0.902261 -0.122421 1.40795 2.01021 -0.282584 -0.282584 
-1.26712 -1.26712 -0.133487 0.521181 1.41865 1.97521 2.51977 0.842827 -0.215744 0.671103 0.0731362 -0.147185 -1.03352 -1.53043 -0.160124 -0.418646 -0.739696 0.367881 1.08809 0.0301804 -1.49968 -1.06433 0.440479 0.20903 -0.491076 0.890296 0.206536 -0.643107 -0.643107 
-0.36399 -0.36399 -0.553066 -0.159632 -0.527791 -1.37981 -0.6356 0.713539 0.171136 -1.03666 -0.888749 -0.539824 -0.217219 0.367808 0.276813 1.47644 2.28242 1.08496 0.896562 0.914271 -0.38923 -1.03943 -0.28421 -1.26086 -2.03948 -0.131424 1.56798 1.02951 1.02951 
0.285589 0.285589 0.22515 -0.77007 -0.546904 0.248505 -0.35 -0.300882 0.449509 -0.176441 -1.15277 -0.878044 0.42033 0.0533852 -1.37774 -0.131218 0.862256 0.510284 0.706996 0.701016 0.932988 0.522559 -0.541472 -1.65248 -2.41837 -1.09325 1.84976 1.66786 1.66786 
-0.234215 -0.234215 -0.242072 0.882168 1.88835 1.31315 0.504007 -0.561354 -1.2886 -0.859172 -0.147662 0.796092 1.00421 -1.04132 -2.48401 -0.719849 0.394399 0.0612996 -0.138244 -0.758409 0.306136 0.619557 -0.934076 -0.103332 -0.574829 -1.35209 1.24317 1.33046 1.33046 
0.955195 0.955195 1.30908 0.141488 -0.561369 0.619163 2.25304 0.840188 -1.99418 -1.68509 -1.56549 -1.8373 0.0858927 0.0651272 0.428118 0.710396 0.515833 0.745993 -0.685429 -0.311228 0.71712 0.0718299 -0.975562 -0.914007 -0.695622 -0.161968 0.578503 0.197543 0.197543 
-0.00851983 -0.00851983 0.0931656 0.438363 -0.109095 -1.5565 -1.16519 1.02759 2.68001 2.19403 -0.657017 -1.66343 -0.957858 -1.153 -0.235421 0.305533 0.426203 0.234285 -1.01985 0.255609 1.27665 -0.223147 -0.974779 -0.0439819 0.733589 0.762697 0.0717947 -0.361605 -0.361605 
0.118559 0.118559 -0.402649 -1.1876 0.0614331 1.56529 0.0150428 -2.06348 -1.23346 1.4433 2.38312 0.589946 -0.613331 -0.139027 -0.591537 -1.24651 -0.347207 1.33468 1.57873 -0.237628 -0.296003 0.627473 -0.961996 -1.2209 0.508604 0.1206 -0.272352 0.174166 0.174166 
-0.598298 -0.598298 -0.159356 0.516885 -0.610395 -0.294273 1.32689 1.18899 0.0709073 -0.147389 0.52545 0.904723 1.10409 0.923024 -0.534415 -2.57371 -2.02571 1.2896 1.3233 -0.732101 -0.210963 0.536623 0.522287 -0.807614 -1.58659 0.705908 0.766759 -0.413161 -0.413161 
0.815303 0.815303 -0.205239 -1.58955 0.443636 0.83354 -1.17513 -0.344023 2.04797 0.729024 -0.0840025 0.409109 -1.66521 0.100727 2.27842 -1.21396 -2.08388 0.296347 0.782791 -0.108963 -0.174052 0.620093 -0.507826 -0.672479 0.703315 -0.344683 -0.753892 0.0236505 0.0236505 
-0.500801 -0.500801 -0.487109 0.184976 -0.204445 -0.26337 0.533347 0.293937 -1.07162 -0.25767 2.21689 1.49875 -0.523991 0.0778302 -0.491087 -1.44854 1.28541 1.82833 -1.19354 -0.960679 -0.0901447 0.0558769 1.51331 1.22002 0.752232 -0.409906 -1.73437 -0.661422 -0.661422 
0.0938423 0.0938423 0.136174 0.36233 -0.258035 -2.67338 -1.786 1.4625 0.816766 -0.0463652 -0.235441 -0.163507 0.746607 0.728784 0.734718 -0.644244 -0.76616 -0.232917 -0.418886 1.01801 -0.0255722 -0.917268 0.757964 0.970125 -0.191479 -2.0798 -0.259361 1.38838 1.38838 
-0.0305782 -0.0305782 -0.0547438 -0.357369 -0.303343 0.732946 0.43665 -1.06852 -1.28581 -0.556353 -0.857724 -0.32354 1.40736 1.77851 2.0354 0.00118367 -2.15541 -1.45542 -0.390398 1.25774 1.0602 -0.9361 -0.0565057 0.973874 -0.540837 -1.0104 0.385223 0.672275 0.672275 
0.713664 0.713664 1.53111 0.704732 -0.659648 -0.950627 -0.735108 -0.432787 0.218217 0.0957727 -0.563989 0.484648 1.41436 0.0281848 -0.0212296 0.671341 -0.52489 -1.31378 -0.805796 1.16193 1.59972 -1.24438 -1.44787 0.542506 1.38039 1.27317 -1.03533 -1.39898 -1.39898 
0.813604 0.813604 1.30642 1.12864 1.05479 0.78913 -0.892201 -2.099 -0.169037 0.177694 -0.655756 -0.872835 -1.08105 0.617707 0.797161 -0.476056 0.552312 1.33615 -0.293981 -1.98778 -0.86369 1.42074 0.918788 -0.741021 0.473074 0.485378 -1.19408 -0.679359 -0.679359 
