53
-0.244045 -0.17641 0.1502 1.07553 1.86559 1.87475 1.66745 1.66398 1.57042 1.55035 1.38308 1.28913 1.07373 0.800261 0.520612 0.274028 -0.317184 -0.828723 -1.14393 -1.33073 -1.41551 -1.08621 0.504826 0.727932 0.865863 0.613512 0.462534 0.351935 0.190499 0.164554 0.0656327 0.137233 0.134295 0.118498 -0.0292364 -0.049115 0.0424942 -0.10104 -0.204958 -0.31201 -0.356324 -0.502195 -0.55185 -0.686621 -0.773872 -0.867219 -0.959053 -1.12961 -1.30686 -1.41015 -1.57221 -1.87472 -1.90912 
-0.968094 -1.11802 -0.864904 0.399891 1.07441 1.36606 1.50564 1.54312 1.53218 1.43772 1.42221 1.39984 1.33957 1.25436 1.06439 1.03448 1.16285 1.28899 1.1784 1.10132 1.04301 0.448046 -0.129179 0.0545017 -0.318723 -0.802664 -0.848269 -1.0421 -1.02569 -1.00376 -1.06867 -1.14613 -1.11901 -1.17428 -1.0467 -1.08137 -0.98342 -0.952863 -0.974976 -0.92524 -0.937955 -0.980733 -0.735611 -0.712145 -0.680477 -0.537122 -0.410696 -0.220409 -0.291925 -0.00892048 0.310404 0.55945 0.589206 
0.496119 0.572376 0.639234 0.806963 -1.05969 -1.62772 -1.6018 -1.89195 -1.87533 -2.0536 -1.82841 -1.7965 -1.1272 -1.40118 -1.10531 -1.00719 -1.02471 -0.363964 -0.135745 -0.125231 0.0598793 -0.311989 -1.20441 -0.750832 0.203581 0.366788 0.342782 -0.0458696 0.658683 0.784151 0.755277 0.804054 0.551315 0.251587 1.17534 0.652616 0.444792 0.874645 0.859818 0.741793 1.03813 0.585872 1.11707 1.40062 1.59974 0.904606 0.642176 0.935759 0.591906 0.354806 0.647737 0.393525 0.0849015 
-0.740381 -0.546548 -0.734217 -0.0172613 0.613892 0.683939 0.741363 0.774182 1.11526 1.53683 1.6448 1.73848 1.67314 1.90416 1.92837 2.15134 1.93582 1.67944 1.2039 0.617246 0.545353 0.18733 0.0637623 -0.303573 -0.395919 -0.593458 -0.533911 -0.751953 -0.693913 -0.481196 -0.434662 -0.539568 -0.685566 -0.496513 -0.455229 -0.404731 -0.407632 -0.512358 -0.650559 -0.668247 -0.720306 -1.12648 -0.956933 -0.961981 -0.836716 -0.896701 -0.988159 -0.668976 -1.12052 -0.930357 -0.915094 -0.820872 -0.748116 
0.938614 -0.629874 -2.06064 0.901151 0.903516 -0.247042 0.0331347 1.10828 0.449803 0.539217 1.34703 1.46733 1.30356 -0.172893 -0.553619 0.910056 1.38384 2.12362 1.11615 0.766097 0.940385 -2.03743 -1.12098 0.0261947 0.0917441 -0.452947 1.02361 1.12562 0.665053 0.599342 1.02062 -1.26643 -0.514149 -0.355091 -0.0199435 -0.370284 -0.0435919 -0.206781 -0.232882 -0.252313 -1.10899 -1.58731 -0.22219 0.399336 0.133281 -1.54085 -0.800097 -0.965692 -0.269064 -0.0889354 -1.82358 -1.84694 -0.52606 
0.510525 0.427311 -0.13635 -0.113775 -1.12618 -1.34732 -1.54888 -1.62443 -1.29283 -1.51029 -1.61753 -1.26354 -1.20126 -1.57656 -1.73559 -1.6253 -1.71659 -0.080872 0.116823 -0.165514 0.026966 0.379126 -0.718973 -0.646794 -0.827976 -1.08111 0.0103 0.88102 0.344221 0.770292 0.936791 0.210205 0.883693 0.693755 0.63057 0.468625 0.991296 0.850237 0.842339 0.8068 0.471705 0.43528 0.984469 0.905605 1.16757 0.860613 1.10451 0.620739 1.21651 0.816247 1.28465 1.15809 1.15079 
1.51196 1.43439 0.145652 0.506852 0.469537 -0.182078 -1.23003 -0.750121 -1.42033 -1.14995 -1.25089 -0.947126 -0.646576 -0.286383 0.461446 0.494019 0.781529 1.54817 1.36134 0.491886 0.707746 -0.275909 -1.86736 -1.98644 -1.90039 -1.65599 0.0610502 0.243282 -0.916615 -0.138436 1.06942 -0.337464 -0.465056 0.333301 -0.0755029 0.531116 0.0857587 -0.622668 -0.055181 0.332156 -0.319062 -0.583887 0.433198 -0.482877 0.333401 0.840755 0.741682 0.909629 -0.26728 -0.60542 -0.29602 2.45758 2.4282 
1.07186 0.107486 -0.226719 0.795345 -0.933155 -1.65811 -1.55454 -1.91962 -1.28991 -1.35774 -0.835526 -0.163314 -0.107056 -0.374313 0.27512 1.16581 0.362913 -1.59883 -1.85771 -2.10529 -2.39902 -0.130604 2.39029 1.09969 0.736886 0.296057 0.764972 0.211753 -0.432387 -0.125927 0.673136 0.191163 0.480956 0.186196 0.344845 0.313133 0.413637 0.149654 0.285892 0.791476 0.186035 0.667566 0.622872 -0.397817 0.841022 1.58621 1.29117 1.26232 0.353047 0.0490683 -0.168429 -0.546824 0.215279 
1.90186 0.921051 0.172596 -0.133398 -0.971313 0.185407 -0.494767 -0.47262 -0.361152 -1.0621 -1.58686 -1.81687 -1.85168 -2.0121 -1.90376 -0.654334 0.220273 -0.291388 -0.0860631 -1.78379 -2.35606 -1.47963 -0.357249 -0.604989 0.27386 -0.154187 1.05062 0.837504 0.649598 0.378614 -0.215426 0.905535 -0.179323 0.409621 1.56054 0.620753 0.478396 1.11961 0.523394 0.448749 0.518643 0.0013498 0.964945 0.213735 1.17183 0.622718 1.34337 1.22476 0.950128 0.209216 0.265944 0.336133 0.348309 
0.5299 1.13545 0.182018 -0.509722 -0.0597333 0.274012 0.704239 1.35053 0.729483 0.473471 -0.005659 0.399817 -0.232215 -0.955367 -0.302358 1.27707 1.15522 0.931209 1.60198 0.634492 1.26209 -0.61989 -2.12063 -2.72345 -1.65522 -1.56007 -1.01117 -0.649772 -1.67358 -0.527971 -0.476988 -0.501419 -0.830952 -1.23048 -0.942426 -0.792451 0.387173 0.902063 0.270213 0.432449 -0.517952 -0.0166213 0.789736 -0.204117 0.638615 0.751034 0.717604 0.170716 -0.828023 -0.658856 0.501487 1.29508 2.10993 
1.56406 1.24054 0.460888 0.328626 0.107679 0.553519 0.474424 0.41895 0.270505 0.0412423 -0.978136 -1.67978 -2.09534 -2.51552 -2.0253 -2.16611 -1.97099 -1.21245 -0.642532 -0.772717 -0.310508 0.468798 -0.910563 -1.13094 -0.618868 -0.741758 -0.349243 0.5766 0.726422 -0.536357 -0.0416718 0.0122994 -0.112863 -0.326912 0.406802 0.671327 0.744814 1.32958 1.33847 0.990039 0.457957 1.10317 0.987095 0.361669 1.08996 0.932483 0.978683 0.299384 0.411656 0.179232 0.484303 0.366418 0.760976 
0.338494 -0.262761 -0.153713 -0.936727 0.195047 1.08267 0.955002 0.235393 -0.15239 -0.664502 -1.42442 -1.05397 -1.00472 -0.405448 -0.335049 0.0940789 1.34911 -0.199954 0.915913 1.62705 1.0625 -0.0461246 -0.907132 -2.54661 -2.71643 -1.07183 -0.955627 -1.52049 -0.1038 -0.561311 -0.514642 -0.524014 -0.621197 -0.665003 -0.528456 0.890555 1.08927 0.815628 1.11845 0.852037 -0.156693 -0.676595 0.44285 0.108126 0.443221 -0.234942 0.340673 0.900376 0.785006 0.673596 0.817334 1.26097 2.55123 
0.145434 -0.157997 0.504438 -1.44054 -1.52622 -1.33593 -1.34155 0.356708 1.29016 1.88039 2.57858 2.40986 1.68545 1.02609 1.56464 0.555903 0.83097 -0.0860022 -0.595047 -1.07306 -0.111892 -0.0703717 0.0965018 -2.20104 -1.24161 1.2946 -0.065098 0.460405 0.85364 -0.401942 -0.986699 0.014465 -0.242511 -0.514036 -0.713956 -0.276676 0.45774 -0.340574 0.303483 -0.743073 -0.580798 -0.107778 0.00723942 0.240464 0.721948 0.76917 -0.246842 -0.398218 -1.5769 -0.327997 -0.424235 -0.250587 -0.669101 
0.77506 0.77506 2.23089 3.01754 1.46245 -0.230445 -0.251869 -0.0588219 -0.0870017 -0.212106 -0.337499 -0.419201 -0.723918 -0.832965 -0.787334 -1.31617 -1.7659 -1.29742 -0.746216 -0.355081 0.520919 3.3654 3.18516 0.718695 -0.0883341 -0.578722 -0.338115 -0.355865 -0.212177 -0.106066 0.0595065 0.222425 0.0740793 -0.171695 -0.178623 0.227633 0.0177423 -0.314139 -0.252215 -0.151046 -0.216936 -0.226003 -0.207161 -0.270975 -0.200662 -0.208442 -0.3395 -0.484472 -0.370302 -0.344534 -0.682665 -0.46598 -0.46598 
0.0737483 0.0737483 3.05905 3.94828 1.89477 0.765953 0.229639 -0.087984 -0.366415 -0.37606 -0.223939 -0.318382 -0.450987 -0.724668 -0.607976 0.0637605 0.393045 -0.111177 -0.539997 -0.429709 -1.52252 -2.61751 -0.974442 -0.543969 -1.95276 -1.26143 -0.649255 -0.518379 -0.0630812 -0.2347 -0.444435 -0.250219 -0.203398 0.00857182 0.0520555 -0.0104618 0.127174 -0.126181 -0.0857105 -0.0658792 -0.261098 0.28298 0.422764 -0.0276586 0.225328 0.425282 0.524318 0.106628 0.302275 1.12701 1.05536 0.44432 0.44432 
0.24736 0.24736 0.386883 -2.56235 -3.68463 -0.797838 -0.373964 -0.38816 -0.217517 0.100626 0.421219 1.09864 0.632057 0.0624593 0.630029 0.15199 1.01019 1.38503 0.393208 0.327452 -0.255806 -1.8994 -0.640318 2.17671 1.7338 0.241389 -0.600376 0.510914 1.29512 0.176399 0.0594199 -0.282048 -0.813631 0.980911 0.640762 -1.08527 0.367728 0.662112 -0.17358 0.301053 -0.20877 0.149459 1.27182 0.765304 -0.727519 -1.43155 0.0765803 -0.0476173 -0.857083 0.114223 0.0881218 -0.829447 -0.829447 
0.0208129 0.0208129 1.34559 3.4192 1.78094 0.328014 0.233738 0.952065 1.93655 1.34623 0.515883 0.0769813 0.42476 0.651562 0.631175 0.024068 -1.18984 -1.84834 -2.68473 -1.66252 -1.08353 -1.21439 -1.23797 -1.15891 -0.72891 -0.344251 -0.396173 -0.39999 0.690876 0.661738 -0.142618 -0.630191 0.114239 0.588516 0.237634 0.125739 -0.267352 -0.60999 -0.389574 -0.171425 -1.15524 -0.594037 0.421787 0.309645 0.170522 -0.378315 0.581902 -0.329994 -0.656725 0.525434 0.282467 0.428065 0.428065 
-2.0973 -2.0973 1.16044 2.19101 -0.766195 -0.56642 1.03409 0.359103 -0.349741 0.704676 0.726884 0.0282134 -1.12002 -1.27603 0.838228 1.45271 0.932153 -0.133025 -0.916725 -0.0669176 -1.95655 -1.42286 1.54343 0.931551 -0.285077 0.729587 1.19463 -0.198368 -0.318973 0.315166 -1.28221 -1.04419 0.714825 0.41486 0.0485498 0.0424693 0.17705 -0.076644 0.0267325 -0.570536 -0.900525 0.697174 1.48808 0.315095 -1.33572 -0.61172 0.473075 0.441343 0.689954 -1.05838 -1.20471 0.992527 0.992527 
-1.07152 -1.07152 -0.899255 -1.63001 -2.02687 -0.706469 -0.469395 0.398821 0.167742 -0.546883 0.38367 0.659731 -0.527866 -0.888264 -0.0975102 0.0128164 2.49685 2.96743 -0.155971 -0.164462 0.86877 -1.23284 -1.68877 -0.195639 -0.725387 1.34693 3.17704 0.525629 -0.19845 0.946819 -0.930196 -0.104602 0.769288 -0.430329 -0.384745 0.56928 0.603291 -0.260704 -0.0888711 -0.621686 -0.62313 0.816862 0.747754 0.280022 -0.0914042 -0.120811 -0.408754 0.164244 0.300234 0.0928256 0.538528 -0.236132 -0.236132 
-1.2039 -1.2039 -0.834116 0.220525 -0.633031 -1.48475 -0.531153 -0.212804 -0.389392 0.0903608 0.118503 0.45686 0.504413 0.88136 0.605257 0.217321 0.835965 0.436208 -0.942624 -0.603251 -0.699495 -2.22262 -1.49399 -0.0802686 0.226062 1.60059 1.54819 -0.876364 -0.374126 1.62131 -0.220163 -1.34562 0.51286 0.275867 0.114279 0.083473 -1.02479 -0.171209 0.752252 -0.274818 -0.824431 0.58154 0.0326952 -0.136535 1.06307 0.29165 0.00561268 -0.902739 -1.32925 -0.076652 2.52893 2.24342 2.24342 
-1.05731 -1.05731 0.619148 -0.557572 -2.03198 -0.485797 -0.182074 0.261966 0.512825 0.422104 1.04667 0.653422 -0.139447 0.361165 1.33842 0.11272 -2.2946 -1.83548 -0.388799 -0.418207 1.70517 4.08058 1.07694 -1.35677 -0.639603 0.0623294 -0.032522 -0.971887 -0.246359 0.971636 0.306236 -0.123564 0.0344352 -0.0762441 0.145755 0.0966836 -0.0993416 -0.0691838 0.580295 -0.0456476 -0.0659473 0.407296 -0.860507 0.222736 1.71305 0.418534 -0.234724 -0.753109 -0.985296 -0.401474 -0.464278 0.362458 0.362458 
-1.84995 -1.84995 -1.09694 -1.19676 0.435445 0.611464 -0.654578 0.228796 -0.57809 -1.28804 -0.762531 -0.215807 -0.138157 0.0215835 1.5948 2.44985 0.484702 -0.262135 -1.58564 -2.45333 0.4191 2.31012 1.05569 0.783938 0.582737 0.946463 1.1863 -0.36779 -0.432367 -0.885561 0.667677 0.119985 -0.473681 2.02117 0.315295 -1.12785 0.636358 0.12991 -0.668896 0.0743966 -0.419544 0.577715 0.316693 0.310551 0.536072 0.271126 0.7515 -0.359117 -1.05352 -0.683766 0.221323 0.171607 0.171607 
-0.371661 -0.371661 -1.56366 -0.274145 0.668111 0.649953 0.937134 -0.0288189 -0.857891 -0.72749 -0.11969 -0.260182 -1.29721 -0.116464 1.99923 1.28727 -0.369802 0.358483 -0.324649 -0.364318 -1.20459 -3.16019 -1.98484 0.375624 1.01694 0.539764 0.784406 -0.660657 0.0599016 1.04746 -0.027617 -0.377249 -0.721902 -0.15444 0.350463 1.16967 1.50497 -0.159481 -0.483513 -0.77621 -0.464637 1.14954 -0.224292 -0.19087 0.825616 0.0205643 -0.585233 -1.4722 -0.814257 1.16959 1.74334 1.42589 1.42589 
-1.43063 -1.43063 -1.1715 -0.414543 0.368698 0.560887 -0.118317 -0.212278 -0.447735 -1.62772 -2.26773 -1.44964 -1.0683 0.1589 0.537411 0.137592 1.35606 1.86386 0.659776 0.513844 1.74607 -0.748981 -2.1034 0.459205 0.591285 0.429304 1.85018 1.52137 -1.44389 -0.976648 0.80735 -0.0324511 -0.395577 0.768071 1.41647 0.521957 0.955839 0.868316 -0.396027 -1.12896 0.217274 0.780904 -0.940617 0.203363 0.837369 -0.0867548 -0.79375 -0.704233 -0.0987855 0.162428 0.317611 0.438853 0.438853 
-0.549887 -0.549887 -0.720406 0.239073 1.8064 0.62484 -0.883 -1.12703 -0.932363 -1.28149 -0.453505 0.305632 0.520302 0.540138 0.380517 1.49189 -0.363968 -0.494525 1.6259 0.0493999 -1.65782 -1.93594 -2.43397 -1.78553 1.29545 1.5638 -0.509027 0.71103 0.811741 -0.473554 -0.0531278 -0.188084 -0.220389 -0.00111299 1.37124 1.42957 -0.158412 -0.0607477 -0.0539617 -1.2844 -1.52222 0.474347 0.648075 -0.0877704 -0.409971 -0.184325 0.97699 0.328736 -0.300875 -0.0577902 0.462931 1.53855 1.53855 
0.335192 0.335192 -1.13615 -1.80671 0.107173 0.178933 1.53055 2.37226 1.37912 1.16825 0.487987 -0.787118 -1.22689 -0.0948694 -0.408022 -0.644195 -0.561941 -1.26475 -0.871307 0.446471 0.912138 0.200198 -1.89634 -1.18597 3.14661 1.06794 -0.734295 0.836892 -0.759526 -1.63612 0.386643 0.68044 -0.460295 -0.409154 0.226161 1.06362 -0.0438624 -0.124852 -0.347356 -0.779186 0.582837 0.540479 0.325546 0.654017 0.487299 -0.854934 -1.03294 -1.17875 0.0763512 1.04657 0.0827947 -0.206067 -0.206067 
1.26405 1.26405 1.93998 -0.647163 -2.77771 -1.4599 0.160592 0.154787 -0.118585 -0.202115 -0.164821 -0.318905 -0.342402 -0.0413657 -0.402073 -0.82771 0.0292372 0.88929 0.822832 1.10191 3.20995 2.30237 -2.26105 -2.79962 -1.10168 -0.201499 0.204614 0.121337 0.227765 0.246568 0.295381 0.0256465 -0.325523 -0.20401 0.356247 0.181852 -0.452393 -0.218836 0.153263 0.043438 -0.0512819 0.0215247 -0.0255172 0.0187088 0.0668556 -0.106172 -0.224053 -0.013342 0.133366 -0.255273 -0.0912277 0.199311 0.199311 
2.52428 2.52428 3.29129 -1.05495 -2.79563 -1.48697 -0.78727 -0.564831 -0.299184 0.0721906 -0.000951131 -0.246543 -0.401146 -0.186113 0.629361 0.812733 -0.201595 -0.855502 -0.325453 -0.898184 -1.9378 0.422047 1.73784 -0.894556 -0.66955 1.07364 0.590219 0.454906 0.193986 -0.379641 -0.0640876 0.157205 0.172519 0.169641 -0.0671196 0.0140918 -0.150517 -0.234327 0.00131178 -0.201983 0.250208 0.539167 -0.318645 -0.221002 0.339985 0.207193 -0.325559 -0.242226 0.829436 0.598871 -0.639562 -0.577755 -0.577755 
0.129519 0.129519 -1.83099 -2.66978 1.20973 2.23754 0.309105 0.140769 0.361692 0.461371 0.7002 0.176925 -0.652031 0.0354222 0.0962859 0.289485 0.856438 -0.373371 -0.666258 -0.394663 -1.44353 -0.218835 2.74637 1.61497 -1.24974 -1.51488 0.215938 1.2968 -0.185599 -0.78466 -0.267983 -0.543592 0.876325 1.00358 -1.33673 -0.14473 1.19834 -0.323065 -0.203244 0.0133778 -0.0640022 1.02099 0.446154 -1.29229 -1.42359 0.571297 0.956739 -0.583884 0.144354 0.665097 -0.590536 -0.573185 -0.573185 
1.16164 1.16164 3.04107 0.355515 -2.84078 -1.44139 0.526538 1.50428 0.318182 -1.3267 -1.18946 -0.121664 0.4817 0.148011 -0.607805 -1.68956 -1.73613 -1.39396 0.129337 1.41218 0.367092 -0.179054 0.011216 0.422317 0.699292 0.262504 -0.0895927 0.946177 0.923227 -0.794514 -1.21002 0.19373 1.06551 0.0727656 -0.458513 -0.49677 -0.705905 -0.14985 0.358422 -0.733038 -0.42211 1.39027 0.779982 -0.266808 -0.662609 0.333782 0.00472287 -1.16171 0.736247 0.812167 -0.127325 0.0928891 0.0928891 
1.73629 1.73629 2.32525 -1.22649 -1.70128 0.903382 0.403468 -0.916291 0.0720366 0.489821 -0.512041 -1.18093 -0.870807 0.993652 1.43398 -0.0717762 -1.03168 -1.18206 -0.0876735 -0.719696 -0.900354 1.87473 1.22006 -1.17042 -0.240872 0.720175 -0.655765 -0.990452 0.168024 -0.675928 -0.902301 1.01582 0.708368 -0.506219 -0.338268 -0.0520168 -0.193524 -0.211357 -0.407705 -0.655366 0.599024 1.2396 -0.343805 -1.73921 -0.655114 0.908246 0.476356 -0.00150975 -0.982523 -1.20822 1.04661 1.13023 1.13023 
0.108222 0.108222 -0.411684 -0.816605 0.642725 1.09375 0.772035 0.43896 -0.687179 0.139284 0.844123 -0.662869 -1.11569 0.291842 0.626747 1.83146 2.08777 -1.90174 -2.24258 0.714726 -0.77446 -1.83395 0.723594 0.671074 1.08315 2.76211 -0.598673 -2.41589 0.285321 -0.534955 -0.762394 1.19478 -0.246086 -0.835398 0.696846 0.688613 -0.604847 -0.506792 -0.271169 -0.39445 1.00914 0.960996 -0.396286 -0.611375 -0.299521 -0.240126 0.188465 0.490079 -0.0651538 0.155196 -0.248384 -0.565487 -0.565487 
0.18002 0.18002 0.977397 0.0524763 -1.38886 -0.0225298 0.862119 0.00762338 0.129655 0.284445 0.17754 0.192216 0.221393 -0.0233121 -0.601613 0.0748729 0.0659362 -1.44428 -0.885455 0.084265 -1.3239 -0.700248 1.5202 1.20091 1.17128 0.900057 -1.97229 -1.55295 1.78884 0.0168494 -2.34274 0.454656 1.12639 -0.40091 -0.245019 -0.960765 -0.292113 1.244 -0.177892 -1.29163 0.547905 0.548486 -0.642467 0.679471 0.224179 -0.89906 -1.00259 -1.1088 0.525018 2.81747 1.65457 -0.315416 -0.315416 
1.00994 1.00994 0.255702 -1.7639 -0.0186081 1.12111 0.414678 0.380794 0.0380297 0.277563 0.0836532 -0.824875 -0.25194 0.882649 -0.223858 -2.39326 -1.31334 1.15694 0.84381 1.27755 2.81896 -0.467288 -3.54977 -1.16486 0.844982 0.324505 -0.727512 -0.201676 1.18112 0.289582 -0.7666 -0.238829 -0.0342829 0.00673893 0.0462275 -0.221712 -0.170929 0.371011 -0.0495275 -0.478833 0.225708 -0.5739 -0.18291 1.58495 0.0608869 -1.31307 -0.815597 -0.545705 0.160773 0.269342 0.425042 0.465297 0.465297 
0.474901 0.474901 0.403446 1.03277 1.23022 -0.844341 -0.338017 -0.00935273 -1.14985 -0.196126 0.703399 0.382823 0.105821 1.17635 1.67405 -0.858711 -2.00534 -1.54605 -1.63256 1.37089 3.34557 0.39157 -1.15654 -0.402645 0.052232 0.367928 -1.00484 -1.22275 -0.434723 0.723307 0.655666 -0.881086 1.29677 0.500645 -2.31817 0.165713 0.836197 -0.998403 -0.10384 0.114383 0.296172 0.462895 -0.255339 0.092928 -0.0923232 0.0901 -0.515231 -1.35614 -0.296486 0.848429 0.548172 -0.0996897 -0.0996897 
-0.853604 -0.853604 0.0403209 1.51984 0.613328 0.159213 -0.497821 -1.27163 -0.511616 0.48446 0.29667 -0.843565 0.0723493 2.25789 0.945822 -1.66955 -0.671136 0.00402155 -0.528343 -0.637276 -1.96545 -0.56817 2.42383 2.05363 0.0865065 -0.188476 -0.859441 -0.529524 1.15683 -0.0879497 -1.01492 -0.508575 0.127177 0.71611 0.890628 0.773054 -0.948682 -1.40575 -0.454811 -0.014194 1.3077 0.139333 -0.956485 0.700542 0.119292 -1.00531 -1.0621 -0.186044 1.80407 1.74571 0.150393 -0.247345 -0.247345 
0.130649 0.130649 0.675831 1.05331 0.646552 -0.406739 -0.612831 -0.293233 -1.07541 -1.36678 0.0722747 0.80788 1.10254 1.1005 -0.0713252 0.533636 1.18732 -0.557461 -1.02829 0.726398 -0.965497 -2.82846 0.814188 1.8848 -0.0775139 0.85071 0.730552 -2.42845 -1.85511 1.56542 0.624057 -0.922357 0.520578 1.2491 -0.233236 -0.387733 0.193478 -1.02963 -1.49447 0.385737 1.31955 -0.889921 -0.471938 1.22457 -0.264928 -1.23075 -0.500702 0.444553 0.568213 0.243921 0.143111 0.0313436 0.0313436 
-0.18279 -0.18279 0.475542 1.66794 0.198897 -1.91108 -1.26781 -0.0996602 -0.171771 0.26277 1.02319 0.602371 0.0951117 -0.161702 0.587238 -0.576607 -1.42874 1.29952 0.307415 -2.31886 -1.428 -0.598335 0.0374118 2.4931 2.2323 -1.30391 -0.650904 0.840433 -0.878574 -0.659207 0.130079 -0.180554 0.0624968 1.02628 0.915847 -1.11534 -1.08835 0.00587624 -0.905382 -1.07321 1.14095 1.42332 -0.451479 -0.791752 -0.13204 0.885851 0.286238 -0.942577 -0.331 0.458282 1.02951 0.672226 0.672226 
-0.902372 -0.902372 -1.32918 0.825517 1.298 0.940121 1.4302 -0.062249 -0.732217 -0.533065 -1.21045 -1.05738 0.474757 0.555353 -0.315507 -0.0638297 -0.360847 -0.162772 1.12334 1.1693 -0.122613 -1.75346 -0.848155 3.24399 1.46875 -2.43606 -0.112924 0.0180795 -1.53993 0.763678 1.50863 -0.504937 -0.659388 0.471069 0.971563 -0.137731 -0.722326 -0.159034 -0.382345 0.626208 0.874108 -0.129626 0.106406 0.137096 -0.926309 -0.933494 -0.171967 0.740205 1.45055 0.0382409 -0.763162 -0.149721 -0.149721 
