46
-0.451095 -0.394921 -0.236498 -0.0936046 0.362257 1.21129 1.68979 1.94226 1.93498 1.84476 1.75808 1.6846 1.35401 1.03632 0.576003 0.0604626 -0.462906 -0.816799 -0.81927 0.0506884 0.144663 0.389492 0.468076 0.402074 0.357582 0.145533 0.0373064 0.0916783 -0.017751 -0.0874802 -0.171891 -0.24258 -0.320153 -0.354186 -0.388098 -0.479067 -0.590727 -0.629835 -0.796332 -1.06236 -1.09741 -1.22433 -1.33937 -1.57506 -1.89086 -1.99931 
-1.32567 -1.26826 -1.21105 -1.0454 -0.644416 0.709846 1.30837 1.44694 1.42763 1.21018 1.33223 1.36962 1.40678 1.37021 1.2628 1.57897 1.4559 1.27799 1.12923 0.23432 0.024572 -0.349535 -0.485221 -0.61489 -0.739401 -0.9436 -1.02845 -0.941266 -0.953849 -1.06719 -1.15194 -0.960372 -0.906279 -0.804665 -0.885021 -0.846718 -0.713602 -0.578192 -0.509695 -0.49435 -0.20033 -0.0123134 0.177889 0.425184 0.696648 0.83637 
0.728331 0.717215 0.948813 0.95052 0.472029 0.391371 -0.743499 -1.68808 -2.22351 -2.31811 -1.99345 -1.74665 -1.79268 -1.53801 -1.28561 -1.25122 -0.768747 -0.823661 -0.200779 -0.674046 -0.184074 0.445424 0.549305 0.116421 0.378537 0.449816 0.368716 0.278597 0.663137 0.445636 0.345578 0.553285 0.466155 0.527625 0.56079 0.714243 0.88648 0.730678 0.772592 1.17022 1.06046 0.783864 0.612699 0.666009 0.884563 0.593026 
-0.339628 -0.736101 -0.418726 -0.383077 -0.221856 0.186011 0.74826 0.956485 1.31818 1.42828 1.46286 1.70589 1.85426 1.887 1.6752 1.61856 1.63355 1.30361 1.34482 0.423367 0.593281 -0.0828867 -0.268289 -0.696087 -0.635606 -0.703666 -0.771368 -0.842275 -0.500147 -0.675274 -0.807756 -0.786706 -0.870144 -1.10879 -0.717396 -0.781701 -1.02781 -1.30995 -0.815557 -0.845794 -0.788882 -0.722673 -0.74398 -0.574165 -0.497691 -0.465604 
0.337595 -0.22592 0.78663 -0.146141 -0.361538 1.56112 0.497849 0.289701 -0.382492 -0.467121 0.310514 0.396881 1.27811 1.59814 2.16899 1.86246 1.69168 2.36014 1.83356 -0.25834 -0.529612 -0.113217 0.218363 0.150525 -0.384308 -0.957715 -0.302875 -1.08666 -0.170517 -0.51215 -0.437373 -0.251078 0.445663 -0.0417797 -0.482214 -0.357268 -0.182439 -1.48603 -0.771225 -1.26309 -0.485277 -0.740914 -1.27458 -1.55877 -1.0468 -1.51047 
0.863374 0.749656 0.283067 0.699044 0.404416 -0.171356 -1.05668 -1.00959 -1.0331 -1.17027 -1.62387 -1.50565 -1.93855 -1.72506 -1.7614 -1.52406 -0.930131 -0.758149 -0.146639 0.604913 0.312514 -1.14926 -1.16273 -0.37591 -0.530269 -0.282229 0.176365 0.317643 -0.188799 0.41024 1.1224 1.15695 0.489168 0.63687 1.09578 0.533716 0.781142 0.410848 1.26545 1.01841 0.946572 1.36825 1.1291 1.32709 1.08374 0.856999 
1.08033 1.06551 0.346121 0.617887 0.97742 0.931183 0.064025 -0.394641 -0.893115 -0.777642 -1.08173 -1.54948 -0.8114 -1.01603 -0.575638 0.773606 1.22535 1.71602 0.342277 -0.367489 -0.260409 -1.40288 -1.96812 -1.99521 -1.32123 0.538935 0.950381 0.269446 -1.27206 -0.517355 -0.270496 -0.173463 -0.236248 -0.00177079 0.83363 0.186567 -0.135669 0.519874 0.235328 -0.121912 -0.28532 -0.732123 0.409322 0.412485 2.18131 2.48444 
1.68857 0.105532 1.17352 0.0886658 -0.293377 -0.951877 -1.96574 -2.15874 -1.35941 0.766271 0.964892 0.5698 0.512443 1.0474 0.498269 -0.323687 -1.53532 -1.17373 -0.383751 2.75591 2.04307 0.364473 0.863656 -0.0603268 1.26272 0.537408 0.235962 0.430649 -0.34595 -0.26288 -0.844256 -0.792958 -1.35326 0.108559 0.303099 -0.388854 -1.01383 -0.158064 -0.84478 -0.573977 0.287791 -0.0278005 0.733979 0.069733 -0.872172 0.272376 
1.38391 0.438214 1.20641 0.098177 0.321412 -1.17627 -1.11515 -0.513329 -0.346808 -0.290977 -1.20621 -1.92643 -2.79538 -1.62429 -0.776054 -1.1077 -0.612595 -1.25338 -0.35044 -0.948216 -0.508728 0.141126 0.360169 0.932886 1.29444 0.188862 -0.0677751 0.273809 0.783983 1.44584 0.954663 0.503786 0.187303 2.17072 1.7627 0.387697 0.268115 0.120223 -0.392735 0.875564 0.529968 0.0355539 0.259409 1.02122 -0.595538 -0.338157 
-0.0296419 -0.533215 -0.123134 -0.957692 -1.00955 -0.376525 0.0613322 0.039068 0.447977 0.373797 1.11013 1.03779 0.787996 0.780701 1.28751 1.99508 2.26183 2.08055 1.27342 -1.88572 -2.04061 -2.36843 -1.47892 -1.23816 -1.04402 -0.258952 -0.076181 0.240037 0.660109 -0.415355 -0.973313 0.0184402 0.180199 0.186064 0.236838 -0.308086 -0.787829 -0.316319 -0.267442 -0.0885765 0.286066 0.300082 -0.191431 -0.19816 0.480067 0.842165 
0.929163 -0.236655 -0.0882274 -0.010055 -0.380971 0.499764 0.198364 0.786931 0.898976 -0.0855217 -0.425435 -0.856222 -1.90427 -1.92798 -1.83672 -2.7774 -1.97834 -1.22455 -0.1361 0.890104 0.141639 0.11847 -0.400263 -0.723266 -0.95931 0.733758 0.668283 0.690383 0.592679 0.600857 -0.271321 0.199987 0.397326 0.0619867 -0.0238249 0.293312 0.309539 0.465411 0.483871 0.469708 0.774194 2.35389 1.99646 1.19004 -0.132291 -0.366377 
0.621458 -1.04214 0.563506 0.443184 -1.26873 -0.998571 0.112031 -0.800008 -0.92778 -1.18601 -1.52986 -0.165872 0.133699 0.39825 1.49562 0.814333 0.0597114 0.151823 -1.45485 1.20153 0.354962 0.145639 -1.40036 -1.97728 0.657527 0.654687 -0.641305 0.478061 1.56167 0.0162147 -1.8881 -1.66546 -0.26452 0.0405578 -0.337529 0.152289 1.15656 -0.475482 0.363665 -0.0819675 0.237528 2.10027 1.90334 0.724213 0.328541 1.23496 
1.54392 0.773491 0.201615 0.502422 0.594417 -0.589949 -1.36925 -2.18554 -0.568603 0.696208 0.73756 1.10234 1.122 0.369317 1.23286 1.97815 0.124679 0.430328 -0.478557 -1.33341 -3.34327 0.21765 1.38953 0.994626 0.765369 -0.629832 -1.57997 0.391662 0.287399 -0.415675 -0.453465 -1.1821 0.728768 -0.353884 -0.481112 -0.496353 -0.164126 0.347244 0.334619 -0.434493 -0.126324 0.182663 -0.337388 0.60067 -0.119879 -1.00633 
0.551801 0.551801 0.719506 1.29472 2.66031 2.7041 1.55042 0.610969 -0.0517678 -0.20532 -0.172928 -0.644637 -1.11691 -1.36778 -1.75041 -1.87234 -1.55973 -0.552374 1.81442 2.00093 0.792002 0.762238 0.161126 -0.0768894 -0.359327 -0.482584 0.0326446 0.030319 -0.209679 -0.161297 -0.163152 -0.149928 -0.0790403 0.00539669 -0.104711 -0.255068 -0.154776 -0.260823 -0.699666 -0.445468 -0.176432 -0.33112 -0.54147 -0.929734 -0.683668 -0.683668 
0.025489 0.025489 0.230105 0.880067 3.12734 3.50081 1.20235 0.0342465 -0.638869 -0.371594 0.110224 -0.0502825 -0.190129 -0.463451 0.203457 0.173849 -0.76028 -0.808869 -2.16445 -2.27975 -1.2951 -1.15508 -0.69293 -0.671802 -0.81271 -0.737725 -0.186821 -0.0501907 -0.429315 -0.565748 0.0107226 0.273218 0.103155 -0.151041 -0.270743 0.132859 0.316457 0.194283 -0.0327174 0.393669 0.72013 0.523848 0.635922 0.78956 0.586177 0.586177 
0.390017 0.390017 0.413109 -0.865625 -1.01395 -2.19596 -3.75171 -2.67225 -1.14159 0.407268 1.02205 0.354525 0.368691 0.906099 0.509431 0.923748 0.76292 1.01577 0.2624 0.023054 2.00892 1.31364 -0.599501 -0.314547 0.593352 -0.0247157 -0.31536 0.523168 0.293776 -0.578892 0.186825 0.210107 -0.0532364 0.163391 0.329035 0.579476 0.0225663 -0.21212 0.784508 0.511365 -0.702786 -0.813358 -0.219262 0.482546 -0.138458 -0.138458 
-0.204786 -0.204786 0.87199 0.482881 1.41039 2.40968 1.91221 1.41246 1.16794 0.352839 0.684065 0.967603 0.443611 -0.453881 -0.676589 -0.111464 -0.792484 -0.727148 -2.20111 -1.8804 -1.26919 -2.15458 -1.53568 -0.922978 -0.026572 -0.345984 -0.353076 0.668151 0.408452 -0.774197 -0.285358 -0.163148 -0.81027 0.372936 0.80737 -0.78119 -1.324 0.521218 1.14892 0.058783 0.29911 0.104201 0.36237 0.606025 0.26283 0.26283 
0.57388 0.57388 0.146855 -1.2732 2.02895 1.04843 -1.41573 -0.963473 -0.82063 0.85602 1.05377 1.17357 1.44379 1.08485 0.360259 -0.497391 0.630135 0.218671 -2.97353 -2.67829 0.222422 0.919589 0.359598 -0.642362 -1.22703 0.148767 -0.0945236 0.20766 0.718985 -0.254011 0.356511 1.07578 0.296637 -1.01845 -0.310251 0.401269 -1.25076 -0.626305 0.312415 0.385278 0.658462 -0.858196 -0.891213 0.31801 0.11045 0.11045 
-0.827456 -0.827456 -0.0511512 0.20087 -1.25261 -2.11831 -1.20547 0.0575746 -0.212453 -0.842779 -0.468511 -0.438158 -0.29853 0.282648 0.317604 1.2413 1.14552 1.17129 2.02069 0.695947 -2.54784 -2.13905 1.15643 0.949942 0.16032 1.05865 0.90218 -0.51215 0.158733 1.94467 1.11738 -0.905016 -0.739186 0.912057 -0.128155 -0.438099 -0.157047 0.732814 0.913449 -0.444315 0.535737 0.290525 -0.0372995 -0.043442 -0.665921 -0.665921 
-0.714237 -0.714237 -0.464024 0.477954 0.200314 -0.870682 -1.23076 -0.908875 -0.407607 -0.237894 -0.747091 0.162802 0.39252 0.13262 1.48928 1.49918 0.749585 -0.844209 -1.89229 -0.59941 -0.97719 -1.56418 -0.590373 0.491567 2.13929 1.91008 -0.308502 -2.01358 -0.760157 0.801226 0.227027 -0.0433166 0.0766821 0.860867 0.0912154 -0.91949 0.217785 0.250691 -0.633547 -0.527784 -0.605979 0.533258 0.926113 1.47386 1.73576 1.73576 
-0.358733 -0.358733 0.0329997 -1.10722 -0.771954 -1.26878 -0.90274 0.523039 2.34631 1.87395 -0.10823 -0.309515 0.421814 0.0351162 -1.03187 -1.55283 -0.62216 0.951786 3.13628 1.95456 -1.83421 -0.881156 -0.287774 0.360062 0.516282 -0.761116 -0.0376859 -0.411317 -0.499085 -0.345573 -0.370558 -0.353988 0.755157 1.34872 -0.344872 -0.989284 0.227741 0.179189 -0.280786 0.936844 0.475741 0.397116 0.122956 -1.21671 0.205607 0.205607 
-0.084963 -0.084963 -0.248993 -0.798977 -1.19203 -1.35563 0.763241 0.869606 0.318583 -0.773152 -1.55636 -1.50965 0.3991 2.13213 0.615542 0.259148 -0.0528415 0.358754 0.402157 -0.0655675 1.19357 0.971093 0.893245 1.03708 -0.656708 -1.28061 0.179911 0.953796 1.27702 0.266435 -0.856561 -0.680259 1.77649 1.68411 -1.70529 -1.41419 -0.175761 -0.572766 0.856489 1.0254 -0.753579 -0.178875 1.08894 -0.768653 -1.27774 -1.27774 
-0.149103 -0.149103 -0.467384 -0.911587 0.499658 0.970572 0.340439 0.312603 0.26268 0.577532 0.579306 -0.368966 -0.306423 0.421142 1.10857 0.877711 0.0229842 -1.00966 -3.87322 -3.24602 -0.523383 0.480926 1.02769 0.359013 0.882416 0.871483 0.420634 0.648826 -0.689434 -1.62992 0.357943 1.05003 0.101989 -0.00473593 -0.534382 -1.04453 -0.067117 0.441211 0.1598 0.473061 0.314539 -0.518368 -0.538316 0.586521 0.941191 0.941191 
-0.936111 -0.936111 0.308634 -0.211025 0.592026 0.661584 0.369238 0.782934 -0.791085 -1.24332 -0.689271 -1.39784 -0.990511 0.149495 -0.768035 -0.0598161 1.63569 1.92526 2.19783 0.359805 -0.690205 -0.460334 -0.76035 -0.477489 1.53981 1.71048 0.0384964 0.00624765 -0.007683 -0.782627 -0.319216 0.750949 -0.0561873 -0.339509 0.313362 0.415463 0.254101 0.256335 0.086197 0.372396 1.96722 1.30491 -1.08266 -2.04815 -1.47546 -1.47546 
-0.0787967 -0.0787967 1.01743 -1.33912 -1.06175 0.943163 0.103413 -0.776239 -0.311817 -0.465307 0.686999 1.14404 0.36308 0.929777 0.257924 -1.05759 -0.508231 -1.11347 0.708008 1.24793 -0.787664 -1.28449 -1.5456 1.42415 1.83193 -0.960228 -0.163094 1.5272 -0.365694 -2.4881 -1.23217 1.11564 1.1742 -0.0894917 0.0417343 1.02367 -0.483555 -0.600851 0.241893 -0.12723 1.51248 1.14564 -1.01509 -1.15626 0.325165 0.325165 
-0.844033 -0.844033 -0.0926513 0.372997 -0.668725 -1.27987 -1.02169 0.659068 2.11878 1.01364 0.382346 0.367136 -0.416672 0.175238 1.22594 -0.679817 -0.988185 -0.325639 -1.13963 -1.91187 1.18542 3.41714 0.642463 -0.340319 -1.04194 -1.54758 0.813972 1.40728 -0.468798 -0.422173 -0.440105 0.926717 0.678407 -0.751148 -0.00245012 0.319819 0.689192 0.447307 -0.450842 -0.225832 0.530363 -0.0505632 0.390677 0.250045 -1.02969 -1.02969 
0.217157 0.217157 0.805178 2.02974 1.48648 -1.08889 -2.09402 -1.59214 -0.788749 -0.0781416 -0.403383 -0.919284 -0.693527 -0.601889 -0.470081 0.240638 1.39508 3.495 2.65588 -0.999466 -1.22056 -0.599208 -0.812096 -0.486325 -0.369011 0.446417 0.570041 -0.202003 -0.150166 0.09328 0.0573381 0.131701 0.204501 0.0194745 -0.220548 -0.00546319 0.0398344 -0.511306 -0.14304 0.580601 0.162611 -0.327449 -0.566226 -0.0996476 0.297261 0.297261 
0.172295 0.172295 0.793704 2.74663 2.48228 -1.86376 -3.33761 -1.78367 -0.411345 0.692853 0.283865 -0.310491 -0.418351 0.352964 0.585972 -0.944734 -0.962881 -1.36582 -1.4296 0.807827 1.05194 0.552388 0.438712 -0.137851 -0.0863595 0.575062 0.633999 -0.255173 -0.516242 0.397374 0.778778 0.0650394 -0.428954 -0.380806 0.248096 0.538073 0.0353936 -0.357168 0.167294 0.696443 0.101128 -0.103841 0.230707 -0.0708925 -0.217781 -0.217781 
0.0495405 0.0495405 -1.02295 -1.16672 -1.08559 -2.26602 -0.369298 2.21931 2.613 1.84484 -0.0140633 -0.517807 0.492784 0.148214 0.0449758 0.242777 0.107355 -0.389619 -0.802432 1.495 1.1126 -2.15754 -1.33541 1.03063 0.273258 -0.731974 0.489689 0.541063 -0.894137 -0.0595286 0.691915 -0.171169 -0.00900848 0.350788 0.379148 -0.226866 -0.633748 0.669222 0.636968 -1.21724 -1.08089 0.43571 1.11706 0.0979444 -0.49067 -0.49067 
1.0345 1.0345 0.647634 0.499222 1.87962 0.46286 -1.02754 -0.776045 -1.08958 -0.517156 0.57515 -0.275138 -1.44936 -1.14981 0.304373 -0.151296 -0.648203 -1.43657 -1.18267 0.890478 -0.308668 -0.301028 1.18843 1.46434 0.537598 -0.360691 0.972219 0.721068 -1.4701 -0.725879 0.571457 -0.557955 0.496923 1.57224 -1.18354 -2.15515 1.25883 2.4226 -0.495838 -0.880981 0.00908632 0.0268261 0.462862 -0.135036 -0.377286 -0.377286 
-0.247844 -0.247844 -1.14322 1.2081 1.48523 -2.15053 -1.24714 0.396626 1.16863 1.20324 0.221623 0.267318 -0.034533 -0.661783 -0.976232 0.191565 0.472893 -2.25078 -1.80518 2.03651 2.28993 0.107895 -0.963436 -0.978993 0.520224 0.735466 0.0585358 0.534335 -0.269689 -0.207144 0.859859 -0.0163488 -1.29904 -0.361252 0.916559 -0.571604 -0.626502 1.00701 0.659224 0.239591 -0.762631 -0.955696 0.763022 0.65297 -0.109468 -0.109468 
0.498265 0.498265 0.662212 -0.788328 -1.51544 0.0239203 1.40874 0.639243 -0.592451 -0.173318 0.256474 0.103833 0.462161 0.394069 0.61689 0.531841 -0.052292 0.562578 -0.315967 -2.97871 -1.851 2.403 2.00274 -0.654744 0.0639715 0.475858 -1.02859 -0.490379 1.59149 0.616883 -1.86055 -1.21449 1.17532 0.39075 -0.885062 -0.0255395 0.75497 0.689646 -0.772502 -0.252457 0.471291 -0.379522 -0.224 -0.415681 -0.411685 -0.411685 
0.0977494 0.0977494 0.792364 0.403124 -1.08124 -1.14203 -0.114922 0.520238 0.408023 -0.337094 0.208715 0.753591 -0.109014 0.72199 0.920946 -0.632206 -1.81478 -2.03487 0.093757 0.588033 -0.798182 0.19848 1.42915 1.92609 0.95925 -1.89176 -2.98006 -0.419808 1.98888 0.641191 -0.709524 -0.197622 0.579987 -0.0760414 -1.39959 0.00657386 0.776133 -0.71453 -0.660805 -0.0664299 0.695654 1.04301 0.606842 0.510272 0.106363 0.106363 
0.205367 0.205367 -0.509066 -0.54445 -0.141313 -0.122031 1.08263 1.99569 0.806364 -1.57804 -1.40819 0.292029 0.175854 -0.950929 -1.03505 0.216632 1.52925 2.31487 0.588232 -3.15448 -1.81688 0.928879 0.737635 0.463719 -0.742588 -0.387188 0.179093 -0.329186 0.00110944 0.0404484 -0.0453561 0.665264 1.02679 -0.729337 -1.50502 0.318702 0.692055 -0.358715 0.434645 0.433939 -0.378265 -0.26113 -1.05127 0.0117037 0.851109 0.851109 
-0.0607562 -0.0607562 -0.403342 -0.545999 -0.305322 1.25936 1.42752 -0.23556 -0.981858 -1.12648 -0.417345 1.25947 2.30989 0.176241 -1.12527 -0.374919 0.103463 0.324838 -0.222892 0.534392 0.687156 -0.145656 0.082519 -0.92405 -1.40227 0.56255 1.43323 0.72481 -0.38674 -1.28759 -0.548279 1.68155 1.51419 -2.12739 -1.88852 0.994166 0.565545 0.684409 1.03692 -0.961496 -0.708724 1.18913 -0.325956 -1.43279 -0.275691 -0.275691 
-0.261253 -0.261253 -0.577917 0.655028 1.3074 -0.147862 -0.503411 -0.0897905 0.154505 0.191359 -0.709097 -0.665776 0.528895 0.97436 0.291122 -0.808247 -1.37983 -2.81188 -1.62861 2.35367 2.62251 1.07137 -0.121267 -0.137918 0.330973 -0.363552 -0.193085 -0.825704 -1.65883 0.712297 1.87613 -0.216822 -0.786282 -0.488014 -0.775609 0.298747 1.0248 0.127407 -0.0116524 0.0759532 -0.741127 -0.642341 0.753297 1.02035 0.21848 0.21848 
0.920395 0.920395 0.531124 0.200255 0.641632 -0.178917 0.0788719 -0.881215 -1.52987 0.0642382 -0.127778 -0.237686 1.14706 0.154625 -0.168822 1.78857 1.47497 0.409069 -1.18469 -2.17543 -0.626387 -0.064575 -0.0248804 1.71099 1.62695 -1.13664 -1.28865 -0.0466223 -0.602967 -0.245396 1.13676 0.185002 -0.82888 0.264796 0.553511 -0.0564219 -0.131231 -0.137805 0.0749098 1.39702 0.686505 -2.29666 -2.52377 -0.306276 0.416963 0.416963 
0.576771 0.576771 -0.752343 -1.21419 1.24571 0.61565 -1.01127 -0.275703 0.133858 0.521829 0.866174 -0.224203 -0.162358 -0.100819 -1.1624 -0.473628 -0.0730239 0.644457 1.29034 -0.88508 -1.46981 -0.468995 1.48618 1.86344 -1.38632 -1.16672 1.36142 -0.155778 -2.30617 -0.530212 1.99102 1.3157 -0.721215 -0.680232 0.586318 -0.337777 -0.95775 0.367647 0.225615 0.675108 0.676398 -1.46708 -1.3398 0.714402 0.794022 0.794022 
0.471211 0.471211 0.755823 -0.340151 -0.998303 -0.203784 1.19706 1.93146 0.228676 -1.04938 -0.383201 -0.476418 -0.105337 1.01594 -0.510669 -1.34135 0.228434 -0.0806132 -0.957577 1.43306 3.26913 -0.319908 -2.28467 -1.01758 -0.72594 1.14632 1.81801 -0.772095 -1.10624 0.029492 0.836417 0.695607 -1.01358 -0.404197 0.666547 0.434697 0.089877 -0.684853 -0.399479 0.611682 0.119081 -0.0734238 0.195691 -0.856199 -0.770243 -0.770243 
