44
-0.470589 -0.528463 -0.47637 -0.365245 0.17731 0.68054 1.45814 1.79455 1.88417 1.89359 1.8005 1.81336 1.55637 1.08261 0.449583 -0.28422 -0.847947 0.0737328 0.100925 0.487651 0.578974 0.325634 0.0906624 -0.019884 -0.00186939 -0.0304629 -0.00652297 0.0336701 0.0101402 -0.0547774 -0.143777 -0.214487 -0.260161 -0.425983 -0.587794 -0.734278 -0.830042 -0.865545 -1.13648 -1.14139 -1.31225 -1.61553 -1.90499 -2.03304 
-0.995911 -0.998241 -0.923046 -1.04789 -0.748044 -0.0590514 1.13248 1.498 1.58479 1.45516 1.44125 1.43829 1.4959 1.5162 1.46275 1.81668 1.73059 0.666133 0.385983 -0.00881148 -0.333424 -0.678842 -0.805196 -0.89002 -0.831427 -0.913416 -0.896216 -0.927816 -0.885884 -0.753868 -0.906013 -0.8999 -0.874935 -0.904047 -0.823297 -0.814597 -0.652471 -0.416926 -0.355974 0.0450332 0.239076 0.301581 0.537862 0.597501 
0.832949 0.754967 0.464668 0.518994 0.334333 1.0781 0.130542 -0.921346 -1.72996 -2.0466 -2.21829 -2.14453 -1.71943 -1.58493 -1.64293 -1.12743 -0.585544 -0.937608 -0.823154 0.224235 0.535295 0.332759 0.402666 0.231192 0.176849 0.206495 0.311612 0.206925 0.17031 0.308942 0.671252 0.471131 0.673585 0.322494 0.410246 0.625646 0.601293 1.02266 1.09605 1.40515 1.33055 1.28311 0.505054 -0.158298 
-0.62604 -0.340258 -0.906092 -0.746526 -0.718509 0.172146 0.230623 0.517142 0.851607 1.06135 1.46949 1.74542 1.86749 2.16753 1.96688 2.16299 2.16234 1.02827 0.560899 -0.277742 -0.357152 -0.524244 -0.01207 -0.568628 -0.372768 -0.369964 -0.591325 -0.453127 -0.690639 -0.771544 -0.287615 -0.804866 -0.390961 -0.406976 -0.935796 -0.663499 -0.832308 -1.06082 -1.25597 -0.595203 -0.570473 -0.308632 -0.816384 -0.708047 
-1.56649 -0.497116 1.18549 0.150001 -2.28388 0.085695 1.38857 0.550115 0.463613 0.125065 -0.903252 0.385301 1.0496 1.39651 1.70298 2.22211 2.20583 0.705658 0.315966 -0.365395 0.844274 0.20755 0.587295 0.0709781 0.0543795 -1.24108 -0.706609 -0.708613 -0.216301 -1.70955 -0.158599 -0.147918 -0.13379 0.0537599 0.409657 0.324156 0.0261942 -0.461733 -0.940413 -0.0488521 -0.350929 -1.46712 -1.22987 -1.37325 
-0.378103 -0.25925 0.658846 1.13332 0.20061 0.618915 -0.675476 -1.09257 -1.45274 -1.70746 -1.51694 -1.77153 -2.26004 -2.06106 -1.4133 -1.17996 -0.891157 0.45976 0.0146637 -0.524016 -0.483254 -0.258302 -0.336236 0.471009 0.917178 -0.100738 0.606541 0.802268 0.975429 0.265592 0.708485 1.18836 0.161006 0.54689 0.46539 0.728713 1.18771 1.37575 1.04793 0.500934 0.581296 0.537131 0.72826 1.48016 
0.137656 1.29199 0.826478 2.56372 -0.0399582 0.516842 -0.242558 0.0053543 -0.154193 -0.106522 -0.320653 -0.834556 -0.459158 -0.330878 -0.456496 0.368911 0.956751 -1.77166 -1.82864 -1.70693 -1.80839 -0.868347 -1.17662 -0.035434 0.0346348 -0.634826 0.416132 0.323025 -0.0975508 0.169069 0.378732 0.157228 -1.62785 -1.3024 0.0225211 1.34117 1.26151 0.811753 1.59393 0.0479396 0.0599665 -0.119631 0.54964 2.0883 
0.777201 1.21309 0.590827 0.485752 -0.0232645 0.335206 -0.428547 -1.78414 -1.71599 -1.92583 -1.51826 -0.703241 -1.0512 -1.5577 -1.2273 -1.16547 -2.0132 1.29222 1.07417 1.81636 1.26615 0.995837 0.107479 -0.638592 0.0132803 0.169691 0.177429 -0.0531927 0.861035 0.459796 -0.0183077 0.244518 -0.660653 -0.0548895 -0.141374 -0.115525 0.301919 0.869309 2.13287 0.390924 -0.198142 0.40661 0.555893 0.457233 
0.121583 0.559953 -0.0581741 -0.138204 0.010306 -0.434086 -1.69635 -2.22633 -1.48737 -0.125072 0.401662 1.20593 1.67679 0.375419 0.215066 0.250998 -0.0877812 -1.62234 -0.45291 0.550073 1.8268 1.87914 -0.157639 1.03283 1.58597 -0.352283 1.65058 0.400081 0.233936 0.604094 0.404783 -0.673565 -1.51164 -0.71805 -0.540453 -0.444049 -0.0067125 -0.0217491 1.27438 -0.821549 -0.242525 0.114387 -2.02797 -0.527945 
-0.128292 -0.75032 0.499461 -0.231338 -0.964734 -0.346966 -0.0818514 1.24047 1.94479 1.64638 1.15842 0.848923 1.64862 1.11022 1.1768 1.83106 2.43411 -1.02249 -1.24357 -1.53271 -1.2361 -0.698964 -1.44373 -1.15442 -0.507073 -0.579941 0.0988528 -0.00635559 0.24799 -0.812057 -0.795576 -0.765638 -0.574772 -0.674124 -0.399299 -0.381402 -0.655822 -0.0491628 -0.748337 0.251035 0.504669 -0.241445 0.786141 0.59853 
0.943677 0.435275 0.932784 0.792148 0.664194 0.621122 1.41709 0.405895 0.396332 -0.279626 -1.26723 -1.47879 -2.51927 -2.39972 -2.11406 -2.25917 -1.29221 0.268207 0.531839 0.435969 -0.514788 -0.301945 0.135351 0.438616 -0.0628393 0.532657 0.93079 0.841349 0.278727 0.861386 -0.55925 -0.722307 -0.124034 -0.842956 1.36403 0.540043 -0.415795 0.556829 0.36806 0.493662 0.255869 0.7463 1.02577 -0.0599885 
0.325386 0.663646 0.617944 0.48829 0.874613 -0.645764 -0.425254 0.660367 0.380368 1.31618 -0.357526 -1.1963 0.673646 2.0269 1.13016 1.4907 -0.0870089 -0.301869 -0.245977 -0.969573 0.694058 -0.171866 -0.50903 -0.888813 -2.30671 -1.26123 -0.770769 -0.689596 -0.392248 1.37444 -0.666277 0.854707 1.63489 -1.03657 -1.15129 -1.49831 -0.0554281 -1.21691 0.0953762 0.0161278 -0.746801 1.77653 -0.75921 1.25598 
-0.0479533 -0.0755093 0.66715 -0.00818748 -0.474207 0.0112652 -1.24799 -1.45073 -2.98506 -2.1435 -0.277398 -0.444627 -0.148813 1.35161 1.14779 0.169798 0.455704 0.123956 0.00611053 -0.779894 -0.333426 -0.0881109 -0.869394 -0.771824 -0.353671 2.06286 0.982458 0.432353 -0.529311 0.80097 1.50695 1.01913 1.96396 0.523258 -0.277101 0.759444 0.815443 0.613198 -0.153912 -0.0791994 -1.18031 -1.0923 -0.541343 0.940373 
0.128011 0.128011 0.434286 1.32314 2.03375 2.45973 2.1574 0.910564 0.317975 -0.0131384 -0.00691716 -0.303949 -1.18585 -1.86734 -2.3386 -2.21302 0.787201 1.85812 0.888627 1.00485 -0.155136 -0.746476 -0.487692 -0.0292079 0.119315 0.130053 0.254714 0.168685 -0.0218061 -0.140456 -0.150954 -0.0724341 -0.244805 -0.45528 -0.420234 -0.300537 -0.0994086 -0.416878 -0.361432 -0.180046 -0.720789 -0.935737 -0.618162 -0.618162 
-0.0120032 -0.0120032 -0.233395 0.172575 1.64328 3.25469 2.67013 0.673725 -0.221089 -0.403086 -0.174171 -0.0449239 -0.0028795 -0.203591 0.39932 0.340355 -2.22288 -2.57358 -1.3634 -1.44375 -1.35452 -0.99624 -0.525309 -0.191084 -0.185959 -0.260764 -0.169703 -0.125009 0.170668 -0.180056 -0.407581 -0.0875179 -0.151175 -0.0503626 0.017969 0.165027 0.57497 0.392133 0.691145 0.931659 0.319939 0.39627 0.39109 0.39109 
-0.430496 -0.430496 -0.239964 -0.0878401 0.904997 -0.19362 -2.77947 -2.57937 -1.52058 -0.603384 -0.0411758 0.818247 0.905707 0.210006 0.758682 1.62255 0.373199 -0.242322 1.77297 2.05609 0.25613 -0.0911438 -0.0464111 -0.22534 0.0642846 0.293916 0.100468 -0.103633 0.246759 0.821234 0.333412 0.10321 -0.114197 -0.279374 0.536406 0.374968 0.671576 0.812328 0.65065 0.43754 -0.0758998 -1.08891 -1.97585 -1.97585 
-0.454486 -0.454486 -0.682188 0.389153 1.70808 1.76303 0.673136 1.17103 1.03252 1.16544 1.28485 0.768773 0.81226 0.230032 0.0425374 0.40338 -1.99635 -2.83836 -2.30538 -1.60547 -0.39396 0.673292 -0.0293282 -0.599978 0.409145 -0.343546 -0.0992875 -0.128426 -0.5237 0.777822 -0.00937082 -0.135699 0.76856 -0.93217 -0.41204 0.237441 -0.666048 -0.71357 0.890745 1.28742 0.567735 -0.392894 -0.669826 -0.669826 
2.11508 2.11508 0.465942 -2.75929 -0.0914514 2.83626 0.322801 -0.765764 -0.374091 -1.11199 0.162825 1.48897 0.751205 0.470847 0.605779 0.352914 -1.22919 -1.52176 -0.880227 0.372856 0.407829 -0.242409 -0.148071 -0.458602 -1.06905 -0.637295 0.376117 0.343083 -0.825289 0.00414125 1.18245 -0.0216308 0.116944 0.384718 0.170785 -0.341508 -0.656804 -0.798395 0.28242 0.420787 -1.15227 -0.729711 0.0324811 0.0324811 
1.211 1.211 1.67543 -0.74168 -0.815031 -1.28738 -2.37839 -1.15833 -0.946267 -0.227072 -0.22691 -1.11371 -0.521357 0.962589 1.00746 0.538674 1.9982 1.03975 -1.42802 -0.793503 0.203781 0.0487669 0.809228 1.4937 -0.889923 -0.548919 1.03607 0.338524 -0.844121 -0.491858 1.06187 -0.858229 -0.980973 0.254283 0.0942209 0.800097 0.701786 -0.325788 -1.28573 -0.752643 -0.0959628 0.0486974 1.08834 1.08834 
0.508151 0.508151 1.00554 -0.818923 -1.82617 -0.252483 -0.516052 -0.00420825 -0.175071 -0.221645 -0.700827 -0.197793 0.350171 -0.0773368 0.51751 1.12629 -1.90612 -2.45633 -0.0243775 -0.0623322 0.635938 0.459469 0.631101 0.953938 -0.591059 0.245916 0.737709 -0.517925 -0.210976 0.326795 -0.0897118 -1.79178 -1.32508 1.32862 2.17611 0.977598 -0.531355 0.204041 -0.731357 -1.38851 -0.222594 0.338222 1.80438 1.80438 
-0.157498 -0.157498 -0.686433 -0.575701 -0.122467 -0.371537 -2.04747 -1.23407 -0.11381 0.218066 1.22012 0.481399 -0.810726 -0.147451 0.40824 -0.743692 2.42775 3.04343 0.537217 0.212438 -0.777543 -1.10817 -1.57334 -0.0673725 0.815036 0.185229 -0.193195 0.693131 0.52631 -0.835052 -0.185758 -0.603326 -0.268017 0.53246 -0.0345559 0.458163 0.987659 1.81496 -0.443013 -2.25444 0.0400686 0.761994 0.074228 0.074228 
-0.0713842 -0.0713842 -0.494332 0.131145 -0.166128 -1.31714 -1.38697 0.24577 1.78963 1.61648 1.1612 1.11561 -0.602314 -1.1173 -0.0262372 -0.17181 -1.45313 -0.222624 1.84768 1.93522 1.15962 -1.54377 -0.615203 1.49783 -1.0548 0.12799 0.689106 -1.08053 0.241722 0.214663 -0.967131 -1.48828 0.0389802 0.867639 0.298824 0.510738 0.419817 1.12048 -0.577259 -1.16233 0.838877 -1.38142 -0.448786 -0.448786 
0.532846 0.532846 0.426101 -1.52014 -0.196692 0.783225 1.47466 1.90568 0.315132 -0.854941 -0.865821 0.397857 0.173217 -0.546249 0.624199 1.15068 -2.88362 -3.69242 -0.583935 -0.0758782 0.734999 -0.286987 -0.530189 0.836002 0.480562 0.511425 0.479687 0.0631429 -0.873914 -1.10735 -0.0376624 0.133476 0.00659326 0.0889892 0.204055 -0.334963 0.242835 -0.174009 0.211391 1.14646 -0.566526 0.193014 0.741116 0.741116 
0.0183992 0.0183992 0.414825 -0.259378 -0.154212 0.841706 -0.201857 -1.07016 -0.708799 -1.76305 -1.26247 -1.31947 -0.962555 0.46693 0.181646 0.916038 2.75446 1.99633 0.210978 -1.09804 -0.765275 0.730944 0.828411 -0.183493 0.131511 1.1012 0.362888 -0.672734 0.0517403 -0.873135 -1.67696 0.499271 -0.0999095 1.63417 1.52091 -1.88838 0.0482357 0.875079 -0.037948 -0.0907919 0.302467 0.860037 -0.838978 -0.838978 
0.245127 0.245127 -0.126153 0.21665 -0.886859 -1.01843 1.04938 0.652232 0.533365 -0.572515 -1.98061 0.831202 2.57053 0.375221 -0.412476 -0.952808 -1.40938 -0.11315 -0.51682 0.758887 0.645953 -0.941636 -0.555894 -1.41343 -0.28252 1.23172 0.466571 0.313337 1.65076 -0.204447 -0.399408 1.83892 -1.4877 -2.19779 -0.353398 0.882532 0.236281 0.132649 0.991374 -0.655261 1.40983 0.00314207 -0.400052 -0.400052 
0.517264 0.517264 -0.00565278 -0.98135 -0.0442948 -0.68463 -1.24019 -1.46224 -0.619228 2.12575 1.3114 0.0438015 1.39 0.986675 -1.01401 -0.618678 -0.0970037 -0.422929 -0.789625 -0.334087 0.498439 -0.492655 -0.611921 0.356316 2.22828 1.01858 -1.37621 -1.28036 0.237566 1.58376 0.116111 0.308923 -0.460288 -1.86908 0.130661 0.821952 -0.178054 -0.842504 -0.618931 -0.888548 -0.87782 0.455802 1.58087 1.58087 
0.298161 0.298161 1.11108 1.48087 1.05754 0.131132 -1.39877 -1.66422 -0.826735 -0.279084 -0.247914 -1.06016 -1.41177 -1.03622 -0.298094 2.8768 3.74138 0.110813 -0.76232 -0.936538 -1.58365 -0.286092 0.674041 0.5732 0.163707 0.141884 0.0533838 -0.234844 -0.264678 -0.100062 0.080263 -0.0677808 -0.332086 -0.142389 0.159575 0.311468 -0.0883495 -0.221586 0.234651 -0.310603 -0.673077 0.111911 0.308496 0.308496 
-0.213755 -0.213755 0.156198 1.69818 2.79668 0.923744 -2.36399 -2.64673 -0.993285 0.0307512 0.314383 0.14409 -0.156595 0.354513 0.483685 -2.40157 -2.66743 0.771224 1.01759 -0.00391195 0.395806 0.743644 0.721721 0.297239 -0.0755022 0.00280944 0.111706 0.298171 -0.0621675 -0.538954 0.0723239 0.221655 0.0218547 0.142134 0.184277 0.495581 0.194954 0.0938645 0.479657 -0.350279 -0.499896 0.0528348 -0.0167247 -0.0167247 
0.228962 0.228962 0.354885 1.01901 -0.0163143 -2.97862 -1.9036 1.11331 1.7069 1.29585 1.24802 0.855043 -0.432235 -0.0504556 1.2405 -0.247843 -1.47243 1.22993 1.97379 -1.18434 -1.70616 -0.179187 -0.0398361 0.162877 0.501068 0.101198 -0.25783 0.192341 0.836819 0.142974 -0.523109 -0.299268 -0.245443 0.609793 0.612888 0.183136 0.433278 0.0539246 -0.23899 -0.530166 -1.19229 -1.50147 -0.662934 -0.662934 
-0.179529 -0.179529 0.752133 2.09712 1.21324 -0.881526 -0.49633 0.331016 0.0136174 0.237917 -0.326461 -0.392491 -0.450015 -0.650881 0.169232 -1.75457 -2.8006 -0.250256 1.09063 1.6807 2.00015 0.335577 -1.08878 0.399791 0.241484 -0.423658 0.205559 -0.350593 0.806579 0.465757 -0.775932 0.694991 -0.674143 -1.00819 1.0356 -0.202405 -0.808534 1.37231 1.75859 -0.262411 -1.44275 -1.05772 -0.22234 -0.22234 
-0.934123 -0.934123 -2.89771 -0.269447 3.47658 0.32211 -2.12308 -0.354376 -0.140885 0.39679 1.65343 0.428123 -0.54995 -0.0186327 -0.00189417 -1.04726 -1.07143 0.282362 1.22339 0.8541 -0.30468 -0.268537 -0.0617172 -0.490808 -0.0388863 0.949754 0.666779 -0.661534 -0.136449 1.29226 0.0542151 -0.578797 0.317299 0.102685 -0.372235 -0.433947 -0.208257 0.641724 0.812168 -0.803562 -0.63054 0.791206 0.533943 0.533943 
0.31132 0.31132 -1.4153 -1.79945 -0.410249 -1.1372 0.0717528 1.00258 0.64479 0.493424 -0.653792 -0.230769 1.46273 1.07165 -0.323252 0.687284 0.337496 -2.4679 -1.32998 1.14521 0.581225 0.412054 1.01172 -1.23419 -1.47954 1.35536 0.613494 -1.36352 -0.613605 1.34108 -0.282147 -1.47971 0.774267 0.74761 0.369457 0.413568 -0.824692 -1.44018 -0.325352 0.829453 0.551988 0.825553 0.722217 0.722217 
0.258089 0.258089 -0.937507 -1.92352 0.303342 0.790686 0.0948435 0.155595 -0.210345 -0.412391 -0.0522242 0.62088 0.0110816 0.0418045 0.720901 -1.65609 -2.4156 1.16528 1.50097 0.36486 0.274089 -0.0710247 0.256178 -0.868756 -0.531832 0.802907 -0.568412 -0.689543 0.485703 0.0116113 -1.45619 -0.877414 1.97699 2.22653 -0.297885 -1.8421 -0.574779 -0.19892 -1.11148 0.265545 1.0637 1.26045 0.892942 0.892942 
-0.338385 -0.338385 -0.265175 0.384183 0.1463 -1.26139 -0.558944 1.28975 0.971394 0.893244 0.18542 -1.33137 -0.404444 0.817233 -0.382884 1.34651 2.51516 -1.2386 -1.86038 -0.85793 -0.861796 -0.514822 0.699436 1.59039 0.178325 -0.65527 0.347116 0.487016 -0.999034 -0.459463 0.164523 -0.0430666 0.762239 0.16567 -0.0378026 0.687152 0.90836 -0.934566 -2.67915 0.330706 2.00562 0.0339027 -0.443395 -0.443395 
-0.270133 -0.270133 0.134686 0.216025 -0.933746 -0.786542 1.01514 2.05955 0.890755 -0.403127 -0.320566 -1.13777 -1.44158 0.376452 0.615544 -0.919902 -0.0292817 2.13995 1.4002 -0.441722 -2.24806 -1.14509 1.97219 -0.280907 -0.882981 1.13229 -0.778568 -0.285949 0.841875 -0.778785 -1.09857 0.654778 1.5284 0.171781 -0.227387 0.0819142 0.398243 -0.641719 -1.47387 0.920153 -0.138196 -0.829792 0.607224 0.607224 
-0.0818411 -0.0818411 -1.34356 -0.416388 1.4806 1.07087 0.715033 -0.764344 -1.80231 -0.778235 0.79953 0.660953 -0.62469 0.279725 1.08745 -2.28671 -3.15235 1.47822 2.33191 0.842405 -0.149499 -0.832843 0.715377 0.642615 -0.223058 -0.0132069 -0.303255 -0.89016 -0.771453 0.529489 0.791768 0.0160503 -0.0414801 0.115371 -0.287482 0.0125009 0.0917037 -0.0330248 0.843398 -0.516952 -0.630742 0.835085 0.342686 0.342686 
0.319797 0.319797 -0.143875 -0.344183 0.804413 0.0143947 -1.26769 -0.301478 -0.429363 -0.333613 0.352224 0.253421 1.27573 0.834066 0.356028 1.81657 0.790113 -1.70208 -2.08094 -0.624239 1.30502 1.14319 -0.581726 -0.432118 0.930688 0.206287 -1.17283 -0.166824 -0.0906598 -1.14172 0.99101 1.13175 0.827666 1.16185 -2.37541 -0.965645 1.94768 -0.0121094 -0.617099 0.281276 0.701078 -0.737847 -1.12131 -1.12131 
-0.200332 -0.200332 0.0113962 -0.440856 -0.733846 1.22488 1.06085 -0.289723 -0.727465 -1.52374 0.895972 2.83994 -0.252646 -1.81343 -0.791256 -0.586741 0.547589 0.580263 0.567587 0.747157 -1.02132 -0.713321 -0.262413 0.197831 1.66273 0.491651 -0.538244 0.760382 -0.290818 -1.23727 1.29104 -0.643184 -2.46424 0.729571 1.93151 0.393192 -0.434171 0.495358 -0.457658 0.287438 0.435639 -1.08887 -0.220043 -0.220043 
-0.373028 -0.373028 -0.99524 -0.0642001 0.149664 -0.80219 -0.535447 0.356434 2.24854 1.19163 -1.36724 0.0105662 0.561723 -1.57262 -1.06331 0.545227 0.0852734 -0.48125 0.0170983 0.781855 -0.140678 -0.747646 0.50184 1.77167 0.382777 -2.33818 -1.50562 0.989567 1.78692 -0.11701 -0.852533 -0.407134 -1.42849 0.337297 1.67654 -0.236428 -1.101 -0.32071 -0.0689206 -0.204654 0.817748 1.52837 0.677909 0.677909 
