40
-0.589785 -0.362361 -0.0860836 0.919921 1.69264 1.9209 1.83469 1.75131 1.81481 1.58429 1.17587 0.513666 -0.275782 -0.850965 -1.13409 -0.51648 0.236763 0.602901 0.366132 0.300079 0.216534 0.231487 0.0863027 -0.00113637 -0.0514388 -0.162142 -0.0473119 -0.0992329 -0.122487 -0.188201 -0.401592 -0.473829 -0.618815 -0.711327 -0.979133 -1.23142 -1.30663 -1.49836 -1.58815 -1.95155 
-1.04223 -0.820393 -0.796363 0.381904 1.16162 1.4144 1.45964 1.43641 1.38786 1.51396 1.60187 1.35956 1.51049 1.41729 1.54471 0.942687 0.523685 -0.197231 -0.83803 -0.890008 -1.00231 -0.825149 -0.86404 -0.99158 -0.903427 -0.921175 -0.895719 -0.791256 -0.850586 -0.790836 -0.778864 -0.738964 -0.780061 -0.63886 -0.619376 -0.478656 -0.322072 -0.240708 0.0307075 0.331096 
0.537695 0.365989 0.143245 0.716005 -0.410988 -1.48327 -2.02098 -1.87298 -2.15154 -1.89737 -1.61512 -1.18796 -0.932694 -0.67242 -0.567361 -1.21346 -0.990933 0.601773 1.12827 0.731325 0.807851 0.524678 0.224539 0.391326 0.54727 0.298195 0.365759 0.369292 0.71547 0.473248 0.482543 0.610136 0.730508 0.848858 1.10393 1.05564 1.20672 0.722632 0.706162 0.608006 
-0.318584 -0.579874 -0.445387 0.402282 0.62573 0.913462 0.875067 1.24619 1.64506 1.71818 1.78447 1.72073 1.8051 1.9842 1.55611 0.519522 0.0525357 0.00383818 -0.252823 -0.565818 -0.462989 -0.434584 -0.396725 -0.412045 -0.611499 -0.455018 -0.535959 -0.449718 -0.249321 -0.4629 -0.986057 -0.883406 -0.986246 -1.09954 -0.919314 -1.02563 -1.02465 -1.09976 -1.05369 -1.14094 
-0.288721 -0.190463 -1.2281 1.11412 0.70036 -0.050623 0.182407 -0.47437 0.386083 0.759663 1.13522 1.46195 1.93468 1.97593 1.57531 0.425832 0.784751 1.44491 1.42627 0.031676 0.150566 0.17397 -0.328402 0.0380524 -0.113675 -0.587739 -0.685146 -0.203914 -0.314247 -0.812307 -0.190042 -0.684957 -1.09297 -1.57639 -0.967001 -0.438056 -0.35021 -1.41943 -2.04655 -1.65845 
1.60028 0.158042 -0.238686 0.643558 -1.42343 -1.42373 -1.92429 -1.57625 -1.969 -1.8006 -1.90818 -1.19627 -0.649667 -0.189157 -0.439432 0.716861 0.197793 0.232117 -0.51663 0.0686819 0.117017 0.877228 0.670901 0.778585 0.10303 0.353704 0.234149 0.0690168 -0.135019 -0.544444 0.75998 0.62946 0.240606 0.76275 0.942135 1.56725 0.941545 0.792891 1.02491 1.45228 
1.03862 -1.00362 1.25469 1.12554 -0.42331 -0.104396 -0.124036 -1.39735 -1.16246 -0.640031 -1.10417 -1.61294 0.924018 1.65881 2.50664 -0.472789 -0.241442 -1.97237 -0.703911 0.195609 0.0532005 -0.728608 -1.51969 0.457183 -0.275481 -0.349295 -0.51602 -0.239407 -0.98208 -0.189546 0.193094 0.282157 0.429042 0.94758 -0.499388 0.759249 0.803731 1.4457 1.1686 1.01888 
0.23341 0.311609 1.05042 -0.258361 -0.994962 -1.49252 -1.12294 -0.788019 0.370509 -0.328004 -0.707432 -0.736382 -0.898562 -1.72424 -2.09783 1.61151 2.66579 1.9164 1.42205 -0.359704 0.471248 0.415191 -0.27873 -0.127534 -0.996848 -0.897712 0.693011 0.16525 0.109838 -0.29818 -0.128601 0.181829 0.374463 -0.358085 -0.268321 -0.179737 0.808458 1.84243 0.459943 -0.0606615 
-0.0570991 0.704389 1.37693 -2.09833 -1.84254 -1.58948 -0.0368256 0.0487417 -0.753575 -0.420606 -1.51087 -1.56106 -1.11045 -0.7727 -1.95561 0.785366 1.58749 -0.887102 0.753205 0.290831 -0.325775 1.74367 0.898313 0.386773 0.235317 0.816502 0.493813 0.32801 1.26707 0.327185 0.00235529 -0.172452 0.225059 -0.659085 0.160116 -0.0701707 0.459801 0.822002 0.927867 1.18291 
-0.774605 -0.861834 -0.697951 -0.418307 0.469443 0.969859 1.00265 0.874466 1.13892 1.49032 1.25987 1.39374 1.70483 2.06922 1.54477 -1.59793 -1.67764 -1.08694 -1.2661 -1.39862 -1.23951 -0.788845 -1.05243 -0.0195 -0.0356262 -0.147469 0.039778 -0.846948 -0.309706 -0.115076 0.327478 -0.652405 -0.845749 -0.474237 0.304123 -0.283832 0.548235 0.29734 0.0721492 1.08407 
1.12184 0.108033 0.456133 1.03901 1.34725 1.28157 0.629595 -1.20866 -1.3305 -1.86841 -1.7989 -1.39915 -2.33244 -1.13867 -1.60737 -0.24768 0.802804 0.207755 -0.490595 0.0042199 -0.621894 -0.77784 0.712099 0.0462653 -0.158803 0.294907 -0.285146 -0.463183 0.219624 0.527515 0.88152 0.558105 0.142786 -0.592556 1.62346 0.52338 0.776747 1.28603 0.836726 0.894402 
0.324402 0.933495 -1.68789 -1.20332 -0.73945 1.09172 1.14394 0.30002 -1.84782 -1.25083 -0.15732 -0.922662 -1.18604 -0.0425807 -0.940242 -0.118902 1.14913 -1.12117 -0.515819 -0.00821532 -1.05231 -0.129318 0.719227 -0.626205 -1.44453 -1.14507 -0.442018 1.57576 1.26753 0.978646 0.430722 1.37504 -0.28718 0.0449824 1.76385 0.848024 0.407943 0.185117 1.11511 1.21423 
-0.0436356 0.299085 0.608511 -0.0729263 -0.360601 -3.53995 -1.68967 -0.131365 0.702146 0.408574 1.13057 1.1165 0.949055 0.739712 0.00229484 -0.799831 -0.432246 -0.299012 -1.85329 -0.70565 -0.801299 -1.16592 0.276355 0.129731 0.518261 1.28935 1.10214 2.42295 0.0778325 0.415402 -0.0605257 0.209301 0.158041 0.388102 -1.31694 0.040373 0.308744 -0.342213 0.109352 0.212695 
0.850538 0.850538 2.0182 2.76273 1.59632 0.30815 -0.159219 0.0653152 -0.15536 -0.863122 -1.51053 -2.08196 -1.95146 -1.1921 0.596759 2.15103 1.77389 0.28914 -0.359029 -0.129235 -0.00774811 -0.10019 -0.25375 -0.111453 -0.146344 0.101311 0.189469 -0.0176211 -0.0383061 -0.32346 -0.333244 -0.230654 -0.261061 -0.445257 -0.684882 -0.396037 -0.305215 -0.327084 -0.584532 -0.584532 
0.300981 0.300981 1.99611 3.33546 1.69517 0.393408 -0.0957894 -0.262009 0.00266499 0.244512 -0.408462 -0.296754 -0.0324603 -0.0741374 -0.975968 -1.94443 -2.15514 -2.54824 -1.36264 -0.425956 -0.0198404 0.11027 -0.429769 -0.2046 -0.0100095 -0.121131 0.0954716 -0.0548016 -0.134048 -0.00767536 -0.0428582 -0.136913 0.0426285 0.15 0.149147 0.392138 0.286938 0.49046 0.87865 0.87865 
-0.549728 -0.549728 0.494327 -0.773811 -3.08085 -2.25443 -0.543085 -0.17964 -0.0307513 0.755735 0.99836 0.960507 0.726454 0.515807 -0.755316 -0.590568 2.54918 2.97547 0.185143 -0.44591 -0.28635 -0.814591 -0.183558 0.456061 -0.127152 -0.251098 0.103164 0.493899 0.149247 -0.323205 0.195432 0.351207 0.338245 0.527156 0.293454 0.147611 -0.463564 -0.698539 -0.157297 -0.157297 
-0.181984 -0.181984 2.05544 2.23493 1.1052 0.576911 0.745152 1.62738 1.02615 0.355131 0.0789896 0.115464 0.605415 -0.428506 -2.88126 -2.95974 -0.966588 -0.542238 -1.07548 -0.350179 0.338628 0.207545 0.119327 -0.359475 -0.0128517 0.226262 0.0845459 0.652168 0.0472549 -1.41258 -0.774557 0.0734698 -0.362214 0.208893 0.222956 -0.138671 -0.0756998 0.0152556 -0.00922734 -0.00922734 
-0.957804 -0.957804 1.63396 2.35453 -1.2181 -0.471063 -0.362255 0.362416 1.55247 0.992427 0.938308 1.05054 0.72082 -0.287901 -1.66319 -0.78592 1.3042 0.868124 -1.50511 -1.34626 0.291521 -0.426035 -0.0298137 0.37518 -0.595616 -0.532876 0.570488 0.555558 -0.575521 0.270627 0.27426 -0.915702 -0.902434 0.272659 1.44195 0.839562 -1.00631 -1.83209 -0.148896 -0.148896 
-2.25665 -2.25665 0.613768 -1.44877 -2.53859 -0.604275 -0.17412 -0.0409775 -0.262811 0.0893229 0.760479 1.56831 1.25787 0.273834 1.13303 0.801107 -0.584369 -0.86799 -0.187596 0.796688 1.01266 0.698193 -0.107587 -0.687019 -0.510447 0.176137 -0.337325 -0.441647 -0.743315 1.11942 1.46383 -0.627131 0.178817 0.880513 1.00767 0.0134932 -0.942006 0.117173 0.828472 0.828472 
0.13153 0.13153 1.63357 -1.35557 -1.00378 0.196857 -1.05326 -0.853416 0.556485 0.00765539 -0.80198 1.55429 2.53065 1.20446 -1.7117 -2.19573 -1.21549 -0.401214 1.66405 0.556322 -0.763748 -1.27304 0.892892 0.938756 -0.671307 -0.226968 0.0481639 -0.404033 0.00103442 0.884557 0.332237 0.147138 0.484334 -0.767055 -0.185979 0.98501 0.500841 0.248355 -0.373219 -0.373219 
0.604929 0.604929 -0.384713 -1.43745 -0.858625 -0.0693404 0.524648 1.08758 0.350204 -0.747162 -0.269414 -0.114403 -0.682886 -0.83373 2.40211 3.42092 0.239517 -0.865464 -1.60208 -0.656445 0.574878 -0.513153 -0.365274 -0.49042 -0.527566 1.22773 0.78042 -0.394134 -0.308694 -0.148158 0.36447 0.380921 -0.363267 -0.436668 0.149229 0.790279 1.46483 -0.2267 -1.33592 -1.33592 
1.05395 1.05395 -2.24741 -2.57215 0.333032 1.34357 1.21306 -0.621981 -0.4292 -0.653573 -0.952139 0.248539 0.550829 -0.722042 1.1506 2.69737 -1.36669 -0.713564 0.854392 -0.904237 1.0686 0.890356 -1.1208 -0.580094 0.271377 0.137949 -0.444119 0.539064 -0.0641182 -1.04897 -0.452803 0.110059 -0.442669 -0.114081 0.395417 0.170045 0.631722 0.30125 0.217753 0.217753 
-0.0150506 -0.0150506 0.359365 1.09811 1.32342 0.450886 -0.190635 0.0457942 0.535234 0.0301589 -0.191848 0.360827 0.596096 -0.256629 -3.83583 -3.38195 0.428208 0.326729 -0.411364 -0.066147 0.529031 0.0976408 0.691882 0.944432 -0.22388 -0.0163258 -0.80714 -0.449949 0.653639 0.557004 -0.641656 -1.29063 0.0885506 1.08023 0.101039 0.155851 0.49984 -0.579153 0.709626 0.709626 
-0.673538 -0.673538 0.976379 0.935185 0.265008 -0.727208 -2.55887 -2.01107 -0.667378 -0.469647 0.499267 -0.53697 0.283533 0.763613 0.935052 2.50488 0.484984 -1.32215 -0.195955 -0.12131 -0.793764 1.39283 0.865943 -0.885568 0.271296 -0.116189 -0.768995 0.535962 1.03809 0.698326 0.0459761 -0.748995 -1.17465 1.5444 1.1675 -0.860578 0.802438 0.0763443 -0.390316 -0.390316 
-1.3908 -1.3908 -1.47677 0.653279 1.58296 1.29876 -0.548107 -2.06702 -1.07222 1.16559 0.225042 -0.711746 0.606081 0.168174 -0.054215 1.44097 -0.693488 -1.151 0.766859 -0.371912 -0.0851324 1.22154 -0.344572 -1.49537 -0.359745 0.690604 1.87693 1.17874 -0.413771 -0.579252 0.272144 -0.49716 -0.919789 1.4145 0.552894 -0.937638 -0.459192 0.486702 0.708973 0.708973 
0.507757 0.507757 -0.330577 -0.81934 -2.86403 -1.11398 2.76406 1.93178 0.415909 0.324628 0.553414 -0.174646 -0.334485 -0.801044 -1.28627 -0.381762 0.383887 -1.18928 -0.358921 0.835055 -0.402825 0.856061 1.03451 0.17195 0.923152 0.451875 0.901856 -0.86452 -1.66936 -0.139318 -0.19477 0.152846 0.120296 -1.23343 -0.310701 1.30466 -0.339233 -0.189278 0.428161 0.428161 
1.08267 1.08267 1.74521 -0.331813 -2.14066 -1.5186 -0.172489 0.0470361 -0.782588 -1.16232 -1.04101 -0.348766 0.83546 2.31119 3.01856 1.0911 -1.61324 -1.85442 -0.328698 0.356197 0.0694487 -0.175308 0.033579 0.13918 0.232935 0.342432 -0.062232 -0.159088 -0.228555 -0.218855 0.126187 0.107835 -0.147367 -0.333544 0.0874019 0.381456 0.104961 -0.204953 -0.185493 -0.185493 
1.5418 1.5418 2.8211 -0.364789 -2.88749 -1.788 -0.70337 0.0167039 0.406476 -0.470032 -0.594337 0.281808 0.1353 -0.978545 -1.86378 -1.20365 -0.654084 0.679631 1.94981 1.20527 0.434849 -0.468888 -0.378091 0.323604 0.00239065 0.0234156 -0.0139807 -0.296567 -0.0323232 0.00976538 -0.200781 0.00431754 0.196713 0.0244061 0.153946 0.0542777 0.0165776 0.487847 0.29345 0.29345 
0.683101 0.683101 -0.196535 -2.521 -1.06812 1.7192 1.39806 0.314276 0.607715 0.672735 0.100938 -0.229707 -0.349564 -1.06892 -0.808531 2.25104 2.43246 -1.6809 -2.41432 -0.368149 -0.296834 0.0301996 0.840279 -0.001975 -0.531618 0.118656 0.475661 -0.00913632 -0.60788 -0.00906523 0.4267 0.0579607 0.0809449 -0.07217 -0.30437 -0.566202 -0.628028 0.171339 0.334328 0.334328 
1.70908 1.70908 1.85021 -0.797503 -1.35405 -0.333416 0.775726 0.170666 -1.05071 -0.795084 -0.238754 0.363652 -0.478038 -2.792 -2.0407 1.45528 1.85068 -0.135923 0.100728 1.06167 0.388263 -0.22274 -0.496164 -0.154232 0.410291 0.026292 0.284611 -0.0796185 -1.67388 -0.696516 1.11824 0.273946 0.0561931 0.409845 -0.323597 -0.285139 0.0707427 0.00197449 -0.0695471 -0.0695471 
1.40641 1.40641 1.82099 -1.72569 -1.71047 0.407651 0.394783 1.01688 0.277717 -0.438121 -0.0513256 -0.209892 -0.854832 -1.4564 -0.371296 1.62253 0.866895 -1.7011 -1.35881 0.948931 0.444693 -0.26964 0.376219 -0.410295 -0.60721 0.586158 0.54147 -0.744117 -0.248695 0.404161 -0.767315 -0.761771 0.598964 1.26408 0.241408 -1.49337 -1.6219 0.408553 0.883668 0.883668 
1.89105 1.89105 0.406113 -2.44509 0.432474 1.52679 0.230026 -0.239378 -0.0817139 0.5612 0.889282 0.182575 -1.10749 -0.265404 0.204089 -1.41198 -1.3772 0.110134 1.02297 0.688612 -0.246437 -0.982057 -1.17282 -0.465567 0.44591 -0.0508848 -0.620303 -0.46782 0.948378 1.41353 -1.43297 -1.10068 0.909915 0.421215 -0.799742 -1.57921 -0.100879 1.09914 0.33658 0.33658 
0.901614 0.901614 -0.888803 -1.57777 0.931797 -0.0277041 -0.627155 0.966127 0.517692 -0.811754 0.928324 1.9981 -0.207603 -2.53913 -2.0347 0.299153 1.0768 1.7267 0.575472 -1.45225 -1.09381 0.994218 1.32674 -0.934983 -0.696307 0.432877 -0.104125 -0.0262971 0.773765 0.200314 -0.439763 0.0930344 -0.545646 -0.399568 1.05138 0.41332 -0.439306 -0.521607 -0.370375 -0.370375 
-0.523255 -0.523255 -1.17893 -0.202044 0.945221 0.954664 0.813685 -0.0155272 -1.04961 -0.292794 0.487222 -0.164401 -0.354896 2.01454 2.74304 -1.2538 -2.57656 -1.05388 0.223305 1.44899 0.182368 -0.492432 0.10728 -0.00795854 1.16323 0.907772 -0.917019 -0.58521 0.246323 0.512388 0.422647 -0.360134 -0.416096 0.412319 0.857299 0.912516 -0.540282 -1.65127 -0.597733 -0.597733 
-1.79865 -1.79865 -1.98262 1.53349 2.28995 0.570176 -1.04189 -0.858744 0.0537279 -0.224629 0.582689 0.923085 -0.478226 0.411407 2.00879 -1.35447 -1.86073 1.32991 -0.0363948 0.192981 1.0883 -1.16871 -0.761412 0.860318 0.47841 -0.333716 0.298865 0.286903 -0.828025 -0.148571 0.728236 0.0773662 -0.0553536 0.546417 0.232588 0.205497 0.145956 -0.162896 0.0243232 0.0243232 
0.19237 0.19237 0.671508 0.574801 -0.470248 -1.03246 -0.313203 0.420316 -0.0606092 -0.522039 0.163996 0.460576 -0.450938 -2.92492 -2.07749 2.7151 2.3549 -0.594998 -0.30528 0.559453 0.0557611 0.0551534 0.498743 -0.644413 -0.673597 -0.42876 -0.331708 0.896964 0.602621 -0.890571 -1.24881 0.423129 1.48722 -0.0423684 -0.650003 0.208186 -0.527177 0.0855942 0.785408 0.785408 
1.05483 1.05483 1.02777 -0.495909 -1.12048 -1.88326 -0.87188 1.21348 0.983574 0.737447 -0.0729402 -0.170407 0.825409 0.399147 1.11482 -0.324302 -2.54207 -0.475922 0.759903 -0.421328 0.965657 1.06126 -1.52503 -0.419251 0.476549 -0.711921 0.399562 1.15804 0.0779025 -0.68028 -0.979231 -0.830355 1.47742 1.50944 -1.60816 -0.268477 0.586581 -0.812048 -0.335198 -0.335198 
-0.118462 -0.118462 1.17978 1.7988 0.327348 -1.36492 -2.11747 -0.385509 1.90417 0.7246 -1.21028 0.166172 0.470233 -0.468508 0.709687 -0.455695 -1.64584 0.823996 0.408776 -0.585344 0.90512 -0.224191 -1.72198 -0.0753144 1.26626 1.29716 0.231447 -1.46222 -1.13754 0.35199 -0.0160327 -0.792534 1.09907 0.831514 -1.49966 -0.682919 0.80205 0.645915 0.0694054 0.0694054 
-0.530135 -0.530135 -0.842756 -1.61436 -0.182382 3.6059 1.9542 -1.49584 -1.02188 0.0940283 -0.313267 -0.561837 -0.394577 -0.602701 0.274258 1.07434 -0.510421 -0.469035 1.30087 -0.0220038 0.0195133 0.925419 -0.431491 -0.065146 0.185122 -0.00754357 -0.835911 -1.63852 0.469929 0.949251 0.192951 0.207599 -0.880605 -0.269595 1.62948 -0.0121717 -0.949468 0.496916 0.401002 0.401002 
