50
-0.565095 -0.571793 -0.608381 -0.576824 -0.607275 -0.506622 -0.36945 -0.160469 0.562933 0.939481 1.15501 1.42521 1.47758 1.55159 1.52627 1.49521 1.43528 1.33251 1.24223 0.95761 0.550691 0.335832 0.150856 -0.00984448 0.0633871 0.354178 0.557075 0.721978 0.756642 0.730648 0.715854 0.543836 0.352569 0.143105 -0.0393361 -0.159869 -0.365329 -0.560498 -0.696221 -0.840982 -0.842543 -1.02331 -1.21773 -1.42108 -1.58136 -1.65322 -1.66645 -1.63919 -1.72611 -1.66858 
-2.09887 -2.04762 -2.15482 -2.07782 -2.24138 -2.23136 -2.08952 -1.60277 0.0798814 0.658552 0.69891 0.551662 0.467569 0.307471 0.35445 0.438899 0.578309 0.800797 0.922634 1.11722 0.958651 0.584378 0.315314 0.109025 -0.0235403 0.35382 0.748628 0.676342 0.590661 0.651878 0.634534 0.668712 0.74086 0.896678 0.853304 0.7358 0.770366 0.680382 0.379226 0.344453 0.288454 0.234336 0.18159 -0.0408953 -0.439729 -0.561774 -0.492203 -0.523747 -0.429095 -0.318604 
1.33851 1.35563 1.44937 1.35445 1.27862 1.16033 1.27983 1.47915 0.969784 -0.470879 -0.972864 -1.39233 -1.53487 -1.59758 -1.70578 -1.68887 -1.41968 -1.42521 -1.33846 -0.981392 -0.766044 -0.514227 -0.0388525 0.379626 0.278679 0.0113999 -0.167584 -0.502341 -0.56749 -0.514314 -0.654354 -0.861563 -0.694805 -0.775269 -0.653632 -0.506471 -0.226328 0.0594259 0.370056 0.536842 0.523051 0.905688 0.972405 1.0995 0.78762 0.980362 0.938459 0.729456 0.81174 0.921214 
-2.20962 -1.72929 -1.15804 -1.29686 -1.50186 -1.40727 -0.699581 0.87106 0.242661 -0.336538 -0.347929 -1.03327 -1.47539 -1.35981 -1.03145 -1.00635 -1.24167 -0.920006 -0.000316111 0.425925 0.835727 0.892433 -0.146635 0.605124 0.381706 1.2189 1.1177 0.355486 -0.00867196 -0.00395208 0.05435 0.689607 1.48059 0.494944 0.903072 1.08206 1.30346 0.502355 1.55504 1.31382 1.18001 1.20101 1.14289 0.564946 0.0859982 0.309861 0.281524 -0.456739 -1.28907 -0.431949 
0.0321899 -0.240119 -0.196861 -0.134194 0.125024 -0.25429 -0.239048 0.926213 0.7525 -0.0167091 -0.384708 -0.293057 -0.0942096 -0.379518 -0.932688 -1.06543 -0.908937 -0.903839 -1.55154 -1.63404 -0.835196 -1.01966 -0.185277 -0.300717 -0.27322 -0.913354 -1.94773 -1.30722 -1.15603 -0.855466 -0.734633 -0.703438 -0.274884 -0.0577973 0.700193 1.26773 1.3151 2.06381 1.99433 1.45695 1.27035 1.5091 0.638343 1.25745 0.50231 1.78033 1.69337 0.482214 0.302143 -0.275842 
0.936353 0.85179 0.330814 0.670848 0.599115 0.360327 0.112816 0.761983 -0.337503 -0.86306 -0.882911 -0.711277 -0.780179 -0.711223 -0.773812 -0.897221 -1.04601 -1.43338 -1.51556 -1.4487 -0.409585 0.100054 0.457428 0.412337 0.36745 -0.209255 -0.872663 -1.68255 -1.64596 -1.57866 -1.25902 -1.02707 -0.684871 -0.34742 -0.036831 0.268464 0.292346 0.251875 0.73107 0.740193 0.367462 0.739398 0.966162 2.14128 1.86006 1.6987 1.79068 1.14307 1.11571 1.08693 
-0.535629 -0.78152 -1.10165 -0.58281 -0.672788 -1.06437 -0.688798 -0.379886 -1.34801 -1.50508 -1.4806 -1.17688 -0.326967 0.119477 0.384727 0.451976 0.813796 1.3387 1.59806 0.999719 1.2771 1.85095 1.59587 1.23445 2.00941 1.67825 1.11128 1.32488 1.28474 0.560453 0.271524 -0.105922 -0.571005 -0.189979 0.0125542 -0.382243 -0.583999 -0.482368 -0.657812 -0.697119 -1.29532 -1.10893 -1.29788 0.407111 0.558916 0.36238 -0.190325 -0.7138 -1.18997 -0.134659 
-0.659468 -0.21228 1.00279 0.43864 -0.0709624 0.0158687 0.725645 1.06883 0.343613 0.614433 1.8498 2.73241 2.19005 1.71394 1.62981 1.22208 0.788564 0.103678 -0.720475 -0.767886 -1.14183 0.569153 0.35357 0.385834 1.22825 0.331945 -0.151161 -1.24424 -1.52154 -1.3917 -1.26184 -0.863124 -0.252199 -0.79696 -0.040285 -0.0996098 0.395763 -0.192044 -0.490195 0.00932253 0.0618347 -0.805659 -0.965577 -0.698298 -0.309797 -0.599337 -0.983498 -1.49281 -0.977123 -1.06591 
1.67696 1.80293 2.0301 1.26645 1.40247 1.45072 1.73487 0.366379 0.111423 0.0093959 -1.7462 -1.94979 -1.3673 -0.779141 -0.787468 -0.562629 -0.478569 -0.405638 -1.18963 -1.36036 -1.2219 -0.652726 -0.384683 -0.560311 -0.606657 -1.50881 -1.50938 -1.12689 -0.12766 -0.205985 0.0753245 0.655519 0.584116 0.376155 -0.00157854 -0.487365 -0.473688 -0.0905212 0.238239 0.919915 0.663449 0.353022 1.04469 0.817341 0.72955 -0.164627 0.0706344 -0.582041 0.927716 1.02419 
0.0778667 -0.210633 -0.244834 -0.528897 -0.0803212 -0.838031 -0.50064 -1.59368 -0.69931 0.261303 0.950088 1.72364 1.54497 1.41496 1.71775 1.71549 1.30321 0.441047 1.01546 0.975226 0.492386 1.21813 1.32264 -0.255203 -0.0533211 -0.604885 -0.924009 -1.27642 -1.13739 -0.756959 -0.581793 -0.928087 -1.00831 -0.966689 -0.997151 -1.22149 -1.26681 -0.730009 -0.832465 -0.872823 -1.54102 -0.733986 -0.505375 0.667858 1.41349 1.394 0.499999 0.591957 0.903371 0.245702 
-0.174012 0.498484 0.512489 1.28703 1.10174 0.674976 0.927389 0.199938 1.38153 1.85853 1.41866 0.507242 -0.135001 0.114349 -0.119755 -0.0653653 -0.242855 0.461559 0.206524 -0.24167 -0.169068 0.927888 1.384 0.815119 -0.181976 -0.910701 -0.392688 -0.269205 1.38733 1.31328 1.58706 1.12967 -0.0870132 -0.184844 -0.790944 -1.03946 -1.81438 -1.67448 -1.85659 -1.48764 -1.94061 -0.776356 -0.541885 -0.181428 0.573994 -0.467821 -1.03479 -0.727061 -1.29278 -1.4684 
-1.77769 -1.42804 -1.93656 -1.44866 -2.07549 -1.9304 -1.16396 -1.10534 0.0883703 0.307554 -0.0209731 -0.531607 -0.593261 -0.671066 -0.462541 0.0509909 0.591372 1.06035 1.42172 1.25275 0.609369 0.607379 0.585261 0.619462 0.218323 0.353661 0.797251 1.06248 1.41218 1.2402 1.08151 0.92932 0.560564 0.645465 0.536167 0.794487 0.70232 0.708757 0.22661 0.565082 0.359864 0.219251 0.592807 0.531773 0.579068 -0.983922 -1.23518 -1.22876 -1.50327 -1.21501 
1.31132 1.67281 1.21431 0.180029 1.07986 0.670148 0.730347 0.597796 0.268974 -0.421885 -1.21833 -1.17133 -1.54332 -1.80861 -1.8041 -1.83263 -1.97074 -1.79137 -1.00742 -0.0415603 0.890374 1.07735 -0.358474 0.336942 0.595124 1.49106 1.52881 1.2653 1.18696 0.835098 -0.0674378 -0.178366 -1.10634 -1.16563 -0.629002 -0.256279 0.216089 0.456266 0.182889 -0.14931 -0.684442 -0.658445 0.193883 0.132401 0.848519 0.584667 0.0628051 0.677622 -0.533129 0.110395 
0.00922071 0.00922071 0.115361 0.132385 0.324089 0.789157 1.08971 2.71619 3.18111 1.77202 1.47697 1.02428 0.479944 0.264404 -0.027094 -0.123142 -0.322118 -0.406291 -0.910824 -1.78934 -1.59579 -0.980017 -0.829755 -0.113363 1.13929 1.49905 1.14977 0.68301 0.15337 0.016151 -0.388987 -0.87861 -0.982503 -0.958015 -0.711279 -0.775143 -0.982221 -0.788737 -0.64888 -0.276651 -0.37654 -0.911633 -0.974302 -0.87957 -0.514745 -0.106765 0.168246 -0.0362042 0.0477827 0.0477827 
-0.237221 -0.237221 -0.189088 -0.294433 -0.419635 0.15121 1.04232 3.92236 4.09416 1.02444 -0.332432 -0.565053 -0.589071 -0.344074 0.113028 0.285795 0.543814 0.510967 0.458805 -0.0653128 -1.1286 -1.33514 -1.02115 -0.766013 0.32493 1.31068 0.470214 -0.427903 -0.178364 -0.050629 -0.101171 0.0661056 0.293474 0.077542 -0.433345 -0.28766 -0.236222 -0.863745 -0.760544 -0.302303 -0.338464 -0.332384 -0.64709 -1.29399 -1.10625 -0.230718 -0.0615555 -0.014676 0.250812 0.250812 
0.231138 0.231138 0.0223576 -0.293643 -0.337204 0.0267854 0.61866 -0.553227 -3.60938 -3.59563 -1.69259 -1.02277 -0.357954 -0.293952 -0.145578 0.557693 0.515877 0.175902 0.851621 1.09126 0.895119 1.37968 1.69026 0.616274 -0.661654 -0.807078 -0.932824 -0.720691 0.00223148 -0.137327 -0.622562 -0.0508376 0.185356 0.101273 0.525457 0.820837 1.07911 1.13592 0.914223 0.309655 0.711899 0.861927 0.385712 -0.319806 -0.197467 0.305637 -0.443025 -0.211599 0.381891 0.381891 
1.23876 1.23876 0.460653 -0.514889 -0.221549 0.925456 2.78046 1.10135 -1.60044 -0.825019 -0.958417 -1.49973 -0.49317 0.475112 0.361411 -0.346985 0.0257066 1.47726 1.60868 0.967888 0.503479 -1.31737 -0.443873 0.581185 0.688559 0.842156 -1.16789 -1.49836 -0.53452 -0.00359839 0.788822 1.70961 -0.327441 -0.808585 0.655057 0.420388 -0.811344 0.233364 0.937003 -0.554111 -0.224578 -0.129453 -0.882166 -1.41104 -0.403376 0.162924 -1.04622 -2.05663 -0.0516453 -0.0516453 
-0.293321 -0.293321 0.165831 0.461847 -0.143975 -0.478394 1.63875 1.37975 -1.27182 -1.53813 -0.35815 0.418824 -0.097873 -1.12866 -0.919542 0.0531945 0.242135 -0.860172 -0.980242 1.00253 0.862769 0.911483 1.00609 -0.0999037 -0.819101 -2.27461 -0.519238 1.10583 0.639864 0.598244 0.229024 0.650816 0.905618 1.35718 1.83754 0.86349 1.11182 0.951655 -0.811184 -0.971708 0.092118 -0.845657 -0.324298 -0.165821 0.737361 1.65323 -1.75869 -1.88632 -1.01843 -1.01843 
-0.914899 -0.914899 -0.268103 0.416239 -0.465492 -0.73326 0.619382 -0.678449 -2.46793 -0.823302 0.238744 0.164025 0.00761231 0.0172283 -0.275804 -0.407116 -0.809205 -0.707739 -0.0158181 1.69228 2.36679 1.32827 0.483236 -0.129536 -0.939353 -1.88156 -2.23678 -1.17045 0.165797 0.596966 0.847781 0.88214 1.04285 0.994703 0.945721 0.508973 -0.0177408 0.675848 0.751397 -0.54636 0.00631849 0.919542 2.14305 1.36922 -0.666662 -0.0981517 -0.838881 -1.02067 -0.07798 -0.07798 
-0.798372 -0.798372 0.280065 0.60463 -0.679258 -0.022738 0.965106 -0.929797 -1.58693 -0.187138 0.462669 1.62672 1.82799 1.00348 0.468737 0.604921 1.25032 1.10583 -0.4782 -0.452789 1.20026 0.449383 -0.86956 0.583017 0.625696 -1.26671 -0.498494 0.244451 -1.07816 -1.42901 -0.939892 -1.18831 -0.118699 0.822786 -0.271292 -0.841428 -0.141358 -0.104251 -0.303004 -0.89919 -0.580901 -0.00375736 2.13779 2.61832 -0.0632403 -1.05675 -1.51781 -1.40987 0.816556 0.816556 
1.79435 1.79435 0.690457 -1.19206 -0.481502 0.849477 1.12929 -0.437035 -0.516019 1.624 2.29178 0.351354 -1.13171 -0.631553 -0.556918 -0.938275 -1.2408 -1.66719 -0.97137 -0.479959 1.43937 1.61223 -0.220134 0.934692 -0.0788593 -1.52569 -1.74048 -1.51584 -0.180996 0.263434 0.556915 1.08201 0.0521819 0.211271 0.741135 0.455918 -0.120931 -0.98708 0.199758 0.582515 -0.909607 -1.14148 0.0971484 0.69576 0.0879805 -0.755396 -0.995283 -0.0130798 0.445936 0.445936 
0.412622 0.412622 -0.652874 -0.762041 0.210364 0.387772 -1.30904 -1.95472 -0.437889 -2.23519 -2.35684 0.443464 1.39175 0.68413 0.248981 0.359632 0.177694 -0.86197 -1.15379 -0.0489815 0.837192 0.992398 0.100351 -0.27619 -1.14634 -1.09152 0.447088 1.64455 1.09262 0.23278 1.02148 0.599041 -0.344925 -0.711814 -1.04456 -0.575774 0.464963 0.842335 1.19986 0.498937 -0.689295 0.446281 0.545777 -0.38778 -1.18643 -0.79951 -0.510266 1.01619 1.91343 1.91343 
-0.429977 -0.429977 -0.424282 0.195445 -0.412562 -0.555287 -0.985743 -0.270762 2.36546 2.10155 1.86144 0.747905 -0.411991 0.206059 0.370051 -0.54788 -1.6517 -0.385111 0.669978 -0.687188 0.296077 1.05004 -1.90702 -1.78202 -0.464612 -1.13341 -0.877764 -0.289653 0.65108 0.697477 -0.235408 -0.563243 -0.0652882 -0.00141155 -0.342822 -0.361887 0.615173 0.541822 -0.199061 -0.925284 0.162487 1.31369 1.78378 2.44746 0.916392 -1.18836 -1.04529 0.502063 -0.460214 -0.460214 
0.814193 0.814193 0.925078 0.708518 -0.596806 -0.121195 -0.447923 0.561718 1.87046 0.108592 -1.40005 -1.61995 -0.358665 0.0848141 -0.127027 -0.0655106 0.640799 0.556539 -0.695872 -0.339866 1.33908 1.75579 -0.0542852 -1.63332 -1.80701 -0.16071 0.765291 2.0024 1.78776 0.28527 -0.131263 -1.75078 -1.36009 -0.696636 -0.860371 -1.0438 -0.621758 0.0223853 0.271269 -0.0230508 0.841123 1.58809 0.714691 1.28075 -0.242944 -1.67984 -0.213438 -0.21208 -0.737283 -0.737283 
-0.264481 -0.264481 -0.0438315 -0.232666 -0.779776 1.44388 1.30587 1.98779 2.24405 -0.18544 -1.35023 -0.9243 -0.233504 0.197702 1.14148 1.67112 1.60002 1.31431 0.296139 -1.30745 -1.04094 -0.0494044 0.00835777 -0.59656 -0.435146 0.913042 1.12034 0.970503 0.27272 -0.538681 -0.50709 -0.842357 -0.463961 -0.0498649 0.226913 0.254253 -0.147753 -0.770162 -0.240232 0.201748 -0.562875 0.360849 0.487859 -0.0328534 -2.42998 -2.90648 -0.401687 -0.438799 0.0110168 0.0110168 
-0.0188949 -0.0188949 -1.71152 -0.0643053 0.693095 -0.325113 0.0109988 -0.460757 -1.13781 -1.70489 -0.810101 -0.295368 -0.674074 -0.217498 0.0696149 -0.103342 0.148775 1.26693 2.22069 2.40015 1.45562 -1.41571 -0.799138 1.25515 1.49831 1.231 -0.175038 -0.315818 -0.422956 -1.42244 -1.13027 -1.16111 -1.09849 0.677591 1.20149 1.12356 0.962825 0.0584775 -0.63563 -0.953055 -0.518678 1.16386 1.05778 0.892601 0.647191 -0.854079 0.211463 -0.623938 -0.589125 -0.589125 
0.122566 0.122566 0.143267 0.247311 0.792127 0.924489 2.33675 2.53661 -1.1546 -2.0787 -0.915746 -1.21888 -0.930498 -0.623051 -0.477751 -0.365244 -0.350805 -0.722359 -1.68827 -0.839413 0.977625 0.924992 1.04734 2.38783 1.95417 0.0062478 -0.998788 -1.21811 -0.817392 -0.665999 -1.09452 -0.728207 -0.103054 0.323305 0.215871 -0.335961 -0.0230297 0.398839 0.61619 0.324663 -0.778629 -0.733371 0.0324889 0.552316 0.933222 0.824008 0.0793011 -0.152981 0.0956276 0.0956276 
0.0177158 0.0177158 -0.065827 -0.203289 0.332957 1.13893 2.97022 2.39978 -2.31862 -3.53092 -1.28099 -0.223981 0.15479 0.536337 0.479056 0.321175 0.158115 -0.0878704 -0.477468 -1.27933 -1.02748 0.0647554 0.430889 1.04704 1.62645 0.0947614 -1.39922 -0.534804 0.278738 0.040762 0.0721198 0.292514 -0.0113859 -0.596852 -0.310075 0.135871 -0.477315 -0.436264 0.424791 0.314271 -0.0443106 -0.265208 -0.783047 -0.384587 0.822761 0.808028 0.150875 0.227264 0.190087 0.190087 
-0.199182 -0.199182 -0.48206 -0.334158 0.274555 0.843384 -0.531501 -3.79714 -2.73578 1.70358 2.29089 1.18246 0.640134 0.177829 0.75009 0.579835 -0.354058 0.288265 0.807126 0.0266535 0.245904 0.699511 -0.695676 -2.11767 -1.28644 -0.255032 0.0650456 0.824757 0.50993 -0.571588 0.0651381 0.710946 0.123881 0.292166 0.631853 0.483331 0.269773 -0.159887 -0.751943 -0.193402 0.482097 -0.304281 -1.07015 -0.534336 0.547598 -0.232104 -0.475305 0.726162 0.518995 0.518995 
-0.487112 -0.487112 -1.11984 -0.424911 0.951764 1.96465 0.131649 -2.82387 -1.23187 0.433973 -0.420049 0.31932 1.29843 0.571841 -0.515646 -0.200174 1.20076 1.04427 -0.312811 -0.699267 -1.46465 -0.596886 1.24896 0.752054 0.186828 -1.18652 -1.50049 0.428365 0.987059 0.875877 1.12874 -0.70644 -1.61572 0.654807 0.81467 -0.933539 -0.10374 1.15153 -0.49319 -0.735833 0.292994 -0.408946 -0.813669 0.328104 1.03843 -0.399381 -1.42203 0.662638 1.31799 1.31799 
0.316171 0.316171 0.51892 -0.210506 -0.642307 1.22272 1.27438 -1.99183 -1.99684 0.627483 1.34205 0.179957 -1.05822 -0.561093 0.811168 0.797347 -0.623899 -0.835548 1.27749 1.26401 -0.0606712 0.0998507 -0.691035 -1.24843 -1.48782 0.207071 2.31704 0.795584 -0.345971 -0.279707 0.0376954 0.465102 0.48549 0.639985 -0.33645 -0.495378 0.0620734 -1.31542 -1.31567 0.620381 0.0880224 -0.283526 0.467324 0.728843 1.2476 -1.70792 -2.42263 0.508711 0.596125 0.596125 
0.449014 0.449014 0.977411 -0.202803 -0.937951 0.787265 -0.00807284 -2.43419 -0.162239 2.0395 0.711946 -0.228857 -0.163739 -0.269227 -0.378041 -0.462246 -0.282513 0.5622 1.80272 1.78927 -0.331455 -1.50473 -1.176 -1.14881 -1.40318 -1.05217 0.498674 1.80469 1.31427 0.476183 0.169796 0.100225 0.0365188 -0.125391 -0.425438 -0.794307 0.0784542 0.543477 -0.994092 -0.625688 1.08147 1.59943 0.296815 -2.21984 -1.18339 -0.183369 -0.762693 0.537117 0.67748 0.67748 
0.622564 0.622564 0.835769 -0.716023 -0.497965 0.994317 -0.681691 -1.76226 0.401994 1.26051 1.10566 0.811016 -0.49525 -0.978735 -0.347664 0.427563 0.243188 -1.2213 -1.10969 1.01672 0.506777 -1.4455 0.0019309 0.89637 -1.30093 -0.824323 0.90682 -0.466631 -1.18513 0.00497604 0.0722629 0.453583 1.23522 -0.186089 -1.17906 -0.000499192 0.398393 -0.192036 -0.608041 -0.268401 0.502351 1.70003 1.63657 -1.53169 -2.49998 -1.04134 -0.317812 1.44757 1.37667 1.37667 
-0.712247 -0.712247 -2.00515 -0.758993 1.44802 1.15218 -0.837667 -1.08409 1.46141 1.97428 -0.828142 -2.30533 -0.629153 0.440668 -0.164754 -0.423781 -0.45471 0.230941 0.861282 1.70158 1.4828 -1.09384 -0.419425 0.142928 -1.64388 -1.09529 0.0526673 1.11694 1.2679 0.552694 0.608094 -0.300746 -0.552117 0.51907 0.213923 -0.546161 -0.945141 0.266149 1.12389 -0.716004 -1.13813 0.737335 1.30771 0.0396049 -0.950744 -0.698077 0.55572 1.03572 0.36115 0.36115 
-0.802815 -0.802815 -0.880915 0.577035 0.782055 -1.12755 -1.7164 0.582692 -0.241195 -1.41339 1.87581 2.64126 0.131636 -0.858096 -0.272692 -0.0915412 -0.914497 -0.993111 0.541085 1.38385 0.70448 -0.56769 -0.948111 -0.932445 -0.623844 1.09942 1.91689 0.421287 -1.05054 -0.0914374 0.221489 -1.01809 -0.97835 -0.541075 0.0567843 1.0394 0.974 0.485215 -0.286214 -1.39207 -0.0782121 0.843051 -0.637243 -1.27979 -0.3351 0.443197 1.25844 1.69342 0.601367 0.601367 
0.0183486 0.0183486 0.455094 0.0225947 -0.514735 -0.389607 0.214851 2.37606 1.6862 -0.340871 -0.939634 -1.58784 -0.367525 0.565471 -0.516995 -1.41047 0.129045 1.65051 -0.19855 -0.249167 1.23863 -1.53827 -1.98153 1.03085 0.471433 -0.276829 0.608966 1.09177 0.710004 -0.610407 -0.874143 0.134225 0.41028 -0.181254 -0.239706 0.689471 0.651214 -0.559487 -1.01959 0.269132 1.59223 1.15692 0.813349 -0.596944 -2.54797 -1.36814 1.20564 0.426664 -0.663818 -0.663818 
0.126121 0.126121 -0.0245865 -1.01015 -0.528455 0.152565 0.524204 1.66235 -0.266383 -2.22705 -1.15396 0.773672 1.23532 0.210154 -0.0556588 0.583296 0.481848 -0.881255 -0.574868 1.46511 1.50735 -0.920708 -2.30958 -1.17079 1.07377 1.83906 1.55429 0.760507 -1.14602 -1.28652 -1.36796 -0.806202 0.782548 0.396714 -0.192645 0.215009 0.790932 0.670425 0.0173348 0.445524 1.17017 -0.039031 -0.164927 -0.617478 -2.01137 0.0694881 1.07039 -0.315597 -0.316542 -0.316542 
0.146204 0.146204 0.00550353 -0.566556 1.23099 1.53581 0.387069 0.680841 -1.63748 -2.69631 -0.568729 0.813872 0.817804 1.0063 1.07965 0.323459 -0.28406 -0.989726 -1.97168 -1.01447 0.919167 0.763635 -0.425889 -0.348658 1.10661 1.1408 0.0246121 -0.649767 -1.1427 -0.59924 -0.244472 0.013933 0.572285 0.496569 0.208397 -0.297367 -0.781496 -0.087108 0.70597 -0.258605 0.100344 0.764702 -0.311551 -2.19229 -2.15934 1.49308 1.82047 0.289304 0.316956 0.316956 
-1.2116 -1.2116 0.00781376 1.82153 -0.151642 -0.463516 -0.058985 -0.809014 -0.879582 0.284026 1.08488 0.142129 0.0990764 0.591973 0.125939 0.100031 1.05582 1.57524 0.880338 -0.524943 -2.7834 -1.62773 2.01863 1.7422 0.0235569 -1.19733 -1.10366 -0.1421 -0.777789 -0.482182 0.234891 0.0649511 1.4026 1.74408 0.371576 -0.135249 -0.747036 -1.14188 -0.707393 0.128008 1.60856 1.20846 -0.159381 -0.262523 -1.25161 -0.281133 0.211801 -0.551233 0.0672021 0.0672021 
