50
-0.626251 -0.683837 -0.636756 -0.624406 -0.61065 -0.477819 -0.0817135 0.913694 1.23244 1.28511 1.27475 1.25951 1.24806 1.25063 1.22961 1.24448 1.23002 1.07849 0.756756 0.433458 0.121364 -0.102562 -0.212501 0.0554923 0.524477 0.736732 0.897288 0.892179 0.843078 0.887322 0.814064 0.7476 0.602443 0.300014 0.00866931 -0.236202 -0.523583 -0.684216 -0.837436 -0.967888 -1.0503 -1.08194 -1.2298 -1.37131 -1.52394 -1.6089 -1.651 -1.71614 -1.74095 -1.58761 
-2.27536 -2.50054 -2.4111 -2.50556 -2.47474 -2.40159 -1.49529 0.0481015 0.284439 0.327809 0.317516 0.296494 0.426061 0.525584 0.583783 0.631351 0.699498 0.877255 1.12671 0.714104 0.351211 0.358546 0.290591 0.316685 0.737243 0.921594 0.698025 0.564112 0.461133 0.315699 0.51916 0.378972 0.446615 0.598126 0.698583 0.702728 0.610994 0.493731 0.512833 0.361354 0.260353 0.179772 0.174144 0.125251 -0.0593693 -0.257104 -0.335476 -0.430246 -0.41311 -0.376685 
1.81836 1.63927 1.34278 1.24934 1.41058 1.2289 1.54635 -0.133268 -0.972951 -1.19293 -1.09867 -0.968488 -1.05553 -1.1902 -1.16407 -1.24475 -1.21792 -1.10183 -0.760284 -0.448627 -0.408499 0.190413 0.179818 -0.341372 -0.554058 -0.944472 -0.861645 -0.945526 -0.796485 -0.640202 -0.736484 -0.920565 -0.900462 -0.837727 -0.553497 -0.419607 -0.220161 0.114684 0.488599 0.749683 0.861504 1.15722 1.18335 1.51939 1.28633 1.00177 0.825829 0.850167 0.955232 1.03071 
-0.933237 -1.60612 -0.630039 -0.422432 0.170947 0.406168 0.39731 -0.588982 -0.655897 -0.954477 -1.093 -1.32635 -1.40486 -1.60552 -1.7069 -1.65382 -1.27847 -0.284465 0.295607 0.859521 0.76031 0.324237 0.470181 1.53039 1.84067 1.08248 -0.138983 -0.395448 -0.417205 -0.359858 -0.104999 0.00872354 0.933542 1.24326 1.34792 1.45567 2.04807 1.82387 1.08697 0.471549 0.291769 0.288181 0.28107 0.800742 0.556677 -0.327376 -0.647116 -0.944042 -0.970905 -0.325326 
1.0607 0.413005 0.890881 0.654891 1.65079 1.41066 1.07559 1.62492 -0.0985429 -0.519493 -0.900518 -1.03992 -0.962668 -0.64489 -0.667481 -0.506316 -0.596053 -1.09633 -1.20505 -1.05843 -1.21832 -1.04726 0.107741 0.589751 -1.21754 -1.55931 -1.02828 -1.12113 -1.09049 -1.0261 -0.965135 -1.11336 -0.258161 0.231447 0.222522 1.1141 2.31838 1.43192 0.84986 0.760775 0.698392 0.4532 0.488086 1.06122 1.76834 0.256098 0.22056 -0.168255 -0.645515 0.400722 
1.0658 0.604831 0.61598 0.0843086 0.349756 0.879034 0.822668 -0.549785 -0.857138 -0.562066 -0.447945 -0.234421 0.0782229 0.213728 0.0559009 -0.0644376 -0.588825 -0.979142 -1.38319 -0.603333 -0.330294 0.0103395 0.360206 -0.400502 -1.09676 -1.36151 -1.69721 -1.60947 -1.56101 -1.47761 -1.47377 -1.42216 -0.877835 -0.630136 -0.26361 0.432341 0.458722 0.0655695 0.141249 0.554134 0.733825 0.905745 0.936103 1.0262 1.57706 1.98605 1.62307 1.76704 1.22649 1.89778 
0.264355 -0.926122 -0.450208 -0.661639 -1.25391 -1.44121 -1.94762 -0.214034 -0.906659 -1.05909 -0.395645 0.152401 0.16243 -0.046222 0.206008 -0.0567678 0.274348 0.451443 0.888714 1.20219 2.49735 2.25745 1.97743 2.65802 1.55185 0.932482 0.75111 0.982674 0.615708 -0.0879996 -0.185626 -0.139886 -0.690492 -0.476532 -0.724175 -0.480281 -0.421854 -0.637103 -0.86012 -0.851654 -0.962017 -0.651622 -0.728337 -0.510715 -0.485579 0.267966 -0.821593 0.289539 -0.254593 0.945815 
0.841804 -0.10716 -0.314237 0.538005 1.04244 0.372989 1.14272 1.14706 1.44649 2.24863 2.20973 1.85217 1.56256 1.40786 0.77391 1.02502 1.00992 -0.0628143 -0.502976 -0.239832 1.66425 0.0861076 -0.760404 -0.0553483 -0.465756 -0.879021 -0.871938 -1.63827 -1.48221 -1.39758 -1.27444 -1.20386 -0.800172 -0.690762 -0.695904 -0.636343 -0.540869 -0.562056 -0.296323 -0.754606 -0.287831 -0.388109 -0.775029 -0.247688 -0.70981 -0.247021 -0.811654 -0.223764 -0.779289 0.331435 
1.3428 2.13895 1.28628 1.58595 2.20854 1.82392 0.942111 -0.537084 -1.15745 -1.06591 -1.3792 -1.46274 -0.990172 -0.60445 -0.546652 -0.669871 -1.266 -1.52722 -1.69214 -0.927339 0.408714 -0.0161927 -0.288149 -0.348082 -0.726168 -1.13458 -0.679585 -0.139673 0.00763504 -0.104965 0.0785134 0.351716 -0.0866871 -0.2255 -0.331388 -0.244655 -0.774033 -0.492587 0.252449 -0.179167 -0.305879 0.439673 0.465999 0.568995 1.44456 0.637125 0.309361 0.462311 1.22492 1.92298 
-0.972655 0.243943 -1.4899 -0.704787 -0.64843 -0.524065 -1.07668 -0.577562 1.02068 1.53076 1.48013 2.08668 2.1788 1.66673 1.54515 0.872319 0.631425 -0.0411453 0.229271 -0.182658 0.888312 0.172127 -0.215379 -1.05712 -1.21049 -1.10301 -1.16664 -0.305694 0.22475 -0.225555 0.0458654 0.514904 0.326289 0.271093 -0.633458 -1.2046 -1.40137 -1.44668 -1.44603 -1.31998 -1.33697 -0.646936 0.342956 0.525844 0.627433 0.681448 1.01371 0.569391 0.652197 0.595584 
2.0687 1.09031 -0.605637 1.38192 1.3262 1.24165 0.111686 1.68771 1.30387 0.725381 1.02383 0.148258 -0.458953 -0.846654 -0.569012 -0.145738 0.172663 1.24749 0.61299 -0.0447212 1.04916 0.938444 0.723026 -1.39844 -1.35555 -0.836257 -0.932174 -0.744446 0.364667 0.483277 0.341191 -0.100184 -1.05248 -1.29935 -1.36196 -1.86202 -1.49504 -1.85327 -0.383889 -1.19299 -1.02004 -1.09551 -0.083528 0.284707 0.0251532 0.0417409 1.03995 0.611281 0.709541 -0.0169448 
-0.657647 -1.00248 -1.18432 -1.0004 -1.02771 -1.33768 -1.8062 -0.460449 0.13104 -0.342491 -0.738102 -1.05753 -0.960823 -0.540012 -0.459004 0.0734185 0.640017 1.39141 1.18628 0.383501 0.994672 0.727467 -0.0540137 0.0118397 0.638068 1.23595 1.50713 1.6194 1.74819 1.43246 1.7408 2.20899 1.29753 0.636224 0.792471 0.19658 0.139261 0.0946691 -0.135118 -0.167798 -0.716387 -0.369622 -0.172698 -0.48428 -0.595733 -1.20355 -1.16068 -0.883443 -1.13215 -1.17705 
0.907777 0.702028 1.11746 1.6381 1.25074 1.3814 -0.0487597 0.441943 -0.320003 -0.67121 -1.30631 -1.77933 -1.80181 -1.81381 -1.25643 -1.51963 -1.09229 -0.618505 -0.181282 1.49485 1.26835 1.07773 1.13582 1.09359 1.80059 1.30062 0.25537 -0.0335417 -0.208954 0.729802 -0.752653 -0.890952 -0.582591 -1.15178 -0.629051 -0.55436 0.163256 0.011365 -0.781329 -0.744436 -1.08702 -0.605452 0.914931 0.530696 0.745858 1.02569 0.0183251 0.20929 -0.454436 -0.329647 
0.0654183 0.0654183 0.231761 0.152498 0.439065 1.34849 3.40014 3.21613 0.973821 0.191048 0.0295078 0.0269169 0.0692989 0.0465232 0.0757671 0.0913823 -0.304411 -1.03526 -1.4438 -1.42089 -1.18453 -0.703698 0.46634 1.84332 1.71074 0.977141 0.460139 -0.0385326 0.0788515 0.0213946 -0.241926 -0.412939 -0.974185 -1.3219 -1.18499 -1.17557 -0.975203 -0.656099 -0.584313 -0.415897 -0.18087 -0.336534 -0.597864 -0.609212 -0.474703 -0.211819 -0.164681 -0.123546 0.39613 0.39613 
-0.422936 -0.422936 -0.164377 -0.280324 0.0512239 1.78294 4.69114 3.36593 0.398829 -0.089016 -0.216384 0.0602643 0.298707 0.157538 0.0547689 0.0744464 0.331964 0.690607 -0.47716 -1.68842 -0.85775 -0.274349 -0.237245 0.729052 1.04209 -0.232018 -0.861555 -0.623023 -0.645812 -0.0396631 -0.0292861 -0.297939 0.279052 0.343962 0.0524652 -0.327698 -0.567847 -0.348607 -0.416289 -0.653857 -0.513619 -0.324968 -0.262287 -0.616341 -0.910753 -0.700592 -0.496924 -0.308006 -0.0484978 -0.0484978 
-0.775618 -0.775618 -0.624726 0.181689 0.0262301 0.301455 -2.33763 -4.37628 -1.80467 -0.159243 0.457668 0.138263 -0.328361 -0.128985 -0.033861 -0.0326071 0.314054 0.868514 1.21308 0.682031 1.18812 1.09876 -0.874654 -1.2307 -1.0003 -0.479659 0.0603945 0.177052 0.600176 0.167963 -0.431694 -0.226647 0.208197 0.673541 0.798901 0.649528 1.00357 1.31095 1.181 0.71924 0.780254 0.629287 0.700337 0.243678 -0.849703 -0.74906 -0.204846 0.290235 0.380338 0.380338 
0.315468 0.315468 1.38422 0.91969 0.953207 0.222203 -1.26049 -1.33096 -0.496204 -0.583128 -0.503945 -0.431099 -0.39142 -0.419179 -0.111183 0.467485 1.60958 1.85807 1.33603 0.511505 -0.702295 -0.404722 1.41149 1.61096 -0.596248 -2.45549 -1.84649 -0.390269 -0.00935967 0.3264 0.39483 1.20804 1.44594 0.450422 0.205265 0.79729 0.394369 -1.21916 -1.69403 -1.01778 -0.275134 -0.0655465 0.569595 0.281977 -1.42189 -1.51374 -0.801078 -0.445579 0.698447 0.698447 
-0.163348 -0.163348 0.30553 0.8955 0.890778 -0.625035 0.274068 -1.30715 -2.41217 -0.883302 -0.562656 -0.0407296 0.479946 0.366233 0.18787 0.111399 -0.641899 -0.663525 0.0732137 0.0149412 0.0427698 1.54027 1.89441 -1.47928 -2.41747 0.245595 0.529093 -0.0408056 0.138278 0.172821 -0.0693266 0.835209 1.56162 0.577491 1.03529 2.41699 0.392008 -1.64242 -0.734301 -0.142452 -0.320239 -0.209462 0.72251 1.4881 -0.886883 -1.73268 -0.453235 -0.956304 0.678047 0.678047 
-0.730018 -0.730018 -0.839253 -0.446368 1.19278 0.695581 -2.24255 -2.63032 -0.0540317 0.597135 0.471146 0.77786 0.657322 -0.0695447 -0.464817 -1.03114 -1.44826 -1.26233 0.545559 1.59164 0.913052 1.03175 -0.669799 -2.28603 -1.51979 -0.962748 -0.418152 0.175367 0.168665 0.0997365 0.0506065 0.885645 1.1886 0.913905 1.60645 1.08093 -0.601712 -0.525546 0.719763 0.880458 0.508173 0.277457 0.151048 0.955199 1.44788 0.036042 -0.373416 -0.647765 0.166937 0.166937 
-1.10668 -1.10668 0.356593 -1.2399 -1.20384 -1.07551 1.79542 1.5171 -1.30171 0.725056 1.77198 0.795394 -0.335561 0.0264296 -0.0544627 0.0634402 0.720866 0.879524 1.08336 2.36556 1.53848 -0.815769 0.559984 -0.674771 -2.61768 -1.23548 0.0363153 -0.241072 -1.63892 -1.23637 -0.116251 -0.79327 -0.541848 -0.0890427 -0.0443037 0.413145 -0.273086 -0.69373 -0.359366 -0.190995 0.260264 0.310555 0.171897 0.324123 1.12511 -0.540905 -0.00645798 0.808733 0.942163 0.942163 
-1.51311 -1.51311 0.919491 1.88042 -0.174691 0.183598 1.09358 0.458418 1.53588 1.07896 -0.48726 -0.825866 -0.551896 -1.01693 -0.468863 0.366912 -1.421 -1.99506 -0.1909 2.9751 0.488365 -3.22643 -0.142873 0.446104 -1.06424 -0.500396 -0.977231 -0.776035 0.373228 0.328774 0.309801 0.688693 0.741132 0.188988 0.121665 0.25755 0.148498 0.378439 -0.211877 0.0596384 0.54314 -0.609812 0.237813 0.136251 0.0490708 -0.0893756 0.079579 0.0918792 0.79799 0.79799 
-0.0921929 -0.0921929 -0.679601 1.06583 0.25623 -1.52368 -2.8187 -2.50937 -0.650991 -0.287686 -0.494833 0.434941 0.990143 0.499415 -0.102728 -0.87641 -1.03968 -0.529499 0.684407 2.46025 1.05268 -0.849806 -0.417994 -0.543559 -0.955849 0.0297876 1.15177 0.787744 0.015738 0.0585321 0.514987 -0.220779 -0.708248 -0.314839 -0.0479881 -0.549032 -0.318661 1.18913 0.345489 -0.6859 0.706842 0.887905 0.127678 1.13244 0.0552813 -1.36841 -0.232154 1.05789 1.70284 1.70284 
-0.68069 -0.68069 -1.21769 1.01025 0.187939 -0.569942 -0.103551 2.57323 2.58687 0.534817 0.654883 0.832542 -0.559604 -0.825565 -1.02564 -1.17412 -1.1738 -0.537461 -0.213088 0.783214 0.404563 -1.41054 -1.56679 -1.27541 -0.0940903 0.0176013 0.955301 1.69463 0.0627607 -0.259598 0.884542 0.312019 -0.3404 -1.2314 -1.8735 -0.992652 -0.33825 -0.0925494 0.120701 0.0987534 0.800647 2.05372 1.42257 0.317063 0.156679 0.44375 -0.17643 -0.486878 -0.00437526 -0.00437526 
-2.39296 -2.39296 0.380588 1.91441 -0.0232744 -1.02783 0.525019 1.22274 -0.792009 -0.153977 -0.431789 -1.2787 -0.822475 0.00497556 0.763341 0.801456 1.41074 0.519657 -1.10049 0.515769 1.02728 -0.197081 -2.07739 -1.83584 0.633606 0.503805 0.19375 1.32061 1.25597 0.0859422 -0.437716 -1.19536 -1.01348 -0.181512 -0.418269 -0.0165454 0.116079 1.14696 0.725333 -0.486992 0.199053 0.983657 1.39858 0.209526 -0.11931 1.05686 0.640487 -0.20108 -0.479577 -0.479577 
-0.721383 -0.721383 0.0456495 0.26982 -0.446648 -1.0867 1.31519 2.85289 0.213746 -1.21819 -0.994645 -0.280459 0.793372 0.770593 0.932503 1.63692 1.95458 0.835061 -1.4195 -0.235321 0.541604 -1.47864 -0.995493 1.0466 1.81839 1.30333 0.598883 0.392326 -0.228565 0.031903 1.16911 -0.600389 -2.23891 -0.690037 -0.595138 -0.904947 -0.105207 -0.355397 -0.338118 -0.800586 -0.250144 0.831332 -0.123698 -0.571045 -1.00078 -0.776907 0.506995 0.0840103 -0.383294 -0.383294 
0.312681 0.312681 1.17254 0.222236 -0.239402 -1.4738 -1.0476 -0.256612 -1.25321 -1.10306 -1.24725 -0.522067 0.0236456 0.710056 0.412702 0.258764 1.13117 1.14287 2.56613 1.78046 -0.42929 -0.0924145 0.0832415 0.851388 0.309538 -1.76467 -1.51482 -0.485169 0.96807 -0.579128 -1.85408 0.265778 -0.244286 0.00947383 0.771663 1.00235 0.734141 -1.05367 -0.830201 -0.297393 0.228991 2.43426 1.40937 -0.135668 0.650409 -0.79674 -0.90193 -0.495156 -0.573492 -0.573492 
0.136356 0.136356 0.0588204 0.176423 1.14355 2.87016 1.80057 -2.39979 -2.9855 -0.950088 -0.186914 0.0125623 -0.00718253 -0.0200341 0.0175198 -0.398252 -1.12844 -1.14092 -0.403582 0.227262 0.675193 1.58852 2.46513 1.19091 -0.873656 -1.2497 -1.01989 -0.399337 0.0322594 -0.340146 -0.451227 -0.742657 -0.915502 -0.232575 0.116778 0.178856 0.481781 0.356008 0.208604 0.368287 0.0512715 -0.434265 -0.293094 0.094114 0.362368 0.276902 0.0599871 0.522224 0.481986 0.481986 
0.182631 0.182631 0.0918346 0.148991 1.59586 3.6136 1.21978 -3.38108 -2.72536 -0.501605 0.0970565 0.383517 0.0563309 -0.210867 -0.0849101 0.197224 0.462663 -0.653454 -1.88282 -0.317877 1.08749 0.466066 0.765904 0.981984 -0.77244 -1.51056 -0.326032 0.149102 0.436977 0.462949 -0.222094 0.221612 0.48282 -0.197279 -0.545808 -0.505599 -0.0362159 0.0988408 -0.258878 -0.0960606 0.237705 0.176972 -0.248012 -0.527646 -0.0858178 0.304221 0.287585 0.331313 0.183374 0.183374 
0.0801221 0.0801221 0.727319 0.481454 0.0551419 -1.93812 -3.79514 0.386757 3.34345 1.77468 0.19779 -0.671812 -0.25546 0.195376 0.0363719 0.238245 0.682226 0.680542 -0.190641 -0.0610042 0.293469 -1.69648 -1.9105 -0.141813 0.561778 0.810291 0.486072 0.39223 -0.0482714 -0.869115 -0.357675 0.472574 0.681477 0.433098 -0.0602485 0.123284 0.489857 0.10142 -0.515864 -0.362602 -0.113171 -0.105115 -0.350451 -1.28498 -0.837709 0.47656 0.793119 0.428668 0.0313364 0.0313364 
0.731691 0.731691 0.394888 -0.355696 -0.548896 -1.6482 -1.16929 0.510938 0.499008 -0.0488069 0.0670327 0.038391 -0.0345517 0.159987 0.599668 1.20442 0.96503 -0.24153 -1.0195 -1.52105 -0.70749 1.48937 1.41824 -1.49887 -2.99151 -0.949659 1.45416 1.28879 0.476416 0.249858 0.596024 0.718898 -0.592492 -0.942727 0.208298 0.093913 -1.50519 -1.55735 0.102809 0.985553 0.647211 0.569264 0.208773 -1.48709 -1.34515 0.406913 0.73126 1.04401 0.786265 0.786265 
0.254248 0.254248 0.635771 0.329502 -1.03227 -0.447782 -0.490076 -1.78611 0.225125 1.14708 0.495909 0.625265 0.214208 -0.237847 -0.213763 -0.585563 -0.550097 0.413483 0.389785 -0.0686545 0.937438 1.14845 -2.00166 -2.83738 1.06648 1.85652 -0.234177 -0.3017 0.0891814 -0.183221 0.379387 1.00574 -0.215629 -0.389338 1.1406 -0.464963 -2.67411 -0.777331 0.921035 0.218799 -0.092301 0.62536 1.04882 -1.08973 -2.13179 0.231465 0.453101 0.682613 1.00794 1.00794 
-0.110685 -0.110685 0.162433 1.37783 0.759086 -2.42284 -2.34678 1.48662 2.20884 0.330332 0.0908837 0.0946727 -0.62383 -0.814813 -0.703213 -0.718395 -0.19546 1.35127 1.94921 0.220717 -0.423962 -1.13508 -2.34113 -0.625627 0.885144 0.731062 0.756421 0.373182 -0.0873246 -0.116819 0.511582 0.756339 -0.0151042 0.255717 0.0813584 -1.56977 -1.1515 0.883885 0.942646 -0.181838 -0.45393 -0.283008 0.436388 0.866752 -0.673709 -1.30084 -0.510103 0.340882 0.531597 0.531597 
0.967393 0.967393 -0.177157 -1.20034 0.0362065 2.06856 1.77704 -2.30203 -0.649478 2.12193 -0.0312215 -1.59258 -0.632929 0.119876 -0.0551143 0.474196 0.503414 0.178232 0.98371 0.244631 -2.36238 -0.783145 0.0194355 -2.35976 -0.483629 1.82104 0.631259 -1.28265 -0.795189 1.00997 0.236015 -0.386765 0.423223 0.275049 0.278378 -0.245665 -0.875182 -0.143503 0.278771 0.362574 0.27792 -0.144999 -0.0719209 0.601723 -0.701798 -0.892884 0.885927 0.598432 0.0140099 0.0140099 
1.38202 1.38202 1.96515 -0.758191 -1.1239 0.675451 0.0725799 0.174214 0.282379 -1.32193 -1.25013 -0.133417 -0.210139 -0.0438052 0.745582 -0.671994 -1.52754 0.652287 2.92192 0.318014 -3.85756 -0.477256 2.13446 -0.653317 -0.668571 -0.041395 -0.261463 0.725325 0.576253 -0.132684 0.124221 0.167557 -0.397436 -0.470113 -0.0525865 -0.0779101 -0.0208328 -0.312884 -0.287655 0.363984 -0.500445 -0.279479 0.35855 -0.20873 -0.231113 -0.0756796 0.0158 0.34177 0.334305 0.334305 
-0.466592 -0.466592 0.766678 0.609686 -1.88122 -2.2242 -0.748009 1.4801 1.51824 0.058791 0.459042 0.997697 -0.00599038 -0.823738 -1.02367 -0.713567 0.193572 1.16664 2.06093 0.208664 -2.39034 -1.09068 0.16484 -0.431579 0.353565 1.43764 0.484005 -0.854235 -0.566786 0.301209 -0.248899 -0.915849 -0.118006 0.414975 -0.21702 -0.242796 1.17659 0.417724 -1.37639 0.203776 1.06046 -0.460767 0.121234 -0.102699 -1.81858 -0.25464 1.66281 1.31566 0.404152 0.404152 
-0.430828 -0.430828 1.27419 1.05584 -1.22918 -0.242944 2.38558 2.03909 -1.57985 -1.4984 0.207978 -0.949308 -1.28881 -0.37652 -0.286614 -0.133254 0.467361 0.715354 0.990834 0.452815 -1.69873 -1.52853 0.0835437 1.10718 0.969661 0.783223 1.26355 -0.702924 -1.51543 0.609034 0.417586 -0.957308 -1.20103 -1.19314 0.16284 1.15504 0.668973 0.331362 0.126534 0.500489 1.47625 0.456086 -1.34892 -0.988649 0.0770838 -0.274795 -0.732072 0.111803 0.349387 0.349387 
1.69293 1.69293 2.67387 -0.339147 -1.96253 0.269794 1.35846 -0.923152 -0.961323 0.149514 -0.800163 -0.33072 0.740097 0.933331 0.428519 0.333175 -0.261082 -1.68689 -0.0833477 1.27993 -0.536757 -2.06642 -1.12891 1.65293 1.41543 -0.362166 0.441516 0.598472 -0.870478 -1.16404 -0.900307 -0.449086 0.567538 0.299801 0.0246418 0.260875 0.663246 0.308781 -1.12584 -0.417437 0.859677 0.686282 -0.575948 -1.05161 0.461043 0.405059 -0.885363 -0.797186 -0.25897 -0.25897 
0.488501 0.488501 0.634996 -0.334472 -0.899239 1.1386 2.56177 -0.732546 -2.67321 -0.802439 0.600052 1.15572 0.674108 0.0781666 0.553392 0.655171 -0.536773 -2.21771 -0.71225 1.26882 -0.825267 -1.01725 1.63749 1.82612 0.155022 -0.809703 -0.608099 -0.553493 -0.248292 0.900628 -0.425958 -2.2399 -0.0713401 1.06145 -0.153199 0.307415 0.346376 -0.164962 -0.303686 0.0447354 1.0537 0.0698776 -0.929209 -0.585928 -0.147286 0.972576 0.549855 -0.594559 -0.318138 -0.318138 
0.651601 0.651601 -0.052317 -1.03119 -1.24163 -0.583978 0.916286 -0.137627 -0.612313 0.0190967 0.44504 0.956071 0.927351 0.302865 -0.319607 0.546871 0.669562 1.0776 0.486965 -2.20412 -1.37262 0.394327 0.713783 0.182304 -1.92312 -1.33668 0.962448 1.85384 -0.0549194 -2.07578 0.640527 1.2071 -0.175174 0.767224 0.750137 -0.0131149 -1.50829 -1.14408 0.574879 0.799256 2.0381 0.889025 -1.88895 -0.54751 -0.474998 -1.13519 0.238072 0.257963 -0.0433471 -0.0433471 
