28
1.48017 1.53137 1.57777 1.41442 1.26557 1.10937 0.890849 0.776565 0.736429 0.649144 0.545834 0.338324 0.113261 -0.369139 -0.976769 -1.35762 -1.4428 -1.37478 -1.23455 -0.996528 -0.856149 -0.793871 -0.614543 -0.50692 -0.420353 -0.399463 -0.470709 -0.614892 
1.00103 1.05362 1.04567 1.03275 1.00144 1.19017 1.07126 0.942684 0.872151 0.534843 0.414299 0.456336 0.3777 0.239654 0.317668 0.443084 0.442371 -0.0424464 -0.697882 -1.10626 -1.36374 -1.58724 -1.65522 -1.43974 -1.30778 -1.25024 -0.958906 -1.02729 
-1.46509 -1.53189 -1.671 -1.32647 -1.13821 -1.35191 -1.11782 -0.755588 -0.745535 -0.54193 -0.207352 -0.161928 0.106457 0.346917 0.00173049 0.27501 0.343681 0.77493 1.27516 1.18877 1.5442 1.27071 1.12464 0.864908 0.824786 0.64961 0.726451 0.696742 
-0.24907 0.0528961 0.13825 0.295876 0.365914 0.79587 1.04758 1.03694 1.16916 1.27765 1.47411 1.39764 1.26699 0.941566 0.412073 0.359998 0.192689 -0.530749 -0.765723 -1.16375 -0.855845 -0.811854 -1.16839 -1.4427 -1.26382 -1.4144 -1.2452 -1.31369 
-1.38489 -1.26745 -0.896788 -0.306528 0.370444 0.428687 -0.23944 0.929399 0.5215 0.339975 1.18107 0.327728 0.240018 0.411149 0.101483 0.667191 1.14308 0.504487 0.653432 1.14554 1.4327 1.19182 -0.429619 -1.51215 -0.322475 -2.17146 -1.63222 -1.42668 
-2.06038 -1.96216 -1.80815 -1.52605 -1.09537 -0.783165 -0.861401 -0.687437 -0.138908 -0.0338799 0.0576523 0.670641 0.6672 0.584602 0.0249049 -0.0862245 0.321911 -0.0762516 0.892092 1.09258 1.16868 1.48702 0.995908 0.620728 0.673941 1.06085 0.231576 0.569088 
0.251764 -0.90975 -1.04711 0.208328 0.658288 -0.136514 -0.544616 -2.09251 -0.806596 0.782054 0.548067 0.309735 0.728713 -0.367067 -0.168004 2.06622 2.07773 -0.708669 0.678684 0.812735 0.0596231 -0.653934 1.04553 -0.0149384 -1.72941 -1.09464 -0.861492 0.907779 
-1.46681 -1.53506 -1.48544 -1.94507 -1.37941 -0.958404 -0.559976 -1.10154 0.20151 0.377293 -0.298594 0.839056 0.702389 0.910683 -0.662893 -0.0464245 -0.0554443 0.320572 1.38256 1.2338 0.982324 1.1703 1.00335 1.3737 0.446312 0.663452 -0.0579437 -0.0542886 
2.97558 2.36108 1.54505 0.605073 0.0262245 -0.594449 -0.389807 -0.676321 -0.395612 -0.313988 -1.34546 0.288754 0.341815 -0.561126 -0.456395 -0.484249 0.5769 -0.991356 -1.7501 -0.122292 0.260631 -0.479385 -0.45672 0.372725 0.630538 -0.556894 -0.225076 -0.185131 
2.84819 2.09543 0.972261 -0.153811 -0.859796 -1.69329 -1.12479 -0.143326 -0.763911 -0.7805 -0.384496 -1.03731 -1.00751 -0.170031 1.09454 0.445076 -0.515077 -0.0797757 0.185679 -0.937035 -0.450098 0.602895 0.682696 0.67272 0.679366 -0.566118 0.549656 -0.161645 
0.886462 0.416093 0.128993 0.180295 -0.563327 -0.694975 -1.10084 -0.402906 -1.00211 -1.81744 -1.29084 -1.49485 -1.04499 -0.534955 -0.876039 -0.743675 -0.637956 0.0565218 0.738989 0.209937 0.653602 1.199 1.1055 1.39277 1.32679 1.42185 1.18845 1.29965 
0.260799 1.75983 1.36603 0.650096 0.365767 0.33741 0.478356 1.20298 0.641535 -0.644996 -0.308702 -0.253407 -0.414095 -0.21556 0.683283 1.58988 0.729152 0.770555 -1.32307 -1.65883 -0.976455 -0.896746 -2.5882 -0.784887 -0.442443 -0.679095 0.128128 0.22268 
-1.06338 -1.07524 0.507334 1.20249 0.157471 0.523641 -0.448858 -1.0451 0.827361 0.477193 -0.359142 0.435366 0.535952 0.159157 -0.0671517 0.29758 -2.27709 -0.151637 0.022339 -0.55652 -1.02377 -0.767211 -1.18225 1.78835 -0.661904 -0.117229 2.17531 1.68693 
0.666764 0.666764 0.0902276 -0.434405 -0.415198 -0.602419 -0.489776 -0.01044 0.0621111 -0.107647 -0.430706 -0.757868 -1.49653 -2.52453 -2.25164 -0.847765 0.35839 0.964086 1.4209 1.42131 0.949064 1.05373 1.17557 0.926313 0.693252 0.269191 -0.174376 -0.174376 
0.469256 0.469256 0.297897 0.236809 0.764268 0.535115 -0.294862 -0.168321 -0.714308 -0.845125 0.147139 0.256762 -0.214287 0.195466 0.884612 0.678683 -0.917523 -2.6301 -2.43015 -1.38922 -0.905628 -0.409927 0.738317 1.26131 0.848174 1.26504 0.93567 0.93567 
-1.0591 -1.0591 0.157426 1.12563 -0.525354 -0.38981 1.31353 0.650929 0.181786 1.14158 0.673756 0.477988 1.05482 -0.75985 -0.662784 0.561219 1.02842 2.30479 0.77382 0.345581 -0.207764 -1.69099 -1.65029 -1.33696 -1.08687 -0.740945 -0.310721 -0.310721 
1.01793 1.01793 0.694495 0.660174 1.27041 1.6775 0.690211 0.422461 0.689407 0.83336 0.418916 -0.314074 -0.871948 -1.76567 -1.15315 -0.341569 -1.84596 -1.99758 -1.26839 -0.0519183 0.938547 -0.550325 -1.26356 -0.0638181 0.213425 0.191765 0.375713 0.375713 
0.497892 0.497892 1.01123 1.3438 0.766185 -0.694194 0.511583 0.794114 -0.671979 0.684052 -0.0453366 -1.05374 0.0585297 -0.182448 0.245945 1.09883 -0.208688 -0.563656 0.663952 0.814009 0.0182041 -2.05396 -2.96774 0.0842861 -0.74786 -1.45403 0.776568 0.776568 
0.171604 0.171604 0.528054 1.06439 1.12273 0.136207 -0.131766 1.08321 0.949573 0.0636936 1.04837 0.864262 -0.484118 -1.56241 -1.61772 0.258406 -0.298001 0.787951 1.94843 0.218821 0.447275 -0.652242 -1.99662 -0.94146 0.53584 -1.17485 -1.27061 -1.27061 
-0.843785 -0.843785 0.667819 1.03514 -0.247116 -0.783762 -1.25476 -0.195292 1.76635 0.815783 -0.326842 0.0815339 -0.454728 -0.592267 1.49037 1.37307 -1.76691 -0.90643 0.920066 -0.418616 -0.948725 0.585156 0.368193 -1.76694 -0.706709 0.511364 1.2209 1.2209 
-0.130778 -0.130778 -0.666544 0.0398673 1.2454 1.01647 -0.301217 0.937142 1.91913 -0.789877 0.526845 1.265 -0.00722105 -1.97424 -1.41548 0.726277 0.397117 1.86324 1.14486 -0.653159 -0.192205 -0.0764855 0.173168 -0.86782 -1.07755 -0.79556 -1.0878 -1.0878 
-1.10789 -1.10789 -1.41156 -1.19027 -0.892369 -0.161382 0.150384 0.221354 0.564822 -0.659425 0.789121 1.80098 -0.566158 -0.51795 0.298496 1.19082 -0.246355 -1.94429 1.0376 2.10276 -0.106393 -0.44251 1.02178 1.24117 -0.640553 -0.571508 0.573621 0.573621 
-1.44387 -1.44387 -1.76845 -1.40573 -1.15134 -0.0432452 1.53476 0.500914 -0.366838 0.517032 -0.0361356 -0.354525 0.941208 2.01477 0.721954 -1.21233 -0.26918 0.796421 -0.558191 -0.365624 1.52604 1.17206 0.247859 0.184255 -0.889953 0.0743748 0.538818 0.538818 
-1.26171 -1.26171 -0.405122 -1.15474 -1.45514 -0.900535 0.461645 0.144175 -2.34062 -0.492041 0.511763 0.385754 1.55822 0.259482 -0.360659 0.373 1.296 2.24303 0.233973 -0.158145 1.60612 0.724086 0.300242 0.345419 0.0298015 -0.245087 -0.21859 -0.21859 
0.95783 0.95783 -0.982876 -0.886962 -0.28452 0.088096 0.747845 0.132423 -1.62971 -0.843127 0.33255 -0.102895 0.0226093 0.950946 1.57133 0.0296386 -0.728425 -1.80866 -2.13912 0.293148 0.657168 -1.42273 0.087457 1.86952 0.082141 0.48937 0.779563 0.779563 
0.876293 0.876293 1.3776 -0.485495 -0.718764 -0.667342 -1.34974 0.667479 0.841961 -1.07871 -0.267081 0.397243 -0.433271 -0.665056 -0.139276 -1.80438 -0.555942 1.39299 -0.524507 -0.979166 -0.386815 -0.349798 1.5746 0.131529 -1.58858 1.77431 1.04182 1.04182 
-0.50347 -0.50347 -1.05373 -0.428885 -0.0749922 0.0230079 0.722121 0.680071 -0.000726886 -0.41566 -0.580753 -1.01666 -1.75172 -0.690767 1.85989 2.83875 2.00158 1.21564 0.580784 -0.393655 -0.28431 0.338802 -0.032409 -0.404654 -0.587991 -0.808779 -0.364005 -0.364005 
-0.168363 -0.168363 -0.223424 0.406452 0.254967 -0.968552 -0.647948 -0.391975 -0.623944 0.762552 0.979272 -0.339679 -0.0691593 0.976578 0.421637 -1.63826 -2.99627 -1.37731 1.10456 1.36021 0.868768 1.46785 1.49245 0.08511 -0.0105432 0.0649541 -0.310789 -0.310789 
0.885902 0.885902 1.66265 -0.637834 -1.30584 1.38519 0.744874 -0.998016 0.303564 0.304618 -0.622444 0.215641 -1.08313 -1.46803 0.969771 1.26671 1.30873 -0.294323 -1.66186 -0.877552 -1.72393 -1.24735 0.193961 0.361938 0.388087 0.532606 0.255082 0.255082 
-0.254928 -0.254928 -0.287025 0.586172 0.998984 -0.495058 -1.12618 0.0468085 0.431843 -0.205409 -1.02555 -1.15969 -1.31001 -0.215425 1.37942 -0.600371 -1.50118 0.587716 1.86719 2.11154 -0.418561 -2.01191 0.502553 1.42888 0.286588 0.199336 0.219593 0.219593 
0.261061 0.261061 0.480616 -0.239615 -1.42329 -0.245922 0.904722 -0.859209 -0.1505 0.335862 -1.2251 -0.009267 0.497376 0.0458905 0.768042 -0.37798 -1.17539 0.498266 0.831677 -0.504152 -1.97123 -2.04912 1.3338 1.3877 -1.09342 0.928568 1.39477 1.39477 
0.343394 0.343394 0.752526 0.525121 -0.636566 -0.885492 0.793884 0.896364 -0.706237 0.146844 0.682183 -1.09755 -1.77967 -0.793267 1.46046 1.07821 0.475436 1.78513 -0.362671 -1.07365 -0.592996 -1.79281 -0.149144 2.00333 -0.106556 -1.30654 -0.0015681 -0.0015681 
0.739717 0.739717 0.9512 -0.65735 -1.1778 -0.710724 0.208227 1.60881 0.45154 -1.33573 -0.553322 -0.204211 -0.518519 0.989302 1.00095 -2.00595 -1.44299 1.41643 0.150275 -1.20653 0.447335 0.627627 -1.48479 -0.74945 1.18114 0.97923 0.277931 0.277931 
-0.29987 -0.29987 0.183946 1.37655 0.735941 -0.992194 0.0127401 1.58778 -1.11575 -0.886498 1.47444 -0.298706 -2.15146 -0.897435 1.91664 1.30851 0.845768 0.579199 -1.65639 -0.848677 0.462032 0.317314 -0.474908 -0.789534 0.116563 0.0600464 -0.133084 -0.133084 
-0.281353 -0.281353 -0.144166 0.228783 0.544778 0.553371 0.144188 0.163841 -0.639141 0.0459628 1.43225 -0.933311 -1.53073 0.442956 0.966274 -0.430878 -2.03674 0.702903 2.41591 -0.802319 -1.67106 0.606326 0.950718 -1.12367 -1.21688 0.659645 0.616839 0.616839 
-0.344797 -0.344797 -0.0793736 0.344284 0.889713 1.85828 0.290903 -1.49879 -0.0954921 0.134706 -0.745051 0.607887 1.62645 -0.267726 -2.46872 -0.832552 1.36262 -0.318771 -0.957616 1.41785 1.01791 -1.0426 -0.830112 -0.939884 -0.187692 0.93822 0.232571 0.232571 
0.567679 0.567679 0.000700682 -0.874402 0.112059 1.36957 0.709964 -2.19972 -0.561416 2.07721 0.583716 0.711283 -0.175716 -1.53157 0.00564999 1.17281 1.3342 -0.88348 -1.89635 0.957619 0.587072 -1.06792 -0.366617 -0.284759 -0.526844 -0.268083 -0.0601687 -0.0601687 
-1.17498 -1.17498 -1.11468 0.484091 0.658042 0.694068 0.0729289 -1.44961 -0.568226 1.27866 0.510417 -0.149785 0.70757 1.01868 -0.534126 -1.4007 -1.1106 -0.841786 1.36639 1.80298 -1.03364 -0.313092 2.11476 0.0417205 -0.822579 0.483504 0.227495 0.227495 
0.32334 0.32334 -0.886952 -1.36414 -0.120447 -0.41221 0.8648 1.42144 -1.13667 -0.722765 0.956484 -0.110276 -0.6924 0.188666 -0.74244 -0.272989 2.07474 0.0181036 -1.5433 0.0871295 0.406528 1.27184 0.310359 -2.05716 1.06485 1.70642 -0.47815 -0.47815 
