31
1.10806 1.05894 1.10397 1.10314 1.00466 1.01751 1.02554 0.987176 0.918061 0.78357 0.549538 0.188283 -0.147023 -0.425578 -0.827906 -1.16904 -1.42773 -1.6245 -1.62654 -1.55557 -1.49748 -1.71366 -0.92955 0.511955 0.593966 0.515316 0.410669 0.311024 0.170292 -0.0546109 -0.362476 
1.09128 1.35326 1.09131 0.763557 0.75978 0.518504 0.269694 0.189884 0.0403591 0.0350893 0.251305 0.554941 0.650959 0.576677 0.995253 0.685545 0.909261 0.647352 0.269929 0.44379 0.56326 0.340642 -1.14319 -1.00619 -0.951176 -1.81611 -1.86712 -1.59573 -1.54385 -1.41052 -1.66775 
-1.81417 -1.323 -0.722186 -0.485071 -0.224582 -0.0414055 0.479249 0.808563 1.13175 0.888442 1.05028 0.859778 1.39579 1.7655 1.19223 1.16328 1.11693 0.26521 -0.380043 -0.499916 0.236796 0.340651 -0.152788 -0.874331 0.295111 0.01312 -1.14334 -0.85306 -1.45359 -1.52886 -1.50632 
0.870985 0.929281 0.935828 1.04007 1.13923 1.20534 1.16708 1.11666 1.15736 1.04027 0.991557 1.22979 0.899717 0.524246 0.38454 -0.194128 -0.472122 -0.667608 -0.665508 -1.08275 -1.10263 -1.05739 -1.26309 -1.24916 -1.34071 -1.23392 -0.902974 -0.992672 -0.969403 -0.771939 -0.665957 
-0.826428 -0.802692 -0.257953 0.424399 0.652275 1.13619 0.787552 0.827288 0.364713 -0.08154 -0.481221 -0.280276 1.79118 1.92082 2.11823 0.813041 1.14548 0.430854 0.0496443 -0.339295 -0.217679 -0.54942 -0.68984 -0.736056 -1.28369 -2.07558 -1.03866 -1.42497 -0.4251 -0.137427 -0.813849 
-0.367642 -1.10726 -0.987103 -1.21252 -0.964001 -0.926494 -0.740895 -0.613666 -0.524823 0.160481 0.335622 0.433356 -0.0817427 -0.525916 0.221244 1.96519 1.572 0.909181 0.461825 1.39729 1.38134 1.06468 1.77526 1.12454 0.212545 -0.961773 -0.655323 0.0250041 -0.540216 -1.59787 -1.23233 
-1.34913 -1.18486 -0.995272 -0.707555 -0.621224 -0.445959 -0.0433778 0.210127 0.172945 0.399588 0.446037 0.549068 0.295778 0.130558 0.962438 1.80513 1.6158 2.02655 1.07852 0.952435 1.00452 1.15786 -0.241286 -0.0215509 -0.668006 -1.43932 -0.606853 -0.583011 -0.973013 -1.35887 -1.56806 
-0.691739 0.113234 0.103127 0.661019 0.696702 0.231357 1.04286 1.0465 0.64147 0.421817 -0.01807 0.0836321 -0.836246 -0.00878984 0.996459 0.145511 0.0985255 -0.463715 -1.21394 -1.62645 -1.84244 -0.77511 1.76652 2.4317 0.691003 -1.80487 0.0287614 0.740482 -0.939798 -0.787001 -0.932514 
0.94109 1.30398 1.89289 1.10388 0.186755 0.0316315 0.0915832 0.234801 -0.265032 -0.415805 0.547605 1.48963 0.54192 0.634536 -1.12918 -1.00304 -0.750737 -0.0754162 -1.12705 -1.60776 -1.74839 0.496211 -1.55206 -1.09232 0.0962612 -1.33073 -0.239267 1.63338 0.962767 0.0942641 0.0536128 
-1.22171 -1.49507 -1.77614 -1.4926 -1.50787 -1.02847 -1.2955 -1.05382 -0.444305 -0.754096 -0.462252 -0.110937 0.222407 0.272022 -0.01119 0.756386 0.715819 1.4174 1.66949 1.18275 1.35228 1.55603 0.85948 0.298258 0.615172 -0.0473903 0.726359 0.253659 0.461042 0.00924888 0.33356 
1.30095 0.96773 1.62381 1.70268 2.18662 2.19196 1.18161 -0.101401 0.0385228 -0.224843 -0.357211 -0.433207 0.11726 -0.684497 -0.460588 -1.11059 -1.65322 0.117692 -0.268382 -0.0578384 -0.559036 -1.3268 -0.35063 -0.969846 0.00498777 -1.16708 -0.0835398 -0.996363 -0.0399148 -0.13325 -0.455573 
-0.319776 -1.23251 -1.44516 -1.06086 -0.428434 -0.27558 0.391157 -0.16302 -0.264067 0.195489 0.410991 1.68715 1.99497 1.8787 1.36764 -0.0465013 -0.503337 -0.690054 -1.07564 -0.843767 -1.37051 -0.965295 0.383092 -0.874081 -0.550342 -0.439072 0.1877 0.518104 1.92165 1.0409 0.570465 
1.0746 1.28282 0.921901 1.05135 0.314206 -0.627394 -0.863422 -1.21395 -2.16959 -1.90509 -1.20254 -1.01643 -1.44395 -0.200861 0.390986 -0.112821 -0.657894 0.0532681 0.778677 0.906457 0.469127 1.47862 0.421545 0.194559 -0.319261 -0.331992 -0.295627 0.168445 1.92257 0.956938 -0.0252344 
0.15799 0.15799 0.236982 0.00222724 0.0246011 0.198836 0.115063 -0.0111301 -0.168364 -0.438122 -0.809045 -0.974701 -0.839426 -0.949055 -1.05141 -0.816473 -0.580329 -0.160509 0.277418 0.375784 -0.0939125 1.09364 3.80516 2.65672 0.170173 -0.135145 -0.169486 -0.228512 -0.433399 -0.706781 -0.706781 
0.363118 0.363118 -0.812364 -0.297742 -0.125379 -0.613796 -0.291951 -0.0940502 0.0545283 0.783547 1.39928 1.15969 0.406402 1.04935 0.58008 0.191671 0.286947 -0.911283 -0.0426762 0.947764 0.157475 -3.03834 -2.32153 0.745816 -1.2513 -1.46264 0.802359 1.00744 0.732248 0.116111 0.116111 
1.39312 1.39312 1.0577 0.608372 0.537158 0.880649 1.07359 0.812883 0.0568576 -0.156178 -0.0864506 0.407567 1.1472 -0.317358 -0.843711 -0.148028 -1.23431 -2.02502 -1.05879 0.765794 1.06118 -0.562965 -1.65272 0.542746 1.12308 -1.94776 -1.19221 -0.458232 -0.940852 -0.118221 -0.118221 
0.489332 0.489332 0.632149 0.92003 0.801524 0.374356 0.0121112 0.257556 0.0503111 -0.227628 0.876893 0.00228972 -1.9054 -1.31364 -1.94526 -2.37513 -1.18402 -0.313363 -1.0027 -1.07102 0.366622 -0.210998 -0.308348 0.0464732 0.335155 1.64847 1.03767 0.0812812 0.973912 1.23102 1.23102 
0.593543 0.593543 1.31638 0.968618 0.750834 0.118107 -0.369383 -0.494428 -1.0278 -0.958778 -0.248474 2.4636 2.38535 0.328587 -1.24615 -1.09796 -0.449813 -1.23305 -0.875602 -0.32375 -0.260974 -0.548559 -0.235194 -0.682108 -1.50049 0.238559 0.683687 0.64302 1.38272 -0.457015 -0.457015 
-0.559355 -0.559355 -0.0201714 0.114434 0.390137 0.324157 0.418239 0.316781 0.901977 0.992468 0.376345 -0.347438 -0.91568 0.407919 2.70237 1.50661 -1.01712 -1.07392 0.60204 1.05441 -0.258563 0.503274 0.152976 -1.54845 -2.09749 -0.819834 1.12494 0.21091 -1.61153 -0.635541 -0.635541 
0.541291 0.541291 0.719798 0.57048 0.407868 0.865188 0.978329 0.342399 0.303555 0.424491 0.245738 -0.187704 -0.575615 0.993618 2.45113 0.97439 0.349779 -0.747368 -1.52367 -0.0774188 0.326638 -1.77195 -1.67593 -0.587487 -2.02062 0.118012 1.26786 -0.499913 -1.09237 -0.830906 -0.830906 
0.5432 0.5432 0.376639 0.407506 -0.282273 0.240723 0.556866 -0.263218 -0.413737 -0.437237 -0.220607 -0.544177 -0.0549343 1.24282 0.111385 -0.597942 -0.40332 -0.877383 -0.77645 -0.416315 0.581271 2.44023 2.16913 -0.717657 -2.84857 -0.439058 1.72323 -0.645552 -1.02233 0.0122786 0.0122786 
0.832356 0.832356 -0.10941 -1.34071 -0.822462 -0.0236252 0.220293 -0.237376 -0.477735 0.718581 1.61202 0.0495375 -0.644917 -1.31207 -1.28466 0.363595 0.812588 -0.253478 -1.19863 -0.453813 1.77435 0.2147 -1.24456 1.40182 -0.140734 -0.220135 2.47758 1.03694 -1.20416 -0.689119 -0.689119 
-1.27611 -1.27611 -0.150091 0.387338 0.783364 0.274332 -0.206334 1.56598 0.450944 -0.19137 1.14535 1.22926 0.61924 -0.627399 0.824273 1.31489 1.18145 1.77318 -0.629544 -0.79645 0.599684 -1.1515 -2.69823 -0.649057 -0.853961 0.0697311 0.453622 -0.691536 -0.649263 -0.412841 -0.412841 
0.544863 0.544863 1.08198 0.857602 0.761758 -1.18587 -2.8651 -1.36585 -0.0368484 -0.391751 -0.147535 0.742467 -0.203485 -0.629118 -0.43132 -1.43043 1.72498 1.92904 -0.10474 -0.254792 -1.52992 0.395681 0.589303 0.587554 -0.133025 0.00865864 0.346552 0.180905 1.24902 -0.417721 -0.417721 
-1.11689 -1.11689 0.145491 0.967988 0.742725 0.776117 0.0879806 -0.659285 0.327357 0.635446 1.43023 1.52008 0.164855 -0.632141 -1.89532 -1.84255 -0.647926 -0.578578 -0.171177 -0.308565 -0.139853 1.68517 0.0672056 -0.930061 0.401812 0.696747 0.910026 1.66604 0.487258 -1.33665 -1.33665 
-0.0372385 -0.0372385 -0.112542 -0.472213 -1.49614 -1.01707 -0.452007 -1.13996 -0.551986 1.03325 0.958306 -0.122047 0.88843 1.86295 0.192911 -0.893986 0.267526 1.48211 0.924394 -0.187186 0.655734 0.0632563 -1.11882 -0.599468 -0.394639 0.131339 0.587162 2.22934 0.862544 -1.75336 -1.75336 
0.118324 0.118324 -0.0786012 -0.126096 0.216989 0.127946 -0.12407 -0.185693 -0.306124 -0.485379 -0.398052 0.0265761 0.0735742 -0.125765 0.163279 0.447234 0.602322 0.771589 0.501935 -0.259432 0.654243 3.32283 1.36326 -2.99718 -2.28992 -0.232864 -0.0262601 -0.169324 -0.349138 -0.177268 -0.177268 
-0.733595 -0.733595 -0.390937 0.506517 -0.161349 -0.0618182 0.395162 0.279794 0.633436 0.944487 0.299548 -0.612009 -0.0243806 0.164735 -0.521986 -0.146088 -0.685302 -0.170385 1.28693 0.182362 -2.60503 -1.60154 2.56875 0.761695 -1.4214 1.41651 1.69378 0.00240966 -0.544393 -0.361158 -0.361158 
-0.180886 -0.180886 -0.501331 -0.312903 0.25251 0.440899 0.0100012 -0.666776 -0.632776 -0.0438732 0.460376 0.938137 -0.458665 -1.36153 0.179092 -0.220231 -1.28029 0.183505 2.04866 1.57023 -0.889302 -1.87715 0.846891 2.03795 -1.71783 -1.59286 1.12062 0.237589 0.300817 0.645007 0.645007 
0.0840333 0.0840333 0.378818 0.111229 -0.620967 -0.870551 -0.18181 -0.0230924 -0.559027 0.784195 0.173223 -2.91122 -1.40969 -0.103029 -1.14915 0.717289 2.049 0.123465 -0.838029 1.33995 0.818432 -0.753364 0.201437 0.596725 1.5782 0.657153 -1.66698 -0.127496 1.1151 0.201063 0.201063 
0.578904 0.578904 0.335366 -0.323358 -0.522924 -0.711802 -0.356267 -0.388401 -0.252491 0.618469 2.46942 1.91719 -1.42248 -2.47047 -0.926327 0.630378 -0.0219077 -0.225487 0.709488 0.503127 -0.0847395 0.0907516 -0.0208286 -0.813404 0.717449 1.6023 0.355945 0.562236 -0.697669 -1.21569 -1.21569 
0.301927 0.301927 0.383993 0.223354 0.101061 -0.00966895 -0.0312988 0.268123 0.38515 -0.347269 -0.843714 -0.814522 0.433723 2.17905 0.643045 -2.29449 -1.60009 0.960363 1.27079 -0.551494 -0.362818 0.224104 -1.2777 -1.39886 0.417421 1.93785 0.60162 -1.69517 -0.542865 0.568235 0.568235 
0.189471 0.189471 0.0775778 -0.178044 0.276547 0.483185 -0.336053 -0.449944 0.117221 0.0123794 -0.403049 -0.559784 0.940939 2.32382 0.0412956 -1.51896 -1.23451 -1.34818 0.557737 1.44225 -1.21411 -1.44494 0.943294 -0.202588 0.584377 2.51996 -0.407343 -1.71296 -0.192328 0.251633 0.251633 
-0.0932554 -0.0932554 -0.0752992 -0.379666 -0.093385 0.491781 -0.289516 -0.560983 -0.0975941 0.115984 -0.0585722 0.100012 1.04317 0.100388 -1.06717 -0.295778 -0.15892 -0.21342 0.271849 0.79345 1.66535 0.927325 -1.83337 -2.91526 0.165703 2.66314 -0.116485 -1.59351 0.38631 0.60549 0.60549 
-0.496257 -0.496257 -1.23259 -0.359483 0.85457 0.690515 -0.0608932 -0.350498 0.638609 1.31664 -0.333165 -1.28275 -0.74733 -0.315642 1.06901 1.32112 -0.302086 -1.1358 -0.052871 1.84482 0.466713 -1.73842 0.776849 0.727037 -0.903021 1.63272 0.818683 -2.1348 -0.965278 0.374936 0.374936 
0.774501 0.774501 1.18004 0.629192 -0.160465 -0.822016 0.899484 0.420789 -1.40128 0.448804 0.996811 -0.472191 -1.47622 0.0795258 1.39045 0.194337 0.270633 -1.44177 -2.01423 0.852382 -0.343108 -2.56379 0.303948 1.31649 0.467205 0.911509 -0.649642 -0.907427 0.135111 0.103212 0.103212 
0.417499 0.417499 0.270128 -0.145599 -1.27743 -2.31739 -0.053488 1.92231 0.704507 -0.00797692 0.809674 0.0279742 -0.836132 -0.0849196 -0.461578 1.48097 2.27121 -1.13703 -1.36961 -0.871331 0.491951 1.45662 0.190744 -0.409701 -0.315495 0.379707 0.177853 0.657461 -0.328455 -1.02999 -1.02999 
0.91413 0.91413 1.49487 0.444491 -0.112674 -0.439496 -0.990698 0.191818 0.936975 0.801509 0.647416 -0.870645 -1.49682 -1.43183 -0.831834 0.903553 0.915255 0.359421 0.21345 0.0449179 1.43052 0.168999 -1.82374 0.259057 1.17145 0.381637 0.707195 -0.275704 -2.09732 -1.26501 -1.26501 
0.079269 0.079269 -0.153992 -0.769211 -0.225255 0.805267 0.0484102 0.063266 1.53752 1.10759 -0.621149 0.082789 1.41546 -0.322966 -1.65988 0.176498 1.6691 0.554113 -0.9545 -0.0461307 0.290529 -1.02276 -0.301697 0.597768 0.602065 0.764845 1.48875 0.306703 -2.45484 -1.56841 -1.56841 
