23
0.953744 0.973451 0.990057 0.931576 0.85762 0.81903 0.793303 0.727205 0.642919 0.590245 0.495964 0.451086 0.331862 0.148837 -0.0928568 -0.286776 -0.517802 -0.763645 -1.0611 -1.53779 -1.71109 -1.71328 -2.02256 
0.669271 1.50098 1.81269 1.35571 1.23291 0.884174 1.16687 0.927663 0.383765 -0.0322398 -0.761301 -1.19786 -0.940463 -0.919966 -0.471406 -1.1428 -0.340326 -0.147218 -0.326667 -1.41164 -0.402751 -0.656262 -1.18312 
-0.973465 -0.813332 -0.728168 -0.655617 -0.654497 -0.790437 -0.755587 -0.980844 -0.922574 -1.01529 -1.04108 -0.600312 -0.192424 -0.225177 0.213038 0.630717 1.2672 1.43424 1.40597 1.43144 1.46884 1.35599 1.14138 
-1.07092 -1.34053 -1.12979 -1.14959 -0.819798 0.453389 0.543994 0.690787 1.02095 1.24196 1.33991 1.44512 1.37256 0.937208 0.834515 0.366476 -0.0989069 -0.315993 -0.284548 -1.05666 -0.708122 -0.71397 -1.55805 
-2.06826 -2.53866 -2.03233 -1.36255 -0.16945 0.725549 0.602202 0.649219 0.314396 0.04789 -0.217357 0.250915 0.165243 0.732896 0.807684 0.843081 0.752261 0.386685 0.595927 0.125088 0.58021 0.228522 0.580834 
-1.95158 -1.32003 -0.743593 0.00995548 -0.225917 -0.57352 -1.26727 -1.17899 -0.453056 -0.177475 -0.17079 -0.146976 -0.465161 0.0216941 -0.0622605 -0.0594541 0.807761 0.981384 0.903204 1.24404 1.19372 1.82069 1.81363 
-0.55858 -0.381837 -1.27487 -1.83671 -1.50297 -1.62376 -1.25309 0.127515 -0.0872531 0.0205141 0.248183 0.751654 1.35033 0.882631 1.45423 1.05979 -0.297727 -0.569113 0.213786 0.265868 1.12589 1.0211 0.864406 
-0.323349 -1.09991 -1.98303 -1.89267 -1.13605 -1.02944 -0.189422 -0.870524 -0.149411 0.537285 1.05099 0.928751 1.1009 0.65678 0.515804 1.26258 1.42964 1.07694 -0.158754 0.431306 0.609359 -0.097231 -0.670553 
0.282812 -0.906591 -0.796624 -0.48801 -1.28514 -1.80557 -0.717828 -0.720388 -1.12666 -0.747766 0.458492 0.20281 0.613094 -0.309689 0.610101 0.0429455 -0.352856 0.868988 2.54695 1.29246 0.228759 0.915334 1.19437 
1.04741 1.58363 1.37624 0.634081 -0.757534 -1.67078 -1.56167 -1.39149 -1.01508 -0.195059 0.33399 0.50871 0.309514 0.100941 -0.664416 0.0474721 -0.198882 -0.0375821 0.0478821 0.894632 -1.61122 0.625844 1.59335 
2.17737 1.99083 0.936276 0.409953 -0.381971 -1.00284 -1.37573 -1.21285 -0.917803 -0.691975 -0.166356 -0.742275 -1.16965 -0.708505 -0.552372 -0.10627 -0.271671 0.0629378 0.22724 0.991175 0.562394 0.561529 1.38057 
-1.59321 -0.958932 -1.02265 -1.63656 -1.37003 -0.841035 -1.0667 -1.04683 -0.633633 0.0627748 0.770019 0.878441 1.15407 0.76545 0.462628 0.95599 1.46455 1.23388 0.820501 0.424041 0.242377 0.757328 0.177536 
1.13794 1.28411 1.50986 1.56069 1.24425 0.903304 1.03403 0.440379 0.369352 0.287395 0.320983 0.025295 -0.671709 -1.02137 -0.370919 -0.380827 -0.891943 -1.25385 -0.920085 -0.992439 -1.38597 -1.18703 -1.04145 
1.35804 1.35804 0.997479 0.579863 0.671587 0.893991 0.767142 0.497103 0.559006 0.512912 0.54886 0.433842 -0.203206 -0.767967 -0.818206 -0.769009 -1.00845 -1.31477 -2.37934 -1.80678 0.38133 -0.245729 -0.245729 
1.79241 1.79241 0.0182802 -0.579909 -0.430887 0.127358 0.278143 -0.859831 -1.10323 -1.35814 -1.38643 -0.0283807 0.600845 0.864021 -0.0885105 0.39873 1.58889 0.237075 -1.52246 0.113527 1.2582 -0.856063 -0.856063 
0.158751 0.158751 -0.0633467 -0.276475 -0.805183 -0.719645 -0.946141 -0.886752 -0.550653 -0.763823 0.589046 1.6888 0.488002 0.564906 1.70715 2.20992 1.57434 -0.111373 -0.470399 -0.303865 -0.654619 -1.2937 -1.2937 
-0.0380764 -0.0380764 0.336032 0.514328 2.45063 2.09244 0.40561 0.764362 0.875499 0.527753 0.354345 0.0989909 -0.71053 -0.755655 -0.804602 -1.34775 -0.971935 -0.227911 -1.05908 -0.584226 0.563282 -1.22272 -1.22272 
-0.292387 -0.292387 1.36498 2.36326 2.69064 0.777055 -0.455572 -0.762975 -1.21871 -1.11758 -0.0495015 0.211529 0.355989 0.589233 -0.184454 -0.425182 -1.00804 -0.571867 -0.724877 -0.367466 -0.194268 -0.343712 -0.343712 
1.32745 1.32745 1.52299 0.221086 -1.54374 -2.27758 -1.57898 0.69635 0.996533 -0.156207 -0.559718 -1.08039 -0.338269 0.0371339 -0.738656 0.785793 1.05956 -0.455631 -0.187636 -0.14299 0.315595 0.384935 0.384935 
-0.887316 -0.887316 -1.70997 -0.34357 0.147683 0.18883 1.86111 1.20903 -0.20868 0.284115 0.724857 1.1381 0.056385 0.0262196 0.107824 -2.04086 -1.90381 0.480232 0.840519 0.926421 0.751695 -0.380748 -0.380748 
-1.61201 -1.61201 -0.716397 0.977602 0.99439 1.08055 0.266766 0.143931 1.55699 1.34272 0.507015 0.154159 -0.178374 -0.50186 0.728443 1.04667 -0.0891846 -1.53836 -0.564406 0.896125 -0.44343 -1.21967 -1.21967 
-1.07213 -1.07213 0.273737 -0.541226 -1.28607 0.407359 0.872631 -0.469636 -0.126926 1.32182 0.7517 0.0365699 -0.562776 -0.10502 0.214489 -0.967483 0.639815 2.50296 0.278127 -2.18508 -0.441148 0.765206 0.765206 
0.141519 0.141519 -0.795319 -1.66316 -1.78853 -0.688756 0.105214 0.301099 0.777319 0.88918 0.416284 -0.117396 -0.398285 -0.813185 -0.138643 0.241698 -0.16179 0.0813769 0.583696 -1.3153 -0.296436 2.24895 2.24895 
-1.33309 -1.33309 -1.73539 -1.42444 -1.53638 -1.04024 -0.112283 0.678554 0.753086 1.02608 0.076811 -1.05153 0.17635 0.867225 0.849412 0.468716 0.336709 0.727077 1.2354 0.533188 -0.372333 1.10508 1.10508 
0.63346 0.63346 -1.35836 -0.831352 0.992458 0.207023 -0.605424 0.414049 1.49365 1.96288 1.02459 0.335832 -0.457327 -1.38039 0.0270379 1.32181 0.166429 -1.30477 -1.56933 -1.19957 0.254827 -0.380489 -0.380489 
1.12174 1.12174 0.924794 -0.195355 -1.00476 -0.0809444 -0.603005 -1.01981 0.037318 0.253447 -0.18811 -1.69748 -1.80899 0.974796 1.67672 -0.723035 -1.45024 0.295237 0.89343 -0.609115 -0.0486376 1.06513 1.06513 
-0.207552 -0.207552 -0.694067 -0.167169 0.578444 0.32381 -0.249878 -0.0299844 0.230908 0.20067 0.120374 -0.663654 -1.1876 -0.503975 0.211276 -0.00914185 -0.423312 -1.38457 -0.360694 3.42862 2.03109 -0.518023 -0.518023 
-0.911697 -0.911697 -1.3084 -0.0330285 0.733878 0.735046 -0.389825 -0.651231 -0.0656167 0.0770297 1.14669 1.58273 0.856652 -0.192313 -0.0437217 1.37724 0.15764 -1.79849 0.18291 2.10888 -0.378154 -1.13726 -1.13726 
-0.0548828 -0.0548828 -0.255329 -0.543693 -0.262799 0.0214276 -0.00316539 0.525952 0.269612 1.22588 2.46068 0.0589668 -0.903019 1.3006 1.70112 0.0290897 -2.02916 -1.76906 -0.0270387 -0.0192595 -0.77693 -0.447049 -0.447049 
0.489154 0.489154 0.651111 2.07014 1.58281 -1.70827 -1.05703 0.576157 -0.0655932 -0.32406 -0.240135 -0.817951 -0.626988 0.063882 -0.388498 -0.00266537 1.16654 0.0701723 -0.174328 1.62301 -0.430642 -1.47299 -1.47299 
1.25445 1.25445 2.03897 0.99378 -1.29456 -2.52052 -1.25827 -0.647742 -0.326685 0.870828 0.996484 0.270646 0.24881 -0.472731 -0.845211 -0.695242 -0.16329 0.174512 0.112617 0.368972 -0.0293482 -0.165459 -0.165459 
0.185349 0.185349 -0.721884 -2.08797 -1.69212 0.0245268 2.12148 1.84384 -0.545019 -1.03539 -0.594932 0.203405 0.827837 -0.229923 0.570792 1.30218 -0.816002 -0.820026 0.266952 0.399765 0.416972 0.0974066 0.0974066 
-0.550031 -0.550031 0.411418 1.33593 0.403434 1.23445 0.746667 -1.42756 -0.621986 0.68569 0.629712 -0.441546 -0.753543 0.065012 -1.42566 -1.38664 1.80276 1.95983 0.342773 -0.0336822 -0.890958 -0.768014 -0.768014 
0.62305 0.62305 1.85561 1.21618 0.0463062 -0.558022 -0.710089 0.910172 0.843642 -0.792564 -0.893399 -0.527292 -0.505922 0.631205 1.09812 -0.623509 -1.90948 -0.374373 1.74274 0.0594231 -1.56806 -0.593394 -0.593394 
0.61528 0.61528 0.148891 -1.04758 0.387921 1.08045 -0.656825 -0.726965 0.870283 0.347885 -0.890463 -0.907187 -0.235966 0.289878 -0.648509 0.0884701 1.83113 -0.361924 -2.83781 -0.566565 1.53346 0.535438 0.535438 
-0.84847 -0.84847 -1.46722 -0.888663 0.51421 1.16969 0.525228 0.298678 0.238771 -0.437932 -0.898192 -0.761295 -0.676606 0.00459902 0.571593 -0.197024 -0.294827 0.350997 -1.17633 -0.808039 2.36072 1.63429 1.63429 
-0.655711 -0.655711 -0.347273 -0.0592669 0.124416 1.15591 1.44822 0.601698 0.0880466 -0.927463 -2.31745 -0.15793 1.64656 0.410948 -0.651946 -0.765216 -0.000394553 0.634749 -0.448982 -1.85138 0.310601 1.20879 1.20879 
-1.12726 -1.12726 -0.79527 1.60841 0.781631 -0.879098 0.257916 1.44983 1.10319 -0.16799 -0.897471 -0.806046 -0.95365 0.432628 1.82977 0.215309 -1.52713 -0.965956 0.193768 1.27664 0.643484 -0.272723 -0.272723 
-0.139777 -0.139777 -0.814975 -1.18415 0.0479039 0.221109 -0.586985 0.364911 0.746428 -0.156942 -1.19703 -0.99809 1.58972 2.08004 -1.04447 -1.90591 0.59273 1.39165 -0.566181 -0.588916 0.988132 0.65029 0.65029 
