26
1.59678 1.57783 1.52299 1.42665 1.19182 0.952292 0.824333 0.716211 0.590301 0.614995 0.330167 -0.305706 -0.868587 -1.32025 -1.44955 -1.14374 -0.618912 -0.157544 -0.264954 -0.378058 -0.431472 -0.525708 -0.542942 -0.873677 -1.03837 -1.42489 
1.29717 1.12334 1.01492 1.11685 1.16414 1.18814 1.26411 1.08886 0.857372 0.683055 0.517161 0.065522 0.0927713 0.160672 -0.380755 -0.974561 -0.905552 -0.585022 -1.1928 -1.31472 -1.30808 -1.42642 -1.28835 -1.06616 -0.767758 -0.423912 
-1.25073 -1.24637 -1.40653 -1.52695 -1.33146 -1.28384 -1.10977 -1.04285 -0.60196 -0.617538 -0.17204 0.908393 0.364417 0.521058 0.668243 1.54621 1.58539 1.10508 0.711833 0.523835 0.94162 0.476141 0.698813 0.748151 0.428301 0.362562 
-0.0915532 0.285341 0.64693 1.04367 1.10901 1.04235 1.05405 1.39682 1.5366 1.34383 0.741828 0.708453 0.357381 0.283063 -0.0388825 -0.287097 -0.96635 -1.24905 -1.20456 -1.15739 -1.01888 -1.29177 -1.12772 -0.975408 -1.01011 -1.13056 
-1.05078 -0.0366627 0.226432 -0.171687 0.31009 0.967518 0.748764 0.04186 -0.944973 -0.912581 -0.197285 0.961999 2.28291 1.70648 0.450805 1.85686 -0.269695 -1.3717 -1.56107 -0.237356 -1.19588 -0.0798226 0.548021 -0.401721 -0.754687 -0.915834 
-2.25358 -2.10511 -1.59073 -1.10646 -0.822477 -0.643993 -0.980836 -0.637341 0.0922136 0.658307 0.364694 0.884303 1.47329 0.698835 0.283726 0.930147 1.36265 0.341324 -0.241807 0.628553 0.662202 0.730213 0.406136 -0.161694 0.200073 0.827373 
0.448027 -1.04253 -0.908823 -2.25458 -1.31968 -0.131613 1.02404 0.249934 -0.0571382 0.952636 1.48302 -0.376339 1.71096 0.724194 -0.0995423 -0.685039 1.70299 1.12042 0.21542 0.11546 -0.456021 0.309198 -1.26327 -0.276879 0.0623025 -1.24713 
-0.911133 -1.55179 -1.09138 -0.192045 -0.810255 -1.05751 -0.809047 -0.766965 -0.140907 -0.311719 -0.267962 0.233218 0.731734 -1.80621 -0.494161 -0.172424 1.08077 1.48913 0.949929 1.75574 0.345869 1.72507 -0.469384 0.356107 1.10213 1.0832 
1.55516 1.40688 0.775584 -0.147851 0.0787123 -0.165892 -0.514186 -1.24395 -1.23415 -0.0312383 0.198516 -0.496347 -0.113948 1.35826 -2.03064 -1.23394 -0.544476 -0.775233 -0.417324 -0.238898 -0.159825 1.68098 0.358217 -0.752357 0.827909 1.86003 
1.77559 0.962183 -0.873181 -0.176977 -1.16059 -1.057 0.0488185 1.66147 1.93455 0.158953 0.0490879 0.268897 -0.380958 0.282303 0.652181 -0.348924 -1.61752 -0.768528 -0.363067 -1.61976 -1.13478 0.00540243 0.129703 1.54601 0.573766 -0.547623 
1.39668 1.01829 -0.185977 -0.808267 -1.06804 -1.57821 -1.68581 -1.25136 -1.23327 -1.29901 -0.853927 -0.562096 -0.568322 -0.50782 0.050672 0.0716529 0.659158 1.0627 0.746907 1.15956 1.05753 0.949513 0.804291 0.954383 0.794323 0.876454 
0.0889405 0.267359 -0.382746 -0.0952116 -0.318391 0.118612 1.13931 1.93479 2.71901 1.08906 -0.437999 0.356358 0.905311 0.931032 0.688119 -1.00008 -0.736431 -0.387136 -0.780339 -0.404302 -0.261163 -1.09683 -1.34304 -0.975142 -0.906196 -1.11289 
-0.746548 0.405696 1.08116 0.104324 0.0475509 1.15352 1.05835 0.271862 -0.72456 0.514249 -1.08396 -1.69425 -0.623732 -0.620669 -1.51075 0.250307 0.755211 0.661439 2.11946 1.59408 -0.899931 0.779625 -0.656221 -0.629434 -1.52477 -0.0820182 
0.348754 0.348754 0.187222 -0.188455 -0.487314 -0.264259 0.010015 0.0142926 0.291508 -0.040187 -1.41893 -1.99929 -1.6148 -0.709836 0.871169 2.2365 2.56118 1.24155 0.0425084 0.155209 0.19459 0.270106 -0.22352 -0.531293 -0.647735 -0.647735 
-0.36546 -0.36546 0.275769 0.63785 0.456658 0.523356 0.0599873 -0.654966 -0.652786 -0.500262 -1.14515 -0.69601 0.512136 -0.810273 -2.34902 -0.929499 1.19671 -0.377101 -1.40597 0.0227958 0.0311159 0.336755 1.12861 1.50146 1.78437 1.78437 
-0.485901 -0.485901 -0.717799 -0.0568111 0.255493 0.2157 0.251553 0.747456 0.594143 0.6027 2.63971 0.800706 -0.91622 0.368346 1.70897 1.50823 -1.0162 -1.81989 -1.27661 0.230739 -0.284977 -0.647605 0.309213 -0.699097 -0.912975 -0.912975 
1.63822 1.63822 1.67856 1.0763 0.134253 0.0252 0.857525 1.11792 0.0292096 -1.47881 -1.15478 -0.64464 -0.727876 -0.668664 -1.02219 -1.74857 -1.81868 -0.347352 0.323263 0.51441 -0.136275 -0.0843453 0.780072 0.37601 -0.178492 -0.178492 
0.968616 0.968616 -0.108238 0.0585116 0.863387 0.329219 -0.711112 -1.29679 -0.733059 0.564847 1.42412 1.88592 0.562401 -1.4023 0.109386 -0.554674 -2.46712 -0.989975 0.859683 0.273178 0.114843 1.32448 -0.250734 -0.99862 -0.3973 -0.3973 
0.517741 0.517741 0.961086 0.656905 0.253185 -0.566457 -0.348602 1.05931 1.35319 0.00235791 -0.0590134 1.10624 -0.602247 -1.9279 -0.0519948 1.06706 -1.13478 -2.47566 0.0218302 0.836132 -0.223168 -0.695454 -1.53492 -0.629436 0.948429 0.948429 
-0.956611 -0.956611 -0.845324 -0.229536 1.71792 1.88758 0.379493 -0.744731 0.626327 1.26998 -0.935186 0.261433 0.932094 -1.30528 -0.996871 1.47164 1.47389 -1.05708 -0.686152 -0.429817 0.235146 -0.5342 -0.364207 1.10506 -0.659478 -0.659478 
-0.389141 -0.389141 1.18765 0.0832579 -1.09074 -0.203349 0.0929065 0.479521 0.261538 -0.334678 0.353374 0.818999 -2.29275 -1.45977 1.46824 1.40798 1.49668 -0.338553 0.068391 -0.823081 -0.235993 -1.03932 -1.60626 1.40448 0.539877 0.539877 
-0.592089 -0.592089 -1.13878 -0.533759 -0.0550044 -0.460431 -0.802595 -0.550045 0.813 0.968126 -0.370306 -0.26265 1.26571 -1.39406 -1.87047 1.00586 0.281228 0.0473944 0.335977 0.139324 1.31174 0.323076 -1.75842 0.288976 1.80014 1.80014 
-1.55436 -1.55436 -0.560966 -0.000472512 -0.390442 0.984512 1.97755 1.42957 -0.800073 -1.05207 0.261008 -0.094333 0.197481 0.868516 -0.226721 -1.30492 -0.0874614 1.01415 -0.371493 -0.319169 1.2581 1.02075 1.20246 0.480875 -1.18906 -1.18906 
-2.0456 -2.0456 -2.38042 -1.08388 -0.929963 -0.721069 0.575644 0.748197 0.0615623 0.647697 1.13855 0.519026 0.201473 0.976682 0.922429 0.962256 1.48741 0.247422 0.259921 0.553369 -0.161366 -0.220662 0.133651 0.113283 0.0199914 0.0199914 
-0.326319 -0.326319 -0.226549 0.163812 0.300479 1.43782 1.76559 1.54937 -0.668321 -2.78165 -0.564983 1.33323 0.630424 -0.0936219 -1.66075 -1.19757 0.665415 0.0648212 0.089272 0.579679 -0.528247 -0.884249 0.216234 0.504398 -0.020983 -0.020983 
1.36014 1.36014 -0.26214 -0.820078 0.766941 0.737687 -0.704297 -1.39102 0.152184 -0.306353 -1.7153 0.318168 0.785524 -0.708377 0.631145 1.69407 0.280761 1.007 0.678133 -2.33317 -0.653092 0.153192 -1.10616 -0.694309 0.384604 0.384604 
-0.0611752 -0.0611752 -0.37096 -0.484201 0.009516 0.482124 0.301719 0.304144 0.0271003 -1.33841 -1.54346 -0.0894887 1.13531 2.12196 2.50158 1.46561 -0.74841 -2.00488 -0.823778 0.197432 0.16677 -0.27275 -0.588812 -0.277785 -0.0239937 -0.0239937 
0.35132 0.35132 0.640218 -0.0159795 -0.25166 -0.476804 -1.10047 -0.729017 -0.0368714 -0.553156 -0.316491 1.16201 -0.251476 -2.44318 -0.255436 2.66877 0.280443 -2.23694 0.158764 0.98632 0.0901959 0.715369 0.768994 0.362911 0.0654216 0.0654216 
-0.124477 -0.124477 0.327843 0.700246 0.220695 0.0315173 0.398099 0.268651 -0.0648447 1.43401 0.169711 -2.39914 -0.261654 1.83066 0.81425 -1.83065 -2.24325 -0.143988 1.43748 0.712797 -0.566845 0.440823 -0.00102281 -0.802141 -0.112145 -0.112145 
0.192638 0.192638 -0.387855 -1.33473 -0.859352 0.850887 1.20698 -0.644621 -2.34911 -0.987435 0.957776 0.565227 0.130601 -0.129915 -0.887122 -0.613949 1.50433 2.21828 0.984372 -0.289172 -0.423357 1.03698 0.597474 -0.770161 -0.380704 -0.380704 
-0.622459 -0.622459 -0.513601 0.714826 0.257254 -0.94733 -0.980955 0.0662044 1.29584 1.48878 0.942953 -0.482017 -2.06608 -0.215205 0.633876 -1.60146 -0.203641 2.25233 0.905142 -0.405714 0.766843 -0.158123 -1.43603 -0.0151495 0.473084 0.473084 
0.195369 0.195369 0.0166272 -0.481124 -0.784019 -0.41877 0.89018 0.934857 -0.686231 -0.894986 0.58351 -0.384362 -1.84806 0.25819 1.69474 -0.70141 -2.14692 0.614494 1.88092 -0.209114 -0.965137 -0.835958 -0.0263551 1.39411 0.862034 0.862034 
0.0889549 0.0889549 0.44929 1.52375 1.26269 -0.759363 -1.5165 0.168271 1.20277 -0.889905 -0.566331 1.1165 -0.892946 -1.10492 1.64878 1.46963 -1.45588 -1.24014 0.390884 0.562942 -0.0372473 -0.326885 0.983066 -0.148947 -1.00871 -1.00871 
0.895519 0.895519 0.22634 -1.44043 -0.233561 0.657301 0.35387 0.0422798 -0.553242 -0.00425321 0.639143 -1.66325 -1.44067 2.21898 1.67775 -0.0426693 -1.11817 -0.925333 -0.353486 -0.244332 -0.190923 -0.890177 1.42086 1.2405 -0.583785 -0.583785 
-0.488888 -0.488888 -0.10365 0.549288 -0.0941002 -0.61681 -0.197852 0.88792 0.825886 -0.894247 -0.924473 0.900921 -0.8612 -2.13771 1.38732 1.22928 -0.751081 -0.105931 -0.0822562 0.480514 -0.0237894 -2.09568 -0.162504 2.12508 0.821426 0.821426 
0.660922 0.660922 1.03461 0.112303 0.655312 1.57738 0.295335 -1.85326 -1.65592 0.706046 0.637147 -0.0437409 0.640554 -0.284206 -1.45044 0.091459 1.54476 -0.190754 -0.890324 1.08508 0.891953 -0.038483 -0.36133 -1.59583 -1.11475 -1.11475 
-0.642876 -0.642876 1.10365 1.76201 0.296869 1.8363 1.78735 -0.884363 -0.327238 1.25892 -0.365188 -1.45417 0.424636 0.779321 -0.21129 0.569214 -1.15479 -1.84538 0.220274 -0.759362 -1.23453 0.20555 0.25799 -0.344966 -0.317528 -0.317528 
0.0557325 0.0557325 0.290543 0.312738 0.762062 0.877017 0.0628208 -1.46834 -2.60949 0.0578785 2.47091 0.714782 -0.862564 -1.38247 -0.668333 1.39496 0.755077 -0.350845 0.305417 -0.375733 -0.884867 0.44354 0.831021 -0.146973 -0.32031 -0.32031 
-0.952565 -0.952565 -1.30077 0.702109 1.03205 -0.858303 -1.26862 0.594391 0.736798 -1.10559 0.449629 1.6206 -0.580777 -0.036471 1.5592 -0.158795 -0.368914 0.307869 -2.02467 -0.770923 1.61157 -0.222876 -0.469038 0.990235 0.733208 0.733208 
