22
0.914807 0.846959 0.884356 0.976241 0.921613 0.855065 0.831651 0.787104 0.685169 0.582185 0.487551 0.333045 0.0875846 -0.0697216 -0.276405 -0.476727 -0.677242 -0.772898 -1.31627 -1.65659 -1.8699 -2.07758 
2.19897 1.98552 1.39744 0.735563 0.398212 0.385895 -0.0542205 0.0820709 -0.0117624 -0.225794 -0.23386 -0.515473 -0.36618 -0.270078 -0.0726601 -0.476787 -0.355856 -0.682125 -0.356774 -0.461235 -0.354531 -2.74634 
-1.70925 -1.46313 -1.10869 -0.895152 -0.684143 -0.738329 -0.883801 -0.822242 -0.548824 -0.153041 -0.19104 -0.0524119 0.358166 0.821696 0.758314 0.396423 0.849365 0.675151 1.92387 1.80571 0.925882 0.735469 
-0.763957 -0.718051 -0.471313 -0.312254 0.193981 0.66875 0.862158 0.878484 0.753366 0.581372 0.423486 0.751225 0.756752 0.560443 0.608142 0.605607 0.51704 0.371734 -0.122174 -1.13275 -2.35637 -2.65567 
-1.57294 -0.418377 0.141338 1.01104 1.04977 1.50947 1.32642 0.444522 0.16229 0.413171 0.376688 -1.07317 -1.35727 -1.46089 -1.90292 -1.12296 -0.157664 0.144975 0.602523 0.631864 0.748328 0.503794 
-0.0493338 -0.529364 -0.902207 -1.11004 -1.16781 -1.2062 -1.04724 -0.847901 -0.567217 -0.722771 -0.673359 -0.376252 -0.23754 0.256067 0.583683 0.862989 0.918784 1.00154 0.772376 2.23293 1.49294 1.31592 
-2.13384 -1.32285 -1.10355 -0.921854 -0.683718 -0.486074 -0.306216 -0.00847664 -0.416975 -0.27976 0.0200886 0.0462261 -0.082525 0.0176744 0.498541 0.862118 0.0242346 0.359088 0.408245 1.73339 2.15947 1.61676 
0.337614 1.47152 1.28696 0.554045 0.893353 0.351397 0.734015 0.75077 0.836478 1.40028 0.536826 -0.398528 -0.0687444 -0.575121 -0.917515 -1.21785 -0.263926 -0.277573 -1.58205 -2.15511 -0.508035 -1.18881 
1.57578 0.61472 0.127879 -0.237191 -0.72045 -0.462564 -0.760986 -1.41099 -1.27548 -0.098051 -0.551664 0.766183 0.805545 1.90735 1.38243 0.222382 0.330953 0.461929 0.64052 -0.0936087 -1.76544 -1.45925 
-0.446061 -0.589893 -0.606548 -0.526665 -0.655587 -1.04082 -1.08042 -0.747071 -0.692963 -0.872005 -0.379126 -0.339931 -0.323772 -0.0669772 0.0377695 0.669911 0.364277 0.45924 1.16807 0.874554 2.91937 1.87465 
0.849203 0.899801 0.398721 -0.660929 -1.56969 -1.31686 -1.57183 -1.39813 -0.277398 -0.495806 -0.25267 0.521644 0.744885 0.901318 1.92793 1.40331 0.659228 0.346231 0.30577 -1.36038 0.110141 -0.164496 
-0.146997 -0.877067 -1.03882 -0.873384 -1.03948 -1.02105 -1.10631 -1.0876 -0.856242 -0.45341 -0.312491 0.0758395 0.340359 0.782213 1.43694 2.0491 1.51013 1.69461 0.524684 -0.321338 0.442974 0.277323 
2.3094 1.4218 0.346919 -0.0798457 -0.270911 -0.282733 -0.590124 -0.420538 -0.321771 0.680288 0.337402 0.142428 0.627478 -0.457258 -0.962012 1.28186 1.24702 -0.514172 -2.31839 -0.913702 -0.897202 -0.365931 
1.0416 1.0416 1.70823 1.32417 0.662967 0.793236 0.885054 0.557355 0.313472 0.343944 0.128925 -0.500537 -0.512224 -0.350392 -0.529911 -0.504166 -0.0673578 -1.49823 -2.51931 -1.14184 -0.588292 -0.588292 
-0.468457 -0.468457 -1.10486 -0.749022 0.172841 0.0269962 0.237904 0.729354 0.232169 0.353892 0.25798 0.481305 1.01736 1.08566 0.375732 0.267181 0.377676 0.667792 0.982588 0.67228 -2.57396 -2.57396 
0.638193 0.638193 0.586493 0.358899 -0.0659186 -0.631575 -0.447915 0.216771 0.747111 0.252962 -0.155086 0.556706 1.07225 0.320183 -0.989576 -0.170285 0.127517 1.39025 1.47919 -1.89835 -2.013 -2.013 
0.623957 0.623957 0.762659 1.08075 1.46775 1.08428 0.522326 0.131878 -0.0989638 -0.139131 0.47344 0.673751 0.0313746 0.0830695 0.320596 0.153562 -0.021447 -0.518312 -1.57896 -2.47344 -1.60155 -1.60155 
1.46547 1.46547 1.18618 0.675409 0.273438 0.0559982 -1.25931 -1.35655 -0.245965 -0.00503121 -1.67245 -1.91521 -0.595351 -0.75019 0.11608 1.49583 1.02787 0.530066 0.262122 -0.0722804 -0.34079 -0.34079 
-1.52242 -1.52242 -1.0751 -0.557322 -0.278858 0.0773082 0.467972 0.668009 0.0847955 -0.295268 0.448619 0.595371 0.918293 1.22873 0.876556 0.429855 0.10685 -0.361441 1.90278 1.06331 -1.62781 -1.62781 
1.13849 1.13849 0.0529455 0.0854432 0.112957 0.0124257 0.185092 -0.829827 -1.10673 0.115171 -0.0764386 -0.815777 -0.688019 0.363577 0.817905 -1.45695 -1.5065 0.0236544 1.73192 2.3821 -0.839961 -0.839961 
1.10985 1.10985 -0.918165 -0.349066 -0.141617 -0.0945668 0.512387 0.18984 0.784122 -0.246997 -1.8756 -0.57933 -0.113312 -0.84353 -0.619695 0.788554 1.09999 -1.35341 -1.96113 1.24528 1.12827 1.12827 
-1.0009 -1.0009 -0.445403 -0.442064 0.138558 0.310834 -0.535361 -0.130915 1.57233 1.02324 1.15412 1.61359 1.41223 0.886297 -1.22185 -0.631407 0.571883 0.637145 -0.16917 -1.89384 -0.924218 -0.924218 
-0.874532 -0.874532 -0.452563 -0.664319 -1.54161 -1.37315 -0.017764 0.159003 -0.807471 0.0201339 0.431768 -0.467415 -0.0569793 0.110113 0.818087 0.0440319 -0.969186 0.944277 0.211539 2.73146 1.31455 1.31455 
-0.392412 -0.392412 -1.47512 -1.87269 -0.592764 0.0448158 -0.0323573 1.30922 0.926836 0.0710107 1.03911 1.01971 0.417152 1.2006 0.53644 -1.19034 -0.983966 -0.297795 -1.61739 -0.143881 1.21312 1.21312 
-1.25719 -1.25719 -0.0817502 -0.0874525 -0.280412 -0.174307 -0.173941 0.241654 0.74586 0.627147 0.608111 0.77035 0.840606 1.3528 1.57634 0.0094875 -0.55189 -1.38009 -2.73273 -0.193838 0.699222 0.699222 
-1.20735 -1.20735 -0.874408 -0.235891 0.063889 -0.0201514 0.110909 0.404342 1.00577 0.686693 -0.178115 0.420035 -0.222781 -0.937876 1.46691 1.8064 -1.08709 -2.3654 -0.0781771 1.23722 0.606209 0.606209 
0.883313 0.883313 0.436548 -1.10807 -0.50977 0.366193 -0.166548 -0.557058 -0.140408 -0.106832 -0.874513 -0.637983 0.282505 0.0872709 -0.0710341 0.64592 -1.04851 -2.74443 0.522415 2.35414 0.751776 0.751776 
-0.202081 -0.202081 0.065723 1.23847 0.8609 0.32584 0.805464 0.272558 -0.00569589 0.296299 0.372765 0.848382 0.731711 -0.206015 -0.339112 0.278337 0.578372 0.732127 0.280252 -2.39976 -2.16623 -2.16623 
0.146488 0.146488 -0.0228537 -0.300472 -0.552008 -0.0992693 0.81617 1.07412 0.211884 -0.486326 0.410957 1.09816 0.00897053 -1.34915 -0.179978 1.01613 1.34607 1.19067 -2.26193 -2.41342 0.0996518 0.0996518 
0.383615 0.383615 0.797139 1.11993 0.207896 -1.02577 -1.03485 -0.604388 -0.149016 0.947437 1.26006 -0.371393 -0.564596 0.579295 0.294943 -0.241362 -0.670149 -1.8215 -2.3384 0.173932 1.33678 1.33678 
-0.0820264 -0.0820264 -0.546632 -0.65823 -0.391409 -1.22219 -1.11285 1.09376 1.40136 -1.12553 -1.56551 1.15175 1.23173 0.819134 2.21501 1.00138 -0.706459 -0.524518 -0.375888 -0.376402 -0.0722272 -0.0722272 
0.406552 0.406552 0.7832 0.660369 0.542806 0.624424 0.510851 -0.197573 -0.619553 0.345815 0.729034 0.422813 0.541883 0.0507991 -0.499964 -0.478744 -0.49445 1.38756 1.11756 -2.48708 -1.87643 -1.87643 
-0.406814 -0.406814 -0.388191 0.249671 0.173435 0.256618 -0.267391 -0.525029 0.756831 0.805713 -0.31822 -0.1352 0.891134 1.07828 -0.828013 -1.11677 1.06377 2.07112 1.56684 -1.25859 -1.63119 -1.63119 
-1.1615 -1.1615 -0.819395 0.524411 0.210592 0.450747 0.22857 0.220953 -0.204991 -1.54124 -0.142171 1.11697 -0.101214 -0.246798 1.0387 1.09136 -1.23 -1.78253 1.61976 1.91474 -0.0127362 -0.0127362 
0.383865 0.383865 0.386539 0.40667 0.541998 -0.600964 -0.414982 1.62727 0.863429 -0.39613 0.411788 0.145646 -0.643722 -2.17116 -1.27688 1.37576 0.955066 -0.654741 -2.08858 -0.665952 0.715609 0.715609 
0.251802 0.251802 0.0529824 -1.1669 -0.809912 1.28636 1.29416 -0.88585 -0.274774 1.01914 -0.602152 -0.603277 0.397858 0.677218 -0.206433 -1.82247 0.70086 0.964204 1.53361 0.891239 -1.47473 -1.47473 
-0.960066 -0.960066 -1.2676 0.559989 1.36072 0.310948 0.855516 0.619425 -1.08035 -0.0357008 0.611305 -0.603656 0.0173775 -0.0302737 -1.97203 -1.29864 0.567869 -0.612525 -0.00348959 2.06696 0.927145 0.927145 
0.72624 0.72624 0.721656 -0.378197 -0.288332 -0.132946 0.115806 0.520768 0.0913176 -0.329238 -0.103423 -0.0316553 0.24962 0.372825 -1.29821 -1.92909 -1.3354 -1.97138 0.73493 2.53991 0.499274 0.499274 
0.111673 0.111673 0.504283 0.483895 0.0396101 -0.064132 0.167968 0.457187 0.0805682 -0.820988 -0.257005 -0.120507 -0.927993 0.945911 1.59435 -1.66344 -2.65819 0.527318 2.12213 0.32777 -0.481038 -0.481038 
