33
1.08317 1.14793 1.22226 1.24566 1.04546 0.871077 0.922116 1.02243 1.00399 0.847395 0.748197 0.682882 0.687579 0.64224 0.564277 0.305307 0.166301 0.0239026 -0.172756 -0.583285 -1.25906 -1.52599 -1.76717 -1.97619 -2.02086 -0.855412 -0.827954 -0.715586 -0.642586 -0.510302 -0.408375 -0.538647 -0.428006 
0.837066 0.843638 0.809703 0.745874 0.899405 0.901847 0.6938 0.571948 0.496822 0.557266 0.682188 0.802934 0.734563 0.556089 0.503736 0.514114 0.479096 0.480739 0.416935 0.0375752 0.190345 0.063754 0.308007 0.0237876 -0.100194 -0.826033 -1.04127 -1.75378 -2.20342 -2.23644 -1.82579 -1.79423 -1.37008 
-1.57278 -1.31058 -1.21913 -1.17145 -1.14655 -1.0623 -1.00231 -1.13599 -1.10569 -0.868329 -0.70748 -0.820297 -0.783994 -0.592058 -0.298663 0.122304 0.325588 0.274048 0.35807 0.878181 0.660781 0.204958 0.579511 0.509214 0.68543 0.817659 1.24073 1.50781 1.4103 1.27145 1.46612 1.38991 1.09555 
-0.0379354 -0.0367663 0.285879 0.304146 0.456746 0.528563 0.65823 0.590903 0.641811 0.904919 0.895098 0.943018 0.984552 1.20561 1.15066 1.16268 0.975863 0.759398 0.847026 0.584491 0.15163 -0.181895 -0.21125 -0.575925 -0.706319 -1.28267 -1.43779 -1.65132 -1.3706 -1.63229 -1.65164 -1.68289 -1.57193 
-1.13644 -1.14019 -1.49963 -1.29334 -0.982428 -0.837569 -0.76374 -0.947099 -0.359662 -0.190812 -0.272003 0.415935 0.451663 0.0893553 -0.250511 -0.375524 -0.0217145 -0.728741 -0.918991 0.421137 1.7498 2.27101 1.88849 1.74117 1.34734 0.136857 0.271731 1.26543 0.809142 -0.135359 0.308547 -0.655659 -0.658189 
-1.40311 -1.53642 -1.63864 -1.84854 -1.80511 -1.29993 -1.32525 -0.748618 -0.771679 -0.874493 -0.426261 -0.244414 -0.253897 -0.0371218 0.282073 0.344671 0.758511 0.512815 0.397199 0.128739 0.564897 0.980613 0.909676 0.866396 1.07837 1.27876 0.69759 0.940707 1.19978 0.933951 0.980285 0.996277 0.362172 
-0.660092 -0.810248 -1.227 -1.0632 -1.37472 -1.58162 -1.14508 -0.708503 -0.209643 -0.35262 -0.376998 -0.495976 0.147485 -0.0949083 0.504523 0.182057 -0.15242 0.244237 1.23763 1.35161 1.80375 2.12212 2.17567 1.63449 0.697848 0.431133 0.579491 -0.429828 -0.234167 -0.34798 -0.796713 -0.654068 -0.396247 
-0.606866 -0.955045 -0.0329538 -0.302343 -0.101586 0.401573 1.03251 0.529027 0.295676 0.349088 -0.0535751 -0.149492 -0.255954 0.6485 0.525761 -0.748648 -0.464448 -0.415358 -1.69393 -0.173347 -1.17313 -1.70963 -1.20629 -1.57996 -0.805223 2.25732 2.24903 0.712316 0.415706 1.11618 1.79421 0.225933 -0.125061 
-0.468257 -0.694383 -0.728274 -0.636563 -0.674097 -0.876078 -0.902407 -1.0877 -0.737026 -0.56334 -0.806207 -0.936089 -0.369555 -0.275918 -0.202113 0.933306 1.04804 1.49337 2.65576 2.40753 1.44914 0.53407 0.682786 0.682883 -0.873972 -0.0451795 0.498418 -0.339293 -0.121283 0.569165 0.509383 -0.790189 -1.33593 
1.36263 1.09209 1.0742 1.07666 0.654377 0.22823 0.32883 -0.186037 -0.174613 -0.388213 -0.802264 -0.731976 0.251008 0.0200251 0.0908235 0.749052 1.07012 1.1939 0.472022 0.520515 1.03982 0.812985 0.488459 0.254909 -0.624781 -1.78901 -0.325716 0.237689 -1.186 -1.11891 -0.83386 -2.36274 -2.49423 
1.39851 0.99474 1.11488 0.63274 0.641072 -0.0258871 0.114438 0.102474 -0.211724 -0.382236 -0.912278 -1.22408 -1.36267 -1.55102 -1.52461 -1.27709 -1.24264 -0.729364 -0.895679 -0.569701 -0.508651 -0.299277 -0.444179 -0.817586 -0.151393 0.577958 0.99531 1.08704 0.894151 0.881726 1.98184 1.12731 1.58587 
-0.362121 -0.225476 0.409703 0.376618 -0.214656 -0.177052 0.199566 -0.258363 -0.344736 0.215826 0.349734 0.873432 0.410999 0.526642 0.613296 0.419518 0.993893 1.39986 1.55289 1.38214 0.914969 0.982574 1.19645 -0.285769 -0.738616 -2.10226 -0.844584 -2.09589 -2.37676 -1.5125 -0.678999 -0.443813 -0.156514 
1.06227 0.70943 0.696735 0.368757 -0.14384 -0.229901 -0.487117 -1.34345 -1.80294 -1.44829 -0.690631 -0.205062 0.159386 1.16169 0.456932 0.958868 0.99743 -0.137279 1.2857 0.685302 -1.1603 -2.7175 -0.774681 -0.610452 0.332762 -0.387962 0.279469 -0.0701364 -0.837785 1.34792 1.49906 -0.0951717 1.14077 
0.52035 0.52035 0.427733 -0.187005 -0.629915 -0.0673289 0.547822 0.392228 -0.183081 -0.363915 -0.159509 0.073145 0.117877 -0.0672267 -0.545613 -0.682306 -0.421265 -0.550367 -1.15079 -2.22368 -1.90211 -0.92893 -0.799259 -0.359204 2.71865 2.88017 0.521999 0.623983 0.66858 0.733357 0.145413 0.164926 0.164926 
0.266775 0.266775 0.0903851 0.560082 0.726125 -0.179811 -0.491232 -0.158196 0.298548 0.799768 0.950855 0.466559 -0.283137 -0.243005 0.230164 0.273599 0.251713 0.179588 -0.775018 -0.23239 0.400925 0.630138 0.235197 -0.687417 -1.7939 -2.02254 -1.98916 -2.57644 -0.873956 1.2815 1.4433 1.4771 1.4771 
0.607179 0.607179 -0.073085 -0.284105 -0.168163 -0.0569001 -0.747964 -0.842133 0.33449 0.748495 -0.361974 -0.756927 0.209483 1.02475 1.75104 1.46529 -0.0330933 -0.411285 1.40149 0.445641 -2.64916 -0.772007 0.450543 -0.178408 0.463826 1.24664 1.67427 0.0234271 -1.26383 -0.337277 -0.138642 -1.68939 -1.68939 
1.21626 1.21626 1.26723 0.760266 0.91992 0.851547 0.436708 0.201899 1.18705 1.00599 0.364436 0.517547 1.03372 0.746068 0.122886 -0.270275 -0.951495 -0.133259 -0.270612 -1.82238 -2.03403 -0.831027 -0.923897 -1.22513 -1.85621 -1.92995 -0.848228 0.451174 0.307581 -0.587029 0.0999899 0.488496 0.488496 
-0.387936 -0.387936 -0.156489 0.582155 0.514462 0.253226 -0.108429 0.457501 0.845591 0.108849 0.680817 0.809647 -0.34759 -0.761447 -0.499979 0.264364 -0.376942 -0.976425 1.27928 2.95293 2.05058 0.165071 -0.571556 -0.584013 -1.75549 -1.17293 1.2558 0.604417 -1.53123 -0.539332 -0.561045 -1.05296 -1.05296 
-0.859768 -0.859768 -1.05351 -0.685103 1.1237 0.949789 1.13052 1.13623 -0.582413 0.609715 1.32976 0.171981 0.26033 1.09172 0.701728 0.94113 0.161304 -1.17795 -1.23553 0.160176 1.89079 0.608102 -0.552924 0.162704 0.779057 -1.2272 -1.11911 1.00626 -0.281102 -0.819216 -0.106362 -1.82752 -1.82752 
-0.86342 -0.86342 -0.391647 -0.233512 -0.790558 0.333516 1.30045 1.3941 0.523223 -0.263024 -0.226962 0.776571 0.59112 0.524958 0.404636 -0.998706 0.0818889 2.07721 1.65246 0.839145 1.14626 0.547312 -0.744288 -2.2322 -1.81978 -0.189397 -1.30527 -1.2342 0.111442 -0.856859 -0.471492 0.590215 0.590215 
0.440272 0.440272 0.501746 -0.0610529 0.541704 0.877339 0.091937 -0.582398 -0.147896 -0.279997 -0.396507 -0.165404 0.615104 0.602404 -1.09759 -0.780086 0.252534 -0.96677 0.181317 0.398835 -1.20614 -0.0333813 0.0936622 0.305418 2.98642 2.37548 -1.21295 -1.4379 0.307601 1.06803 -0.702096 -1.50495 -1.50495 
-0.176566 -0.176566 0.159431 0.15558 -0.154893 -0.143047 -0.125405 0.273138 0.652628 0.0251738 -0.29574 0.55991 0.796201 0.275318 1.37663 1.41989 0.690377 1.7979 1.0647 -1.17726 -1.8822 -0.711836 0.255623 -1.5474 -0.671356 1.54912 -0.212612 -0.556803 1.05867 0.76501 -1.33872 -1.85244 -1.85244 
-0.00898352 -0.00898352 0.305266 -0.160237 -0.653604 -0.0517145 -0.153841 -0.256491 0.0902976 -0.399464 -0.0726839 1.53543 1.18864 0.138633 1.1622 1.45029 0.835078 -0.365451 -0.452105 0.976611 0.65968 -0.31165 -0.319378 -0.958424 -2.02972 0.667273 2.65594 -0.667253 -1.23855 0.728372 -1.10875 -1.58822 -1.58822 
-0.502415 -0.502415 -0.646783 -0.852746 -1.19321 -0.950064 0.256537 -0.580762 -0.872831 -1.27045 -1.53074 -0.809608 -0.58219 -0.278237 0.52471 0.539506 1.02906 0.659227 0.314202 0.733042 0.51824 0.138844 -0.934727 0.559435 2.59088 2.13248 0.957876 -0.166273 -0.358134 2.02376 0.472485 -0.709348 -0.709348 
0.884459 0.884459 0.679654 -0.800243 -0.714946 0.452959 -0.144975 -0.703642 0.525318 0.79112 0.746638 0.0270639 -0.465314 0.19724 -0.176122 0.412386 1.13607 0.627658 -0.0682429 -0.816613 -0.529001 0.292781 -1.57731 -2.3818 -2.23873 -0.174727 -0.0391775 -1.89566 0.657089 2.00174 1.24267 0.583595 0.583595 
-0.265844 -0.265844 -0.24529 -0.658524 -0.458548 -0.247442 -0.884167 -1.05138 -0.0503445 0.955785 1.064 0.738968 1.16612 0.282279 -0.131341 0.483111 -0.869786 0.27461 0.716289 -1.98561 -2.77653 0.355087 1.77806 0.951764 0.220236 -0.00773333 0.299044 -0.887234 1.20853 1.96802 -1.15658 -0.259852 -0.259852 
-0.0574307 -0.0574307 -0.570127 -0.862274 0.119623 1.00205 0.403087 -0.589766 -0.610816 0.039472 0.384324 0.251155 -0.0972583 -0.533543 -0.493167 0.12352 0.129851 -0.58862 -1.37574 -0.606793 1.09964 0.939602 0.494969 2.95378 2.72147 -1.81221 -1.86186 0.142063 0.111032 -0.416512 -0.454263 0.0360864 0.0360864 
-0.219608 -0.219608 0.200684 0.507099 -0.723838 -1.15108 -0.0424303 0.644937 0.79543 0.521923 -0.359932 -1.16597 -0.6967 0.397539 0.400494 -0.0424889 -0.145893 -0.980506 -0.430416 0.990481 0.710032 -0.210067 -1.24074 -1.87744 -1.25646 -0.236492 -0.557409 0.936127 3.39037 2.01175 0.113257 -0.0315257 -0.0315257 
-0.313794 -0.313794 -0.453647 0.0740387 0.287632 -0.247212 -0.383362 0.854448 1.19124 -0.32453 -0.860667 0.515785 1.31786 1.15872 0.429016 -1.04538 -1.10665 1.08782 0.70498 -2.54752 -0.669945 2.19138 0.530459 0.145855 1.0815 0.939274 -0.67363 -1.81018 -0.102005 0.882772 -0.759061 -0.890707 -0.890707 
0.0883744 0.0883744 -0.459588 -0.342119 0.131941 -0.489006 -0.668902 0.844293 0.902394 -0.855851 -0.494664 0.756682 0.280279 -0.951207 -1.06525 -1.12798 0.181374 0.76922 -1.79243 -1.87273 1.1048 1.23318 -0.392696 -0.974424 -0.728526 1.12277 2.60694 1.28255 -1.08888 -0.191099 1.19577 0.453201 0.453201 
0.191284 0.191284 0.696532 0.491913 -0.192027 -0.393103 0.172697 0.68554 -0.205518 -0.0797408 0.51233 -0.670486 -1.0417 -0.0712688 0.734646 0.117128 -0.815759 1.16586 2.72074 0.560559 -1.87399 -1.76063 -0.479422 -0.77687 -0.369864 2.09276 1.24871 -1.87342 -0.749382 0.696596 -0.318366 -0.303514 -0.303514 
-0.0543466 -0.0543466 0.205461 1.61769 1.23524 0.0870908 0.213768 -1.1257 -0.289025 1.43078 -0.226413 -0.671898 0.730895 0.393565 -0.0239117 -0.298831 -1.41212 -0.902784 1.02595 2.28701 0.398169 -1.64106 -0.231818 1.02162 -0.897899 -1.25634 1.65736 0.673262 -1.20507 0.205514 -0.62879 -1.13151 -1.13151 
0.261932 0.261932 0.384767 -0.414393 0.335924 1.51971 0.719304 -0.708261 -1.39174 -0.687254 0.703001 0.530936 -0.299975 -0.249385 -1.28807 -0.355231 2.28477 1.11545 -1.06623 -0.49773 -0.331218 -1.57306 -2.26358 -0.939943 1.48227 0.295126 -0.916102 0.995939 0.188576 -0.557337 1.01952 0.720178 0.720178 
0.128051 0.128051 -0.229013 0.114401 0.684406 -0.196302 -0.83707 -0.063111 0.280906 -0.0686796 0.161752 0.730859 0.57618 -0.997555 -0.788061 0.945624 -0.0293909 0.0438662 0.955448 -0.791212 -0.185167 0.913699 0.303998 1.92434 1.40239 -2.57521 -2.33032 1.05375 1.67892 -0.551546 -1.54336 -0.420318 -0.420318 
0.322277 0.322277 0.319476 -0.150876 -0.139455 0.0992715 0.38062 0.643888 -0.102595 -0.612186 0.466874 0.872278 -0.129244 0.500116 0.910572 -0.421478 0.352843 0.350163 -2.08682 -2.06626 0.416444 1.63323 -0.530117 -0.596624 2.33075 0.411584 -1.45439 1.00276 1.03953 -1.66645 -1.82656 -0.295954 -0.295954 
0.273585 0.273585 -0.0333176 -0.565775 0.137951 0.395894 -0.0686051 0.227362 -0.0278591 -0.0410501 1.34207 0.897989 -0.854501 0.0489672 0.931169 -0.149266 -1.1307 -0.78223 0.951217 0.799397 -0.78294 -0.579085 -0.360012 -1.06122 1.13822 3.15564 -0.813443 -2.50121 0.986531 0.151981 -1.46091 -0.24971 -0.24971 
-0.0719594 -0.0719594 -0.233692 -0.38768 -0.0350137 1.17982 0.331401 -0.845431 -0.500173 -0.475216 0.403283 0.786254 0.458665 0.9106 0.68354 0.437449 0.135417 -0.51994 0.0993688 0.201627 -0.425189 -1.09954 0.371675 2.80989 1.27664 -1.24091 -1.76369 -0.991992 1.76113 0.69365 -2.10477 -0.88663 -0.88663 
-0.11715 -0.11715 -1.19805 -0.986164 0.947765 0.44874 -0.812332 0.522014 1.1242 0.194088 -0.525621 -0.85276 0.156734 0.243662 0.189579 0.990851 0.189671 -0.847181 -1.02244 -0.304095 0.84273 -0.733233 -1.92105 -0.450658 1.64446 1.63897 -1.22451 0.540985 2.87906 0.46014 -1.00336 -0.448943 -0.448943 
-0.00476895 -0.00476895 -0.263878 -0.151376 0.240103 -0.284533 -0.521747 0.505174 1.24089 0.681072 -0.153608 0.0463718 -0.304014 -0.831202 0.10827 -0.480684 -0.148393 0.976859 -1.43488 -2.20776 1.45003 2.83821 0.356477 -0.994461 -0.61929 0.0317577 -0.56913 0.552616 1.77267 -1.50065 -1.4146 0.544619 0.544619 
