32
0.569181 0.592874 0.640038 0.642311 0.685271 0.792312 0.822576 0.937004 0.993071 1.02845 0.981724 0.97982 0.984889 0.881894 0.801829 0.664259 0.45796 0.324907 0.118773 -0.0988087 -0.249975 -0.358575 -0.505923 -0.717687 -0.891457 -1.12506 -1.37499 -1.45747 -1.74495 -1.75709 -1.80444 -1.81271 
1.73162 1.68248 1.6213 1.47706 1.26102 1.0836 1.01135 0.594066 0.406194 0.395757 0.704907 0.660135 0.585656 0.50045 0.312742 -0.32629 -0.938362 -1.0766 -1.19324 -0.886631 -0.880351 -0.352509 -0.419054 0.165968 -0.932921 -0.994388 -0.466086 -0.87617 -1.25893 -1.4159 -1.16964 -1.00725 
-0.842894 -0.842584 -0.993261 -0.841636 -0.833462 -0.911009 -1.01335 -0.974839 -1.04187 -1.15927 -1.26241 -1.24819 -1.22719 -0.89467 -0.657385 -0.147599 0.181532 0.472461 0.789515 1.11712 1.32273 1.29241 1.53108 1.25278 1.19831 1.08909 1.02476 1.1403 0.839058 0.614158 0.511524 0.514797 
-0.582061 -1.10576 -0.930493 -1.26106 -1.0849 -1.09077 -0.929333 -1.09596 -0.917226 -0.624777 -0.324199 -0.36391 -0.053198 -0.103972 0.54928 0.976773 1.37707 1.14025 1.61008 1.77769 1.70268 1.51726 1.311 0.883841 0.570802 -0.149413 -0.424335 0.542498 -0.352228 -0.787972 -0.974261 -0.803395 
-1.45658 -1.16035 -1.18215 -1.05196 -1.2692 -1.17903 -1.28296 -0.986336 -0.752148 -0.749748 -0.685412 -0.361526 -0.33978 -0.254787 -0.445655 -0.645091 -0.490197 0.23754 0.416917 0.375445 0.616525 0.705626 0.833185 0.883033 0.972455 1.52181 1.4276 1.85192 1.47408 1.19045 0.836907 0.949421 
-0.2699 -0.513131 -0.589258 -0.693841 -0.833244 -0.890955 -0.406323 -0.399955 -0.502416 -0.345545 -0.144906 -0.0558981 -0.00391555 -0.354849 -1.14575 -2.08762 -1.69254 -1.02517 -0.199884 -0.0164276 1.39445 1.34792 0.138916 0.0755549 0.157758 0.225992 0.680122 1.34998 2.03907 1.53276 1.56135 1.66765 
0.961681 0.826891 0.897843 1.06305 1.64182 1.83587 1.61804 1.44534 1.04962 0.517225 -0.184661 -0.683524 -1.36503 -1.5195 -1.40241 -1.00843 -1.36483 -1.01294 -1.02697 -1.13611 -0.655362 -0.717746 -0.0499236 -0.00320069 -0.973557 -0.0998582 -0.0146036 0.509711 0.206579 0.000934984 0.265166 0.378893 
0.392972 1.14788 1.55197 1.58584 1.07841 0.266145 0.129375 -0.106389 -0.185055 -0.0776632 0.338564 -0.100793 0.105049 0.0854161 0.777722 1.46526 1.32928 1.0674 -0.0412171 0.691997 -0.516413 -0.500936 -0.670016 0.70636 -1.00774 -1.13324 -1.37109 -2.16995 -0.839528 -1.8731 -1.37336 -0.753144 
-2.19888 -1.98308 -1.64848 -1.51956 -1.02923 -0.829207 -0.642194 -0.429583 -0.086404 0.0849777 0.139989 0.379447 0.568853 0.692119 0.837021 0.547521 0.513514 0.155432 0.317385 0.651145 0.168307 0.339945 1.26763 -0.0665389 -1.31382 -1.00244 0.236079 0.669002 1.50542 0.792091 1.3246 1.55895 
1.22469 1.31418 0.710587 0.305976 -0.549838 -0.89423 -1.12969 -0.939033 -0.685177 0.0154371 0.684919 1.0532 1.01016 1.28461 0.390908 -0.0377872 0.613583 0.771736 -0.531957 -1.51918 -1.80364 -1.33846 -1.29543 -0.997293 0.148295 -0.569219 -1.33662 -0.279973 0.62305 0.764507 1.26933 1.72236 
1.12774 0.726383 0.999777 1.00066 1.22634 1.44577 1.53576 1.5254 1.20921 0.844017 0.95672 0.945395 0.828406 0.465322 -0.0340542 -0.341088 -0.688127 -1.35533 -0.789569 -1.06498 -1.19262 -0.57696 -0.51641 -0.864367 -1.1086 -0.78591 -0.941855 -0.953502 -1.05237 -0.624867 -0.824245 -1.12203 
-0.612134 -0.24365 -0.637203 -0.425497 0.0404826 -0.18873 -0.263417 -0.335334 -0.470524 -0.574074 -1.0605 -1.18153 -1.43788 -1.71878 -1.3209 -0.807399 -0.0937075 -0.254555 0.721637 1.30255 1.587 1.65097 1.7883 2.3383 1.30904 0.610813 -0.0255176 -0.292983 -0.577979 0.513964 0.529925 0.129311 
0.0258155 -0.166272 0.0890856 0.30348 -0.0819316 -0.537313 -0.573429 -0.734154 -0.933225 -1.03752 -0.750965 -0.342283 0.611818 1.56077 2.39514 2.54422 1.64211 -0.0536355 -0.357233 -0.316199 -1.30716 -1.79686 -1.07574 -0.937682 -0.0913612 -0.345839 0.0514058 0.502528 -0.264641 0.76012 0.168226 1.04873 
1.06518 1.06518 0.961344 0.940963 1.44884 1.38729 1.4231 1.54819 1.165 0.666681 0.485938 0.737029 0.246978 -0.16572 -0.333332 -0.945271 -0.923371 -0.922567 -1.33234 -1.06587 -0.537565 -0.519059 -1.01916 -1.14724 -1.25311 -1.62231 -0.889728 -1.07177 -0.730768 0.433304 0.452087 0.452087 
0.113193 0.113193 -0.0822513 -0.40054 -0.468742 -0.173214 -0.666214 -0.90385 -0.0676482 0.953891 0.883322 0.0948411 0.011737 -0.220984 -1.35927 -2.23147 -1.20218 -0.183912 0.730384 0.983025 1.43773 1.28805 1.40557 -0.716219 -2.04496 1.29943 0.582916 -1.2896 -0.76937 0.523455 1.17984 1.17984 
-0.643744 -0.643744 -0.215214 0.234662 -0.414363 -0.727364 -0.39867 -0.298655 -0.740228 -0.842494 -0.469709 -0.118131 0.783286 1.39581 1.89785 2.15796 1.53815 1.50394 1.60782 1.29218 0.278526 0.372166 -0.330124 -1.16033 -0.681471 -0.709375 -0.0728677 -0.743829 -1.70797 -1.14549 -0.499294 -0.499294 
-0.597474 -0.597474 -0.252268 -0.25066 0.329747 0.303418 0.0160546 0.0469852 0.867578 1.08537 0.491638 0.509753 0.489978 1.10226 1.95715 1.50501 0.317562 0.441832 1.16475 0.19087 -0.440179 -0.674785 -1.10687 -1.29775 -1.82158 -1.75345 1.26212 0.154233 -2.35285 -1.08653 -0.00222438 -0.00222438 
0.38032 0.38032 -0.0847466 -0.632171 -0.744265 -0.426894 0.151379 1.09848 0.27434 -0.20142 0.699066 0.579773 -0.0893696 -0.684906 -1.48159 -0.513111 2.08391 2.15249 -0.00207322 0.170758 0.536494 0.21852 0.108574 0.00174897 1.40086 0.886533 0.5363 -0.258162 -2.24114 -2.17309 -1.06347 -1.06347 
-0.534412 -0.534412 -0.365619 -0.442653 -0.38559 0.374126 0.452138 -0.262604 -0.0793774 0.289624 0.207006 0.0260279 -0.509568 -1.53571 -2.25513 -0.811301 1.14783 1.67158 1.08246 1.79537 1.51537 -1.67414 -1.69462 -0.12268 0.0375275 0.490321 1.22276 1.50881 0.0769009 -0.727216 0.018604 0.018604 
-0.0610941 -0.0610941 0.422653 1.24152 1.28803 0.00349218 -0.587884 -0.874742 -1.45476 -1.94844 -1.89438 -1.86151 -1.30618 -0.0184435 0.865951 0.10244 0.0345818 0.586647 -0.156781 0.641072 0.716467 1.01812 1.19406 -1.44752 -0.114017 1.58817 1.02478 0.398503 -0.778562 0.136317 0.651306 0.651306 
1.42327 1.42327 0.569772 -0.509202 -1.51077 -1.07202 -0.389613 -0.320835 0.0853609 0.67117 0.023979 -0.225054 0.271776 0.847606 1.6847 0.704239 -0.419602 -1.57091 -0.393004 -0.511135 -1.36073 -0.130463 1.48044 -0.348406 -2.12618 -0.378745 -1.17581 0.680575 0.402744 -0.580545 1.37706 1.37706 
0.373519 0.373519 0.261009 0.46267 0.554741 0.161959 0.178264 0.380491 0.327102 -0.0460588 0.042096 0.216128 0.0656671 0.00803643 -0.526472 -0.758147 -0.846957 -0.5932 0.302695 -0.532273 -0.742211 1.08433 -0.865599 -3.68205 -1.55116 1.66781 1.82519 1.30449 -0.179831 -0.573371 0.653807 0.653807 
-0.531328 -0.531328 -1.0156 -1.2628 -1.20378 -0.595769 -0.0713722 0.408202 0.908014 1.31537 0.989652 0.291311 0.199341 -0.634393 -1.32354 0.190783 0.765951 -1.1502 -2.27279 -1.27384 0.149663 0.470639 0.306919 1.38753 0.392094 -1.48282 0.256029 1.89321 0.996233 0.605957 0.911332 0.911332 
0.024093 0.024093 0.961783 0.850553 1.36003 1.04371 0.508037 -0.438839 -1.26603 -0.266206 0.558728 0.0232727 -0.796742 -1.68816 -1.55749 -1.20237 -2.04199 0.0859172 0.999254 -0.617181 1.46007 1.89876 -0.3476 -1.05811 0.505295 0.711111 -0.0682925 0.0647688 1.08851 0.854196 -0.836579 -0.836579 
-0.0798101 -0.0798101 -0.289717 0.861094 0.270756 -0.453131 -0.24253 -0.323537 -0.365889 -0.836146 -0.859551 -0.551519 -0.765563 0.110383 1.17398 1.59681 0.693946 1.0454 2.03853 1.11237 0.420241 0.223271 0.874007 -0.687919 -2.35914 -1.83305 -1.25632 -0.785925 1.03416 1.4371 -0.56125 -0.56125 
0.0101251 0.0101251 0.427761 -0.230591 -0.918744 -0.559865 -0.257123 -0.42455 -0.366571 0.13238 0.659432 1.3453 1.90039 1.77737 0.955545 -0.828574 -2.72401 -2.10908 -0.324649 -1.03087 -1.57617 0.182887 0.827868 0.956511 0.553201 0.0918034 0.816764 -0.379599 0.209779 0.389862 0.241647 0.241647 
-0.110276 -0.110276 -0.146031 0.927115 0.8549 0.0267314 0.354145 -0.380916 -1.47457 -1.11941 0.195299 -0.347328 -1.51183 -0.946172 -1.2957 -0.963237 0.111716 -0.645574 -0.179522 1.46618 1.03118 -0.772995 -1.03016 -0.338541 -0.761538 0.709384 1.03771 0.350754 2.71228 2.14701 0.104838 0.104838 
-0.188912 -0.188912 -0.406364 -0.319433 0.0999202 -0.190297 -0.554549 0.353548 1.2138 0.594307 -0.64228 -0.650844 -0.271155 -0.992046 -1.42893 0.051937 1.34349 1.26492 0.741853 0.427866 0.153005 -0.0773551 -1.42468 -2.41276 1.32169 1.73995 -1.82419 -0.979254 1.18328 1.2763 0.393051 0.393051 
0.472337 0.472337 1.02296 -0.295902 -1.22961 -0.0329479 0.472556 -0.470201 -0.717779 0.278941 0.834417 1.48143 1.80081 1.312 0.880665 -0.492412 -0.852632 0.0331189 -0.311336 -1.67912 -1.1782 -0.797103 -1.92783 -0.482182 0.49978 0.692734 -0.0943253 -2.05342 -0.543768 1.42719 0.73875 0.73875 
0.205295 0.205295 0.206549 0.389915 0.368134 -0.308389 -0.263749 0.600025 0.745703 -0.356917 -0.512586 -0.065125 0.398096 1.08 0.250156 -1.34207 -0.892696 0.596644 -0.259484 -1.31505 -0.738704 -0.583594 -0.549498 -0.621023 -0.419101 2.34026 1.42342 -2.8821 -1.03114 1.76874 0.781506 0.781506 
-0.284019 -0.284019 -0.677665 -0.423847 0.198016 0.694449 1.14728 0.138824 -0.884334 0.355819 0.61215 -0.51655 -0.85901 -0.950726 0.173939 2.61431 1.9672 -1.4496 -1.37464 0.43768 0.0847492 -0.257308 -0.105473 0.979673 0.686641 -0.571293 -0.772731 -1.94681 -1.32659 0.89725 0.848317 0.848317 
0.0730033 0.0730033 0.0197726 -0.0574336 0.520765 0.535241 -0.483618 -0.410913 0.337959 0.154259 -0.22578 -0.53879 -1.1228 -1.24983 0.456939 2.30783 1.67205 -0.0888048 0.0419031 0.255512 -2.44108 -2.26176 1.02843 1.15329 0.379953 0.775365 0.660144 -0.835426 -1.58874 -0.0839171 0.471732 0.471732 
0.331908 0.331908 0.998037 0.642354 -1.06872 -1.58762 -0.776033 -0.766792 -0.935042 -0.419229 0.00911288 0.416877 1.43768 1.70537 0.0367271 -0.737909 0.332283 -0.217279 -0.0173362 0.648759 0.245112 0.326899 -2.06736 -1.1257 2.40786 0.864777 -1.02937 -1.52859 -0.274891 1.10156 0.357323 0.357323 
-0.613474 -0.613474 -1.36131 -1.46394 -0.412 0.755166 0.498733 0.307292 0.665647 -0.0644562 -0.643086 0.149836 0.72155 0.957384 -0.12128 -1.4804 -1.59882 -0.00347765 0.712617 -0.692641 0.241932 1.94731 -0.172969 -2.52167 -0.0429401 0.636794 0.712303 1.07219 -0.895996 0.653386 1.3349 1.3349 
-0.101728 -0.101728 0.022707 0.148944 -0.217858 -0.264609 0.102542 0.0595371 -0.295506 -0.208167 0.129479 -0.0177589 -0.160707 -0.397684 -0.505078 -0.23006 0.0694776 0.677091 0.00529143 -0.677064 0.965224 -0.10844 -2.97341 -0.455332 3.26884 2.05108 -0.256489 -1.26951 -1.19104 0.482094 0.724928 0.724928 
-0.415457 -0.415457 -0.596003 -0.19921 0.425398 0.765287 0.671482 0.653526 0.60078 -0.0021454 -0.809692 -0.638975 -0.73786 -1.17401 0.540898 1.46429 -1.04116 -2.28112 -0.152068 1.70747 1.21231 0.0530817 0.607884 0.000437588 -2.15814 -0.161145 2.40392 0.478839 -1.00192 -0.123777 0.161261 0.161261 
0.707962 0.707962 0.63038 0.331705 0.188656 -0.54032 -0.980124 -1.18346 0.174343 1.32668 0.255842 -0.891491 -1.13977 -0.476682 0.392765 -0.283999 0.952498 2.17517 -0.436469 0.375347 1.80877 -1.20689 -2.00845 0.648818 1.28794 -0.346136 -0.396883 0.860788 0.60455 -1.28879 -1.12536 -1.12536 
-0.0858941 -0.0858941 0.806167 0.511273 -0.941917 -0.321062 0.177273 -0.0188062 -0.320537 -0.305849 0.297448 0.149672 0.589897 1.58027 1.22904 -0.295287 -0.350613 1.11908 0.128728 -1.17762 -0.612377 0.428558 -0.6295 -2.42939 -0.810846 0.931676 0.888509 1.8523 1.80002 -1.15988 -1.47223 -1.47223 
0.315074 0.315074 -0.210402 -1.09301 -0.281086 0.509816 0.0897347 -0.105628 0.426254 0.800655 0.949842 0.972227 0.3266 -0.772418 -2.09826 -2.95518 -1.04033 1.89683 0.842321 -1.01719 0.950518 1.90056 0.599213 -0.2375 -0.708453 0.192098 -0.394529 -0.502747 0.595891 0.00716677 -0.13657 -0.13657 
