25
0.906228 0.920974 0.826654 0.842211 0.867048 0.911331 0.959184 0.949676 0.792014 0.63092 0.551767 0.461802 0.466825 0.474991 0.282101 -0.0257854 -0.285516 -0.630703 -0.782385 -1.13371 -1.14362 -1.54231 -1.66242 -1.70689 -1.93038 
-0.276138 -0.549623 -0.153144 -0.136782 -0.164712 -0.164804 -0.170371 -0.52604 0.0552607 1.70904 2.18547 1.01537 0.598561 -0.136766 0.169004 0.595639 0.902365 0.837158 0.43114 0.39578 -0.295174 -1.13614 -1.11024 -1.34547 -2.72938 
-0.172003 0.241578 0.576205 0.593091 0.497087 0.238828 -0.436245 -0.66408 -0.905907 -1.26536 -1.39582 -1.49082 -1.49073 -1.2711 -0.883162 -0.443069 -0.0520228 0.162452 0.489489 1.1699 0.610151 1.16362 1.72981 1.36551 1.6326 
-0.254816 -0.448306 -0.723493 -0.923779 -1.10721 -1.35514 -1.01186 -1.17364 -0.869731 -0.834868 -0.977002 -0.290139 0.121773 0.349431 0.803818 1.21448 1.2001 1.69147 1.22574 1.57402 1.57175 0.85586 0.376443 -0.471401 -0.543486 
-0.881959 -1.55224 -1.3838 -1.09353 -1.12019 -0.728033 -0.990829 -1.01279 -0.9627 -0.667182 -0.172949 0.239047 0.642462 0.625724 0.875542 0.844395 0.192515 0.0948802 -0.0703554 0.248192 0.703008 1.57237 1.64974 1.37792 1.57076 
-1.1278 -1.20678 -1.5543 -1.4309 -1.27326 -1.19895 -0.708827 -0.584952 -1.11605 -0.790343 -0.40446 0.239909 1.26616 1.06594 0.661255 0.487108 0.463005 0.624244 0.892973 0.70116 1.1228 1.32674 1.26219 0.828046 0.455088 
0.755312 1.32029 1.37158 0.980043 1.05304 1.47625 1.27447 1.1205 0.971983 0.32074 -0.153047 -0.871725 -1.32818 -1.36765 -1.58639 -1.55402 -1.06403 -0.421575 0.0534852 -0.375547 -0.428614 -0.457121 -0.519201 -0.304472 -0.266117 
0.66835 0.246464 0.735316 1.5561 1.75985 1.33499 1.13376 0.59718 0.250164 -0.298436 0.383813 0.424759 0.317794 0.331736 0.449588 -0.450335 -1.07369 -1.37676 -1.63004 -1.51524 -1.64428 -1.10102 -0.874858 0.208227 -0.433431 
-0.797231 -0.874474 -1.12289 -1.63145 -1.71453 -1.84697 -1.39952 -0.903029 -0.247859 0.549976 0.715492 0.122204 0.034785 0.442906 0.464202 0.615205 0.571097 0.448817 0.231285 1.08265 1.28707 1.11458 1.33445 1.13388 0.389361 
-0.193368 0.162321 0.287275 0.922186 0.259857 0.0190257 -0.215367 0.00436175 -0.0475511 -0.355624 -0.843047 -0.777893 0.398929 1.41953 1.6995 1.87143 1.59265 0.77477 -0.273299 -0.899717 -0.662521 -0.162206 -1.43264 -1.92382 -1.62478 
0.47038 -0.0413377 0.0978489 0.179342 0.212877 0.146272 -0.33138 -1.05473 0.000129752 0.726668 1.8774 0.676336 -1.27015 -2.12586 -2.16758 -0.977191 0.198051 0.331939 -0.0794747 -0.709217 0.18009 1.77598 0.920579 1.18646 -0.223427 
-0.145354 -0.364868 -1.16139 -1.88219 -1.68684 -1.26637 -0.788607 -0.275272 0.313838 0.851899 0.339065 1.01725 1.30521 1.52548 1.84815 1.48277 0.593034 0.113825 0.496733 -0.396405 -0.154647 0.145508 -0.338774 -0.675272 -0.896765 
-0.856548 -0.929153 0.173413 1.29562 1.20639 0.729354 0.528686 0.0430774 -0.747141 -1.53286 -0.707196 0.0945235 -1.1605 -1.20639 -0.776307 -0.51299 -0.0682949 -0.880317 1.20059 1.45496 1.44269 1.30434 0.697076 0.703432 -1.49645 
0.708608 0.708608 0.712364 1.26456 1.39769 1.50435 1.25507 0.302665 -0.399821 -0.035993 0.293638 0.683727 1.13849 0.221315 -1.24334 -1.5531 -1.72596 -1.22523 -1.25367 -0.596661 -0.816195 -1.3269 0.314662 -0.16443 -0.16443 
0.313442 0.313442 0.603881 0.178606 0.162118 0.184527 -0.171776 0.416289 2.42984 2.32476 -0.504891 -1.39995 -0.96429 -0.240238 0.924097 0.925056 0.432209 -0.281991 -0.252082 -0.5376 -1.34485 -0.626534 -0.0195528 -1.43225 -1.43225 
1.03336 1.03336 0.355821 -0.379676 -0.849613 -1.83864 -1.78667 -1.04671 -1.27151 -1.0813 -0.629615 -0.406649 0.130724 0.793154 1.16969 1.175 0.789654 0.68033 1.47613 -0.0384621 -0.255273 1.66777 0.100259 -0.410568 -0.410568 
-0.617149 -0.617149 -0.627615 -0.48629 -0.559671 0.251636 0.384326 0.323695 0.626588 -0.0604678 0.943822 1.79723 1.08991 1.15533 1.43722 0.715173 0.83947 0.144248 -0.0761465 0.63773 -1.00143 -1.73639 -1.93964 -1.31222 -1.31222 
-1.2855 -1.2855 0.493931 0.132501 0.321249 -0.116184 -0.883354 -0.303726 0.284412 1.10719 1.32296 1.15472 0.36049 0.0759478 0.0492555 -1.62115 -1.74432 -0.842806 -0.0718237 1.07683 2.09723 1.398 -0.71607 -0.502137 -0.502137 
-0.841551 -0.841551 -0.515209 0.299425 0.220266 0.756413 0.836341 -0.810467 -0.484997 0.993719 1.5076 2.54026 1.17827 -1.12926 -1.08721 -0.473483 0.0673602 0.539581 -0.0297498 0.216825 0.855027 0.0710006 -0.957981 -1.45531 -1.45531 
1.0854 1.0854 -0.425064 -0.390771 0.89581 0.461898 -0.449539 -0.365435 -1.1507 -1.66435 -1.77084 -1.74347 -0.670903 -0.295517 -0.182059 0.937123 1.90052 1.87695 0.184919 -0.649067 -0.0165808 -0.0308148 0.35329 0.511891 0.511891 
0.125882 0.125882 1.82194 1.43281 -0.267298 -0.820034 -0.972517 -1.17149 -1.1879 0.216893 1.02153 -0.0556225 -0.0924791 0.214361 -1.03292 -2.04455 -1.22994 -0.724853 -0.154529 0.0150426 0.599835 1.08463 1.8214 0.636963 0.636963 
-0.599823 -0.599823 -1.24239 -0.996065 -0.43573 0.354619 1.29158 1.60105 2.04998 1.32051 -0.751945 -1.12876 0.363108 0.525069 0.142021 0.0445841 -0.362544 -0.620906 0.829594 1.45821 -0.0670882 -0.0440701 -0.0859177 -1.52263 -1.52263 
0.624744 0.624744 0.910806 0.104237 -0.792959 -0.35454 0.117303 0.304254 -0.236478 -0.682656 -0.300286 1.40473 2.38358 1.46475 0.595303 0.0228657 -0.991201 -1.77934 -1.58318 -0.26643 0.887905 -0.656658 -1.67244 -0.0645262 -0.0645262 
-0.238217 -0.238217 0.185854 0.110327 0.00445519 -0.360978 -0.830467 0.265083 1.30157 1.37011 -0.00788523 -2.22201 -1.97512 -0.613451 0.849246 1.71922 0.963958 -0.170299 -0.716198 0.213652 1.80469 0.557451 -0.393338 -0.789723 -0.789723 
-1.10485 -1.10485 -1.71306 -0.50961 0.875102 1.21776 1.33044 1.46554 1.49554 0.158532 0.328542 1.30017 0.744573 0.786674 0.0761007 -1.39492 -1.53304 0.0110803 -0.491146 -0.662404 0.785437 -0.0954799 -0.867941 -0.549095 -0.549095 
0.835058 0.835058 1.79739 0.83749 -0.450577 -0.540335 -0.547237 -1.02207 -1.26379 0.037678 1.31624 -0.359598 -1.04228 0.314945 0.563984 0.575754 -0.290348 1.02749 1.88639 0.200501 -0.115807 -0.595029 -0.478479 -1.76121 -1.76121 
0.100263 0.100263 0.698074 0.83813 0.355793 -0.0582048 -1.20475 -1.69539 -0.270436 0.846938 0.875369 1.01084 -0.404414 -2.48239 -1.82479 -0.426287 0.451148 0.6075 0.776691 0.56981 -0.694366 1.32047 1.35469 -0.422471 -0.422471 
0.332746 0.332746 0.034824 -0.180191 0.133429 -0.104625 0.291641 1.95182 1.46624 -1.92661 -2.48002 -0.192546 0.941708 1.45217 0.945616 -0.215305 -0.716303 -0.350092 -0.0497823 -0.636249 0.0669796 1.05771 -0.435156 -0.860371 -0.860371 
-0.514835 -0.514835 -1.25083 -1.04309 -1.29679 -0.774534 0.955624 0.678667 0.128542 0.80549 0.838268 0.924013 1.36377 1.20283 0.545264 -0.217134 -0.331847 0.850102 -0.55612 -1.56942 1.87055 0.518932 -1.91659 -0.348014 -0.348014 
0.0250206 0.0250206 0.19784 0.120905 0.940187 1.19218 0.125936 0.334068 -0.431951 0.425747 2.30949 0.216458 -0.747123 0.462534 -0.500425 -0.69314 -0.660333 -1.08184 0.641271 -1.09365 -2.86535 -1.10947 0.556507 0.805058 0.805058 
1.18702 1.18702 0.924948 -0.228471 -0.283581 -0.976725 -0.239246 0.743497 0.919806 0.649804 -0.0687903 -0.801156 -0.885486 -0.328937 -1.33384 -1.40379 0.461125 1.10948 1.28868 1.46954 0.129623 -2.1432 -1.48106 0.0518661 0.0518661 
0.279463 0.279463 0.874991 0.578555 0.374971 0.491269 -1.10455 -0.925053 1.35982 1.49756 1.17147 -0.199857 -2.64166 -1.61525 0.520291 0.884928 0.781483 -0.0300964 -0.195053 0.6877 -0.0657083 -1.28448 -1.0749 -0.322674 -0.322674 
-1.17573 -1.17573 -1.14715 1.18434 0.794062 -1.0381 -0.606307 -0.501134 -0.999392 -0.433599 0.0173657 1.00017 1.29026 0.490795 1.11079 1.81926 0.866712 -1.34672 -2.02225 -0.0846428 0.598663 0.391625 0.535692 0.215521 0.215521 
1.24532 1.24532 0.948883 -1.63832 -1.76296 -0.583974 -0.314475 -0.210813 1.01093 1.63641 -0.25434 -0.895393 0.158936 -0.763169 -1.76758 -0.196826 0.958613 0.772513 0.516916 0.527938 0.768077 0.883853 -0.387772 -0.949044 -0.949044 
-0.367239 -0.367239 -0.180944 0.72882 1.14027 1.42512 1.06143 0.692319 -0.0934402 -2.00039 -1.73367 0.962063 1.36955 -0.0484729 -0.244658 -0.26287 -0.384579 1.02036 1.69119 -0.559432 -1.01745 0.104497 -0.999514 -0.967864 -0.967864 
0.184863 0.184863 -0.376854 -1.20091 -0.333862 0.619573 0.444443 -0.260742 -0.701669 -0.058796 1.43935 1.85476 0.0274455 -1.25976 -1.01853 -1.11924 -1.26946 -0.42663 1.03927 1.70657 -0.286124 -1.79745 0.398018 1.10544 1.10544 
0.290543 0.290543 0.243562 -0.0860808 -0.266413 -0.492596 0.416189 1.35296 0.714122 -0.787772 -2.20767 -1.19693 1.02734 1.78361 1.47776 0.0981103 -1.1486 -1.01836 0.265587 1.59484 0.240612 -1.3405 -0.811236 -0.21981 -0.21981 
-0.552958 -0.552958 0.485039 2.20397 1.46152 0.364375 0.185344 0.114032 -1.15568 -1.03492 0.956312 0.330469 -0.47126 -0.604931 -1.91002 -1.41627 1.18433 0.870279 -0.609254 1.07271 0.460615 -1.45443 -0.419613 0.246645 0.246645 
0.908022 0.908022 0.171149 -1.55639 -0.888419 0.0950809 -0.200529 -0.380786 0.982812 2.14986 -0.135691 -1.64125 0.687103 1.40234 0.369495 -0.486554 0.516062 1.84028 -0.465563 -1.36772 -0.441414 -0.109126 -0.725947 -0.815418 -0.815418 
