23
0.491318 0.723476 0.805604 0.873987 0.914253 0.999917 1.00797 0.981926 0.834647 0.728993 0.617837 0.488361 0.207521 0.175551 -0.00489436 -0.363152 -0.638306 -0.942931 -1.30499 -1.51133 -1.55737 -1.66791 -1.86048 
0.304421 0.0553906 0.383447 0.408413 0.558174 0.429086 0.487242 0.733734 0.893838 0.515339 0.507212 0.965275 1.10553 0.838526 0.745783 0.468632 -0.231645 -0.701748 -1.54357 -1.20727 -1.68623 -2.10421 -1.92536 
-0.30683 -0.43834 -0.552738 -0.706353 -0.891643 -0.928984 -0.971885 -0.958004 -0.94161 -0.882924 -0.892343 -0.949165 -0.648961 -0.275013 0.229788 0.721915 0.99598 1.10671 1.2409 1.44585 1.56675 1.66265 1.37425 
-1.05403 -1.16488 -1.05146 -0.953677 -0.968166 -1.05986 -1.0506 -0.996444 -0.902114 -0.767162 -0.56008 -0.198871 0.361355 0.764748 0.925383 1.27155 1.51237 1.41146 1.08494 0.94887 0.83986 0.97991 0.626884 
-1.91596 -1.60775 -1.48883 -1.40411 -1.04528 -0.836854 -0.622936 -0.519767 -0.49816 -0.188248 0.169182 0.651377 0.947803 0.731199 0.556614 0.552814 0.830523 0.679325 0.988677 1.31006 1.02822 0.880073 0.802037 
1.30387 0.947267 0.887387 0.951438 0.435059 0.575164 0.715809 0.815167 0.498429 -0.0350659 -0.49568 -0.279697 -1.31487 -1.14536 -1.49169 -1.61901 -0.479408 -1.66175 -0.968532 0.491616 -0.52404 1.54432 0.849573 
1.09808 1.18894 1.33043 1.23109 1.05657 1.01991 1.09229 0.967672 0.646051 0.191053 -0.513498 -0.952778 -1.62089 -1.85088 -1.37139 -0.818129 -0.307696 -0.331786 -0.389849 -0.113465 -0.179291 -0.341966 -1.03045 
1.59339 1.67431 1.01435 1.11123 0.295515 0.627713 0.496845 -0.165634 0.687302 0.0813834 0.373988 -0.0312716 0.292666 0.336876 0.447209 -0.696214 -1.24745 -0.882985 -1.93699 -2.20232 -0.693894 -0.697057 -0.478964 
-1.34929 -1.78806 -1.6287 -1.32305 -1.09871 -1.25717 -0.868432 -0.330064 -0.428528 0.332002 0.89396 0.34865 0.409333 0.684348 0.754281 0.615127 0.330177 1.26776 1.27573 0.733989 1.24488 0.598518 0.583249 
0.859969 1.0466 0.80835 0.434023 0.255961 0.331111 0.367142 0.137284 0.308965 0.752541 1.34815 1.74203 1.12788 -0.0042012 -0.514758 -1.01725 -1.08215 -0.95899 -1.51315 -2.12727 -1.10627 -0.419171 -0.776805 
1.65032 0.519301 0.594408 0.982862 0.00139373 -0.157146 -0.106864 -0.334749 0.290105 -0.494799 -1.2459 -1.50214 -0.826462 1.59888 1.96972 -0.79094 -0.378694 -0.338841 -1.50632 -1.46708 0.471123 0.235227 0.836598 
0.751494 0.678822 0.712914 0.786909 0.668795 0.790772 1.07446 1.06964 1.17849 0.984768 0.785859 0.191656 -0.98151 -1.02984 -1.73908 -1.10309 -1.30046 -0.839244 0.258232 0.0561539 -0.0527012 -1.02497 -1.91807 
-0.773427 -0.752512 -0.756724 -0.601931 -0.658012 -0.855158 -0.97301 -1.27123 -1.25773 -0.9973 -0.874842 -0.559771 0.0482997 0.489288 0.90968 1.615 1.78055 1.58112 0.684147 0.667849 0.92841 1.00141 0.6259 
1.7881 1.7881 1.22497 1.08103 1.14044 1.02969 0.645574 0.11146 -0.162276 -0.0380646 -0.119974 -0.703437 -0.368163 -0.0229543 -1.14489 -1.47055 -1.28613 -1.58496 -1.24702 -0.160358 0.169043 -0.334818 -0.334818 
0.53858 0.53858 1.07165 0.724769 0.425054 0.246834 0.977533 1.17588 -0.0400588 -0.367358 1.2602 1.54887 0.138239 -0.315056 -0.334806 -1.51678 -1.89217 -2.16755 -0.59868 0.107274 -1.36019 -0.0803987 -0.0803987 
-1.00893 -1.00893 -1.06592 -1.24872 -0.948905 -0.581756 -0.449682 -0.29679 -0.181259 -0.247817 -0.545653 0.252706 1.36344 1.891 2.19572 1.60077 0.617341 0.256684 0.499627 0.465329 0.18416 -0.871213 -0.871213 
-0.400121 -0.400121 0.13979 -0.19123 -0.681551 -0.620104 -0.242676 -0.0225138 0.186569 0.478354 1.06387 1.97776 2.08693 1.05284 0.904754 1.11225 -0.0447026 -1.51289 -1.6039 -1.04102 -0.32645 -0.957924 -0.957924 
0.537497 0.537497 -0.0879796 0.58347 0.929685 0.524102 0.229525 -0.3087 0.269914 1.20979 1.69196 1.52123 -0.434516 -1.75274 -1.15717 0.108679 -0.303845 -0.215286 1.10734 -0.547254 -1.86133 -1.29093 -1.29093 
-0.557616 -0.557616 -0.0524212 -0.600658 -0.50932 0.279739 0.230804 -0.318494 -1.07853 -1.25131 -0.351222 -1.04125 -1.09705 -0.269785 -0.626271 1.15828 -0.108754 -0.644849 2.52867 0.476387 1.20682 1.59222 1.59222 
0.653285 0.653285 0.35628 -0.137176 -0.0392968 0.346242 0.208891 -0.406359 -0.922255 -1.52021 -1.49567 -1.43877 -1.11196 0.68006 1.90314 1.95146 1.0499 0.162177 0.631378 0.619255 -0.066351 -1.03865 -1.03865 
-0.50371 -0.50371 -0.481974 -0.694013 -0.373664 0.558652 -0.795452 0.54385 0.620849 -0.141958 0.131209 0.173863 0.78575 0.494959 -1.12183 -2.02245 0.0303107 -0.654133 -1.51151 1.97686 2.33376 0.577167 0.577167 
-0.777929 -0.777929 0.580567 0.699145 -0.147809 0.152209 1.42386 0.534755 0.940179 2.14539 -0.237647 -1.15243 0.34459 0.361469 -0.394353 -1.04198 0.922963 1.45753 -1.24211 -0.32434 -0.515251 -1.47544 -1.47544 
0.086687 0.086687 -0.59635 -0.523058 0.0242321 0.284915 -0.0864675 0.0787018 0.898686 1.41487 1.35436 -0.118663 -1.97671 -1.85057 -1.08396 -0.541324 0.220475 -0.375261 -1.27298 0.644971 2.22935 0.550699 0.550699 
-0.674859 -0.674859 0.373463 -0.355494 -0.732878 -0.0210488 -0.0688915 0.32752 -0.0567808 -1.00609 -0.64135 0.343021 2.19311 1.9828 -1.59515 -1.56659 0.365555 -0.724335 -0.724758 1.41793 1.2281 0.305791 0.305791 
0.272591 0.272591 0.443193 0.266149 0.321961 0.78934 0.641849 0.438471 0.218741 -0.13924 -0.605077 -1.73833 -1.10338 -0.56373 0.232264 0.827659 0.624375 2.13054 1.35899 -0.0442086 -0.940091 -1.85233 -1.85233 
-0.183483 -0.183483 0.0440312 -0.0441148 -0.642208 -0.747183 -0.918945 -0.695729 0.25365 0.43882 0.531676 1.35694 1.57092 1.25198 1.70119 1.2681 -0.269449 -2.07511 -1.7639 0.203237 0.354987 -0.725959 -0.725959 
-0.493755 -0.493755 -0.707732 0.217737 0.267065 -0.392272 -1.02162 -0.857538 0.121109 0.406271 -0.645734 -0.0255614 1.35497 -0.811279 -1.80856 0.13343 0.173309 0.401528 2.46115 2.44847 0.0840404 -0.405638 -0.405638 
0.426831 0.426831 0.135418 -0.564202 -0.422512 0.443138 0.759489 -0.875877 -1.31747 1.07134 1.58882 -0.963554 -1.58688 -0.418403 -1.03057 -1.32934 -0.567708 1.06567 1.89008 -0.660744 -0.178663 1.05415 1.05415 
-0.0235455 -0.0235455 -0.232385 0.175267 0.803571 0.611932 0.367145 0.348244 0.0975252 -0.374742 0.613416 2.2227 1.91331 0.992444 -0.290008 -1.76171 -1.49403 -0.0929132 0.279949 -0.318845 -1.48541 -1.16418 -1.16418 
0.59771 0.59771 0.263722 -0.775751 -0.379764 0.495768 0.655906 0.486052 0.558317 0.93813 1.56581 1.08518 -0.880254 -1.13982 0.1129 -0.905016 -2.59573 -1.52023 0.529058 1.34186 0.136796 -0.584182 -0.584182 
-0.348496 -0.348496 0.155714 0.885383 0.0766101 -0.404579 -0.504183 0.15152 1.26147 1.18905 0.355059 -1.47564 -2.33732 -0.421468 1.51898 0.761974 -0.122083 1.18089 -0.128092 -2.10807 -0.437258 0.549521 0.549521 
0.274448 0.274448 -0.263821 -0.670154 0.642829 0.505107 -0.808918 -1.50709 -1.13742 0.492519 -0.0153114 -0.953831 0.535874 0.240659 1.18054 0.286547 -1.99191 2.36791 0.87929 -1.51938 0.873987 0.156836 0.156836 
-0.0831711 -0.0831711 -0.516586 -0.169749 0.602295 0.395686 -0.483333 -0.815818 -0.80063 -0.325949 0.24923 0.514717 2.03872 2.82594 1.2944 -0.571729 -1.39388 -0.189903 0.57916 -0.435137 -1.27849 -0.676303 -0.676303 
0.00209479 0.00209479 -0.13782 0.0592217 0.81433 -0.290566 -0.022014 0.922306 -0.464781 -0.335339 0.196149 0.419655 0.199629 -1.27097 -1.67337 0.747996 0.890644 -1.02962 1.72383 2.52507 -0.93584 -1.17135 -1.17135 
0.938774 0.938774 1.01818 -0.458756 -0.33725 1.08153 0.285203 -0.29489 1.10762 -0.759742 -2.17945 0.418931 1.04284 -0.465832 -0.910837 0.911197 1.70288 -1.42088 -1.16425 0.51578 -0.741843 -0.613995 -0.613995 
-0.424027 -0.424027 -0.373959 0.466526 0.594541 -0.0330409 -0.0982901 0.71558 0.955371 0.353874 -1.00503 -2.233 -1.14055 0.652451 0.936978 0.933695 0.156027 -0.977658 0.739543 2.43517 -0.0218182 -1.10417 -1.10417 
0.567192 0.567192 0.135413 -0.709069 0.144345 0.339541 0.152711 -0.0465815 -0.843683 -0.40001 0.745354 1.62517 0.917526 -2.29764 -2.15615 1.10762 0.445133 -0.699575 1.21516 1.10297 -0.712501 -0.600064 -0.600064 
0.357075 0.357075 0.193983 0.08824 0.681878 0.494597 -0.1233 -0.189846 -0.332266 -0.558978 -1.27315 -0.259112 1.28195 1.4303 1.48166 0.561128 1.40012 0.876641 -1.80344 -1.91798 -1.46571 -0.640429 -0.640429 
0.244182 0.244182 0.17515 -0.471431 -0.484611 -0.150726 0.1063 0.98433 0.954534 0.283741 0.785033 0.879896 -0.016197 0.168023 0.0786261 -1.47732 -2.55225 -1.10439 1.85031 1.72542 -0.661705 -0.780549 -0.780549 
