72
0.580665 0.904799 0.990919 1.07697 1.1101 1.21372 1.19032 1.16363 1.1768 1.19667 1.11655 1.1024 1.07235 1.00587 1.1121 1.09762 1.12294 1.07043 0.989479 0.900543 0.925931 0.936532 0.862399 0.790587 0.902721 0.867177 0.731956 0.705563 0.684073 0.58855 0.532722 0.46471 0.308389 -0.543455 0.00555927 0.24388 0.20097 -0.0117363 -0.0682219 -0.133449 -0.247042 -0.226201 -0.230665 -0.245799 -0.345925 -0.384828 -0.447144 -0.626324 -0.616488 -0.586604 -0.577008 -0.619956 -0.530492 -0.469085 -0.456688 -0.511451 -0.525826 -0.753899 -0.936935 -1.1935 -1.25506 -1.28001 -1.36858 -2.16957 -1.17439 -2.04431 -1.28607 -1.59664 -1.88147 -1.8665 -2.32334 -1.4119 
-0.365467 -0.335209 -0.109653 -0.35953 -0.610461 -0.711001 -0.413958 -0.217351 -0.172667 -0.118495 -0.0228139 0.0423426 0.00480631 0.0994129 -0.0639976 0.0817367 0.0994473 0.285708 0.10926 -0.00557729 -0.0492657 -0.118483 -0.124192 0.105894 0.0799956 0.103475 0.112712 0.133513 0.343346 0.147191 0.00927711 0.337312 0.450345 1.70801 1.17727 1.38013 1.15718 1.3245 1.20454 1.37601 1.25831 1.30121 1.32918 1.30737 1.17374 1.00302 0.846907 0.993274 0.489079 0.0540374 0.423889 0.369163 0.306795 0.186659 0.111156 0.221683 0.104515 0.144242 0.35948 0.49562 0.279175 -0.125371 -1.57832 -1.98263 -1.88993 -2.78563 -1.63973 -2.06629 -2.26345 -1.97429 -2.46333 -2.0648 
-0.012993 -0.492158 -0.139712 0.407665 1.03736 0.99076 0.617891 0.404412 0.313971 0.494078 0.600777 0.709978 0.758932 0.74434 0.781881 0.58072 0.240383 -0.149887 -0.25955 -0.186099 -0.296053 -0.149595 0.28309 0.250455 0.139286 -0.0800848 -0.444617 -0.697233 -0.85522 -0.793792 -0.774472 -1.27218 -0.809346 0.0954447 -1.15128 -1.6185 -1.52833 -0.97019 -0.986302 -0.950805 -0.763592 -1.08813 -1.11922 -1.12011 -0.771889 -0.822344 -0.708725 -0.882241 -0.611616 -0.589661 -0.776608 -0.828468 -0.805567 -0.745856 -0.808722 -0.869082 -0.719278 -0.0439468 0.151065 0.358633 0.447819 0.772603 0.489958 1.39096 1.02388 1.54093 1.17887 1.41459 3.0275 2.73472 2.87798 1.83253 
-0.47423 -0.561415 -0.692552 -0.981735 -0.836726 -0.870608 -0.687162 -0.587495 -0.672198 -0.662462 -0.802893 -0.786494 -0.864999 -1.00675 -1.01026 -0.925205 -0.972346 -1.05884 -1.14813 -1.10453 -0.91395 -0.889784 -0.788635 -0.8648 -0.963696 -0.97411 -1.22756 -1.1428 -0.938816 -0.779399 -0.734479 -0.910739 -0.77585 -0.870193 -0.510296 -0.279363 -0.332741 -0.0931942 -0.0779129 -0.199544 -0.0167559 0.0398373 0.102908 -0.0150467 0.00156825 0.0224301 0.221117 0.399608 0.535505 0.641686 0.695238 0.738334 0.815243 0.761201 0.909228 0.980149 0.988816 1.07742 1.20583 1.05812 1.04166 1.11663 1.44026 1.57962 1.69103 1.31164 2.15532 2.04682 1.93583 1.78216 1.61482 2.09667 
-0.355741 -0.957948 -1.29378 -1.21778 -0.907001 -0.73531 -0.590891 -1.20643 -1.00485 -1.003 -0.865216 -0.95074 -1.2319 -1.21699 -1.23914 -1.19588 -1.37814 -1.26144 -0.937443 -0.906985 -1.07889 -1.58641 -1.3877 -1.07526 -0.978675 -1.15153 -0.707157 -0.789649 -0.77633 -0.434861 0.172255 0.706587 0.22212 -0.0248658 0.922017 0.272294 0.230773 -0.28822 0.0804041 0.0293762 -0.147156 0.563427 0.715403 1.16835 0.98158 1.53789 1.45367 1.25406 0.876316 0.953589 1.03474 1.53062 1.39628 1.42638 1.49025 1.52337 1.49642 0.801638 0.910231 0.970431 0.617826 0.670009 1.08263 2.11851 0.130903 0.655482 0.229028 -0.583047 0.242925 0.436192 0.974589 -0.412212 
1.04944 1.11024 0.54531 0.0251046 -0.615102 -0.547766 -0.832842 -0.906869 -0.884905 -0.723951 -1.05073 -0.893341 -0.944457 -0.896301 -0.761531 -0.991642 -0.874157 -0.604548 -0.724066 -0.883103 -1.26236 -1.1117 -1.77567 -1.83664 -1.77366 -1.87316 -1.61843 -1.41702 -1.46445 -1.3312 -1.05011 -0.36369 -0.180828 0.418793 0.39157 0.585718 0.878575 0.827447 1.10864 1.21179 1.32449 1.41548 1.42489 1.37852 1.37613 1.25046 1.27755 1.00944 0.798303 0.67855 0.675165 0.571621 0.542112 0.212767 0.438152 0.027062 0.116755 0.0784803 -0.624122 0.160402 0.503639 -0.0286678 0.265526 1.87211 0.86307 -0.121932 0.622487 0.803419 1.71227 0.0732108 1.18042 0.163846 
-0.486404 -0.269913 0.370379 0.793715 0.653089 0.745176 0.750633 0.785299 0.65487 0.588902 0.655545 0.763635 0.85559 0.941893 1.116 1.10479 1.16191 1.10783 1.10599 0.983144 1.26448 1.29801 1.29975 1.1838 1.29631 1.11979 1.18524 1.22606 1.42289 1.21262 1.20898 1.10033 1.14966 1.01329 0.502315 0.444741 0.121695 -0.188106 -0.270541 -0.141533 -0.25392 -0.470895 -0.618555 -0.669824 -0.689452 -0.60348 -0.986502 -0.896319 -0.845431 -0.722665 -0.858572 -0.767209 -0.93692 -0.915044 -1.04219 -1.15413 -1.02723 -1.10781 -1.07986 -1.16444 -1.42996 -1.56882 -1.46783 -1.35308 -1.51438 -1.72219 -1.0625 -1.5709 -1.16109 -1.05343 -0.302713 -0.814538 
0.737481 1.96802 1.74148 1.47377 1.74684 1.00882 0.839369 0.681745 0.812338 1.20793 1.0846 1.32816 1.62195 1.91046 1.79709 1.8263 1.3362 0.975671 0.756886 0.908826 0.21886 0.387 0.650587 0.482045 0.00751541 0.146481 0.275216 -0.0661482 0.079758 -0.231087 -0.596826 -0.914697 -0.671221 0.354517 0.0434068 -0.232409 -0.0439006 0.771279 0.333798 -0.260635 0.0861995 -0.169924 -0.634132 -1.02426 -1.0792 -1.3624 -1.62095 -1.49205 -1.39482 -0.966692 -0.693232 -0.883531 -0.952262 -0.995507 -0.843274 -0.612335 -0.762894 -1.01603 -0.807178 -0.666297 -0.807854 -0.121489 -0.190799 -0.758915 -0.765197 -2.19113 -0.671017 -1.0995 0.462634 -0.687891 -0.297474 -1.47808 
-0.786228 -1.39831 -1.36901 -1.59389 -1.46972 -1.512 -1.29225 -0.973424 -0.882165 -0.91711 -0.967248 -1.20645 -1.42687 -1.48723 -1.67357 -1.441 -1.29659 -1.30419 -1.07635 -1.00255 -0.807323 -0.812891 -0.677866 -0.451358 -0.474513 -0.443022 -0.476247 -0.418292 -0.348434 -0.212977 -0.249503 -0.183246 0.02362 -0.153518 0.301873 0.437694 0.541975 0.634684 0.794242 0.77534 0.707797 0.95164 1.15291 1.29827 1.18598 1.37115 1.33808 1.41976 1.29298 1.34483 1.17239 1.25758 1.12701 1.35013 1.34102 1.20833 1.26786 1.15066 1.2757 0.807094 0.859913 0.866675 1.21588 0.153569 -0.0805465 0.137101 0.353437 0.28417 -0.333867 0.0269117 -0.333444 0.104965 
-0.0385441 0.840526 -0.162341 0.0854382 0.308887 0.684261 1.35899 0.878343 1.03934 1.1722 1.44161 1.70777 1.22219 0.321421 1.45917 1.40177 1.07052 1.41206 1.1211 1.04323 1.32247 0.844189 0.782548 0.868926 1.55487 1.8253 1.49987 1.11917 0.428601 -0.203226 -0.967946 -0.789896 -0.685007 -0.676137 -2.14181 -2.21081 -1.49232 -1.59516 -1.23869 -0.759549 -0.632577 -0.227907 -0.199442 -0.307217 -0.522708 -0.582315 0.203087 0.140505 0.113693 -0.142993 -0.151974 -0.321033 -0.0663674 -0.673022 -0.672053 -0.542616 -0.669711 -0.645215 -0.981698 -1.6947 -1.03071 -1.37249 -0.86436 -1.19017 -0.864419 1.13231 -0.402561 -0.201652 -0.860081 -0.472334 -0.501665 -0.648947 
0.00155316 0.197017 1.64066 1.76388 0.779635 0.645735 -0.236842 -0.549501 -0.617251 -0.603446 -0.915769 -1.35557 -1.17001 -0.442985 -1.15408 -1.57344 -1.09758 -0.953355 -0.835163 -0.482303 -0.405693 -0.834042 -0.60216 -0.257972 -0.128238 -0.67576 0.405737 0.262965 -0.332979 -0.294974 -0.0166906 0.8775 0.566439 0.656006 1.10535 1.13366 0.954311 0.0236343 -0.0637557 0.0593835 -0.00307279 0.114712 0.189112 0.425576 0.565182 0.936237 0.889879 1.16657 1.31687 0.979636 0.872058 0.5109 0.883144 1.21634 1.08781 0.848103 0.936629 1.18187 0.665386 1.37535 1.33421 0.779781 0.120385 -0.200857 -1.59978 -1.14753 -1.18808 -1.33689 -1.24187 -3.01788 -1.96701 -2.16669 
1.06391 0.819491 -0.59286 -1.35132 -1.48235 -0.939618 -1.10281 -0.976557 -1.03437 -0.878475 -0.765715 -0.431116 -0.332646 -0.583779 -0.68419 -0.481001 -0.364392 -0.00905197 0.409082 0.37634 0.336985 0.653215 0.729744 1.15712 1.29382 0.792292 0.859002 1.26471 1.56757 1.21865 1.17874 0.594095 0.768802 1.2442 0.665817 0.821809 1.06238 0.983609 1.09153 1.54755 1.38257 0.96495 1.01286 0.823814 0.603275 0.241085 0.450247 0.542978 0.903876 0.568209 0.676072 -0.0924847 -0.11606 -0.214788 -0.3806 -0.367416 -0.239268 -0.239168 -0.428519 0.0143137 -0.496833 -0.61542 -0.50399 -1.59829 -1.71461 -0.687179 -2.26143 -2.03065 -2.47968 -1.27433 -1.37584 -1.55789 
-0.622998 -0.969403 -0.27269 -0.0823687 0.272142 0.00860636 0.123118 -0.00705247 0.0419613 -0.00936065 0.098069 0.0602113 -0.25317 -0.371588 -0.0420362 0.0270146 -0.146025 -0.254381 -0.483854 -0.42103 -0.268687 -0.461019 -0.640545 -0.861575 -0.779517 -0.917122 -1.11622 -0.986699 -0.779564 -1.1405 -1.06159 -1.53965 -1.20151 -1.02074 -0.234171 -0.738703 -1.08948 -0.713576 -1.04639 -1.11906 -0.885968 -0.883476 -1.01121 -1.19889 -0.606671 -0.549919 -0.599213 -0.26152 -0.131904 -0.356176 0.00116043 -0.0760442 0.117058 0.381057 0.462537 0.817244 1.07274 0.863527 0.94562 1.57757 1.4093 1.71408 1.78568 1.40762 1.51515 1.84991 2.02793 2.80329 1.91002 1.75612 1.46452 1.7 
1.74076 1.74076 0.860378 0.664425 0.729367 0.520331 0.0384835 0.173726 0.345903 0.000914825 -0.124888 0.0602671 -0.13323 0.370715 0.562987 0.263776 0.123155 -0.26979 -0.404491 -0.0112778 0.35679 -0.0112194 -0.315968 0.372813 0.506928 -0.407747 -0.373909 0.0466487 -0.208982 -0.335959 -0.234227 -0.605833 -3.50431 -0.896102 3.13514 0.946306 -0.721512 -0.771714 -0.226363 -0.437535 -0.119268 0.284272 0.15124 -0.202502 -0.290392 -0.150578 -0.669299 -0.402494 0.370588 0.369699 0.10038 0.39572 0.781605 0.496627 0.0670486 -0.0319489 -0.672816 -1.2965 -1.40188 -0.952654 -0.0961627 -0.196068 -3.06572 0.941787 0.686872 -0.189259 1.87912 -1.97798 -0.774176 -1.41025 1.90474 1.90474 
0.675451 0.675451 0.0584593 -0.990993 -0.662083 0.544819 1.19928 0.643463 0.329754 0.442074 0.466267 0.172858 0.237721 -0.0395138 0.073094 0.472009 0.561269 0.133637 -0.529525 -0.237124 -0.136646 -0.0529976 0.60621 0.561744 0.106698 0.184083 0.178184 0.61999 0.142149 -0.623753 0.530765 1.08347 3.13096 1.71306 -0.610116 0.0677745 -0.0105036 0.216345 0.225461 0.230443 -0.0527157 0.268118 0.125595 -0.23033 -0.558302 -0.607812 0.090566 -0.676083 -1.95662 -0.0315536 0.806084 -0.145873 -0.289938 -0.318865 0.189166 0.0973986 -0.0585364 0.673582 0.885927 -0.0648452 -1.25569 -3.97907 -3.97855 -0.574289 -1.65656 0.663084 1.69635 -1.26171 0.314668 -0.3282 -0.0873302 -0.0873302 
-0.333817 -0.333817 1.51981 2.02043 0.947893 -0.862433 -1.16377 -0.653786 0.0569089 0.412885 0.284851 0.180579 -0.0429533 -0.0635618 -0.400448 -1.08278 -1.42426 -1.00773 -0.170387 -0.170912 -0.0390847 0.940756 0.617369 -0.364668 -0.701855 -1.15935 -1.21938 -0.846424 -0.279355 0.0408071 -0.968833 -0.167973 2.36452 -0.722432 -3.19987 -0.78584 1.06565 0.873743 -0.069997 0.297147 -0.352975 -0.747149 -0.162734 0.522165 0.43267 0.00905495 -0.213156 0.0703495 0.423311 -0.402926 -0.536214 -0.157291 0.0441723 -0.110696 -0.327509 0.0565076 1.38494 1.46657 0.621936 0.430847 0.642505 -0.0289087 1.01157 0.859099 0.165801 0.17486 -0.33314 3.23307 2.27876 -0.374986 -1.73408 -1.73408 
-1.25587 -1.25587 -2.14415 -0.929805 0.192867 0.361887 0.949165 -0.230007 -0.625471 -0.870533 -0.841237 -0.568918 -1.26438 -0.934597 0.0627888 -0.12908 -0.883459 -1.06879 -0.496714 0.733969 0.648507 0.255254 -0.185944 -1.06563 -0.776494 -1.45614 -1.03763 0.973927 1.30224 0.602754 -0.87337 -0.477738 -0.117512 0.871949 2.30233 0.484983 0.52286 0.824783 -0.76348 -0.0268753 0.75686 0.230406 -0.53716 -0.741446 -0.131007 0.669644 1.36281 1.0867 0.768715 0.406605 0.129195 0.231908 -0.195253 0.117485 0.667001 0.0541741 0.131938 0.658491 -0.380684 -1.01772 -0.038518 1.45699 1.74015 0.806933 -1.47424 1.74591 2.93714 -1.26103 -1.45967 -1.70742 1.08725 1.08725 
-1.65817 -1.65817 -0.460883 0.680607 0.849521 0.555846 -0.833881 -0.732984 0.356924 0.244311 0.0900568 -0.649524 -0.472223 -0.0149673 0.0350728 -0.247583 -0.117942 0.775779 0.623545 -0.251897 -1.20162 -0.547352 0.900164 0.719869 -0.136841 0.477125 0.636644 -0.124312 0.624126 1.67238 2.01285 0.0858326 -1.29346 1.23336 0.522392 -1.22248 -0.991698 -0.267651 0.558469 -0.403919 0.940586 1.52052 1.0657 0.467697 0.650171 0.8312 -0.503252 -1.02142 -0.532639 0.277471 1.01647 0.636045 -0.186222 0.163704 0.169013 0.00868152 -1.2763 -1.03702 0.29578 -0.518393 -0.532546 0.818342 2.55491 -1.68232 -2.58495 0.171027 -2.18863 0.0223363 1.79711 1.28944 -1.49992 -1.49992 
-0.869116 -0.869116 -1.90588 -2.04021 -0.991786 -0.358084 -0.610336 -0.0624461 0.356859 -0.265451 -0.271806 0.220098 0.0251738 0.356874 -0.139671 -0.170516 0.721196 0.298282 -0.466604 -0.930087 -0.37745 -0.885497 -1.26315 0.0340304 -0.0347018 0.307466 0.8444 0.305214 0.18359 0.769819 1.75691 1.58162 1.42674 1.05186 0.32832 0.899481 0.461803 0.440991 0.716281 0.415629 0.393938 0.20961 -0.0355018 -0.0565486 -0.198064 -0.145459 -0.399623 -0.824722 -0.559985 -0.189275 -0.160351 -0.206966 -0.609891 -0.155052 -0.300919 -0.54305 0.122208 -1.29158 0.176639 2.04286 -0.306923 -0.394438 3.42225 1.09673 -3.52776 -0.398846 1.68167 1.97509 -1.27254 -0.918591 0.192189 0.192189 
2.67032 2.67032 3.32276 0.859549 -0.185292 0.27549 0.0943699 -0.33425 -0.651671 -0.0300566 0.518963 0.598802 0.530079 0.789207 0.481636 0.112614 -0.0226045 -0.208558 -0.425479 0.467741 0.960985 0.0790604 -0.39243 -0.043043 -0.234118 -0.382552 0.303033 0.717435 -0.074591 -0.706919 -0.38637 -0.219286 -0.306747 -2.07409 -1.82553 -1.23276 -2.02835 -1.2694 0.114716 0.0202398 -1.07108 -1.18234 -0.659659 -0.255814 0.177077 -0.969157 -0.955876 0.412784 0.515559 -0.0736365 -0.17269 -0.279319 -0.498497 -0.36423 -0.786317 0.0150035 0.113895 -0.198202 -0.210807 -1.13649 -1.30769 -0.151643 0.648313 -0.179005 -1.19646 1.39316 0.445018 -0.34317 1.60005 2.67534 0.721328 0.721328 
1.83675 1.83675 -0.751411 0.111632 -0.700789 -1.46523 -0.462628 0.0556862 1.01134 0.572697 0.310083 1.03063 1.10828 0.404936 -0.0430081 -0.693789 -1.36704 -0.898358 -0.0130897 -0.827033 -0.799048 0.84817 0.266567 -1.00849 -0.477288 0.56482 -0.264926 -0.235262 -0.182543 -1.06638 -1.07852 -0.0261332 2.29489 1.33687 -0.911505 -0.0484381 1.8362 0.754837 -1.6802 -0.325332 0.25908 -1.14196 -1.37344 -0.666449 -0.481735 -0.833471 -0.121587 0.493009 1.00991 1.31434 0.246038 -0.34508 -0.0910513 0.290653 0.764293 0.241233 -0.594981 0.0258829 0.706526 0.101213 1.04351 1.16831 -0.998741 -0.889863 -2.37171 0.265072 1.98812 2.06071 0.813423 -1.21067 -1.26263 -1.26263 
-1.93876 -1.93876 -0.693701 -0.388647 0.198512 0.505847 1.66697 1.25381 0.116262 -0.3384 -0.995186 -1.54273 -0.967652 -0.858079 0.0838231 1.14738 0.375082 0.643362 0.905109 0.800228 0.545045 0.351452 1.09769 0.589065 -0.0380135 -0.0703927 0.0147036 0.346165 0.595374 0.253299 0.0307845 0.813409 0.0307761 0.829907 1.83622 0.70723 0.568602 0.746347 0.387464 -0.342778 0.502078 1.36643 1.04977 0.0415296 0.169526 0.424262 0.0914782 -0.209817 -0.305751 -0.452595 -0.345344 -0.210713 0.232772 0.623314 -0.520793 -0.300052 -0.250253 -0.0396096 -1.16954 -1.40178 0.126768 1.07978 -2.35781 -4.23346 -0.117768 1.33066 0.408082 -2.27484 -0.892028 -0.0634561 0.186165 0.186165 
-0.137582 -0.137582 -1.07649 0.747392 0.937162 1.60835 0.335196 -0.428876 0.483593 0.64483 0.843082 -0.279801 -2.01536 0.399004 1.65333 -0.531494 0.0618431 0.121767 -0.502017 0.346031 -0.249494 -0.756478 0.0833314 1.19521 1.46895 -0.0352586 -1.00369 -1.54675 -1.92024 -2.03053 -0.826007 0.467353 0.215732 -2.12015 -2.23596 1.01253 0.962192 0.423756 1.28933 0.948005 0.837245 0.690738 -0.0714168 -0.43425 -0.362611 1.12601 1.12158 -0.0864158 -0.375104 -0.348584 -0.218257 0.173861 -0.476969 -0.85429 0.240491 0.0500232 -0.106055 -0.417475 -1.51435 -0.0263524 0.52576 0.293947 0.317693 0.0464523 3.50075 0.733456 -1.93745 -0.633924 -0.356043 0.579608 -0.216134 -0.216134 
2.27472 2.27472 2.17601 -1.1416 -1.49294 -1.35401 -1.59828 -0.484854 -0.0387558 -0.372953 -0.992782 -0.312452 1.28196 0.0567278 -1.50976 0.112165 0.882281 0.393536 0.678629 0.621809 -0.445678 -0.233506 0.822132 0.682551 -0.535931 0.764611 1.31768 -0.974466 -0.72744 0.467152 1.63709 0.831778 -0.267702 0.771358 0.687649 -0.171434 -1.48184 -1.35618 0.0838074 0.117878 0.110562 0.297569 0.459739 0.548841 0.732754 0.478642 0.349699 0.618415 -0.220481 -0.572852 -0.605549 0.0501062 0.998913 0.314628 -0.468225 -0.171626 0.49104 -0.335684 0.299343 0.94887 -0.778867 -1.62367 -1.30504 -2.31557 -1.25862 0.597529 -0.223801 -0.0385526 -2.26204 -0.955904 1.19808 1.19808 
-2.55371 -2.55371 -3.39363 -1.30003 0.826048 0.773499 0.0929952 0.265188 0.313612 0.592312 0.884309 0.860962 -0.0960901 -0.421052 0.321283 0.675883 0.92449 1.41716 0.78306 0.0355487 0.605749 0.795097 0.976697 1.07502 -0.44275 -0.557118 0.925251 1.31111 0.0780906 -0.481968 -0.867129 -0.516469 1.21559 -0.0149187 -0.536813 0.801307 0.417723 0.200981 1.0748 0.628906 -0.798581 -0.450744 -0.0772574 -0.515885 -0.798793 -0.0966869 0.646627 0.894555 0.194576 -0.218868 -0.926183 -1.14095 -0.0464849 -0.278893 -0.0960343 0.384281 0.362901 -0.155875 0.567526 0.0417311 -0.875598 0.141657 -1.45261 -1.82473 1.64206 -0.740116 -2.0418 -0.20327 1.38914 1.95696 -0.309967 -0.309967 
0.722455 0.722455 2.10656 1.22409 0.0536923 -0.565213 -0.221294 -0.390198 -0.186865 -0.0362231 -0.0015017 -1.08668 -1.29443 0.363555 0.846997 -0.449078 -0.906572 -1.0521 -0.610663 0.373955 -0.284037 -1.13985 -1.21386 -0.539291 -0.324156 -1.04921 -0.360335 0.687264 -0.577523 -0.90821 -1.21024 -0.541728 1.15724 2.31365 0.546398 -2.38656 -0.116115 -0.0698143 -1.22657 0.232791 0.426608 -0.503887 -0.99429 0.86231 1.49263 -0.16168 0.562808 1.02417 -0.425011 0.162232 0.541486 0.117962 0.997853 0.710002 0.943918 1.39266 -0.0615571 -0.508724 1.66045 1.01481 0.17112 0.7897 -0.971202 -0.878542 0.959641 1.14143 2.27765 -0.48498 -2.88132 -1.32976 -0.325638 -0.325638 
-0.609958 -0.609958 -0.740051 -0.112451 -0.121137 -0.484151 -0.255584 0.178622 -0.140202 -0.338031 0.0139309 -0.031011 0.180633 0.436745 -0.09647 -0.317478 -0.379707 -0.375777 0.146153 0.479941 -0.0254343 -0.472116 0.229486 0.520846 -0.543686 -0.61026 0.2762 0.084022 -0.279486 -0.0422334 -0.204643 -2.19648 -0.218182 4.38245 1.1977 -2.5859 -1.16607 0.303256 0.196388 0.0456273 0.453734 0.154117 -0.348642 -0.318673 0.00899961 -0.277029 -0.19272 0.664907 0.487185 -0.204864 -0.00819728 0.426792 0.0415188 -0.499867 -0.376394 -0.516669 -0.865007 -0.509496 0.202806 0.841389 0.476824 -1.99696 0.729948 2.46587 -0.776374 0.766061 -1.21301 -1.787 0.351445 1.75306 2.17535 2.17535 
-0.44623 -0.44623 -1.23918 -0.524471 1.18039 1.42637 0.0944902 -0.63704 -0.132209 0.123103 -0.183457 -0.152728 -0.140508 -0.104433 0.406454 0.388812 -0.235711 -0.804226 -0.260183 0.316809 0.159079 0.581244 0.484443 -0.357465 -0.265397 0.0739706 0.34932 -0.00727076 -0.919793 0.313587 1.3099 1.98462 0.495662 -2.80673 -1.22319 0.473013 0.132214 0.198247 0.0306085 -0.190228 0.0484233 0.154684 -0.356662 -0.496783 -0.265261 0.510229 -0.0316275 -1.52686 0.50695 2.10741 -0.0664209 -0.808176 -0.110753 0.381958 0.334478 -0.167203 0.45531 0.733575 -0.537985 -1.59821 -2.93756 -2.03738 2.59255 1.7744 0.954892 2.55335 -1.43438 -1.02401 0.725297 -0.283785 0.201954 0.201954 
1.21771 1.21771 1.541 -0.348645 -1.841 -1.34298 0.155422 0.808966 0.709513 0.167882 -0.129335 -0.191005 -0.136977 -0.210179 -0.637504 -0.640467 0.0691492 0.8304 0.561078 0.105475 0.738571 0.444604 -0.822328 -0.83124 -0.492505 -0.313524 0.222764 0.62773 0.593635 -0.424565 -0.114142 2.17328 -0.337374 -3.57266 -0.0202643 2.77525 1.0924 -0.712693 -0.351669 -0.162058 -0.653698 0.143536 0.840375 0.40518 -0.310672 -0.396376 0.0602653 0.431697 -0.284947 -0.598955 0.179307 0.395482 0.0507727 -0.21934 0.128659 1.12654 0.93127 -0.472049 -0.648165 0.0339655 -0.276216 0.259013 0.594136 -0.525491 -0.421182 -0.301521 1.9956 1.70739 -2.30931 -2.57071 -0.856987 -0.856987 
-0.647327 -0.647327 0.154921 1.48344 0.792856 0.439152 -0.451522 -1.10076 -0.48365 -0.203035 0.138768 -0.34004 -0.302074 0.816295 0.471667 -0.685623 -0.681305 0.195009 1.13049 0.69609 -0.376751 -0.611765 -0.933125 -0.450634 -0.318476 -0.23301 1.54491 1.48533 -0.305704 -1.49779 -0.774311 0.438861 0.83117 1.53816 -0.316138 -1.23609 0.163995 -0.910303 -0.623133 0.94391 0.10948 -0.915376 -0.702538 0.20783 0.871735 0.926391 0.215033 -0.452978 -0.50979 -0.482986 -0.175904 -0.274835 -0.136084 0.50915 -0.102317 -0.413976 0.338746 -0.399152 -1.16787 0.165558 1.57441 1.11457 -0.48995 -2.18405 0.55984 2.85385 -2.04701 -2.96521 -0.355392 1.62211 1.78579 1.78579 
0.758626 0.758626 1.47135 0.829257 -0.0668371 -1.04003 -0.793663 0.754581 0.62127 -0.155566 -0.547034 -0.340016 0.407269 0.327809 -0.13418 -0.0844778 0.650033 0.474034 -0.630603 -1.12854 -0.173415 1.32338 0.802294 -0.636428 -0.140504 0.494014 -0.364466 0.00324568 1.13289 0.87816 -0.979554 -2.05335 0.727561 1.14485 -1.52233 -0.934312 0.607243 0.978962 -0.0740219 0.249649 1.21265 0.0891814 -0.646301 -0.248388 0.238027 -0.709117 -1.14569 -0.00728684 0.82207 0.978301 0.23495 -0.739879 -0.28386 0.232865 -0.0857319 -0.891366 -0.641856 0.992641 0.334882 -0.506132 0.845698 1.93882 -1.55031 -3.19818 1.16826 0.258517 -0.0817781 2.49969 0.802222 -2.04755 -1.73057 -1.73057 
-0.701979 -0.701979 -0.79033 0.581162 1.08632 0.230826 0.174384 0.616088 -0.153589 -0.433559 0.299294 0.175266 0.0698954 -0.12849 -0.366948 0.546153 0.288276 -0.801321 -0.828004 0.0385734 0.00926167 -0.602623 0.584736 0.787926 0.159781 0.558147 -0.0215478 -0.454703 0.285519 1.01476 0.51388 -0.237231 -0.368508 -0.74253 -0.120289 0.0677292 -0.32163 0.147312 -0.0367475 -0.232082 -0.155572 -0.302523 -0.195127 -0.126989 -0.0785461 -0.152638 -0.466839 -0.125542 0.397887 0.242786 -0.0317028 -0.315744 0.0140792 0.183155 -0.275265 0.258238 -0.5124 0.015734 2.1731 -0.338121 -1.62315 2.43273 0.96072 -4.59131 -1.00375 3.40634 1.54135 -1.96315 -1.92333 0.943334 0.710529 0.710529 
0.638738 0.638738 -1.53243 -3.02847 -0.451158 0.310158 -0.473794 -0.593934 0.331781 1.09549 0.617953 0.0734518 0.231485 0.0209538 -0.532721 -0.380802 -0.219439 -0.291454 0.659769 1.28573 -0.278943 -1.1293 -0.0439726 0.203195 -0.235602 0.537119 1.03322 -0.269198 -1.19182 -0.21116 0.493471 0.133837 -1.57123 -1.27505 0.80523 -0.115119 0.0313587 1.95263 1.20039 -0.981549 -0.996343 0.426294 0.880327 0.801184 -0.565113 -0.934972 1.28175 1.36063 -0.365095 -0.542994 -0.117643 -0.223524 -0.0111894 -0.190042 0.397924 0.857135 -0.124274 -0.222551 -0.763391 -0.903181 0.931737 1.78775 0.0395363 -1.5624 1.44942 1.51051 -1.46681 1.08174 2.72428 -0.710886 -1.65868 -1.65868 
-1.62401 -1.62401 -1.0555 0.114212 -0.957845 0.237748 1.08272 1.0518 0.421432 -0.381065 0.382517 0.606652 -0.331292 -0.677509 -0.642888 -0.791301 -0.0538874 0.972741 0.127849 -0.436862 1.18436 0.78281 -1.14216 -0.409127 1.11724 0.220754 -0.446165 0.135133 -0.466612 -0.509334 0.766102 2.303 0.978703 -2.03125 -0.831664 1.89084 0.61 -2.23547 -0.630664 1.35831 -0.457061 -0.994508 0.394093 0.668249 -0.0291553 0.318104 0.954647 0.826205 0.621895 -0.422311 -1.01223 -0.141182 0.499637 0.644299 0.0483122 -0.814517 -0.0609899 0.938197 0.130488 0.302845 0.783788 -1.26441 -1.2749 -0.823537 0.841647 2.95278 1.26369 -0.692932 -2.07406 -1.28668 0.0466363 0.0466363 
0.817809 0.817809 1.0319 0.570174 0.571775 0.974591 0.46894 -1.1443 -1.17343 -0.836025 -0.901214 -0.0366712 0.424507 0.681946 1.35147 0.148416 -0.409724 0.315986 0.0540961 -0.308693 -0.370952 0.331861 0.110766 -0.853049 -0.518812 -0.0189968 0.236352 0.351529 -0.121169 -0.452232 0.337098 -0.0560004 -0.0444158 1.2111 -0.142091 -0.94563 -0.0285414 -0.18312 -0.820359 0.0244433 1.14355 0.328386 -0.985828 -0.673765 0.212613 -0.11077 -0.501 -0.334776 -0.22638 -0.0837817 0.113762 0.349736 0.529338 -0.584858 -0.704026 0.133874 0.126788 -0.701163 -1.01198 0.853774 1.6856 -1.79971 -3.7849 1.5161 3.84898 0.313055 -2.58639 -0.968431 1.49599 0.700697 0.119193 0.119193 
-0.593085 -0.593085 0.592182 1.32566 0.576573 -0.374118 -1.30683 0.113512 0.714831 0.250691 -0.583804 -1.84051 0.458202 2.4012 -0.587617 -1.01717 0.441601 -0.349354 0.162814 0.181179 -0.699399 0.233364 1.28539 0.917529 -0.782553 -1.58979 -0.965181 -0.578555 -0.297313 0.728172 1.64034 0.694057 -1.66444 -1.57618 2.05287 2.09542 -0.365543 0.229667 0.357762 -0.276716 -0.150113 -0.573427 -0.714008 -0.17216 1.03102 0.98159 -0.770828 -0.955559 -0.153297 0.119003 0.35659 -0.151052 -0.651078 0.483322 0.60475 -0.208131 -0.286733 -0.898115 0.271249 1.34285 0.225224 -0.118139 -0.143762 2.08561 0.463529 -3.51699 -0.871528 1.04477 0.805698 0.107996 -0.500045 -0.500045 
-0.068267 -0.068267 -2.39468 -2.57183 -0.147999 -0.0729106 0.610436 1.09454 0.0794239 -0.66804 0.0433795 1.59608 0.259836 -1.95669 0.0398293 1.67833 0.198261 -0.141853 0.161027 -0.787445 -0.598819 0.889984 0.643324 -0.951363 0.0584978 1.30077 -1.21854 -1.43315 1.01186 1.65904 0.256642 -1.33475 -0.0414138 0.670878 -0.660161 -1.52036 -0.82983 1.09884 1.03461 0.0197157 0.12696 0.245809 0.177155 0.192402 -0.0482716 -0.267655 0.0989684 -0.398874 -0.8344 -0.269068 0.437793 1.12606 0.186446 -1.02785 -0.340022 0.673622 -0.114088 -0.133469 0.901726 -0.755121 -1.803 -0.368014 -0.484223 0.0335027 2.04371 0.726607 -0.445086 -1.42833 -0.642322 2.4273 1.51139 1.51139 
-0.623694 -0.623694 0.896244 3.04953 1.49144 -0.546112 -0.382951 0.146244 0.223568 0.400401 0.181116 -0.725684 -0.944654 0.289088 0.782445 0.424002 0.524242 -0.116598 -1.01696 -0.142648 0.537505 0.255384 0.189301 -1.04443 -1.19884 0.979236 1.3424 -0.628953 -1.31568 -0.700144 -0.0389688 1.49811 0.3502 -1.28615 0.578652 0.679065 -0.449754 0.463108 0.296749 -1.37398 -0.797739 0.509754 -0.0612129 -0.537751 0.290413 1.03544 0.705713 -0.342106 -0.822258 -0.827584 -0.683343 0.624733 0.611923 -0.0498939 0.467537 0.319262 -0.40607 0.134634 0.129539 -1.06162 0.0586239 -0.432826 -1.4415 2.23278 0.7735 -2.68838 0.375825 2.47691 1.55439 -1.24746 -1.65969 -1.65969 
0.90171 0.90171 0.325115 -1.34397 -1.17177 -0.182324 0.111703 0.0198451 0.228634 0.118465 -0.689011 -0.847439 0.944922 1.39654 -0.533618 -1.14842 -0.396659 0.190694 0.929122 0.210765 -0.991761 -0.610189 0.389753 0.578675 -0.335827 -0.0262894 1.13195 -0.144559 -1.04512 -0.416065 0.236806 1.54425 1.86303 -0.401772 -3.07373 -0.435531 1.51109 -0.728211 0.195069 1.07752 -0.48399 -0.931053 0.890011 1.62229 -0.671716 -0.610191 0.772177 -0.648082 -0.565836 0.628851 -0.031576 0.295536 0.384184 -0.0378907 0.443396 -0.659619 -1.245 1.1225 0.992815 -0.975766 -0.149736 -0.749034 -1.09267 1.25895 1.31718 0.858527 -1.06533 -3.37348 -0.554624 1.66721 0.653436 0.653436 
