32
0.436168 0.533684 0.608459 0.638733 0.659539 0.665044 0.722287 0.781574 0.797141 0.878609 0.893795 0.86278 0.774222 0.647164 0.695665 0.650745 0.608147 0.547996 0.399787 0.245085 0.130724 0.024156 -0.117544 -0.449306 -0.717267 -1.05541 -1.38663 -1.68889 -1.89813 -1.6436 -2.02099 -2.22374 
-0.0997495 -0.47683 -0.705003 -0.986455 -0.642178 -0.135052 -0.554291 -0.615867 -0.138975 0.0724486 0.263997 1.20406 1.3466 1.22134 0.870461 1.18348 1.20117 1.36244 1.29554 0.973284 1.16223 0.340241 0.271681 -0.00571733 -0.350478 -0.996249 -1.05654 -0.567994 -0.316261 -2.81892 -1.6265 -0.6759 
-0.208198 -0.273044 -0.201671 -0.0983325 -0.0778042 -0.293038 -0.196008 -0.313352 -0.413304 -0.508065 -0.689189 -0.936343 -1.03627 -1.11052 -1.2451 -1.19534 -1.21945 -1.3329 -0.947642 -0.666677 -0.338769 0.165902 0.491218 0.932487 1.09906 1.32486 1.29739 1.33175 1.39712 1.57329 1.96536 1.72257 
-0.619039 -0.718504 -0.934549 -1.00705 -1.13234 -1.08251 -1.09644 -1.10221 -1.11258 -1.07848 -1.0798 -0.951711 -0.871253 -0.685621 -0.525817 -0.310648 -0.0917057 0.0768143 0.570509 1.06106 0.979437 1.43998 1.36983 1.7411 1.5505 1.49206 0.965438 0.924372 0.659148 0.777531 0.609489 0.182989 
-1.63472 -1.57199 -1.25228 -1.22899 -1.1451 -1.19239 -1.12481 -0.943811 -0.722244 -0.528367 -0.467032 -0.338887 -0.353787 -0.39953 -0.229384 -0.196133 -0.089499 0.335576 0.435108 0.463211 0.409595 0.36973 0.378771 0.26691 0.722335 1.00043 1.29384 1.52738 1.45926 1.28763 1.7564 1.71279 
1.0306 1.5283 1.07802 1.15607 0.946595 0.688759 0.546254 0.404338 -0.0548633 -0.136985 -0.363395 -0.285377 -0.633957 -0.730108 -0.73191 -1.13942 -0.619912 -0.426251 -0.71357 -0.900123 -1.27095 -1.97751 -1.32398 -1.12941 0.163772 0.114807 0.431097 -0.237571 0.824924 -0.306896 1.53764 2.531 
0.704648 0.744168 0.857181 0.762414 0.915867 1.01328 0.998869 0.995943 0.932602 0.973589 1.07585 1.21829 1.34323 1.07221 0.818057 0.335876 -0.406394 -1.06413 -1.38312 -1.58017 -1.48056 -1.51539 -1.38926 -1.01991 -0.63346 -0.70419 -0.514326 -0.434928 -0.566052 -0.508507 -0.414955 -1.14672 
0.398737 0.683463 0.867376 0.958774 0.752018 0.300551 0.402029 0.194965 -0.16856 -0.493466 -1.14628 -1.45394 -1.53411 -1.40232 -1.49911 -0.934955 -0.181803 -0.188066 -0.429782 -0.0783064 0.697543 1.6844 1.58029 2.06993 1.47022 0.663021 0.689793 -0.609986 -0.930211 -1.10501 -0.542345 -0.714853 
-0.156494 -0.820312 -1.08189 -1.32985 -1.50507 -1.25796 -1.49382 -1.34805 -1.26308 -1.00291 -0.510556 -0.1755 -0.0462061 0.216384 0.688993 1.15448 0.857355 0.883238 1.4258 1.04064 0.583404 0.801387 0.66679 -0.142523 -0.469045 -1.1372 0.0847006 0.88119 1.43174 0.272859 0.910555 1.84096 
0.0859946 0.551916 0.762142 0.856979 0.940602 0.524039 0.643165 0.96822 1.13946 1.41571 0.913657 0.798593 0.411331 -0.0345353 0.450658 0.580059 0.813172 0.724496 0.864399 0.467674 -0.498201 -0.865755 -1.16695 -0.908279 -1.09183 -0.697224 -0.575226 -1.99566 -1.36935 -1.04483 -1.40317 -2.26124 
0.838335 -0.129079 -0.467548 -0.199694 0.21406 0.193442 0.105249 -0.0892947 -0.58683 -0.875338 -0.473101 -0.0925491 0.93315 1.15655 1.3416 1.06531 1.20203 1.43044 1.57697 1.2345 1.14907 0.257372 -0.320916 -0.75228 -0.0968717 -0.185776 -2.13185 -2.15527 -1.02834 -1.49012 -0.965004 -0.65821 
-0.486433 -0.0555282 0.411751 0.147475 0.225182 0.681439 0.707325 0.887609 1.00762 1.16119 0.743417 0.546767 0.43319 0.590681 0.175455 -0.437097 -0.946158 -1.16853 -1.38368 -1.34459 -1.56561 -1.68456 -1.92398 -1.8374 -0.882411 0.640316 0.463891 0.925736 1.16986 1.29931 0.788078 0.70968 
-0.298096 -0.605983 -0.687544 -0.493113 -0.42974 -0.582052 -0.683658 -0.62657 -0.680505 -0.891229 -0.971415 -1.0801 -1.15939 -1.19295 -1.29027 -1.15604 -0.852339 -0.350929 0.0575632 0.431897 0.830356 1.09096 1.33897 1.59245 1.62493 1.98487 1.33353 1.44684 0.881921 0.650846 0.62152 0.145261 
1.28215 1.28215 1.0344 0.835557 0.744296 0.878545 1.0767 0.923146 1.00487 1.00347 0.589036 0.206799 -0.147064 0.357919 0.660548 0.324904 0.268786 -0.120329 -0.468695 -0.343986 -0.166638 -0.267364 -1.09708 -1.56227 -1.58577 -1.81884 -1.68668 -1.23725 0.814253 0.194702 -1.49013 -1.49013 
-0.658948 -0.658948 -0.553815 0.07553 0.942484 0.103083 -0.522142 0.463055 0.763188 0.449485 1.25054 1.19666 0.0254623 -0.516999 -0.035168 0.37004 0.203217 0.110209 -0.421377 -0.140099 -0.6895 -0.972598 -0.373881 -0.677533 -1.08252 -0.769778 0.47728 0.820317 -2.46818 -1.43401 2.36247 2.36247 
-0.360973 -0.360973 0.111007 -0.0316795 -0.925698 -0.711009 -0.436297 -0.989091 -0.925718 -1.15351 -1.58118 -1.35332 -0.868086 -0.96533 -0.617321 -0.307295 -0.765318 0.383482 1.49033 1.3294 1.95719 1.94992 1.77199 1.3265 0.721844 0.177295 -0.359975 -0.0994075 0.298565 1.21536 0.0396427 0.0396427 
-0.922219 -0.922219 -0.851892 -0.615231 -0.29621 -0.00580116 -0.150792 -0.141504 -0.0375599 -0.0139353 0.231184 0.44443 0.594497 0.801418 0.878446 1.03267 0.911017 1.62753 2.46732 0.966995 0.888752 0.918653 0.685843 0.371754 -0.748879 -1.62518 -1.57985 -0.898175 -0.48236 -0.228924 -1.64989 -1.64989 
0.643261 0.643261 0.472507 -0.548439 -0.854008 -0.924629 0.0637263 0.730406 0.786152 0.0924467 -0.192134 -0.522187 -1.27502 -0.473878 -0.131886 -0.406851 1.28951 1.25876 -0.459889 -1.12292 -1.41718 -1.14592 -1.45762 0.474955 2.16321 1.46182 1.26893 -0.296299 -2.05047 0.273949 0.828213 0.828213 
-0.100305 -0.100305 -0.568389 -0.299797 -0.674451 -0.599748 -0.470447 -0.823699 -0.757003 -0.497341 -0.318718 -0.454989 -0.649261 -0.262458 -0.609752 -0.0282725 0.642284 -0.257666 -0.681766 -0.774918 -1.35494 -0.212349 0.792793 1.50628 1.23463 0.144982 -0.546249 0.286086 -0.230525 0.641781 3.01226 3.01226 
0.540034 0.540034 0.263017 0.346441 0.742885 0.3966 0.189611 0.0886801 0.179268 0.520878 0.730171 0.776947 -0.0759791 -0.85798 -1.29357 -2.3005 -2.66264 -1.78947 -0.839144 0.0243746 0.359014 0.413725 1.24749 1.78449 0.876663 0.471135 0.78083 0.118676 0.0735942 0.53707 -1.09117 -1.09117 
0.652654 0.652654 0.407609 -0.0875718 -0.775662 -0.384971 -0.0751849 -0.664583 -0.81395 -1.18064 -1.15877 -0.432929 0.124085 0.103007 0.651035 1.72836 1.00534 -0.255671 0.197768 1.48755 2.2929 1.17755 0.547313 -0.0808779 -1.72463 -0.930552 -1.55491 -1.99473 -0.568802 0.550272 0.553174 0.553174 
-1.29248 -1.29248 -0.786364 -0.681259 -0.0787421 -0.152546 -0.275883 0.114577 0.253807 0.749606 0.840739 0.398887 0.310694 0.728518 0.975448 0.0386621 -0.496346 0.525569 0.0253258 -1.19145 -0.45742 -0.0647563 -1.31501 -1.54858 -1.37679 0.507684 2.2902 1.47315 -0.906596 -0.800538 1.74219 1.74219 
1.24429 1.24429 0.686284 0.495911 -0.273087 -0.219701 0.895477 0.973838 0.900445 -0.111981 -0.7004 -0.527794 -1.02523 0.286694 1.15173 0.772675 0.444749 0.304588 -0.158629 -1.8214 -1.77753 -0.778043 0.163615 0.340514 0.544924 1.00438 -1.72492 -0.966569 1.65733 0.17669 -1.60157 -1.60157 
-1.34565 -1.34565 0.0188737 0.849805 0.53115 -0.0233185 -0.215443 -0.667616 -0.771413 0.222507 0.961574 1.65027 1.47667 0.548067 -0.00390907 -0.0573001 0.500219 0.511049 -0.119562 -0.375793 -0.982496 -1.52692 -1.01842 0.344365 0.722658 -2.15103 -2.07869 1.31585 0.831618 0.166842 1.01584 1.01584 
1.11963 1.11963 0.175952 -0.352872 0.625216 0.55487 0.18025 0.308028 0.271753 -0.458264 -0.933658 -0.520731 -0.0400031 -0.449478 -1.49477 -1.62215 -1.0925 -0.693531 -0.338605 -0.346568 -0.561105 -0.586089 -0.307086 1.31427 3.26376 1.72792 0.287829 0.858701 0.407499 -0.617862 -0.900014 -0.900014 
-0.900386 -0.900386 0.192889 0.508333 -0.246339 -0.60541 -0.149659 -0.0459047 -0.628788 -0.685923 -0.463834 -0.461878 -0.298383 -0.337637 0.0275655 0.900377 1.69952 1.9276 1.65102 1.62919 1.38166 1.05421 1.03871 0.569617 0.80131 -0.686982 -1.22375 -1.03569 -1.78522 -0.619521 -1.15315 -1.15315 
-0.0158963 -0.0158963 -0.240293 -0.0636965 0.312201 0.638813 0.314021 0.182625 0.354334 -0.205586 -0.635361 -0.567006 0.434228 1.17508 0.22643 -0.178418 -0.238761 -0.568565 0.0112898 0.604561 0.350156 -0.786317 -1.19763 -0.287805 -0.0258564 0.149807 0.920026 3.08601 1.87965 -2.33683 -1.63766 -1.63766 
-0.125988 -0.125988 0.259604 0.726363 -0.17352 -1.08776 0.0301491 0.597104 -0.198715 0.108193 0.267384 -0.94099 -1.24034 -0.227549 0.353076 -0.0443457 -0.349596 -0.573082 -0.343761 -0.354677 -0.700463 0.0029746 -0.00961868 -0.624574 -0.246918 0.765268 0.78383 -1.99505 -1.5716 2.76928 2.13565 2.13565 
0.577078 0.577078 0.401486 -1.27954 -0.839745 0.598516 -0.345963 -0.606041 -0.20609 -0.810367 -0.249634 0.873791 0.473717 0.304846 0.80604 -0.185877 0.846333 2.7721 1.16032 0.570777 0.759873 -0.231661 -0.770937 -1.29608 -1.41799 -1.33506 -0.344264 0.806661 1.61422 -0.322383 -1.4506 -1.4506 
0.189082 0.189082 0.472275 0.769868 0.834184 0.278938 -0.0574565 0.240424 0.257579 0.426512 0.653417 0.539676 0.532107 0.444707 0.381649 0.143902 0.816745 1.96723 -0.685478 -1.78402 0.0470812 -0.137878 -0.549503 -1.61189 -2.28464 -0.889428 0.974874 1.4182 0.905767 -1.29216 -1.59543 -1.59543 
-0.132178 -0.132178 -0.826707 -0.918419 -0.271931 0.6083 1.10987 0.475435 -0.450008 -0.681525 -0.43414 -0.75268 0.0168473 0.761632 0.0295806 0.950932 1.11707 -1.2061 -1.63623 -0.667244 -0.0316611 -0.0435253 1.08663 2.44716 0.655327 -0.624375 -1.21203 -2.27414 0.371912 1.94229 0.361039 0.361039 
-0.648868 -0.648868 -0.407506 -0.323548 -0.49778 -0.0449145 -0.429485 -0.485743 0.0650359 0.165617 -0.190179 -0.525272 -0.0552234 -0.192733 -0.0177925 0.896874 -0.434376 -1.41806 -0.693053 -0.833165 0.277302 1.70177 1.31617 0.168806 -1.45153 -1.82858 -0.101438 0.0554808 0.0913999 2.68581 1.90193 1.90193 
-0.117893 -0.117893 -0.0327615 0.654487 0.215982 -0.399804 -0.149428 0.15424 0.605842 0.726977 0.426107 -0.657858 -1.5036 -1.07772 -1.30725 -1.2323 0.686279 2.02562 2.01578 1.38748 0.562117 1.07146 1.56362 -0.213625 -1.17544 0.0670006 -0.194879 -0.556919 0.591754 -1.02381 -1.49678 -1.49678 
-0.199433 -0.199433 -0.626462 -1.00853 -0.244581 0.615959 -0.229242 -0.625202 -0.433141 -0.285479 0.656688 1.11819 0.474063 0.466313 1.41354 0.31743 -1.69908 -0.684539 1.51519 1.81867 -0.25545 -1.49346 -1.07334 -1.94737 -0.720847 0.158251 -0.905831 0.862278 2.20663 0.979447 0.0143904 0.0143904 
0.151985 0.151985 0.224211 0.290458 0.167515 -0.33128 -0.0122455 0.168186 0.240573 0.207522 -0.436816 -0.560046 0.0307087 0.261 -0.669865 -1.2072 0.138786 0.162676 -1.37572 -0.527542 0.578439 -0.785126 -1.21547 -0.238267 1.21722 2.32409 0.467641 -2.39259 -1.75824 1.62439 1.55151 1.55151 
-0.209388 -0.209388 -0.339177 -0.483024 -0.316839 0.967715 0.984741 0.174423 -0.569231 -0.920354 -0.112449 -0.050417 0.72632 1.65519 0.502358 -0.310954 -0.148087 -0.240323 -1.27837 -0.932666 0.882352 1.49443 0.933622 0.430997 0.623631 -1.37645 -1.17268 2.47691 0.950463 -2.05075 -1.04131 -1.04131 
0.781118 0.781118 1.34662 0.201113 -0.741737 -0.655625 -0.586007 -0.525894 0.458262 1.03188 0.824161 0.203035 -0.897642 -1.15515 -0.559512 0.195568 0.239275 -0.569322 -0.751073 -0.734802 -0.930936 -0.17197 1.126 1.03739 -1.84579 -2.05401 2.2119 1.83312 -0.929494 -0.0221482 0.430273 0.430273 
-0.663029 -0.663029 -1.11305 0.522327 0.912482 -0.23864 -0.0700417 0.217881 -0.512081 -0.88576 0.0868571 0.900493 0.20065 -1.09796 -0.8579 0.482337 0.930246 0.781564 0.435273 -0.0493272 -0.0638122 0.356179 1.75717 3.17872 0.492028 -2.39243 -0.599672 0.241851 -1.1165 -0.972646 -0.10009 -0.10009 
1.34096 1.34096 1.72847 -0.541649 -1.37026 0.11669 0.685251 -0.590666 -0.788312 0.200563 0.273153 0.201172 0.150548 0.398337 1.51877 2.05185 1.25982 -0.0616576 -0.368667 -0.332982 -0.708407 -0.423378 -0.597381 -0.293708 -1.54576 -2.48978 -0.430444 -0.691822 0.509163 0.774393 -0.657623 -0.657623 
