48
4.36145 4.15271 1.86108 0.211312 0.124161 -0.0991618 -0.267117 -0.0442925 0.213569 0.336572 0.324637 0.0194438 0.0581421 0.045891 0.513312 0.0488511 -0.367778 -0.0206195 -0.233795 -0.154736 -0.317679 -0.100356 -0.0975157 0.108379 -0.416959 -0.405725 -0.617867 -0.770258 -0.0375398 -0.381578 -0.49406 -0.722907 -0.396936 -0.435041 -0.184455 -0.627375 -0.393438 -0.375296 0.106574 -0.479352 -0.876792 -0.175049 -0.680264 -0.644154 -0.0777377 -0.700416 -0.705005 -0.18483 
-4.19337 -3.03165 -1.81697 -0.812656 0.179539 -0.182987 -0.564455 -0.934845 0.243836 0.130398 -0.0922808 -0.0670119 -0.0321354 0.249027 0.593221 0.125139 0.161922 0.479593 -0.704145 0.020398 0.712835 1.20246 1.47113 1.16774 0.0200728 0.314751 0.0321542 -1.18345 -0.0267431 -0.223946 0.270976 -0.123393 0.636028 0.176553 0.458991 0.296669 -0.556711 0.0706716 0.728673 0.438657 0.751498 0.448262 -0.000622134 -0.370637 0.328404 1.09246 1.50178 0.614176 
-1.03729 -0.200049 -0.554084 -1.31217 0.631641 0.0271263 0.339946 -0.0355152 1.05103 0.851678 0.46914 0.313504 0.37124 1.16951 -0.70139 -0.532159 1.10351 0.254335 -1.16596 -1.09284 1.0469 1.19072 0.830069 0.92034 1.49207 0.118922 -1.01158 -0.938186 -1.79714 -1.86985 -0.853506 -0.890759 0.361476 1.53757 1.41792 1.15469 -1.1019 -0.479953 0.927805 0.148123 1.74345 -0.883768 1.05833 -0.0387671 -0.487518 -0.628742 -2.02174 -0.896173 
2.25635 3.6784 1.65103 1.21092 -0.363152 -0.177803 0.175509 0.250889 1.97848 -0.137527 -0.639792 1.30899 -0.0891566 0.0278293 -0.436662 -1.17228 0.669699 0.042009 1.21962 -1.24535 -0.641014 -1.16322 1.03769 -0.438411 0.465816 -0.207692 -0.165429 0.0950524 -0.515374 -0.642188 -0.270904 0.303454 -0.181643 0.0989765 -0.272586 -0.772993 -1.69916 0.261552 0.302055 -0.385496 -1.03338 -0.789184 -0.682588 -0.44465 0.0869119 -1.07452 -0.497591 -0.981494 
-1.67644 -1.18332 -0.784753 1.10919 0.612356 0.779345 -0.0844281 0.72522 1.44604 -1.88618 0.46192 0.574708 0.488239 0.131129 2.1947 1.25485 0.282546 -0.711552 0.613342 -1.0325 0.657207 -1.14373 0.509267 0.257743 1.10682 0.34777 1.63211 0.179522 -0.849262 -2.3972 0.0472013 -0.152818 0.418837 -0.411873 -1.02823 -0.919037 -0.924557 0.438578 -0.300654 0.173031 -1.35559 -0.730882 -0.502432 -0.0760067 1.97391 0.857967 0.0100958 -1.13218 
0.397606 -0.944312 -1.52065 -0.358802 -0.552411 1.0802 -0.126552 0.573129 1.01969 -0.540484 -0.497642 0.147352 1.19524 0.542152 1.27234 -0.175408 1.92548 0.678298 0.423988 -0.968341 0.51393 0.621942 0.55278 1.42593 1.2613 1.23777 1.8185 0.594371 -1.13278 -1.87238 -0.282946 -0.0437963 0.389077 0.434069 -1.09608 -2.00523 -0.281066 -0.772579 -1.20786 0.340382 0.330684 0.306321 -1.08065 0.0739419 0.0182793 -0.593586 -2.65087 -0.470327 
0.188951 -0.72796 -0.565398 0.547779 -0.00505136 0.177388 -1.03182 -0.345478 1.88729 0.839635 -0.467576 0.760705 0.918109 0.207784 0.250222 -0.241803 1.8936 0.839606 -0.141055 0.320886 0.516963 1.49977 -0.0177787 1.09049 1.6092 0.833186 -0.108889 -0.796418 -0.5753 -1.42665 -0.819605 -0.195636 0.458372 -1.11337 -2.30517 -2.64219 -0.347797 0.694991 -0.177733 -0.906338 0.68901 1.2642 -0.935902 -1.76732 0.0690155 0.75687 -1.14384 0.492072 
2.61448 0.33918 0.182442 0.312359 1.48947 0.0100891 0.335336 0.826549 -0.256085 0.97969 -0.891587 -0.951804 0.390878 -0.899911 0.863673 -0.14545 0.669997 1.24586 -1.03448 -0.839394 -1.6422 1.29709 -0.624898 -0.0850621 0.455184 1.18229 -0.590038 -2.60641 -2.081 -0.33069 0.25842 -0.0589623 0.650674 0.120434 0.0154515 -1.18165 -0.530199 -0.921502 -0.659712 0.356755 0.152641 0.412943 0.12958 -1.12145 -0.928306 0.504075 2.06264 0.52262 
0.740187 -0.677313 -2.37522 -1.14992 0.533439 0.414333 0.836118 2.06309 0.113151 0.156178 -1.06771 -1.65186 -1.68545 -0.272064 0.280132 0.501315 1.32414 -0.0519507 -1.9046 0.600066 0.627596 -0.548319 -0.973835 0.153633 0.940339 0.82991 0.0772841 0.367502 0.384586 -0.211957 2.21995 0.794561 -0.57577 0.869671 -0.397115 0.934183 1.09867 -0.0320214 -0.468047 0.308205 -1.53426 -0.531419 -1.81829 0.0388292 -0.821323 0.679107 0.930558 -0.0682736 
1.40925 0.963696 0.0885262 -0.355484 0.618058 -0.312687 0.370373 0.899262 0.482035 0.492778 -0.256475 -1.12345 -0.38039 -2.22708 -1.28982 0.67913 1.0192 0.617967 -0.215194 -0.213243 0.581143 0.771482 -0.536939 0.488818 0.553645 -0.13885 -0.255868 1.13499 1.40608 -1.71358 1.70505 1.1968 -0.244073 1.75088 -0.918942 -0.950618 -0.719137 -0.521958 -0.4814 0.27412 -1.47767 -0.820765 -0.737072 0.324078 -2.74376 -0.560945 1.50073 -0.132692 
0.186033 -0.813717 -0.799034 -0.161999 0.919903 1.1895 1.3294 -0.358138 0.212447 -0.341854 1.39791 0.190209 -0.506185 -1.86092 -0.363473 -0.674029 -0.0740045 -0.489127 -0.855246 -1.38136 -1.00355 0.11599 -1.01561 0.203957 1.82538 1.71555 0.644307 1.43017 -0.0266563 -1.56856 -0.766596 0.713756 0.37942 0.464094 -0.90238 -1.60794 -2.02094 -1.30513 0.0580033 0.832778 -0.425055 1.04948 1.11876 1.61537 -0.457173 0.873454 0.140791 1.17201 
1.55382 -0.546397 -2.16937 -1.18214 0.915788 -1.42819 1.04064 0.569839 -0.550799 0.269323 1.09138 -0.248434 -0.7363 -0.591649 -1.4659 0.919282 0.305621 0.411485 0.31318 -0.319849 -0.850309 1.24852 -1.24837 -0.178418 1.43231 -0.429483 0.886803 1.17044 -1.95887 -2.63044 0.849653 -0.401627 -0.196161 0.215085 0.461484 -0.149158 -0.570926 -0.183645 0.405781 -0.403941 0.393234 0.865683 0.138917 1.35626 1.69762 0.382459 -0.973362 0.519122 
1.37522 0.151585 -0.65169 -1.26028 -0.468884 -2.14099 0.0390473 1.4777 0.450062 -0.605248 -0.582864 1.21596 -0.409806 0.421009 0.175046 1.66461 1.20365 1.23692 0.604068 0.245475 -1.5733 -1.98564 0.126917 1.02426 0.670284 -0.0505422 1.54414 -0.938644 -0.903109 -1.48153 0.653606 -0.653847 -0.170086 0.229323 -1.26518 0.00990773 -1.21882 -0.539052 1.23583 -0.851265 0.450004 0.530854 0.0272232 0.639857 1.32166 0.420634 -1.83285 0.438752 
-2.63015 -2.63015 -4.30491 -1.74289 -0.0850811 -0.178991 0.339517 0.834398 0.718387 0.40483 -0.0928155 -0.0339694 0.306485 0.804744 0.279189 -0.748247 0.19501 0.431462 0.11988 0.17826 0.338949 0.531621 0.518339 -0.0955058 -0.321739 0.042255 -0.147908 0.9502 0.727469 -0.254815 -0.120941 0.388625 0.610304 0.522691 0.05222 0.0328705 0.568713 0.856859 0.154815 -0.867112 0.629408 0.504152 -0.269441 0.976 0.210361 -0.453256 0.874959 0.874959 
2.28387 2.28387 2.11605 1.87885 0.421665 -1.0428 -1.05118 0.612095 0.886032 -0.60796 -0.460085 -0.185505 0.0873042 0.417067 -0.381704 -0.709434 0.128258 -1.17294 -0.739174 1.26102 1.01058 0.558796 -0.286642 -1.7966 -1.159 -0.236746 -1.84686 -0.312416 0.773304 0.0677727 -0.142426 0.139558 0.0701471 -0.438365 -0.12157 -1.33247 -0.490561 1.12072 0.142684 -0.225292 -0.239385 -1.05146 -1.12266 0.10115 1.31018 1.00131 -0.759519 -0.759519 
0.40708 0.40708 -0.857076 0.963767 1.08546 -0.206961 -0.0254562 0.587651 0.727206 -0.436913 -0.402275 -0.0533955 0.702495 -0.825785 -1.32425 1.45441 0.647411 -1.77418 -1.04334 1.77768 1.83371 -0.147636 -0.190072 0.548761 -0.610873 -1.95975 -0.813486 -0.598307 -0.714084 0.77193 0.80003 0.986951 1.94842 0.861323 -0.279217 -1.97256 -1.27113 1.63255 0.521878 0.670509 -0.793503 -0.518717 0.693773 -1.20077 -0.443323 -1.19155 -0.187734 -0.187734 
-0.411933 -0.411933 -2.15453 -1.73033 -1.14503 0.658601 0.555693 1.84173 -0.208951 -2.29563 1.50817 0.669807 -1.04438 -0.170668 -0.968533 1.18985 1.29085 0.669139 -1.05018 -1.58665 0.231386 1.72545 0.832794 -0.380632 0.370431 -0.436188 0.437831 -0.172951 -0.535378 0.383299 1.03945 0.238056 -0.0368233 0.069421 -0.661458 -1.18045 1.12265 2.02725 -0.450977 -1.09517 -0.223243 0.482799 0.476938 0.874619 -0.434899 -0.392448 0.241575 0.241575 
0.650381 0.650381 1.6876 1.02462 -0.254088 -0.525788 -0.0499365 1.12336 -1.94344 -0.738545 1.81228 0.00962789 -0.338304 1.25367 0.822185 -1.4257 -1.46586 0.235075 -0.247505 0.0226191 -0.0922215 -0.119401 1.02785 0.432593 0.0567993 0.379087 -0.134438 -1.84717 -1.91777 0.653918 1.65197 0.265314 -0.201675 -1.08133 -0.385385 0.0669067 0.995373 0.452103 -0.206483 -0.79098 -0.679154 0.621855 0.475036 1.82372 0.681692 -1.46394 -1.48345 -1.48345 
-1.44271 -1.44271 0.534173 0.836363 1.20806 0.408118 -0.328494 0.976909 -0.807395 -1.12616 0.614967 1.40852 0.383595 0.132749 -0.494685 0.587569 0.745931 -1.11365 -1.22825 0.14289 1.32751 0.102549 0.706673 0.631295 -0.0766897 0.511823 -0.436128 -2.25835 -1.87579 0.742876 1.51566 0.602481 0.44918 -1.10075 -1.85411 0.715381 1.04513 -0.659886 0.95063 1.28665 0.0449811 -1.04247 -0.111603 0.939552 -0.455182 -2.03559 0.169196 0.169196 
-0.50041 -0.50041 0.88974 0.399858 -0.237486 -0.686956 -0.341897 2.01507 0.827681 -1.5964 -0.0379011 0.965028 -0.362477 -0.441203 -0.291717 1.14149 0.756667 -1.37713 -0.339058 0.466741 0.823416 -0.350029 -0.264118 1.13026 -0.160044 -1.16036 -1.09976 -0.303237 -0.41542 -0.151146 0.859115 0.891272 -0.612292 -1.87625 -1.03075 1.35651 2.30136 0.132603 -1.0804 0.60967 1.50247 -1.09655 -2.05975 0.704288 1.74464 -0.814382 -0.165179 -0.165179 
-1.70884 -1.70884 0.0224109 0.982503 -0.175855 -0.789019 0.629397 -0.383983 0.151945 -0.415712 -1.34855 0.964823 0.0790684 0.38203 0.584771 -0.0976899 1.04316 -1.18515 -1.45923 -0.395719 1.57954 0.773963 -0.953145 0.819149 0.953945 -0.710625 -2.68536 -1.03146 1.67976 1.72561 0.237304 0.324057 0.170844 -0.415511 -0.895515 -0.351038 0.228971 -0.0515062 0.961794 0.626441 0.0821597 0.0251171 -1.06272 -0.71974 1.21175 2.19457 0.0550646 0.0550646 
-2.06048 -2.06048 -0.276021 2.00707 1.0993 0.247466 1.15636 -0.445066 -1.24449 -0.754245 -1.17773 -0.374017 0.974755 1.37029 0.565291 0.748023 -0.330482 -2.137 0.483345 1.75287 -0.732316 -1.03822 0.517062 1.33557 0.499726 -0.539656 -0.269133 0.250588 -0.348167 1.28236 0.72271 -1.84462 0.0938081 0.163723 0.0866517 1.05307 -0.609304 -1.01478 0.272819 -0.676835 -0.523835 -0.148686 0.428133 0.716261 0.475419 1.22599 -0.461551 -0.461551 
-0.903036 -0.903036 -0.901948 0.401096 0.0580266 -0.146717 0.88209 0.106565 -0.258645 -0.492669 -1.11132 -0.0594789 -0.750018 -0.613143 2.07627 1.65535 -0.0152489 -0.842185 -0.558007 0.589151 0.721934 -0.760206 -0.171372 0.796547 -0.414543 -0.542715 0.925711 1.19927 -1.97992 0.238582 2.07921 -1.34595 0.418396 -0.447813 -1.87626 0.168692 0.329998 0.195428 0.588968 -0.674346 -0.743856 0.549861 0.834791 -1.38653 -0.595937 3.01955 0.329711 0.329711 
-0.791025 -0.791025 0.489383 1.32424 1.0368 0.299899 -1.23111 -0.894194 -0.00769768 0.90692 0.395781 -1.50996 -1.62497 0.091203 0.908032 0.206006 0.124207 -0.631578 -0.718405 -0.136451 1.1509 -0.0298728 0.0483778 2.20199 1.16204 -0.944357 -0.243679 -0.545311 -2.36625 -0.599269 1.76495 0.876058 -0.215739 -1.02315 -1.64133 -0.895449 0.216443 1.60586 1.65199 -0.398318 0.149081 1.18724 0.422243 -1.25324 -0.600814 0.447333 0.213114 0.213114 
-2.21794 -2.21794 -0.325252 1.95575 -0.0863649 0.141011 1.28931 -0.91112 -0.119751 1.07117 -0.252926 -1.05594 -0.145927 -0.382793 0.990711 1.15046 -0.24682 0.0691063 -0.383854 -0.648776 1.02592 -0.179551 -0.810279 1.7078 -0.0894365 -0.269936 1.04526 -1.68 -2.26556 1.78617 1.43079 -0.576638 0.442532 0.467625 -0.158818 -0.568421 0.0433312 0.663219 -0.0705746 0.0567809 0.842784 -0.0914308 0.36521 1.02 -0.532493 -1.57291 0.14825 0.14825 
-1.35003 -1.35003 -0.918515 0.200313 -0.545845 0.428422 2.61093 0.360424 -1.38935 -0.652647 1.34982 0.193474 -0.485686 0.482389 0.944567 0.793728 -0.228008 -0.348613 -0.623547 -1.45559 -1.4933 1.26493 2.18381 0.453284 -0.682028 0.685158 -0.551038 -1.64494 -0.308831 1.16425 0.652756 -0.505848 0.69169 -0.696262 -0.0818865 0.10458 -0.313095 1.79424 -0.146994 -0.47928 1.04175 -0.224568 0.148532 0.980238 -0.081751 -2.14116 0.0847676 0.0847676 
-1.70855 -1.70855 0.705091 3.84465 1.34253 0.269221 0.823911 0.22614 -0.535475 -0.895006 -0.544172 0.245388 0.659351 -0.156502 -1.59383 -0.210089 0.980598 -0.201566 -0.369324 0.075595 0.202109 0.0382143 -0.721591 -0.922209 -0.00100402 0.0329768 0.724573 0.693892 -1.26601 -0.930058 0.475388 0.558106 -0.00448495 -0.656547 -0.592238 0.355793 0.645479 -0.520713 -1.75491 0.31632 1.16106 -0.977576 0.313733 0.321228 -1.47726 0.495319 1.1205 1.1205 
-0.000618825 -0.000618825 -0.178283 -1.14403 -2.06326 -0.978099 1.3646 1.57606 -0.788755 -0.883176 0.441497 0.535074 0.576406 -0.226215 -0.718683 0.50704 -0.222095 -0.524638 1.94813 1.43565 -0.400895 -0.846551 -1.63914 -0.528328 1.29342 -0.390137 0.0683974 2.0876 0.409839 -0.560814 0.178842 0.284294 -0.307793 -0.0185223 -0.544614 -0.151302 1.96253 0.59938 -0.883101 -0.161097 -0.493733 -0.536501 0.98839 1.94729 0.799303 -1.42514 -1.1938 -1.1938 
-0.755977 -0.755977 0.35956 1.2086 -0.698739 -0.662093 0.505325 0.479624 -0.609192 -0.673469 0.253468 0.695342 -0.454697 -1.22317 1.41546 1.22644 -1.95948 -1.01733 2.19455 1.78113 -1.16104 -1.22136 0.445153 -0.239296 -1.51833 -0.105624 0.85259 0.0794053 0.857981 0.946127 0.150239 0.722069 -0.0584588 -1.34626 -1.71767 -0.58919 2.22717 1.11699 -0.570887 -0.78736 -0.710072 0.929684 -0.399351 -0.678134 0.0241512 0.175093 0.633496 0.633496 
-1.04835 -1.04835 -0.793759 0.603398 1.43131 1.01826 0.70761 -0.461406 -2.48565 1.0281 1.77732 -1.53447 -0.506918 0.043041 0.814076 1.35356 -0.315003 -1.40752 -1.35636 0.766688 1.98537 0.358473 -1.26651 -0.279983 -0.035825 0.0379712 0.155509 -0.586583 0.331369 0.942701 -0.089653 -0.648441 -0.103693 -0.377375 -0.75263 1.0683 1.92272 -0.94694 -1.8765 0.1342 0.944586 0.417754 0.232681 -0.549748 -0.762951 0.403526 0.378048 0.378048 
0.6944 0.6944 0.277742 -1.17772 -0.931812 0.170851 1.07897 -1.14744 -1.12758 2.40286 0.512746 -1.309 0.824379 0.771869 -1.64132 -1.39539 1.08627 0.808236 -0.0909681 0.14014 -0.0467027 0.746468 0.389456 -0.567713 0.00892427 -0.0776334 -1.35656 -1.0782 1.61438 2.28598 -0.20167 -1.12239 -0.803758 -0.0729025 0.764169 0.910298 0.28463 -0.712764 -0.738673 -0.254503 0.930457 0.76791 0.797873 0.172425 -2.02361 -1.31815 0.0302937 0.0302937 
1.07499 1.07499 1.25322 0.306471 -0.343579 -0.997272 0.244482 -0.373456 -1.3314 0.747925 1.40398 -0.227461 -0.843456 -0.609014 0.177261 0.64073 -1.09439 -1.25539 0.650122 1.41641 -0.11479 -0.457169 0.220863 -0.553031 -0.161462 -0.302996 -1.72487 -0.94012 1.67916 1.90931 -0.173803 -0.720017 -1.09558 -1.4495 0.980175 1.619 -0.902141 -0.146735 1.05709 -0.625156 -1.46473 -0.183351 1.07802 -0.293642 -1.84576 0.277267 1.20941 1.20941 
0.723722 0.723722 0.45789 -0.642317 -0.620387 -0.0872924 1.4356 0.60403 -1.99038 -0.500338 1.35931 -0.206764 -0.793717 0.00776294 0.828202 0.538265 -1.39734 -0.625223 0.969928 0.600174 -0.473849 -0.620778 0.772636 0.0258406 -1.27362 -0.540567 0.434476 0.340719 0.0518969 0.660984 0.535027 -0.829085 -1.53241 -0.257707 1.7236 1.77751 -0.694778 -1.86573 0.228243 1.37094 -0.956503 -1.96365 0.946578 2.0338 -0.854731 -1.06699 0.321651 0.321651 
0.99882 0.99882 1.57433 -0.157806 -1.10087 0.44374 0.203836 -0.32516 -0.0579778 -0.938413 0.788586 0.816812 -0.388306 0.264179 -0.32652 0.23582 -0.690821 -1.53898 0.434256 1.78259 0.662193 -1.55714 -0.0118718 1.10422 -0.955961 -2.22049 -0.23128 2.57766 1.61373 -0.90362 -0.879099 -0.078796 -0.482282 -0.678173 -0.000310622 0.635101 0.140592 0.400323 0.367428 -0.566243 -0.399414 -0.725244 -0.485453 1.32445 1.70799 -0.73232 -1.32146 -1.32146 
1.07032 1.07032 2.49451 0.815105 -1.14045 -0.00722484 -0.474818 -1.54046 -0.235683 -0.00117262 0.194367 1.29989 1.04527 -0.298241 -0.430985 -0.601598 -1.84249 0.464844 2.38367 -0.801144 -1.78389 0.73654 1.43795 -0.0536324 -1.21258 -0.52243 0.450133 -0.0921197 0.600798 0.625192 -1.99342 -0.435125 1.20998 -0.0472824 0.511954 -0.476953 -1.33274 0.507448 0.167991 -0.539769 0.286639 0.551017 0.496733 -0.0133216 0.27515 -0.627297 -1.0955 -1.0955 
0.00337726 0.00337726 0.770269 0.56772 -0.319671 0.48773 0.151803 -0.668629 -0.349935 -0.499093 0.257687 0.215376 -0.323115 1.66612 1.33783 -1.2282 -1.46716 -0.316697 0.845134 0.756032 -0.791411 -0.523007 0.918947 -0.140378 -0.78547 0.791528 1.02796 -1.70734 -0.562665 2.39169 -0.929823 -0.974718 0.531328 -1.34776 0.365574 1.3012 0.0184726 0.155151 -0.509158 -0.781681 0.72323 0.931832 -1.1369 -0.839301 2.59589 0.547517 -1.58033 -1.58033 
0.73395 0.73395 1.23753 0.291816 -0.656258 -1.40638 -0.758654 0.699571 1.04804 0.204992 -1.49623 -1.25729 0.927425 1.48951 0.0308643 -0.511183 -0.54361 -0.546642 0.260273 1.08917 0.0259034 -0.703417 1.30786 0.633369 -1.93624 -0.886304 0.202318 -1.31871 -0.0709314 2.45353 0.851524 -1.23312 -1.18397 -0.898292 0.0386445 1.08221 1.47039 0.827527 -1.24729 -0.944928 0.918017 0.126385 -1.51047 -0.655486 0.987392 0.452572 -0.179664 -0.179664 
1.04141 1.04141 2.42344 0.0393873 -1.20488 0.728157 -0.742826 -0.95909 1.0957 -0.186041 -1.39415 -0.0405223 0.302503 0.583325 0.82363 -0.855158 -0.760533 -0.188379 -0.540309 0.748817 0.178946 -1.21789 1.03817 0.331399 -1.30364 0.58215 -0.959693 -2.11134 1.99476 2.13423 -1.53695 -0.704128 0.527356 -0.469703 -0.733081 0.017128 0.640885 -0.174366 -0.472786 0.448042 -0.195152 -0.394709 0.568052 -0.64926 -1.67637 0.307103 0.93748 0.93748 
0.191884 0.191884 0.870477 0.156194 0.0685141 1.84482 -0.111081 -2.4961 -0.684289 1.59153 0.443352 -1.18311 0.105395 0.797641 0.118995 -0.781031 -0.762693 -0.309742 -0.741246 -0.597363 1.58022 2.16041 -0.562122 -1.80803 0.0707981 0.00960934 -1.4831 0.0770649 1.634 0.513385 -1.08279 -0.0462246 -0.185329 -0.53903 0.415889 -0.210072 0.954979 0.0309052 -1.44878 0.651162 0.0846495 -0.611597 0.660902 -0.209511 -1.96303 0.0311583 1.28023 1.28023 
