48
2.02968 -0.690023 -1.22703 -0.953396 -0.611506 0.18836 -0.898197 -0.712086 0.278208 0.431868 -0.536907 0.215945 -0.64386 -0.259986 -0.943156 -0.451506 -0.599576 -0.403345 0.323024 0.532057 2.57567 3.64963 0.989356 0.713447 1.20284 0.213165 -0.0435992 -0.623417 1.26297 0.295879 -0.532568 -0.603031 0.279743 -0.408743 0.839875 0.836013 -0.328204 -0.864855 -1.03789 -0.80734 -1.26164 -1.30759 0.16839 0.805086 -0.806897 -0.326986 0.55347 -0.501323 
-3.09458 -0.482051 -0.394439 0.238389 1.61034 1.26921 -1.1382 0.0769957 0.832915 0.93421 1.11635 0.0793102 0.918051 1.61495 0.0809443 0.17014 0.42313 -0.317924 -0.717917 -0.701981 -1.46861 -1.49043 -0.333487 -0.307881 1.36884 0.424784 0.798949 0.492249 -1.28006 -1.31661 -0.569973 0.288953 0.678051 -1.06519 -0.115495 -1.2891 -0.634843 0.517913 -0.815138 0.185221 0.236442 -1.15226 0.526334 0.350766 -0.550481 1.74639 0.769644 1.48717 
-1.87881 -1.1551 -0.589827 -1.39791 1.48032 1.31662 0.653013 0.870938 1.43816 -0.0674999 -0.409645 -1.01389 0.139059 0.151802 -1.82954 -0.939027 -0.480471 0.166732 -0.149302 -0.602294 -0.509048 2.36316 -0.215365 -0.769966 -0.472838 0.70289 1.24854 1.57238 1.46679 0.889736 0.18676 -0.0901624 0.40217 -1.2106 0.705285 1.61438 0.239071 0.64295 -0.84467 -0.0987889 -1.0824 -1.12531 -0.475298 -1.71657 -0.410162 0.399246 0.257204 0.627302 
2.47594 0.0184862 0.328256 -1.43024 -0.853007 0.746795 0.0295529 0.26272 2.16934 0.192422 -1.0832 -1.08544 0.565755 1.42857 -0.333685 0.886236 -1.37496 -1.36742 1.53657 0.317642 -0.474515 0.372474 -0.890914 -1.15811 -0.9224 -1.20023 -0.232091 -0.426774 -0.260275 1.0156 0.97826 -0.41752 -0.0667023 -0.11013 0.147432 1.11485 1.70455 -0.902128 0.419255 0.782048 -0.788277 -1.40227 -1.78934 -0.148556 0.835485 0.257508 0.826817 -0.694393 
-1.06464 -0.143943 2.00299 0.525293 -0.669358 0.318817 -1.42603 -0.0613817 0.385347 -0.665685 -0.281456 -0.304573 0.640376 1.15148 0.00247432 0.39008 0.0515157 -0.279225 1.401 0.762958 -0.686114 -1.18812 0.211462 1.95462 -1.46327 -2.28866 1.27826 1.71327 0.603786 0.426448 -0.361032 -1.30599 0.532038 0.413175 0.662217 1.56643 -0.556338 -0.373063 -1.0878 1.02902 0.0943764 -1.77232 -1.72468 -0.323743 -0.411147 0.292917 -0.725418 0.753629 
0.82911 -0.207964 0.471472 0.651986 -0.515612 -0.398075 -1.49868 -0.734918 -1.16121 0.681931 1.19817 0.741033 -0.785658 1.11025 -0.215022 -2.2099 -2.19997 0.623731 -0.423922 -0.406793 0.775194 0.810048 0.358975 1.54379 -0.547965 -0.136763 1.20334 0.114565 0.31488 1.75808 0.567618 1.42024 1.14923 -0.612728 -1.12357 -0.554649 0.212551 0.468316 -1.69552 -1.79533 -0.0700518 0.471077 0.660273 0.817718 -1.91091 -0.390713 -0.00285493 0.645221 
0.970681 2.82042 -0.0708906 1.40681 -0.130888 -1.05277 -1.02111 -0.285304 -1.04171 1.143 -0.0199419 0.0235428 0.376525 -0.649273 1.55646 -1.3552 -1.69883 -1.03695 -0.543736 0.850991 0.804318 1.1083 -0.422776 0.413074 0.436997 1.11059 -0.0407722 -0.969681 0.516611 1.04558 1.52042 0.590191 -0.31175 -1.45862 -0.154176 -0.637419 0.188231 -0.552738 -0.444231 -1.81967 0.786731 -0.451465 -0.50463 -1.6447 -0.869109 0.512021 1.29431 -0.28747 
0.0530787 -0.116829 0.0784028 1.75576 -0.807075 0.479143 1.7944 1.35267 0.46813 0.944537 -0.712592 -1.69994 0.998354 0.166762 2.09481 0.957786 0.628692 -0.375712 -2.01877 0.648474 -1.43204 -1.06971 -0.263538 -2.47674 -0.65874 0.739472 -0.884702 -1.16502 -1.04034 -0.322969 1.18488 0.0772651 -0.263231 -0.0401245 0.162779 -0.998632 -0.418062 -0.319454 1.03378 0.207967 0.512857 0.107705 0.582812 -1.39266 -0.521091 0.153997 0.899132 0.914315 
0.74646 -0.58954 -1.24224 0.411155 -0.436349 -0.156663 -0.972429 -0.106572 0.706762 -0.711881 0.891656 0.122514 0.667479 0.668584 1.78697 2.09067 0.767496 1.01034 0.320152 -0.51745 -1.46854 0.404891 -0.255957 -1.67355 -0.351844 0.246116 -1.94172 -1.19865 0.781134 -0.374943 0.67719 0.0195362 0.0126938 -0.770948 0.016326 0.464399 0.921509 0.7011 2.49788 -0.0763013 -1.99443 -0.633576 1.20955 -0.745098 -0.514698 1.02251 -1.44956 -0.982126 
-0.274224 0.452731 -0.0182394 0.920708 0.6176 -0.99529 -0.907492 0.796589 0.591393 -1.57389 0.196701 0.576062 -0.23108 -0.725241 2.00331 1.57618 0.145862 0.314289 -1.50132 -1.78272 -1.48676 -0.0682969 -0.66212 -0.595289 1.34519 -0.589066 -1.88676 -0.454827 -1.08054 0.205012 0.241366 -0.0663968 0.906328 1.21858 0.0166018 -0.576081 0.542095 0.976403 1.71271 -0.050501 -0.0443242 0.754383 0.504537 1.14465 0.250524 0.482281 -0.139652 -2.78197 
0.922594 0.365879 -0.106523 -0.239536 0.660828 -0.763726 -0.587124 -1.37891 -0.600605 -0.546672 -1.27342 0.518627 -0.794139 1.08343 0.406936 -0.0505956 0.467692 0.206695 -1.82116 -0.704129 0.140822 0.518807 -0.549755 -1.08887 -0.194623 -0.123765 -1.41083 -0.107931 -1.05525 0.0425128 0.24531 -0.480153 -1.77054 0.403105 -1.10692 0.530635 0.0744973 1.68416 2.0576 2.14649 -0.448375 0.517733 1.00806 2.55081 0.13884 -1.42742 0.505982 1.43294 
0.699643 0.995334 -0.686641 1.75551 1.69696 0.356615 1.1337 1.24268 -0.888814 -0.810321 0.195423 0.0855599 -1.81853 0.649586 0.136731 0.878869 0.676294 0.429484 -0.678342 -0.481446 -1.38306 -1.26967 -1.23186 -0.400034 -0.798512 0.506123 0.659449 0.845929 -0.51721 0.161919 0.0179878 0.526974 0.0195061 -1.50006 -0.46954 -1.9599 -0.783339 1.29163 1.12412 0.394185 -0.640497 0.264434 1.21335 1.77378 -0.165949 -1.93652 -1.43554 0.124009 
0.482138 1.88802 1.53119 -0.0476253 1.22172 0.273288 -0.241614 1.24496 0.28208 -0.85722 0.13112 0.964538 -0.50703 0.389702 1.51421 0.0817345 -1.05068 -1.25899 -1.5546 -1.63985 -1.86364 -0.546973 -0.202815 -0.393309 -0.733609 1.27319 1.30137 0.930058 0.0649492 -0.678265 0.41875 1.39202 0.311104 -0.00164433 0.977502 0.826141 -0.177724 -0.895027 -0.0242831 -0.139268 -0.909581 -0.106593 -0.0893351 1.35049 -0.352626 -2.60908 -1.09423 -0.874673 
-2.38608 -2.38608 -0.124705 0.539276 0.936825 -0.142321 -0.605993 0.963001 0.938485 -0.541528 -0.0888575 -0.00653449 -0.285285 -0.151844 -0.0704222 0.333829 0.110649 0.771259 0.780931 1.77607 2.42949 -1.12414 -2.14393 0.235542 -0.303682 -0.867377 -0.557746 1.06134 0.768764 -1.28221 -0.604832 0.68794 0.221043 0.497427 1.01464 -0.808181 -1.21069 -0.461883 0.117716 -0.0947692 -0.30366 1.15461 1.67033 -0.662533 -0.780979 1.10198 -0.0574408 -0.0574408 
1.98213 1.98213 0.429755 1.43686 0.67314 -2.29042 -1.07004 1.41046 0.537006 0.0870826 -0.805536 -0.290669 1.06899 -0.791584 -1.26811 0.13315 -0.517885 -1.02992 -0.436328 -0.723826 -0.75343 0.754929 0.792115 1.1997 0.439341 -0.58205 -0.0822703 -1.76541 -1.55358 0.421637 1.12382 0.843456 -1.19701 -0.757426 -0.310753 -0.542416 1.28178 -0.276549 -0.396051 0.689416 -1.18395 0.0921443 1.04341 -0.979549 0.959199 0.899994 -0.33844 -0.33844 
0.909231 0.909231 -0.275346 1.51332 2.01164 -0.727342 -0.432228 0.519604 -0.813286 -1.51652 -0.819436 0.336756 0.813887 -1.60993 -0.931134 0.955695 0.767539 0.168531 -0.682276 -0.36577 2.20568 0.139542 -2.51049 -0.28668 1.05142 1.24361 0.584825 0.0812097 -0.615472 -1.07745 -0.845348 0.0790118 -0.954032 0.146836 2.09705 -0.448105 -0.838798 -0.925652 -0.661174 -0.271414 -0.881406 0.381918 -0.544802 -0.0371989 1.54864 0.42852 0.088791 0.088791 
-1.34823 -1.34823 -0.884901 -0.707607 1.51853 0.660453 -0.245458 1.49384 0.0288253 -2.08061 -0.771638 1.16848 1.7419 -0.520794 -0.284077 -0.614811 -1.41847 2.00541 1.19241 -1.25768 0.111772 -0.200597 -0.939168 0.0545527 0.0475083 0.533014 0.588128 0.0567422 1.03154 0.896421 -0.874559 -0.617258 0.279186 0.217369 0.887436 1.1076 -1.26159 -0.776566 1.19183 -0.725021 -1.37251 -0.588156 0.906481 1.81536 0.344595 0.0696786 -0.555569 -0.555569 
1.73648 1.73648 0.333426 -1.62139 -0.178863 -0.500726 -0.28049 1.00158 -0.41159 -0.448152 0.153175 0.481194 0.793713 -0.431245 -0.503493 -0.0293856 -0.449616 0.731371 0.551599 -1.27903 -1.19945 0.467005 1.78042 -1.03779 -2.54038 1.54571 2.28304 -0.452639 -0.810863 -0.62249 -1.07155 0.464369 0.947632 0.0180793 0.616574 -0.770925 -1.19267 -0.368981 0.762141 0.633498 -1.69685 -1.12221 0.78934 0.710335 0.302669 -0.241922 0.211441 0.211441 
-0.253854 -0.253854 0.576561 -0.683147 -0.726098 -0.680411 -0.239672 0.220227 0.956376 1.59919 0.0303689 -1.36294 0.241871 0.379244 -2.27434 -1.36371 1.92265 1.20136 -0.712774 0.807878 0.819967 -0.293808 0.490485 -0.628488 -1.1561 1.18448 0.161471 -0.615886 1.11097 0.162432 -0.240352 0.386731 -1.39646 -1.56003 0.0296717 0.901318 0.68774 -1.31128 -1.55379 1.09866 1.53579 0.488154 0.226476 -1.76353 -0.834109 1.29139 0.696585 0.696585 
-0.74118 -0.74118 -1.03291 0.028514 -1.8531 -0.622503 0.67736 0.0594132 1.19555 0.876769 -0.802252 0.386447 -0.452022 1.0008 -0.477987 -2.47705 0.325116 0.981315 1.55597 1.13263 0.277327 -0.886656 -0.469595 0.749745 0.622515 -0.299079 -1.55567 0.512628 1.65581 0.862688 -0.28153 -1.36112 -1.531 0.199121 0.719502 0.344056 0.141963 -0.420379 -0.917892 1.04081 1.14843 -0.93705 -0.860107 -0.210243 1.76674 1.77199 -0.551354 -0.551354 
-0.0222609 -0.0222609 1.34157 -0.694705 -0.983484 1.87971 0.603963 -1.02014 -0.34228 -0.912684 -1.99337 1.22223 1.33723 0.768556 0.543055 -1.12339 -1.02548 -1.99557 0.715197 0.392223 -1.30949 0.821745 -1.07976 -0.332735 2.33356 -0.207785 -1.44704 -0.155867 0.580727 1.60192 0.254535 -1.11009 -0.127626 0.273565 -0.748623 -0.469792 0.460478 1.03093 0.348437 -0.425551 -0.114981 0.0106898 -1.14867 -0.855968 1.10093 1.00759 0.520384 0.520384 
-1.2675 -1.2675 0.778899 0.645543 -0.294834 -0.273108 0.128159 1.24337 -0.320499 0.220439 0.665058 -0.059593 0.467684 0.860222 1.06737 -0.604018 -0.645681 -0.212363 -0.951987 -1.13059 0.725262 0.92395 -1.32894 0.0282293 1.40799 -0.99449 -0.895151 1.95781 0.657739 0.0227133 0.363912 -0.361015 -0.447261 0.0963552 0.939532 0.713517 0.255903 1.17298 -0.438305 -2.98137 -0.287617 2.28717 0.017526 -1.08647 1.30389 -0.546098 -1.27841 -1.27841 
0.256632 0.256632 0.398588 0.510994 -1.1978 -0.936034 1.28512 1.08892 -1.50213 -0.179082 1.52489 -0.20124 -0.786178 1.58143 1.62632 -1.15859 -0.759787 -1.01779 -1.31901 0.0949663 1.23325 0.637424 -0.267674 1.42937 0.0893832 -2.079 0.175106 0.625083 0.527066 0.970409 -0.0965279 0.530496 0.94568 -0.510573 -1.11655 0.437103 1.12481 0.869095 -0.602431 -1.09135 0.624192 0.452751 0.346554 -0.0848795 -0.35833 -0.176058 -2.10063 -2.10063 
-0.779541 -0.779541 -0.473946 0.516162 -0.415362 -0.937375 -0.48099 -0.0470131 0.56296 -0.522559 0.731058 0.308393 0.370075 0.828985 -0.855208 0.00653002 0.148281 -1.68813 -0.694223 1.37779 0.844753 -0.535369 -1.19682 0.218848 0.658789 -0.914479 -0.0258693 0.219171 0.0712173 0.900741 -0.414263 -1.49122 0.59976 0.441344 0.054691 0.814809 0.794687 1.39302 0.296169 -1.84472 -1.21203 1.01316 1.42906 -0.664212 -2.90659 0.227511 2.02575 2.02575 
-0.933795 -0.933795 0.564572 1.69782 -0.942602 -0.359272 0.652447 -1.37792 -1.39921 0.790784 0.659299 -1.37195 0.427644 1.39882 0.193971 0.410567 -0.27978 -0.911703 -0.601969 -0.458019 -0.516309 0.139463 0.640976 0.336425 0.666473 1.05167 0.271124 -0.787465 -0.443564 0.40752 0.288749 0.034978 -1.38108 -0.307467 -0.287083 -0.185134 2.3037 1.36545 -0.592557 -1.1979 -0.0566561 1.32802 1.08754 -0.928922 -2.5561 -0.85234 1.4723 1.4723 
0.805618 0.805618 -1.41779 -0.206391 0.263202 -1.06595 0.747973 0.41426 -1.54184 -0.0883135 1.38123 -0.451238 -0.404073 1.52984 -0.205274 -1.88654 -0.974612 -0.351243 -0.259575 -0.206071 0.838267 1.26135 0.138612 -0.371265 1.26558 1.54007 -0.231473 -0.896915 -1.17395 0.287701 1.56637 -0.0560467 -1.01405 0.520566 0.640788 -0.836427 -1.25802 0.138446 0.587133 -0.635347 0.0484829 0.635172 1.10957 -0.171993 -2.92548 -0.528304 1.31616 1.31616 
1.35203 1.35203 1.77126 0.594474 -0.506103 -1.04986 0.622124 0.899399 -1.02569 -0.7244 0.262029 -0.199776 -0.167501 0.0599049 0.230889 0.0385692 0.20043 0.347448 0.558661 0.965113 -1.90689 -2.96332 0.782725 1.08614 -0.772118 -0.236167 1.142 0.761778 -1.55542 -0.943018 1.16816 0.445686 -0.196042 0.425306 -0.900092 -1.48078 0.142891 0.762972 0.156033 -0.341805 0.713078 1.17058 -1.22306 -1.62346 1.03832 0.381073 -0.807791 -0.807791 
-0.923289 -0.923289 -0.25794 0.263084 -2.36015 -1.04935 2.54729 1.16399 -0.772003 -0.784664 -0.147272 1.3407 -0.228641 -1.44172 0.713218 0.597928 -0.666093 0.156171 0.30451 -0.107204 1.07923 1.12336 0.396127 -0.130771 -1.07483 -0.242314 -0.679501 -0.869734 1.54717 1.87112 0.380967 -1.43097 -0.955337 0.6878 0.244337 1.1544 0.277936 -1.00618 0.740458 -0.418236 -0.292299 1.5738 -0.605727 0.0466534 1.34402 -0.754999 -0.715885 -0.715885 
-0.675354 -0.675354 0.404518 1.42054 -1.31295 -1.43563 0.792631 -0.190246 -1.18946 0.0360981 1.15869 1.0259 -1.13547 -1.01371 1.58876 1.06535 -0.435425 -0.835487 -0.282763 1.78336 0.344883 -2.80749 -0.217512 2.19025 0.963694 -0.241889 -0.661966 -0.684846 -0.659706 -0.0989723 0.738001 -0.025805 0.0807584 1.88184 -0.319373 -1.73265 -0.248499 0.147048 0.434795 -0.0931503 0.434248 0.243029 -0.213223 1.30369 0.320979 -0.841545 -0.165294 -0.165294 
0.26371 0.26371 0.37152 1.44346 0.813867 -1.09069 0.488739 0.148756 -2.19161 -0.504783 1.9577 1.51042 -1.04526 -1.25 -0.0752026 -0.707843 1.57529 1.56961 -2.00227 -0.675156 0.624766 -0.657094 0.137121 0.581952 0.272914 0.310712 -0.307647 0.251601 0.492565 -1.17711 -0.938479 0.683544 0.489493 0.351836 0.523306 -1.32482 -1.16377 1.47385 0.0133117 -1.57737 0.065194 1.36779 1.44351 -0.359707 -1.07956 -0.56541 -0.398237 -0.398237 
-0.751639 -0.751639 -1.86499 -0.244312 0.685726 -0.010422 0.903085 -0.0272084 -0.778224 0.369118 0.576763 0.412274 -0.472215 -0.691356 0.276336 0.0781443 0.480743 0.617695 -1.09755 -0.949839 1.0419 1.74462 -0.809586 -2.41342 1.51887 2.79461 -1.09069 -1.71465 -0.0492789 -0.101011 0.666473 1.19747 -0.206722 -0.141093 -0.401913 -0.982985 0.276384 1.16081 0.618415 -1.35305 -0.952496 1.46345 1.09118 -0.229721 -0.494893 -0.00449959 0.305669 0.305669 
0.457566 0.457566 -0.275856 -0.784343 -0.0243216 0.25729 0.498451 0.670443 0.776941 -0.56505 -1.75052 0.0972256 0.988413 -1.49089 -1.04069 2.41764 1.46751 -1.5603 -0.255005 0.866471 -0.667333 -0.217744 -0.220771 -0.984585 1.02963 0.741199 -1.07412 0.526896 0.427235 -0.812673 0.104676 -0.699018 -1.15935 0.8044 1.40712 0.357223 -1.31412 -1.33097 1.37719 1.77289 -0.381359 -0.788218 -1.33688 -0.643404 1.75271 0.86528 -0.372219 -0.372219 
-0.1478 -0.1478 0.492111 -0.4664 -0.364409 1.55364 0.439192 0.340486 0.520846 -1.17636 -0.267529 0.239224 0.398457 0.0124232 -2.06865 0.512253 2.11306 0.770138 0.1193 -0.742795 -1.18931 -0.422229 1.01463 0.68649 -0.60424 -1.28511 0.51744 1.96422 0.239122 -1.13991 -1.31262 -0.725207 0.968717 1.38486 0.115456 -0.320111 -0.432787 -0.61089 0.909001 1.27382 -1.16434 -1.18283 0.466256 1.61175 1.22313 -1.36946 -1.37263 -1.37263 
0.797257 0.797257 -0.429866 -1.42578 1.52679 0.932013 -1.77217 -0.594866 0.0401258 -1.01963 1.26193 1.98249 -0.29803 -0.503223 -1.16478 -0.969876 -0.550234 1.02435 1.41433 -1.24477 0.234211 0.113807 -0.720356 2.03234 0.0506669 -2.30294 0.00665601 1.19736 1.03466 -0.221205 -1.65897 -0.254933 0.809204 -0.398863 -0.472601 0.704009 0.87975 -0.0921511 -0.902352 -0.303901 0.23826 -0.647565 -0.546906 1.33105 1.09841 -0.374489 -0.318237 -0.318237 
1.17974 1.17974 1.10183 -0.64298 -0.552384 0.231376 0.870165 -0.277824 -0.613301 0.560014 -0.179316 -0.131029 0.521609 0.334596 -0.871106 -1.01645 0.213069 -0.194665 -0.552137 0.964086 1.18449 -1.21575 -0.538989 1.58313 -0.613179 -1.36117 1.70895 0.891438 -1.14617 -0.187375 -0.239894 -0.489598 0.251459 0.794408 0.344805 -0.415089 0.252684 -0.421269 -2.44261 0.0723015 3.06204 0.162531 -1.98654 0.73574 0.299948 -1.52425 -0.44353 -0.44353 
0.168957 0.168957 0.237442 -0.890152 -0.799155 1.59522 1.3162 -1.6157 -0.690078 1.92673 0.0689683 -1.32559 1.16859 1.55232 -1.58693 -1.3713 0.168251 -0.258245 0.760433 1.63747 0.412968 -0.831991 0.564976 0.300011 -2.05506 0.134696 1.72997 0.296905 0.292863 -0.297465 -0.185555 0.717448 -0.551818 -1.17397 0.659854 1.44805 0.345666 -0.969878 -1.11196 0.829807 1.02323 -0.0866871 -0.245091 -0.346993 0.0269164 -0.979053 -1.0901 -1.0901 
0.086043 0.086043 0.674066 -0.060657 -0.958702 -0.134425 0.433335 0.52455 -0.377875 0.00438354 0.398051 -0.309836 0.21373 -0.823142 -0.583904 0.50052 -1.1019 -0.59581 1.72539 0.818545 -1.23167 -1.30794 0.352479 1.0066 -0.76853 -0.502066 0.577823 -0.0377899 0.309334 -0.383775 -1.51603 0.506777 1.0523 -0.419165 0.126351 0.344033 0.24795 -0.391518 -2.01834 -0.991166 1.60184 1.47309 -1.09164 -2.67039 0.434143 2.83386 0.97252 0.97252 
0.767206 0.767206 1.42663 -0.981695 -1.30169 0.823465 -0.697426 -1.29852 1.15727 1.09315 -1.36316 -0.239481 1.50761 -0.240655 -0.679737 -0.380355 -0.874101 -0.292161 0.159313 -0.0548373 0.242988 0.568733 0.0099285 -0.0898455 0.311512 -0.334733 -1.17486 -0.520553 0.59067 0.321445 -0.321462 -1.07634 -0.303948 0.531904 -0.0334977 1.40287 0.797588 -1.78999 -1.59627 0.207155 1.36513 0.561115 -1.41798 -2.22489 -0.0601194 2.23941 1.24801 1.24801 
-1.26083 -1.26083 -0.57799 0.939999 -0.492057 0.265715 0.826824 -1.29827 -0.290832 1.64014 -0.212115 -1.01388 1.10915 0.104518 -1.93328 -0.441202 0.857875 0.395511 0.0742896 0.611291 0.819613 -0.401923 -0.927812 0.627709 1.06984 -0.8514 -1.38122 -0.538799 0.660203 1.53713 -0.201304 -1.46208 0.317484 0.925259 -0.772451 -1.07786 0.541975 1.03253 -0.443713 -0.311168 0.708626 0.590574 -0.462524 -2.28202 -0.208387 2.38339 1.03215 1.03215 
