48
0.401433 -0.658134 -0.892011 -0.366786 -0.788809 -0.861062 0.0336871 -0.243563 0.282408 0.162405 0.0117936 0.14717 0.0437572 -0.0349756 0.814062 0.778926 0.381175 0.426647 0.0193424 -0.372562 1.93635 1.24578 0.681906 0.283015 1.14392 1.71323 0.892706 0.962239 1.43074 2.16311 1.12726 0.93679 1.53311 0.0591266 -0.0388845 -0.799364 -1.03299 -1.15096 -1.28146 -1.33954 -0.828685 -1.2768 -1.74718 -1.58589 -1.40251 -0.970706 -0.961089 -0.978128 
2.60617 1.19816 1.22663 1.28261 -0.518717 -1.0835 0.150716 -0.0462209 0.492871 0.940516 -0.702553 -1.09647 -0.610572 -1.32613 -0.273046 -0.470032 -0.534907 -0.100129 -0.574846 -0.705578 0.33428 0.24291 -0.582188 0.113231 -0.969496 -0.994915 -1.12999 -0.661108 -2.13107 -1.07219 -0.75867 -0.362838 -1.11507 0.295177 -0.576422 -0.350863 -0.214588 0.0761052 0.191357 0.750423 1.5979 1.38173 0.076586 0.137223 0.358226 1.71747 1.78638 2.00542 
1.46935 2.03799 0.965304 -0.274597 -2.13688 -2.8253 -0.131334 -0.29401 -0.208529 0.752878 1.39691 0.57346 0.355565 -0.16568 -0.051027 -0.0142066 -0.0776957 0.24865 0.284599 0.805513 -0.563041 -0.112444 -0.312167 -0.281456 0.0126545 0.963637 -1.0234 0.889306 1.71534 1.76317 -0.126866 0.864165 0.725319 -0.0166773 -0.420868 -0.671086 -1.21747 -1.83038 -1.10718 -0.711925 0.570959 0.233325 0.0295487 -1.89762 -0.358795 0.789381 0.167566 -0.783958 
1.0157 3.06716 1.26559 0.255713 -1.61089 -1.58619 1.1957 0.0326278 0.362456 -0.016385 1.45777 0.913838 -0.691334 -0.288565 1.17017 0.490548 0.00159738 -0.757318 -0.0931356 -0.258864 0.585758 -0.484699 0.819831 0.517289 1.4792 0.869784 -0.954281 0.0770225 0.831885 -0.650309 -1.18225 0.764089 0.683737 -0.50858 -0.255993 -0.767352 -1.26618 -2.16583 -1.87604 -1.47027 -0.551061 -0.0315531 -0.38279 0.104664 0.267818 0.00625534 -0.202624 -0.183709 
0.0529886 1.70005 1.81055 0.777254 -0.773826 -1.72306 1.37009 0.664193 1.09916 -1.02375 0.248022 -0.50131 -0.162041 0.104898 -0.665516 -0.089232 -0.712545 -1.58289 -0.176898 -1.29355 0.00610585 -0.507586 0.215104 0.376191 -1.73291 -1.51744 0.90444 -0.37733 0.703014 -0.25044 -0.845079 0.373693 0.469178 1.16663 -0.951543 -1.12006 -0.248768 -0.262581 -1.74223 -1.46319 0.755132 1.50131 1.60656 1.39126 0.954803 1.01061 0.310564 0.15198 
1.42585 1.07649 1.05014 0.892462 -1.70134 -1.85065 -0.106166 1.10206 0.187564 -0.633927 1.40287 -0.178261 1.57795 1.37465 -0.613514 0.462523 0.0364844 -0.664391 0.0172052 -0.246434 0.297685 0.0135815 0.463822 -0.859648 -0.886034 -1.11779 1.10092 -1.02536 0.00696238 -0.0350916 -1.23361 1.89977 -0.665242 0.829888 -0.890461 0.658594 -0.921513 -0.68108 -1.16395 -1.15215 -1.29081 -0.271397 1.68043 1.59318 0.332912 -1.51886 -0.0907925 0.314482 
0.778306 -0.41646 0.246075 2.26886 0.369731 0.238161 0.352696 0.848285 -0.198015 -0.451567 -0.222531 -0.0769478 1.84662 0.517566 0.297833 -0.0852949 0.350277 0.103995 -0.396677 -1.08523 -1.01308 0.492652 0.60749 -1.32221 -1.21382 0.641052 -0.136838 -1.46865 -1.36663 -0.729056 -1.03051 1.28268 -0.614074 1.61115 1.52073 -0.226514 -0.703441 0.395812 -0.603298 0.794105 -0.0113642 -2.272 0.221821 2.06436 -0.419574 -2.17203 -0.285503 0.671068 
0.781446 -0.98101 -0.363889 1.28979 1.1477 0.666049 0.805883 -0.0773226 -0.0279257 -0.910288 -1.4864 0.516036 2.31355 0.971809 1.57596 -0.231535 -1.46516 -1.03937 -0.088776 -0.744978 1.24299 0.106046 -0.473007 -1.36421 0.00138303 1.26957 0.358258 -0.702495 -1.29858 -1.16392 0.313144 0.487984 -1.80741 0.691642 -1.41777 0.682448 -0.273998 0.265981 -0.91377 0.539328 0.376568 -0.339886 2.06466 0.67653 -1.14254 -1.13539 -0.526639 0.831497 
1.33932 0.549757 -0.0990823 0.227846 1.36725 -0.335435 0.514887 0.483718 -0.293622 -0.693987 -0.0874556 0.315632 1.37232 0.942596 0.600678 0.275962 2.24162 -0.108735 0.0516307 0.483091 -0.825501 -0.101107 -0.884137 0.379555 0.528271 1.09525 0.0650176 -0.644215 -2.8822 -2.12516 -0.573381 -1.40418 -0.967762 0.37812 -0.467097 1.1066 -1.05531 0.584167 0.00421977 0.538983 -1.34105 1.44759 0.819824 -0.958921 -1.83862 0.961855 -0.588396 -0.400426 
2.20703 1.99922 -1.17821 -0.883759 1.68415 -0.403291 1.12387 0.879425 -0.0998928 -0.148777 -0.270923 -0.271754 1.51457 2.61611 -0.155746 -0.327228 0.470911 -0.77834 0.621283 -0.0243423 -0.0169935 0.049592 -0.966291 -0.491918 0.3574 1.43061 -0.135248 0.169497 -0.381084 0.162367 -0.667142 -1.42798 0.748405 1.32507 -0.908178 -0.377554 -0.690798 -0.919242 -0.585256 -0.826415 -0.867499 -0.984874 0.130308 0.437078 -0.117384 0.508121 -1.49146 -2.03742 
1.37136 1.69051 -0.834389 -1.18979 1.30632 0.679996 0.201885 0.914383 1.56308 1.13021 1.08803 0.181717 -0.761712 0.617387 0.762188 -0.153673 0.265714 0.0506985 0.280427 -0.506506 0.513802 0.621781 0.206885 -1.12666 -2.13219 -0.628175 0.447656 -0.969352 -0.00619415 0.679103 0.168859 -1.15335 0.583949 0.295669 -0.701861 0.756072 -0.394372 -0.738178 1.19626 0.73607 0.591601 -1.38657 -1.0985 0.437221 0.138609 -0.998056 -2.81903 -1.87886 
-0.449041 -0.461724 -1.37641 1.10893 0.91758 2.01754 0.0873773 -0.176281 1.28697 0.798328 1.13599 1.44532 0.325243 0.602908 -0.670513 -1.40058 1.15262 0.376681 0.259544 -0.582871 -0.381603 -0.738211 0.700758 -2.09952 0.565763 1.35121 -0.235097 -1.4887 0.430901 0.877816 -0.20679 -0.28023 2.05406 -0.679804 -0.718921 0.814086 -0.548565 -0.514869 0.344173 0.120452 0.813629 0.114543 -1.58603 -1.06125 -0.622767 -1.33696 -1.98282 -0.102878 
0.43898 -0.69747 -0.779239 0.168096 1.21678 1.16584 0.15827 -0.484155 0.530835 1.07713 1.37671 2.21181 -0.354076 0.447153 -0.974444 -1.48146 0.667521 0.556238 -0.147609 -1.82545 -0.618558 -0.631529 1.5559 -0.662965 -0.674422 0.174023 -0.137191 1.46656 2.23163 -0.770162 -0.5461 0.399419 -0.136102 -0.745389 -0.100443 1.09025 0.841149 -1.81656 -0.229832 0.655304 0.612816 0.289453 -1.77136 -0.598144 -1.10499 -1.47394 -0.866963 0.296689 
-1.55601 -1.55601 0.446729 0.208964 -0.546084 1.11795 0.858894 0.39286 0.591576 -0.263437 0.0592917 0.118938 -0.151636 1.052 1.10709 -0.468503 -0.366637 -0.378711 -0.931435 2.50111 2.12369 -1.50672 -1.13813 0.662403 1.88594 -0.23892 -0.870495 0.758465 1.59612 -0.304969 -1.47119 0.591431 -1.03058 -1.90802 -1.00635 -1.17773 -0.365776 -0.235458 -0.159767 0.650731 0.157837 -1.08217 -0.312065 0.514107 0.855967 0.636379 0.069166 0.069166 
-1.41847 -1.41847 0.112359 -1.80097 -2.45008 0.724047 1.10868 0.381829 1.05584 -1.22595 -2.10593 0.120232 -0.216087 0.376988 0.919229 -0.249762 0.410843 -0.0177098 -0.609036 0.974682 1.01584 -0.934254 -0.111546 -0.380936 -1.13468 -0.143765 0.373099 -1.02274 -0.405793 1.45911 0.765786 -0.348613 0.712107 0.587286 -0.65148 0.402406 0.470513 0.44853 0.729155 1.49481 0.684183 -1.56671 -1.27727 0.31855 1.67644 1.51741 0.325151 0.325151 
-0.283561 -0.283561 -1.65162 -2.2489 -1.83174 1.61481 2.01251 0.0393311 0.889638 1.31215 -0.0379946 -0.689995 -0.461393 -0.20984 0.212306 0.0775517 0.296562 0.371781 0.518962 -0.543468 -0.596659 0.287498 -0.0301233 0.343435 1.03957 -0.685991 0.0414978 2.16943 0.758757 -1.2958 -0.582324 0.742357 -0.568584 -0.769303 -0.397299 -0.504857 -0.779218 0.181148 0.943777 1.36715 0.812755 -0.311822 -1.51422 -0.196036 2.1303 0.495889 -1.09242 -1.09242 
0.263926 0.263926 -2.10026 -2.15048 -1.35151 2.23839 1.32111 -0.572552 0.0330893 0.916818 0.789324 -1.58875 -0.85764 1.50852 0.672626 -0.83151 -0.892749 -0.00221901 0.455882 0.59523 -0.103465 0.251708 0.844746 0.580152 0.343162 -1.80837 -0.541286 1.45034 -0.490756 -1.48452 1.16324 1.51199 -0.911904 -0.654785 -0.128901 -0.709199 -1.00906 -0.400032 0.608104 1.09418 1.18202 0.200891 0.176137 0.573386 -0.00505752 -0.292368 -0.075763 -0.075763 
1.27399 1.27399 -0.659928 -1.85878 -1.79813 1.55275 1.72832 -0.189593 -1.21199 -0.60822 0.382834 -0.28998 0.443274 -0.357378 -0.134182 -0.0280467 -1.07181 0.392363 0.214646 0.137926 0.57297 0.156681 0.643543 -1.39963 -1.36039 1.90877 0.82849 -0.139446 0.0974383 -1.11109 0.456207 0.95414 0.578002 -1.01918 -1.64399 0.512948 0.624567 -1.07167 -0.860368 1.80777 2.14481 0.6202 -0.0735107 -0.464363 -0.268763 -0.458941 -0.613627 -0.613627 
-0.258068 -0.258068 -0.120126 -1.96776 -1.96175 1.16026 2.1372 0.223689 -1.23698 0.886889 0.340225 0.138309 1.12985 -1.56476 -0.644096 0.480074 -0.798664 -0.0015649 0.313088 0.214154 0.199427 0.131868 -0.616102 -0.959102 -0.173461 1.4422 0.0788248 -0.774944 0.724948 -0.880456 1.40471 0.421328 -0.757621 -0.149768 -0.110961 -0.0100367 -0.951774 -0.162157 -0.326689 -0.0789867 0.646132 2.15054 1.35413 -0.95742 -2.22724 -0.292606 1.33165 1.33165 
-0.351462 -0.351462 1.59536 0.0453905 -1.25813 -0.0397358 0.339735 -0.362644 -0.815921 -0.0442624 0.19724 1.22254 0.33029 -0.966542 -0.394198 0.00230295 0.0851036 -0.481383 -0.748984 -0.402394 0.925288 0.95112 -1.12754 -1.13144 1.15847 0.622216 -1.30593 -0.773532 0.418072 0.173947 1.1878 0.222541 0.169311 1.26226 -1.14133 -1.37519 0.347118 0.0311643 0.211564 0.328729 -1.88461 0.111663 2.59434 -0.417513 -2.59272 0.0516927 1.69083 1.69083 
-0.777799 -0.777799 1.48747 0.98403 -0.431928 -0.244981 -0.511253 -0.571223 -0.570664 -0.985442 0.927488 2.50146 0.283908 -0.507418 -0.816265 -2.03491 -0.553996 0.894374 0.176892 0.864783 0.546002 -1.15621 -0.993254 0.296253 1.72816 0.218328 -1.32601 -1.11698 -0.324295 1.05043 1.07707 -1.42447 0.116729 0.240058 -0.0244145 0.740123 -0.29448 -0.442556 0.16294 0.837315 -0.601331 1.10107 0.655675 -2.14503 -1.21982 0.390088 1.28594 1.28594 
-1.00623 -1.00623 -0.155196 1.20786 -0.339177 -0.559521 0.714562 -0.526098 -0.807512 0.247323 0.859741 1.20287 0.568069 -0.497997 -0.417956 1.34096 -0.203053 -1.57911 0.541285 -0.578404 -0.35512 0.045481 0.456552 1.16676 0.635705 -0.262932 -1.23571 -2.15629 -1.03865 1.85004 0.639737 -0.210436 1.4487 0.4718 0.64545 -0.358177 -0.308043 0.897781 0.0557344 -0.935234 0.782745 1.73727 -1.74415 -1.93618 1.55426 1.04314 -0.948202 -0.948202 
-2.02971 -2.02971 -1.70091 2.06017 0.500907 -0.1804 1.02608 -0.614737 -0.486715 0.0744161 0.105873 1.35521 2.07686 -0.90706 -1.74042 0.596606 -0.108934 0.284816 0.679968 -0.231458 0.234777 -0.435062 -0.168111 1.05291 1.44492 -0.136124 -0.639185 0.0254454 0.18171 -0.000884456 -0.854712 1.11304 1.98861 -0.898072 -0.928209 0.328681 -0.168228 0.255469 0.247145 0.00161268 0.0826459 0.839573 1.11723 0.024231 0.232885 -0.713138 -1.48001 -1.48001 
-1.39639 -1.39639 -1.87217 1.66927 1.47819 -0.619606 0.324698 1.11946 0.311608 -0.175687 -0.509619 -1.14529 0.466668 1.23423 -0.38447 -0.190798 0.303528 0.169756 -0.233632 0.323984 0.955189 -0.0570976 -1.07384 -1.49043 0.510975 1.97901 -0.0812624 -0.160734 1.32208 0.282848 -1.1331 0.452152 1.18141 -0.747536 0.484113 0.376258 -0.894554 1.28129 1.1992 -0.2671 -1.33778 -1.03269 1.44575 1.03194 -0.85296 -1.92672 -0.461873 -0.461873 
-0.634586 -0.634586 1.10878 1.61359 0.646739 -0.566772 -1.51843 0.849814 0.692799 -0.0927414 0.464158 -0.553197 -0.575294 -0.682311 -1.3856 1.28498 1.25297 -0.610653 -0.657044 -0.43483 -0.0957879 0.767999 -0.937431 -0.0815889 2.42088 -0.546293 -1.96934 0.477421 1.6642 -0.432419 -0.795572 1.59046 -0.266237 -1.92263 1.0552 0.131514 -0.914849 0.635662 0.456011 0.340255 0.00849961 -1.66209 -0.807959 0.68488 -0.179788 -0.936552 0.873882 0.873882 
-0.797687 -0.797687 0.561178 1.29836 0.647374 -0.693539 -1.07925 0.239685 1.01487 0.548337 0.736668 -1.13194 -1.15402 -0.40782 -1.26094 1.06748 1.32554 -0.534826 -1.5564 -0.310381 0.775302 1.41473 -0.0237694 -1.45769 0.542543 0.347066 0.83961 1.54147 -1.46186 -1.81466 0.759431 0.264097 -0.749814 0.0199847 1.19378 0.610756 -1.89884 -0.701671 1.60867 0.546233 -0.241845 -1.55802 -0.582083 0.431278 -0.574386 0.151954 1.15138 1.15138 
1.1642 1.1642 1.0189 -0.666352 0.495817 0.79891 -0.502752 -0.223011 -0.460711 -0.384929 0.174009 -0.188552 0.510525 0.709538 -0.988816 -0.960235 -0.00478533 -0.404797 1.70017 1.80729 -2.5088 -2.05291 1.26587 1.78832 -0.610444 -1.74408 0.549835 1.44766 -0.709509 -1.93405 0.488124 0.209596 -1.58704 -0.0448497 0.386617 0.331791 0.516153 0.0662337 0.481884 0.134428 -1.11861 -0.346808 0.915812 0.654115 0.0150629 -0.540461 -0.406273 -0.406273 
0.937844 0.937844 -0.298719 -1.70758 1.58038 2.24847 -0.272683 -0.0856656 -1.0906 -2.09492 0.818506 1.16987 0.114426 0.682229 -0.456573 -0.380076 0.0984606 -0.710648 0.589859 0.998626 -1.28523 -0.780129 0.306091 -0.712753 0.101769 0.922949 -0.61958 -0.5549 1.55247 0.705665 -1.21982 -0.0862035 0.553349 -0.932782 -0.170998 0.673618 -0.0217026 0.115645 0.624683 -0.0805769 -2.03013 -1.31918 1.16691 1.85744 0.723294 -0.924833 -0.822052 -0.822052 
-0.777375 -0.777375 -1.14218 -0.0518141 2.41807 2.40618 -0.904062 -0.627621 0.835612 -0.508374 -1.16466 -0.200399 0.351471 0.469683 0.233735 0.109664 0.237912 0.19404 -0.50081 -0.623192 0.565738 0.40423 0.0923677 0.711547 -0.570546 -0.551396 1.80223 0.496288 -2.05828 -0.760898 1.30306 0.0665953 -0.865083 0.16282 0.21972 -0.175064 0.477199 1.11057 0.782584 -0.0218221 -0.967273 -1.36306 0.128923 2.28419 0.480815 -1.91016 -0.911899 -0.911899 
-1.31024 -1.31024 -1.33879 0.459037 2.52796 1.55249 -1.56417 -0.698589 0.879979 0.463291 -1.3906 -0.902602 1.79385 0.903223 -1.29652 -0.85623 0.504814 0.799988 0.373042 -0.284439 -0.161772 0.572404 0.22015 -0.251609 -1.32407 -0.469215 1.88561 0.0621933 -1.6346 0.973545 1.73658 -1.14596 -1.19804 0.478505 0.00254683 -0.46678 0.209193 0.952615 0.882731 0.359666 -0.474239 -0.538233 0.245186 -0.0695106 -0.45859 -0.00671271 0.156584 0.156584 
-1.05679 -1.05679 -1.75607 -0.592646 2.06118 2.12821 -0.945039 -1.64381 -0.172925 1.00151 0.256884 0.106511 0.0319446 -0.265569 0.263354 -0.475654 0.316479 0.821637 -0.0771542 0.280265 0.082197 0.112422 -0.836531 -1.09763 2.00103 1.34802 -1.12345 -0.355161 -0.495494 0.280524 1.27589 0.1423 -1.07977 -1.22482 0.96494 1.39449 -0.853041 -0.794896 1.75082 1.82416 -0.621445 -1.22267 -0.561361 -0.0426322 0.0744193 -0.1299 -0.0189699 -0.0189699 
0.0210529 0.0210529 -1.09063 -1.17001 1.82012 2.40431 -0.625458 -2.09212 0.33709 0.887027 -0.512349 0.413157 -1.08664 -1.12929 1.16839 -0.154944 -0.351736 0.606975 0.0678502 -0.130331 -0.111453 -0.552631 -0.718357 0.204385 1.38287 0.0898514 -1.39595 0.326815 -0.125428 0.347058 0.721313 -1.36298 -0.40556 0.327138 0.0221298 -0.567843 -0.153471 0.314157 -0.0119014 0.523383 1.27951 0.364047 -1.93194 -2.21678 0.338062 2.07937 0.91534 0.91534 
0.988762 0.988762 0.13116 -1.66726 -0.13552 0.795684 -0.267085 -0.727847 0.0877419 0.472166 0.612505 -0.0148022 -1.29964 -0.489281 0.447645 0.17678 -0.356044 -0.549922 -0.0447145 0.83796 0.660484 -1.22425 -1.24071 1.17643 0.881883 -1.45198 -0.860691 0.865477 0.435823 0.337474 -0.0615321 -0.651953 0.486861 -0.8136 -1.54773 0.735143 0.689721 -0.163422 0.0762238 -1.24824 -0.208522 2.3898 -0.381214 -2.95844 0.171194 2.28168 0.818519 0.818519 
1.25524 1.25524 0.956227 -1.23019 -0.820141 -0.137301 -0.283954 -0.125473 -0.336206 0.79962 1.98081 -0.472432 -1.87727 -0.743619 -0.997421 0.0655842 1.64962 0.343914 -0.107762 0.129041 -1.29053 -1.00441 0.772481 1.52616 -0.136469 -1.90417 -0.883274 0.504768 1.19711 0.742137 -1.56012 -0.660571 0.898438 -0.174017 0.20682 -0.250589 -0.792622 0.181492 0.669975 -0.544115 0.0664647 0.656395 -2.01816 -1.20411 1.41551 1.39807 0.441893 0.441893 
0.505419 0.505419 1.29512 -0.094229 -1.01159 0.62286 0.0317271 -0.86947 0.460454 0.978308 0.56597 -0.156621 -0.973055 -0.558904 1.07779 0.13687 -1.67942 0.443605 0.592135 -0.506981 0.373819 0.482616 0.661991 0.116158 -0.815949 -1.07186 -1.08458 0.126527 2.33348 0.984761 -1.1814 0.481047 0.407625 -0.453011 -0.468495 -0.540056 0.740019 0.223122 -1.04962 0.433566 1.56071 -1.45163 -2.1159 1.92334 1.73847 -1.43747 -1.14135 -1.14135 
0.209413 0.209413 2.70962 1.45452 -1.4986 0.339957 -0.297888 -1.0148 0.448962 0.384769 0.842262 1.30107 -1.51302 -2.54673 0.990416 1.07539 -0.216424 0.51527 -0.352355 -0.305103 -0.144506 -0.276982 0.979981 1.06312 -0.799577 -1.39459 0.0982462 0.536539 -0.0266615 -0.698129 0.731331 1.88096 -1.34606 -1.94814 0.806336 0.496046 -0.0578268 0.266964 -0.177912 -0.118511 0.547883 0.67859 -0.551164 -0.597035 -0.499331 -1.14782 -0.518946 -0.518946 
-0.315781 -0.315781 1.77327 1.94121 -1.38531 -0.715555 0.990731 -0.0428459 -0.799117 -0.519556 -0.607081 0.540776 1.36852 -0.5372 -0.875727 0.370717 0.177562 -0.351988 0.055853 0.666147 -0.25992 -1.23203 -0.88063 0.899741 2.01146 -0.384478 -1.29733 0.792688 0.226539 -1.4834 0.0647459 1.33018 -0.742805 -0.446451 0.627788 -0.848382 0.498743 1.19996 -0.9485 -1.53166 -0.486736 1.60684 1.18278 -1.3911 -1.7804 0.195573 0.828973 0.828973 
0.891137 0.891137 1.17117 -0.332235 -1.28542 -1.27699 0.709869 1.15067 -0.598787 -0.202767 -0.331358 -0.652537 -0.147557 -0.525428 1.01536 1.38773 -1.12748 -1.13545 0.0215963 0.235403 0.591294 -0.542809 -0.547216 1.78698 -0.333714 -2.51126 0.491936 1.93965 -0.580639 -1.44042 1.04619 0.217696 -2.02471 0.65709 1.06353 -1.16876 0.203724 0.684504 -0.239803 -0.324178 -1.18667 -0.528839 1.22597 0.272522 -0.975371 0.508553 0.928343 0.928343 
0.703866 0.703866 1.12623 -0.0252934 -1.21591 -1.06393 0.460001 1.12512 0.10216 -0.234069 -1.03737 -1.15792 0.340196 -0.135936 0.770575 1.40721 -0.992698 -1.72585 0.0539152 1.26124 0.9137 -0.532496 -1.72039 0.249783 0.959336 0.0955227 0.609641 -1.39328 -1.99753 1.19798 1.11632 -0.93938 -0.214539 1.03888 0.263797 -1.84656 -0.826616 1.93491 0.640292 -1.13491 -1.28028 -0.269613 1.06507 -0.0702677 -0.234712 0.914078 0.49793 0.49793 
