68
-0.746662 -0.733434 -0.727132 -0.682049 -0.677719 -0.657538 -0.722435 -0.697711 -0.688626 -0.7522 -0.73846 -0.726746 -0.801873 -0.838994 -0.816007 -0.659898 -0.138915 -0.602472 -0.70279 -0.839329 -0.701534 -0.543081 1.1274 1.241 1.15277 1.17264 1.23796 1.17818 1.37963 2.12132 2.19927 2.19323 2.15893 2.04835 1.90032 1.73836 1.55712 1.38982 1.14255 0.793278 0.503906 0.565233 0.277489 0.0492644 -0.0694566 -0.198896 -0.136089 -0.200371 -0.353804 -0.535313 -0.608806 -0.659487 -0.632415 -0.64074 -0.711076 -0.694746 -0.754673 -0.760748 -0.689828 -0.580025 -0.756557 -0.67678 -0.697191 -0.783246 -0.691923 -0.673476 -0.737845 -0.688932 
-0.553975 -0.179817 -0.332224 -0.0567122 -0.290181 -0.416838 -0.348774 -0.608044 -0.309468 -0.424239 -0.464657 -0.319075 -0.53638 -0.626247 -0.547902 -0.944104 -1.90031 -0.650223 -0.615371 -0.364225 -0.497264 -0.861625 -0.653305 -1.04111 -1.77785 -2.62219 -2.08527 -1.6785 0.74248 0.781771 0.263483 0.292018 0.397365 0.837353 1.13797 1.49452 1.78693 2.04215 2.33936 2.74869 2.26633 1.48909 1.21327 0.9066 0.711838 0.468496 0.715279 0.378154 0.575953 0.345699 0.211641 0.0624872 0.00846813 -0.490722 -0.00930801 0.197345 0.148685 -0.31025 0.109598 0.158236 -0.275703 -0.00717151 -0.115193 -0.125339 -0.315432 -0.243652 -0.588038 -0.644565 
-0.378074 0.432002 -0.282254 -0.19462 -0.439086 0.0853597 -0.169916 -0.808437 -0.474553 -0.18182 -0.4906 -0.305062 -0.203581 -0.0200429 0.161982 -1.00269 -2.87506 -1.44354 -0.352811 -0.252463 -0.375146 -0.198831 -0.742319 -0.792748 -1.11516 -1.46683 -0.782424 -0.899846 1.94022 2.07038 1.36562 1.21262 1.14022 1.28219 1.35427 1.6246 1.73746 1.88461 2.04706 2.33856 2.36039 0.238704 -0.250039 -0.859298 -1.13664 -1.41669 -0.513881 -0.624832 -0.463237 -0.0213082 0.184036 -0.418856 0.210848 -0.346051 0.239387 -0.104855 0.364038 -0.134983 -0.0515336 0.14646 -0.419481 0.358937 0.0672199 -0.476888 -0.500193 -0.269373 -0.233744 -0.357388 
-0.051668 0.56252 -0.278993 -0.286147 -0.463807 0.485105 -0.0331057 -0.349063 -0.115467 0.142191 -0.41554 -0.283756 0.0854806 0.587546 0.642662 0.197023 -0.705998 -0.888157 0.198185 -0.0603224 -0.118257 0.401294 -0.420291 0.107991 0.260991 1.15411 1.58212 1.02704 2.25584 2.30727 2.14216 1.9016 1.54933 1.21671 0.854352 0.825574 0.443525 0.441197 0.385224 0.262835 0.775933 -0.757349 -1.45971 -2.18447 -2.61495 -2.66558 -1.88369 -1.60087 -1.54051 -0.601783 -0.194859 -0.874151 -0.0359006 -0.0563968 0.332602 -0.455253 0.132684 -0.10732 -0.497254 -0.363578 -0.448074 0.365696 0.035096 -0.592195 -0.513703 -0.370547 0.283813 0.343029 
-0.696553 -0.695011 -0.830654 -0.465229 -0.43855 -0.391341 -0.797474 -0.166821 -0.0661691 -0.410411 -0.648335 -0.493422 -0.623179 -0.581841 -0.709548 0.542009 1.44673 0.122664 -0.660183 -0.402972 -0.69803 -1.13773 -0.837223 -0.701895 -1.19743 -0.813951 -0.291323 0.572481 1.16822 1.19022 1.40006 1.40073 1.51638 1.59825 1.79079 2.09398 2.15257 2.045 2.00329 1.82996 1.73132 2.04359 1.31537 0.33501 -0.447493 -0.296642 -0.184424 -0.715907 -0.548814 -0.45679 -0.634574 -0.598666 -1.02904 -0.829429 -0.280666 -0.195649 -0.514292 -0.912745 -0.815495 -0.849462 -0.732512 -0.245039 -0.527316 -0.40087 -0.863963 -0.881909 -0.431367 -0.150281 
0.70566 0.648819 0.261371 0.191442 0.382673 0.0448152 0.453857 0.156222 -0.789345 1.02675 -0.00336295 1.10404 1.00671 0.773255 0.292856 0.240915 -0.968541 -1.33831 0.758631 0.092187 1.07828 1.51747 1.21152 0.76617 -2.05256 -1.41789 0.122995 -2.56753 -2.03312 -2.09066 -1.95723 -2.09837 -1.75463 -1.889 -1.47738 -1.03928 -0.406067 -0.242964 0.292648 0.352303 0.265234 0.207145 -0.350457 0.368822 -0.604251 -0.572263 0.17478 -0.591585 0.289223 1.35395 0.880486 0.413234 0.884124 0.810047 0.958289 0.310755 0.433968 0.239372 0.674044 -0.147698 0.11245 0.613468 0.730764 0.260537 -0.165398 0.647405 0.847835 1.60036 
-0.495881 -0.786034 -0.144452 -0.226892 -0.616644 -1.17503 -0.635315 -0.593964 -0.285273 -0.562808 -1.23018 0.250005 -0.689922 -0.355012 -1.43171 -0.39485 0.24897 -0.592347 0.340634 -0.635072 -0.453417 -0.186482 0.766444 0.282636 -1.60957 -1.96553 -0.45569 -1.07466 -0.285971 -0.840813 -0.956827 -0.870493 -0.940058 -1.17229 -0.863511 -0.546217 -0.204239 0.246316 0.597453 1.10331 1.34862 1.50138 1.05592 2.35841 2.17349 2.70141 2.50653 2.09255 1.31987 1.25369 1.29103 0.436106 0.859321 0.550667 0.148338 -0.441749 -0.117551 -0.477338 -0.209242 -0.154318 -0.0851309 -0.365417 -0.531354 0.269833 -0.646275 -0.0982455 -0.0539055 0.754736 
-0.316553 -0.594051 0.357685 0.12714 0.214036 0.0851882 0.0021202 -0.389659 0.417687 0.0628298 -0.252639 0.288893 -0.703445 0.0237417 -1.16528 -0.610557 0.122824 -0.285121 0.376664 -0.797969 -0.199154 0.459624 -0.414872 0.577184 1.55166 0.228982 0.990203 1.61423 1.3987 0.464187 0.21664 0.106038 -0.43473 -1.00857 -1.4295 -2.13782 -2.50761 -2.71236 -2.49113 -2.36241 -1.76449 -0.853496 -0.50535 0.436186 0.935748 0.983209 0.711439 2.39202 0.522453 0.312099 1.18567 0.452152 1.07713 0.649628 0.314527 -0.463175 0.788205 0.698572 -0.00722086 0.873506 0.917081 0.476911 -0.793711 0.460025 0.262625 0.263951 0.327753 0.473715 
0.357592 0.351313 0.279443 0.538289 1.21494 1.40125 0.361822 0.330343 0.385628 1.46214 1.12819 0.706014 0.486111 0.249602 -0.440029 -0.257093 0.196338 -0.42888 -0.333388 -0.518134 -0.103391 0.0300368 -1.02734 -0.090306 1.07696 -0.55943 -1.43419 1.30842 1.00851 -0.039842 -0.425803 -0.668326 -0.723642 -0.559142 -0.554359 -0.838018 -0.922559 -1.37837 -1.53963 -2.31474 -3.04664 0.25262 0.961266 -0.606982 -2.20643 -1.63231 -1.74977 0.172177 -0.350391 -1.29675 0.555761 0.670772 0.556255 -0.215208 -0.0201146 0.538675 1.56626 1.33312 0.852944 0.787111 1.2202 2.13236 -0.0741159 0.0199716 0.691318 0.359924 0.694151 0.117507 
0.444259 1.21967 0.281337 0.80663 -1.60426 0.163465 -0.424584 -0.840062 0.524247 0.11417 -1.18899 -0.264357 0.783505 0.80195 1.03267 -0.0825584 -0.66211 -1.47592 0.728958 0.791121 -1.08041 -0.0476247 2.50486 1.31424 0.88191 0.668985 -0.954028 -0.975698 1.33561 -0.149775 -0.254979 -0.773429 -1.49969 -0.794389 -0.354545 -0.478426 0.175023 1.13976 0.620729 0.12959 -0.133809 0.257508 0.709355 -0.84883 -3.23663 0.0154642 -1.08805 0.169898 -0.645441 -2.67569 1.11206 0.458569 1.6361 0.400993 -1.19038 -0.279558 0.201718 0.314928 0.733857 -0.675851 0.208029 1.4856 0.622607 -0.743589 -0.291678 -0.963629 1.10505 0.784553 
0.0875429 -0.856326 -0.0911323 1.50484 -0.0528663 1.05665 0.178889 -0.351107 0.504296 0.963234 -0.00930596 -0.516875 1.43116 0.370224 1.24112 -0.798354 -2.14262 -1.39028 -0.350109 0.6338 0.582899 0.989246 0.234335 1.29702 0.713812 -0.401552 -2.37197 -3.22466 -0.577529 -1.19004 -0.643293 -1.10654 -1.14888 -1.28219 -1.22765 -1.41558 -0.777418 -0.413697 0.37739 -0.167873 0.109181 -1.11202 0.215555 0.496735 0.147308 0.197068 0.212177 0.217499 0.0562812 -0.30774 -1.10234 1.75488 0.218629 -0.557685 -0.363342 0.464706 0.354955 0.762559 1.94591 0.468407 1.03523 0.87224 1.1597 1.81422 0.889898 -0.398104 0.557346 0.232137 
-0.505283 0.201434 -0.517479 0.133171 -0.311811 -0.0434597 -0.100251 0.419664 0.462618 0.932177 0.261175 0.302488 -0.159735 -0.189392 0.123799 0.378287 0.982751 0.529834 -0.335771 0.377906 -0.237686 -0.236099 0.922618 2.25275 1.51157 2.36475 0.793437 0.879209 1.57044 0.895684 1.07324 0.795513 0.0938774 -0.456662 -1.46978 -2.13677 -2.59012 -2.62522 -2.55128 -1.93966 -1.54709 -1.41887 -1.36807 -0.690571 0.232459 0.514804 0.0474784 0.791094 -1.05621 0.0422051 -0.150597 0.457051 -0.013093 0.624307 0.427415 -0.592086 -0.158893 -0.312581 0.52882 0.681499 0.0788273 -0.459123 -0.302368 0.399238 0.244559 0.628302 0.46441 0.0551366 
-0.47791 0.607153 -0.832641 -0.479739 0.180326 -0.260612 -0.103662 1.39343 -0.104345 1.73718 0.843885 1.04928 -0.0574652 0.0743603 0.423336 0.276177 0.15602 -0.357128 -0.659839 -0.707761 -0.596891 -0.625163 1.97051 1.80118 -0.548696 1.46587 1.822 0.435776 0.462299 0.415018 0.848911 1.49348 1.54396 0.776012 0.485809 0.10946 -0.744072 -1.35223 -1.75161 -1.31129 -2.38928 -1.19496 -0.874463 -0.502578 -0.892992 0.376948 -1.90584 -1.3167 -1.23083 -0.0164249 -0.436548 1.14597 0.17236 -0.104425 0.335958 -1.97171 0.444381 -1.3447 0.73475 0.122915 -0.382676 -0.336386 -0.187228 -1.18087 0.166498 1.13345 1.31561 0.9194 
0.0453624 0.0453624 0.122688 0.117903 0.057452 -0.1106 -0.0995693 0.0800234 -0.134321 -0.123022 0.0597403 -0.155986 -0.274533 -0.0363576 0.43271 1.6416 0.137354 -1.37087 -0.577024 0.000999304 0.717098 4.43773 4.32885 0.0595383 -0.167995 0.204732 0.0113984 0.341877 2.28744 1.98764 0.172509 -0.0999895 -0.35376 -0.629821 -0.754547 -0.835179 -0.848123 -1.00842 -1.45018 -1.55237 -0.555632 -0.551681 -1.25457 -0.844266 -0.604463 -0.163801 -0.00562888 -0.530554 -0.815128 -0.621072 -0.303484 -0.0593601 0.0434613 -0.193001 -0.133151 -0.107881 -0.162268 0.155363 0.436659 -0.164036 -0.236925 0.142065 -0.260497 0.0107395 0.26442 -0.113526 -0.0395683 -0.0395683 
0.333634 0.333634 0.191602 0.0748887 -0.504156 -0.0700075 -0.260945 0.0709486 0.279 -0.209087 0.16577 -0.088912 -0.427912 -0.00223559 -0.443298 -1.93285 0.437487 1.86442 0.426137 0.184407 -0.701804 -0.210314 -0.244071 -1.60477 -2.26209 -0.428276 1.37309 4.08577 3.55667 -0.675308 -0.690794 0.20712 0.799531 1.08069 0.960552 0.948722 0.80283 0.809748 1.03163 -0.0907939 -1.79922 -1.50184 -0.824317 -0.707611 -0.616429 0.0193082 -0.11572 -0.186246 -0.0323734 -0.510184 -0.393415 -0.278175 -0.782159 -0.011239 1.00504 0.241835 -0.716484 -0.0419235 0.688884 -0.540404 -0.223799 0.245458 -0.155784 -0.273949 -0.155992 -0.378145 -0.562882 -0.562882 
0.11367 0.11367 -0.667002 -0.159346 0.312673 0.300993 -0.95571 -0.319064 0.687248 -0.00721389 -0.123048 0.32028 0.318118 0.405154 -1.05173 -3.2717 -0.466254 2.73567 1.29721 -0.0140087 0.0680819 -0.38664 -0.631661 -0.392771 -0.718288 0.369687 0.622811 2.95222 3.21976 -0.610784 -0.916769 -0.233443 0.0852961 0.241431 0.380143 0.424196 0.291093 0.344689 0.500666 0.348708 -2.25898 -2.81071 -1.17637 -0.947935 -0.592186 0.683081 0.865804 0.064853 0.662295 0.709571 -0.419464 0.039099 0.0887998 0.0409665 0.270764 0.144824 -0.0224303 -0.43894 0.314255 -0.387477 0.23973 0.536056 -0.893066 -0.60302 0.234367 0.298053 -0.0849818 -0.0849818 
-0.320096 -0.320096 -1.1622 -0.262483 1.03328 0.571727 -1.14255 -0.123627 0.653794 -0.418693 -0.58929 0.66703 1.16887 0.743144 -0.541279 -1.83984 -1.48275 1.21344 1.10996 -0.440877 0.613626 -0.421351 -0.409517 0.911339 1.4058 1.77853 -0.184225 0.901078 1.72309 -0.16607 -0.561809 -0.815461 -0.940224 -0.953909 -0.542115 -0.568798 -0.53295 -0.0910175 -0.253737 0.517524 -1.39466 -3.04197 -1.94619 -1.57771 -0.664049 0.979082 1.431 0.4531 1.34206 1.81176 -0.381144 0.203433 1.0963 0.487429 -0.552573 -0.282952 0.45955 -0.865758 -0.359311 0.0546508 0.976383 0.642837 -1.31023 -0.755791 0.288397 1.06887 0.955106 0.955106 
-0.231162 -0.231162 0.312226 0.554623 0.0794298 -0.566892 0.304369 1.06116 -0.394662 -0.90026 -0.154869 0.00665754 -0.162944 -0.159884 1.64734 3.18908 -0.657119 -3.17718 -0.815844 -0.0874244 -1.12812 -0.238766 0.619924 -0.568811 -0.198242 1.32219 2.03946 2.14863 0.891563 0.315302 0.283451 0.142794 0.264048 0.378865 0.709364 0.509344 -0.104038 -0.25383 -0.352035 -0.437035 0.28811 -0.652055 -2.58234 -2.6634 -0.974158 0.361934 -0.656999 -0.575054 0.356033 -0.158973 -0.242773 -0.619961 -0.375507 1.08664 0.915519 -0.379783 -1.10175 -0.480696 0.0635927 0.093011 0.871681 0.275512 -0.263612 -0.533625 -0.749247 0.61509 1.06164 1.06164 
-0.493229 -0.493229 -0.507027 0.103038 -0.179422 0.0502021 0.0926071 -1.33547 0.892897 0.80377 0.0566483 1.04002 -0.373573 -0.777417 -0.586056 -1.35466 -1.68973 1.79601 1.48325 0.312142 1.47774 0.115629 -0.816891 -3.46596 -2.32736 2.26871 -1.23683 -2.2979 0.477897 0.0551625 -0.0329752 0.188738 0.19588 0.267445 0.870969 1.10458 0.814661 0.711769 0.602711 -0.0537434 -0.177874 -0.673927 0.145603 -0.292402 -1.01697 0.796441 -0.0452123 0.0958074 2.02621 0.59849 -1.01658 -0.0210077 0.393492 0.0533451 -0.551214 -0.577601 -0.100097 0.228255 -0.432907 -0.616896 0.777607 0.627007 -0.396915 -0.96961 0.383008 1.04335 0.9798 0.9798 
0.409153 0.409153 0.688201 -0.697322 -1.33672 -0.0880502 0.717657 0.40729 -0.0211103 -1.33238 1.02899 0.662825 -0.875764 -1.05951 -0.116486 2.19491 -0.32829 0.0601768 -0.120363 -1.12972 0.539681 1.57583 0.56726 -3.25496 -3.08322 1.48718 1.13386 0.165038 0.251188 -0.964213 -0.102839 -0.0404382 -0.468407 0.0398684 0.778116 0.822718 1.00174 1.01405 1.08834 0.946169 0.471818 -0.456178 1.08839 1.43841 0.397826 0.384441 -0.880923 -1.65716 -1.18992 -0.101713 -1.16133 -0.642931 0.0909381 -1.01812 -1.39621 -0.420169 -0.110778 -0.186147 0.370988 0.103768 -0.346562 -0.662435 0.790447 -0.217354 -0.557454 0.73284 1.08295 1.08295 
0.760891 0.760891 0.81706 -0.217511 -0.0958558 -0.299175 -0.613709 0.451454 0.495622 -0.847552 0.224759 -0.58495 -0.362859 -0.598149 -0.804454 1.49524 0.343634 0.257987 -0.659168 -0.734496 1.45873 -0.303724 0.0949618 2.30681 -0.46221 -0.717319 1.61144 0.443001 -1.42141 -1.45972 -0.474109 -0.824876 -1.37902 -1.23568 -1.39654 -1.33536 -0.732973 -0.025956 0.372964 0.823568 1.75937 1.46059 1.49712 1.67825 0.608709 -0.314001 1.63964 -0.271747 -2.5338 0.747711 0.121869 -0.175511 0.190562 -0.957944 -1.37687 0.520971 1.34408 -0.997204 0.163596 1.06003 -0.520099 -2.09222 -0.0658702 1.21798 -0.280226 0.032239 0.205262 0.205262 
-0.0614192 -0.0614192 0.155854 0.769274 0.709836 -0.696513 -0.875 0.022134 0.930143 0.611165 -0.617026 -0.523568 -0.371411 -0.756358 -0.412618 0.524136 -0.138157 -0.431492 -0.0705197 0.19111 0.451858 -0.754562 -0.0959974 1.72713 -0.381828 -2.05529 1.53335 2.00445 -1.10229 -1.17281 -0.512426 -0.241458 0.0921029 0.141355 -0.225918 -0.29912 -0.440201 -0.503072 -0.764745 -1.23239 2.10661 3.28715 -0.70183 -2.59335 -0.837642 0.376869 1.48142 1.14943 -1.20118 0.745228 1.61504 0.0030299 -0.723448 -0.469717 0.620442 1.30268 0.653681 -0.581945 -0.444835 0.303593 1.10507 -1.05808 -1.7285 0.629908 0.28122 0.00494634 -0.196038 -0.196038 
-0.127137 -0.127137 -0.294896 -1.28256 -0.449243 0.773364 -0.690943 0.618534 0.622156 -1.16695 -0.271747 1.30512 0.697328 0.149254 -0.611116 -1.15458 -0.952412 0.91515 1.50268 -1.23144 -0.580422 2.38684 0.89556 -1.1064 -0.450643 -1.24926 -1.12098 1.51784 0.536097 -1.0847 -0.436156 -0.852709 -0.0319207 0.750204 0.19406 0.337328 1.06748 0.28108 -0.695401 -0.523943 0.0679344 0.547661 -0.759901 -2.6645 0.561834 1.42322 0.0857191 0.279005 -1.92644 1.16092 2.08434 0.333618 -0.0564794 -1.91363 -0.474318 0.915841 0.38087 0.339052 -0.682394 -0.370543 1.43185 0.260202 -1.51301 -0.631088 -0.165446 0.918945 1.15467 1.15467 
-0.173413 -0.173413 1.94174 0.00725333 -0.397866 0.168389 -1.19697 0.246381 1.06995 -0.452336 -1.25723 1.17499 0.714152 -0.182878 -0.997792 -2.84255 -0.517559 1.46817 1.66101 0.752383 0.271397 -0.314894 0.231695 0.374688 -1.43916 -2.59442 -2.37566 1.46978 1.66979 -0.0793814 0.0449192 -0.445659 -0.170894 -0.090211 -0.135695 0.35033 0.809741 0.937096 0.180105 -0.247975 -0.810885 0.0639721 1.31513 -0.0814493 -0.274173 0.0294084 -0.00759982 -0.154443 -0.462027 -0.989503 1.69311 1.07548 -1.95049 -0.509272 0.826821 0.573575 0.223434 1.30031 -0.26958 -0.78302 0.311693 0.0790436 0.759853 -0.2493 -1.86701 -0.301559 0.500243 0.500243 
-0.0197992 -0.0197992 -0.0905177 0.255001 -0.227206 0.262434 0.579739 0.705551 0.642037 -0.258503 -0.798665 -0.535324 -0.624841 0.353216 0.711618 1.07901 0.186737 -1.66751 -0.196048 0.119303 -0.778882 1.45912 3.13486 0.738454 0.136849 -0.910226 -1.87817 0.975642 0.0163654 -0.631542 -0.130765 -1.23972 -1.58383 -1.97671 -2.1236 -1.41755 -0.620514 0.0445858 0.860302 1.2622 0.652483 0.221388 0.914211 2.01439 1.51597 -0.237738 0.344079 -1.39653 -0.949015 1.13786 0.518845 0.169023 0.20655 0.551214 -1.53869 -0.743946 0.348134 0.863022 1.24945 -0.572008 -1.44312 -0.48523 1.07827 0.685443 0.284511 0.272891 -0.727369 -0.727369 
-0.355977 -0.355977 -1.0467 0.934311 0.185401 -0.289237 1.5391 -0.0219683 0.302971 0.873238 -0.670285 -0.871658 -0.941066 0.432265 0.169071 -0.27351 -0.618784 -0.791005 -0.352112 0.0380612 0.0565996 2.40077 2.26769 -2.39795 -0.337656 2.21519 -0.993113 -1.30407 -0.0409064 0.343407 0.996101 0.63439 -0.698186 -1.01959 -0.65015 -1.18159 -1.40028 -0.971836 0.0172962 -0.622898 0.0884298 1.40775 0.631868 -0.0388036 0.808422 -0.976848 -1.61911 0.615481 1.20536 0.728006 1.07528 0.553121 -1.20094 0.133015 -1.78292 0.0809631 0.5702 0.252611 1.36323 -1.0755 -0.454629 0.163062 -0.818012 0.312382 2.16201 1.06275 -0.22326 -0.22326 
0.0595104 0.0595104 0.0558407 -0.0498198 -0.175029 -0.12021 0.146399 -0.0264415 -0.155507 0.149035 -0.0250702 -0.256145 0.0919526 0.542595 1.28704 -0.226299 -2.31006 -0.547648 1.0523 0.992674 3.40275 2.77007 -3.35744 -3.44843 0.111559 0.137787 0.105386 1.74571 1.26235 -1.62174 -1.6008 -0.403387 -0.40612 -0.307155 -0.15728 -0.071554 -0.132649 -0.461507 -0.416946 0.686238 0.767638 -0.535811 -0.224174 0.498781 0.522059 0.459457 -0.281054 -0.620597 -0.0692087 0.39259 0.430988 0.266283 -0.10228 -0.135235 0.0654876 -0.0221205 0.202092 0.459528 -0.244738 -0.516364 0.234959 -0.0178676 -0.100504 0.402769 -0.09509 -0.23292 0.0569279 0.0569279 
-0.0768521 -0.0768521 -0.157763 -0.460719 -0.0788376 0.190215 0.119328 0.395925 -0.172522 -0.0568849 0.104921 -0.389956 0.0816988 0.010945 -1.31678 0.63221 2.65405 0.013743 -1.14305 -0.760329 -0.252028 0.338932 -0.945089 -1.37737 0.83721 2.54168 3.15095 1.53537 -3.27898 -2.92292 0.633349 1.05477 0.627209 0.133238 -0.0698748 -0.0877287 -0.0747322 0.180227 -0.602685 -1.94086 -0.956592 0.697457 0.572208 0.165728 0.525544 0.368725 -0.120889 0.0793907 -0.202957 -0.228679 0.18245 -0.247884 0.206663 1.26058 0.197053 -1.17183 -0.175103 0.995875 -0.323958 -0.611102 0.566406 0.0687623 -0.338466 0.0214663 -0.0506223 -0.260464 -0.106457 -0.106457 
-0.495671 -0.495671 -0.16358 0.655886 0.316154 -0.814714 -0.390602 1.08978 0.219018 -0.51505 0.229252 0.303612 0.0705388 -0.881087 -2.39025 0.398013 3.94482 1.16861 -1.78372 -0.789033 -0.228745 -0.44273 0.011006 -0.0416511 0.51379 0.892316 1.70442 1.71385 -2.31577 -2.69095 0.26186 0.670532 0.325663 0.207896 0.134575 -0.0432367 -0.0369939 0.152113 0.0176464 -1.79025 -2.05176 0.723221 1.23357 0.397172 1.08197 0.968782 -0.389405 -0.118111 0.436768 -0.692631 -0.423582 0.347505 0.0162387 0.134051 0.0829569 -0.17678 -0.366861 0.235264 0.0486821 -0.0337347 0.619159 -0.726018 -0.730126 0.752544 0.604467 -0.193889 -0.23555 -0.23555 
-0.613641 -0.613641 0.0242213 1.53987 0.574794 -1.55919 -0.5096 1.25691 -0.225813 -0.897916 0.753106 1.22984 0.0373372 -1.22905 -1.84785 -0.684085 2.14802 1.82149 -1.18946 -0.368504 -0.00278096 -0.741988 0.928194 1.27036 0.598175 -1.14388 -0.638698 1.33558 -0.773185 -1.63652 -0.477014 -0.284904 -0.114778 0.265618 0.256403 -0.0101268 0.322101 0.181325 0.414805 -0.825488 -2.54015 -0.407632 1.02147 0.892354 1.79603 1.46868 -0.389523 -0.079682 0.946608 -1.2383 -1.15686 1.03082 0.184716 -1.1856 -0.562791 0.700927 -0.429808 -0.597161 0.635906 0.930324 0.400374 -1.63774 -1.00819 1.11674 1.27698 0.456043 -0.0972787 -0.0972787 
0.330569 0.330569 0.493828 -0.192208 -0.79078 0.116087 1.06111 -0.506228 -1.35647 0.126091 0.575414 -0.0408534 -0.147584 1.18386 2.22019 -1.58752 -4.32323 -0.14232 2.0456 -0.245742 -0.137347 1.14193 -0.257708 -0.586468 1.23822 1.47173 0.521213 -0.808549 -1.2702 -0.444992 -0.151603 -0.0484828 0.123584 0.264515 0.0524654 -0.583259 -0.549429 -0.202446 -0.158807 0.395737 -0.180235 -1.96873 -1.3901 1.04774 2.00222 0.178199 -0.666497 0.646885 0.244825 -0.438723 -0.3459 -0.124814 1.11402 0.83412 -1.02308 -1.39409 -0.103381 0.74947 0.350989 0.508851 0.087504 -0.80006 -0.580387 -0.3625 0.738271 1.18426 0.265345 0.265345 
-0.0364542 -0.0364542 0.360784 0.185847 -0.0618735 0.14966 -0.929739 0.493631 1.36548 -0.571985 0.126361 -0.307604 -1.21087 -0.165826 -0.403333 -0.746114 2.02406 2.03858 -0.993675 -0.0310522 -0.155427 -1.5216 -2.35959 -1.011 3.7066 0.68262 -3.00097 1.08906 1.5047 -0.360119 0.0595065 0.121547 0.0237797 0.412108 0.517624 -0.064134 -0.283245 -0.165479 -0.525926 -0.53574 -0.431296 0.183159 0.220957 -0.784468 0.68152 0.605281 -0.483681 1.32132 0.299847 -2.00876 -0.430849 0.890686 0.0209445 -0.642606 -0.438304 0.266271 0.497256 -0.244176 -0.577782 0.760745 0.782486 -0.792249 -1.06709 0.48037 1.28325 0.361126 -0.0688472 -0.0688472 
0.158965 0.158965 -0.722111 -1.30617 0.368959 1.28793 0.296509 -0.488279 -1.12477 0.649289 1.25029 -1.22975 -1.11375 0.46435 2.05105 -0.153175 -1.376 0.113737 -0.775158 0.401247 1.70201 -0.000948449 -3.09046 -2.33988 2.99712 2.66322 -0.859258 -0.579792 -0.736595 -0.243617 0.568957 -0.250956 0.0325821 0.774197 0.47934 0.123723 0.103185 0.0365818 -0.0616525 -0.410543 -0.910261 0.373604 1.18631 -0.457629 -0.688719 -0.831663 -1.31677 -0.21498 0.970645 -0.000310216 -0.362655 0.777853 -0.257076 -0.964185 0.361761 0.798938 0.130332 0.287876 0.165875 -0.474787 -0.505727 0.704556 0.264548 -0.875637 0.585757 1.02467 0.204157 0.204157 
0.0475512 0.0475512 -0.663972 -0.618934 -0.047243 -0.347231 0.525165 0.771861 -0.884467 -0.177364 0.189524 -0.395212 -0.000156083 -0.294785 1.44864 0.798516 -0.841996 -0.680753 -0.673656 1.4655 0.305183 -0.92901 1.80431 -0.374272 -2.07091 1.43507 0.806928 -2.07692 -1.29967 0.660427 0.445534 -0.613432 -0.273606 -0.00312604 -0.0596331 0.465289 0.909457 0.769526 0.593179 0.962421 0.447032 -0.171443 0.158618 -0.602082 -1.36125 0.717938 0.0379816 -2.86134 0.710051 1.83535 -0.626022 0.0561647 -0.529195 -1.06907 1.02604 1.88024 -1.0352 -0.802952 1.42378 -0.461289 -2.15903 0.321316 2.2855 -0.138501 -0.806569 0.342814 0.127917 0.127917 
0.122939 0.122939 0.464188 0.310253 -0.813356 -0.879583 0.401856 1.00628 0.32975 -0.858629 -0.629188 0.138706 -0.127433 -0.0208542 0.714415 0.154753 -0.529551 0.0396965 0.348426 0.292671 -0.524013 -0.302706 1.38265 -0.15694 -2.10211 1.06749 2.26052 -1.46415 -1.76546 0.330215 0.520187 0.338372 0.21503 -0.174847 -0.242969 -0.117138 -0.11139 -0.178476 -0.403652 1.59942 2.51631 -1.56028 -3.26928 -0.0734839 1.65442 1.29218 0.43185 -1.49028 -0.222791 1.56875 -0.410819 -1.29884 -0.260922 0.749682 0.988062 0.0205602 -1.04636 -0.609041 0.494698 0.864292 -0.755436 -1.57427 0.941106 1.12009 -0.3456 -0.263432 -0.109739 -0.109739 
-0.121596 -0.121596 -0.703287 -0.113696 1.18806 -0.165143 -0.113981 0.750566 -1.07437 -0.549263 1.43315 0.54795 -0.703547 -0.793409 -0.790692 -0.223801 1.19619 1.42315 -1.28704 -1.24965 2.10822 0.846498 -2.08016 -0.815648 -0.106926 -0.41759 1.6069 0.953153 -1.55557 -0.595408 0.113838 0.215285 0.921254 0.1103 -0.265959 0.491616 -0.0559196 -1.06106 -0.496916 0.426779 0.608336 -0.510352 -1.91462 0.755652 2.3847 -0.303204 -0.696688 -1.20787 0.496619 2.33938 -0.510039 -1.28364 -1.34632 -0.268881 1.64364 0.480876 -0.362496 -0.649009 -0.440714 1.22241 0.348689 -1.75719 -0.547724 0.770865 0.89011 0.7547 0.11604 0.11604 
1.22118 1.22118 0.0701828 -1.42935 0.0585622 -0.512773 0.0090931 1.31149 -0.453041 -1.42196 0.930932 1.13564 -0.845231 -1.0559 -1.61979 0.248422 2.52752 1.25892 -0.463196 -0.864118 -0.672331 -0.0609339 0.372983 -1.03146 -1.8039 -0.59452 2.38084 2.36969 -0.959046 -1.0041 -0.255243 -0.165718 0.174176 -0.0163689 0.224806 0.525213 0.311808 -0.411939 -0.742417 -0.62694 0.148294 1.22765 -0.123836 -0.982933 0.0286475 0.121297 -0.146701 -0.307691 -0.534164 1.24497 1.19133 -2.20522 -0.980221 1.61516 0.606972 -0.39632 0.395091 -0.330651 -1.27687 0.30854 0.475608 0.229339 -0.232673 -1.60027 -0.068405 1.37118 0.439752 0.439752 
-0.0245252 -0.0245252 0.223555 -0.0718911 0.0315869 0.605632 0.344406 0.0709797 -0.665935 -1.00817 -0.172506 0.151055 0.664217 0.985821 0.547367 -0.350612 -1.94574 -0.248587 1.30917 -0.392221 0.98823 2.83629 -0.491182 -2.1263 -1.15749 -1.42053 1.38029 1.38652 -1.1277 -0.0793882 -0.410421 -1.01704 -0.502898 -0.361301 0.427721 1.10546 1.07606 1.08947 0.900493 -0.122963 -0.721049 0.21417 1.31361 0.458308 -1.59076 -0.815158 -0.805757 -0.902184 1.84593 1.08017 -0.66937 -0.197975 0.300661 -1.22683 -0.903667 1.38098 1.18004 0.673392 -1.00409 -1.907 0.0885558 1.83659 0.866787 -0.543661 -0.26996 -0.700274 -0.691931 -0.691931 
-0.420737 -0.420737 0.831577 0.794793 -0.757569 0.871662 0.184866 -0.765522 0.581822 -0.599344 -1.08714 -0.155268 0.840196 0.717693 -0.430253 -0.482141 -0.311231 0.184488 0.540011 0.27428 1.50952 1.41367 -3.01765 -1.63109 2.93215 -0.398444 -2.20882 0.617856 1.05737 0.671463 0.199857 -1.05515 -1.02967 0.0462753 -0.086505 -0.458296 0.148509 0.912046 0.236494 0.0608768 1.29961 0.359448 -0.898546 0.127519 -0.577085 -1.51868 1.02251 1.80142 0.0870428 -0.0663212 -0.0946461 -1.42303 -0.249665 -0.351996 -0.0169963 1.50346 0.124418 0.517228 -0.823672 -1.13327 0.798881 -0.213807 0.110303 1.89976 0.490261 -1.49196 -0.797054 -0.797054 
