71
-0.770628 -0.816906 -0.834567 -0.792843 -0.878367 -0.889092 -0.909955 -0.896167 -0.867371 -0.870655 -0.952541 -0.881435 0.155207 1.04614 1.06215 1.05204 0.960858 0.863215 0.797524 0.852268 1.37657 1.63253 1.6742 1.61188 1.53852 1.44627 1.48566 1.46911 1.40402 1.35774 1.33457 1.33239 1.2563 1.20666 1.16077 1.06381 0.99689 0.938067 0.812196 0.717106 0.543394 0.225593 -0.11301 -0.310771 -0.420375 -0.537133 -0.586887 -0.591469 -0.617177 -0.735795 -0.880787 -0.891527 -0.857612 -0.875461 -0.872705 -0.895673 -0.893438 -0.94027 -0.946781 -0.885549 -0.913821 -0.944079 -0.927338 -0.917368 -0.940473 -0.911045 -0.907486 -0.916742 -0.944702 -0.908525 -0.929131 
-0.621254 -0.813867 -0.489125 -0.1372 -0.461479 -0.828641 -0.775686 -0.63232 -0.88234 -0.422321 -0.838001 -0.758464 -1.66015 -1.07616 -0.71402 -0.960315 -0.480998 -0.347949 -0.142838 0.157906 0.825609 0.283175 0.134803 0.198291 0.228496 0.589269 0.346219 0.408598 0.490401 0.771966 0.856137 0.791333 1.05034 1.0593 1.08812 1.27569 1.41372 1.42883 1.72532 1.72236 1.84051 2.19358 2.45641 2.01062 1.74163 0.977036 1.02687 0.898344 0.608385 0.0835141 -0.409498 -0.351814 -0.657394 -0.751568 -0.931338 -1.06123 -0.857156 -0.749972 -1.07167 -1.01788 -1.0333 -0.992633 -0.708347 -0.792337 -1.03472 -1.01601 -0.914753 -0.795937 -0.810743 -0.848143 -0.833211 
-0.3711 -0.846274 -0.558113 -0.48664 0.0229301 -0.695414 -0.779569 -0.195082 -1.18348 -0.383364 -0.78919 -0.489122 -2.12988 -1.0438 -0.0227554 0.0328881 0.575182 -0.120684 0.0887559 0.675695 0.667066 0.288678 0.180057 0.310039 0.507809 0.324059 0.230694 0.182827 0.412504 0.488214 0.698153 0.823035 0.905433 1.03901 1.08116 1.13897 1.31539 1.47952 1.49457 1.53663 1.73667 2.43606 2.63953 2.13564 1.38475 0.725922 0.523974 0.671993 0.274837 0.0577731 -0.459062 -0.266364 -0.311004 -0.818722 -1.11152 -1.36714 -1.09572 -1.25517 -1.13 -0.877457 -1.10348 -1.24107 -0.585259 -1.03678 -1.26306 -0.953215 -0.984805 -0.806566 -1.14742 -0.43562 -0.742496 
0.472678 -0.0605423 -0.259587 -0.889897 0.872992 0.0779373 -0.51617 0.831748 -1.05515 -0.379424 -0.814279 0.277215 -1.82762 -0.520018 0.565905 1.5106 2.98736 0.917605 0.613764 1.77519 1.01889 1.50332 1.67697 1.62901 1.91432 0.978896 1.04912 0.889311 0.967851 0.378114 0.460709 0.657898 0.355367 0.257149 0.240188 0.074285 0.0473143 0.163983 -0.217387 -0.18825 -0.114082 0.471377 0.521065 0.0160909 -1.30335 -1.07357 -2.01742 -0.616534 -1.37274 -0.45881 -0.202734 0.396058 1.01626 -0.484187 -0.983389 -1.14906 -1.1269 -1.82762 -0.609212 -0.385753 -0.534547 -1.10182 -0.0845554 -1.14557 -1.06064 -0.356408 -1.19616 -0.88934 -1.56908 0.875475 -0.0702106 
-0.678529 -0.270387 -0.338373 -0.0202768 -0.525336 -0.595501 -0.464038 -0.439255 -0.424407 -0.64639 -1.06249 -0.630983 -0.694543 -0.753666 -1.2538 -0.370594 0.380874 0.685386 0.591878 1.35101 1.85512 1.96169 2.01059 1.9269 1.78771 2.19414 2.09197 2.08553 1.64381 1.67501 1.60682 1.38979 1.04728 0.800064 0.698973 0.42416 0.342287 0.133824 0.183482 0.278706 -0.0107014 -0.389699 -0.133967 -0.603011 -0.731343 -0.753835 -1.12318 -0.451688 -0.961518 -0.868451 -0.323646 0.108912 -0.369616 -0.631025 -0.630322 -0.510734 -0.523249 -0.780569 -0.772694 -0.824596 -0.522248 -0.696362 -0.683952 -0.961927 -0.587803 -0.867273 -1.64772 -0.931436 -0.662226 -0.461018 -0.671534 
0.873882 1.5188 0.683712 1.0225 0.671875 0.839359 1.00896 0.761095 1.06301 0.910997 1.42908 1.54224 -1.80392 -2.19988 -0.728791 -0.370721 -0.896993 -1.40569 -0.232328 -0.642107 -2.07295 -2.21163 -2.21365 -1.53107 -0.935603 -1.36719 -1.05802 -1.31526 -0.624773 -0.883839 -0.978998 -0.791911 -0.548755 -0.559623 -0.578341 -0.53067 -0.64605 -0.565277 -0.856396 -0.887241 -0.512723 0.10875 0.543785 1.06615 0.834467 0.606899 0.207481 0.352881 0.291666 0.519301 1.1631 1.34928 0.409317 0.812604 1.6138 0.41305 0.059143 0.401494 0.199712 0.761166 1.24035 -0.0719524 0.576325 0.184494 0.661039 0.199921 -0.012593 0.702106 0.491256 0.700785 1.23913 
0.226009 1.0386 0.408241 0.107196 -0.140004 -0.185073 -0.593979 -0.822814 0.52801 -0.585128 -1.03619 -0.705144 -1.14388 -1.56133 -2.20938 -2.13597 -1.42066 -0.946961 -0.89902 -0.950649 -0.543968 -0.424547 -0.200563 -0.281256 -0.343184 0.615939 0.419715 0.689644 0.522044 0.472915 0.528263 0.411729 0.687672 0.863983 1.03898 1.16389 1.44883 1.50295 2.19424 2.04171 2.12105 2.13404 1.2856 1.12574 0.998481 0.732944 0.798908 0.800951 0.807953 0.242725 0.630735 -0.345981 -0.398934 -0.440381 0.482204 -1.34016 -1.03084 -0.475354 -1.04807 -0.804367 -0.401776 -1.15153 -0.0404054 0.403536 -0.788786 -1.53837 -0.653532 -0.544252 -0.876169 -0.581964 0.115141 
0.770005 1.12853 0.675057 0.5019 0.183596 0.151039 0.000940683 0.255261 0.91746 0.203528 0.250515 -0.0966072 0.680723 0.273624 -0.124604 -1.1613 -0.0814831 0.114369 -0.0260565 -0.881189 -1.08727 -1.53351 -1.78151 -1.85295 -1.84709 -1.7704 -1.43614 -1.62187 -1.67618 -1.76639 -1.73802 -1.55573 -1.70021 -1.31163 -1.06408 -0.843585 -0.391153 0.184404 0.250447 0.702583 1.20811 1.7652 0.861451 1.156 1.23801 1.92533 1.52402 1.04475 1.41385 0.964806 0.929925 0.463999 0.631988 0.356597 -0.0151587 -0.418181 0.225305 0.568205 0.433486 0.395118 0.390224 0.0126821 0.371293 1.33662 0.224111 -0.332837 0.57049 0.275037 -0.0691013 0.0961638 0.557456 
0.183311 0.595872 0.111939 1.0441 -0.356492 -0.107282 0.581565 0.697063 0.377107 0.418527 0.902601 0.306747 1.04778 0.540255 0.660503 0.428584 0.367646 0.572262 1.58315 1.15145 0.407882 -0.473586 -1.02517 -1.25942 -1.2187 -1.66623 -1.47283 -1.42399 -1.40198 -1.55773 -1.44203 -1.63914 -1.68884 -1.72346 -1.70965 -2.01831 -1.7375 -1.48424 -1.60734 -1.31956 -0.865828 -0.542884 0.345804 0.844713 0.887659 1.23037 0.650355 0.350915 0.729357 0.395142 0.322235 0.944136 0.240046 0.171824 -0.659155 0.707697 1.13417 1.06142 0.989586 1.16991 1.11399 0.318215 0.229022 0.704168 0.860085 0.246346 0.0820058 0.728322 1.09076 0.358313 0.516426 
0.173772 0.542269 0.00168596 -0.277049 -0.136823 -0.373993 -0.497648 -0.239468 -0.588754 -0.697353 -0.796895 -0.663161 1.35416 0.644744 -0.530016 -0.3995 0.433324 0.777558 0.013133 1.29022 2.33865 2.56847 2.76289 2.22624 1.31406 1.38979 0.909627 1.21886 0.863931 0.649249 0.194196 0.0962252 0.391239 0.0168086 -0.509417 -0.515891 -0.727667 -0.905409 -0.182501 -0.886081 -1.1808 -1.19158 -0.809152 -1.56839 -1.99609 -2.02161 -1.7636 -0.539336 -0.62267 -0.678857 -0.805693 -1.33539 0.114114 -1.024 -1.43697 0.110667 0.432195 0.0366492 0.0402476 0.63265 0.380301 -0.54253 0.684095 0.756951 -0.543357 -0.444893 0.244804 0.428514 0.59983 0.604985 0.19544 
0.289811 0.956989 0.885376 1.17469 0.992161 0.274874 0.980224 1.16971 0.835521 0.681998 1.54903 0.92475 -0.345775 -0.870202 -0.275292 -0.227885 -0.397677 0.173211 -0.478627 0.338633 -0.230605 -0.594519 -1.03622 -0.897279 -0.816468 -1.41785 -1.1575 -1.16684 -1.0634 -1.16846 -1.12618 -0.791075 -0.986452 -0.937758 -1.05104 -1.34089 -1.46594 -1.42301 -2.07833 -1.71574 -1.72308 -1.74055 -0.7587 -1.02538 -0.469212 -0.355098 -0.306913 0.441646 -0.0529493 0.16784 0.214627 0.590028 1.18435 1.13433 1.07678 1.44796 1.32242 1.28098 0.652205 0.668497 1.19423 0.916866 0.929863 0.979703 0.433266 0.577228 1.05965 1.39368 1.29502 0.924031 0.3807 
-0.259302 0.0175899 -0.0062958 -0.346538 -0.809356 -1.31743 0.12592 -0.336669 -1.05152 -1.28989 -1.32568 -1.58447 -0.173901 -0.574963 -0.572918 0.395039 0.159651 -0.123621 -0.928391 -0.345241 0.705675 1.46479 1.28262 0.728669 0.662042 1.13402 0.55095 0.48585 0.106086 0.121612 0.700487 0.615515 0.861438 1.13358 1.66806 1.67352 2.09758 1.8324 2.01566 1.71422 1.21675 0.597044 -0.608446 -0.886667 -1.66223 -1.83545 -1.8151 -1.00849 -0.786596 -0.187425 -0.991308 -0.731383 1.14023 0.88438 1.8179 -0.188588 -0.000167695 -0.324453 -0.274723 -0.66937 -0.531841 -0.13913 0.414494 0.140246 -0.834398 -1.08734 -0.0166841 -0.420384 0.0792231 -0.653699 -1.84316 
0.137273 0.295474 -0.111968 -0.0410355 -1.69643 -0.669829 0.528945 -0.330449 -1.03088 -0.472272 -0.430869 -0.311122 1.42767 1.40052 0.865448 2.86686 -0.0296738 -1.49732 0.0264087 1.01361 0.648919 1.11128 0.946261 1.15495 0.488391 0.293639 -0.4374 -1.32548 -1.54248 -1.39374 -2.19635 -2.15396 -1.8767 -1.98352 -1.74605 -0.755749 -0.452573 -0.210798 0.423695 0.273312 0.538198 0.812005 -0.614174 1.87155 0.488665 -0.340949 0.262871 0.165896 -0.154715 -0.0377894 -0.454521 -0.428261 0.520239 1.06495 1.5372 0.190474 0.810285 0.195012 0.455706 0.873117 0.362716 1.00477 0.854381 -0.0642794 -0.262444 -1.10068 -0.021225 1.10985 0.503252 -0.429353 -0.91875 
-0.171484 -0.171484 0.0811483 -0.113668 -0.264236 -0.0786129 -0.00824208 0.134318 0.0853059 -0.232433 -0.0188761 3.19211 5.54561 2.61565 0.0290216 -0.278703 -0.53001 -0.456818 -0.0193566 1.67437 2.252 0.866478 -0.0472196 -0.377446 -0.463371 -0.139672 0.0776351 -0.222303 -0.307617 -0.187293 -0.0607077 -0.212616 -0.348886 -0.262172 -0.398007 -0.458397 -0.348904 -0.518139 -0.622253 -0.759587 -1.39893 -1.87229 -1.52768 -0.870294 -0.637756 -0.465943 -0.143914 -0.0748857 -0.402254 -0.744683 -0.434994 0.0785973 0.0581889 -0.0312591 -0.0459557 -0.0474492 -0.115957 -0.141066 0.169159 0.106687 -0.155956 -0.0267344 0.0887502 -0.0256385 0.0302203 0.106765 -0.00428607 -0.0947683 0.0356574 0.0567696 0.0567696 
0.324162 0.324162 1.64095 0.0715026 -1.66737 -0.755152 0.479388 -0.253255 0.512464 0.11187 -0.808197 -1.98344 -0.763582 2.29255 0.284775 0.568137 1.48545 0.822378 1.22789 2.34652 0.307574 -1.66583 -0.200612 0.231217 0.9501 0.289324 -0.432241 0.353308 0.883338 0.889062 0.0514829 0.474269 0.652631 0.0960174 0.527929 0.791997 0.37496 0.758144 0.714465 0.283196 1.14414 1.49402 -0.437766 -1.72383 -2.49474 -1.72375 -0.185637 -1.00731 -1.96574 -2.45676 -1.04804 -0.594802 -0.962021 -0.657792 -0.744154 0.184036 0.757318 -0.51408 -0.643193 0.097437 0.0656999 0.790443 0.489 -0.784568 -0.536224 0.294746 0.536823 0.256165 -0.121591 -0.0496805 -0.0496805 
-0.336506 -0.336506 0.628425 1.01925 -0.374917 -1.42295 0.876783 -0.719376 -0.338746 0.689606 -0.193075 -2.37296 -0.985501 3.71307 1.89416 1.04907 -0.277477 -0.865024 1.39936 1.01443 -0.689548 -0.866052 0.031311 0.572147 0.0183551 -0.49555 -0.255693 0.314533 0.532669 0.497828 0.584627 0.359492 0.374837 0.303795 0.170056 0.407073 0.594734 0.30988 0.0944279 0.420967 1.58125 1.58731 -0.536692 -2.2213 -2.49479 -1.52582 -0.101588 -0.446166 -1.0906 -1.30186 -0.578553 0.254955 -0.981406 -1.41945 -0.974456 0.0214926 0.191255 -0.0669001 0.660342 0.0404245 -0.648241 0.908357 0.354218 -1.20283 0.141116 0.48477 0.252468 -0.293431 0.648393 0.708364 0.708364 
-0.779884 -0.779884 -0.881031 1.16289 0.991264 -1.46423 0.768296 -0.578518 -1.2788 0.233917 0.667063 -1.07271 -0.847567 2.47654 2.09846 2.50564 -0.634796 -2.48981 0.876405 0.405035 -0.300244 0.668573 0.113918 0.230254 -0.694294 -0.918376 -0.110345 -0.101684 -0.549578 -0.545353 0.27446 -0.126762 -0.434514 -0.137009 -0.207522 -0.217951 0.0764296 -0.292781 -0.38397 0.0906054 0.670177 0.644673 -0.49133 -1.91767 -1.15222 -0.760927 0.459121 0.654601 0.147298 1.20188 0.873577 1.25292 -0.934048 -2.10023 -0.709675 -0.166526 -0.723937 0.522306 1.48511 0.0607684 -0.763013 0.45178 -0.0625963 -1.0339 0.80513 -0.158193 -0.572221 -0.405523 1.82155 1.54449 1.54449 
0.709294 0.709294 0.520378 -0.396598 -1.21116 0.124254 0.323452 0.0787947 -0.438917 -1.34304 0.0279737 0.767599 -0.261738 -1.17765 0.799332 3.42517 2.21108 0.438334 1.39212 2.64592 1.27686 0.321815 -0.0773413 -0.47194 0.556314 0.63398 -0.232223 -0.944587 -0.865608 -0.0819487 -0.602742 -1.17827 -1.24158 -0.735085 -0.792991 -0.752673 -0.613471 -0.337522 0.299611 -0.411744 -1.40666 -0.262959 -0.451878 -1.25764 -0.320776 -0.826423 0.629551 0.334818 -0.878714 1.3339 2.04615 -0.100795 -1.55673 -0.551307 0.248018 0.220288 -0.570459 -0.527684 -0.0967188 0.521083 0.264684 -0.343602 -0.561503 0.197368 0.194234 -2.22805 -0.138964 2.06321 0.982581 -0.0238775 -0.0238775 
-0.214639 -0.214639 -0.557481 -0.0149119 -0.206771 0.375872 -0.0893081 0.0588726 0.16623 0.408327 0.705316 -3.62249 -4.19269 1.20245 2.04693 -0.190034 -1.16078 0.742743 0.853531 -2.06308 -1.75946 -0.159242 0.76054 1.42971 0.181887 -0.138763 0.0565095 0.48357 0.481515 -0.398374 0.101301 0.4802 0.258498 -0.0347902 0.0307713 -0.0774864 -0.0404141 -0.237235 -0.362242 0.383245 1.11382 1.18159 1.07059 0.323897 -0.515993 -0.703855 -0.286146 0.092628 0.184728 0.974317 0.927892 -0.845862 -0.602714 1.34732 -0.449141 -1.74281 -0.0145968 0.155777 0.401163 1.16382 -0.934715 -0.745335 0.285555 0.0932214 0.0156223 -0.756097 0.560773 0.562636 -0.00313443 0.83593 0.83593 
0.2779 0.2779 -1.35018 -0.790018 -0.415795 -0.6522 -0.920858 1.65178 0.358972 -2.27529 -0.163969 -0.145958 -1.24021 -1.54622 -0.828614 1.16457 1.74976 0.774092 0.00609573 0.530556 0.780622 0.513528 0.220972 -0.197016 1.32314 1.12681 0.11924 0.161088 -0.30536 0.0205784 -0.0779621 0.244535 0.672659 0.525086 0.449937 0.610663 0.507178 1.10123 0.79913 -0.0955094 0.146468 -1.2099 -1.4626 -0.408259 -0.562761 -0.280279 0.11091 0.0247117 -0.80461 -0.247597 -0.849172 -1.49384 -0.126521 1.29967 -1.30394 -2.20051 1.27579 -0.0137061 -0.469513 0.956342 -0.496053 0.539793 2.28492 -1.08261 -2.82748 0.209222 1.46484 -0.313998 -0.0436463 1.46073 1.46073 
-0.138082 -0.138082 -1.00282 -0.782974 -0.554302 -0.28073 0.185848 1.50697 -0.0677986 -1.06838 -0.471801 0.716031 0.618484 -1.29344 -2.31741 0.0864718 2.09108 0.106486 -1.60284 -1.70963 -1.0446 -1.11276 -0.503184 -0.0903204 0.150594 0.684705 0.257917 -0.374066 -0.218709 -0.0842257 0.35895 0.0778239 0.413342 1.05095 0.777572 1.11078 1.68826 1.05984 0.859107 1.57388 1.74459 -0.547465 -0.974464 0.628783 1.26757 0.481503 -1.41584 -0.162842 -0.113684 -0.770718 -0.798173 -0.468225 -0.158339 -1.03618 -1.24376 0.40743 1.6206 0.354926 -0.265169 -0.0540217 -0.605655 -0.0144502 2.1696 -0.223037 -2.69887 0.579692 1.00499 -1.02389 -0.27458 1.03537 1.03537 
-0.0977093 -0.0977093 0.700269 -0.70749 -1.75634 1.45252 1.24717 -0.302094 -0.41586 0.818924 -0.159766 0.23486 0.37051 -0.582861 -0.1596 -0.437854 0.232553 1.8786 0.901389 -1.79301 -2.48374 -2.1889 -1.19494 -0.285313 -0.612847 -0.378374 0.383917 0.120698 -0.193492 -0.0496084 -0.113132 -0.367135 -0.117589 -0.020052 -0.440913 -0.0308673 0.832096 0.211782 0.264798 1.15068 1.20468 1.87266 2.14289 0.844051 0.604163 -0.352538 -1.33871 0.133227 0.0798213 -0.613336 0.855014 -0.114322 -1.17417 -1.36904 0.834865 2.76598 0.555135 -0.210139 0.17851 0.202956 -1.29609 -1.34719 0.604625 0.981052 -0.691198 -1.18303 0.752092 1.56109 -0.55634 -0.870132 -0.870132 
-0.192159 -0.192159 -0.945215 -0.153092 -0.10473 -0.411757 0.164584 -0.0979372 -0.524686 -0.234109 0.0478455 2.51082 1.52982 -2.18417 -1.20692 1.12891 1.37757 -0.480829 0.604543 2.71381 1.49532 0.501661 -0.39012 -1.67765 -0.965152 -0.462497 -0.190816 -0.0451038 -0.65468 -0.771174 -0.63538 0.237324 -0.0843373 -1.03985 -0.611733 -0.24587 -0.445141 0.642366 0.0305516 -1.15346 -0.347383 0.440482 -0.43036 -1.37294 -0.519261 0.278566 1.7327 1.33553 -0.154269 -0.204883 -0.755815 1.07826 0.370367 -1.79663 1.32825 2.18284 -0.0780554 -0.447968 0.701513 0.403717 -1.35926 0.361529 1.52001 -1.42008 -1.39029 0.925091 1.02428 0.421139 0.213389 -0.462445 -0.462445 
1.04373 1.04373 0.385589 0.192392 -1.56087 -0.0143912 1.56498 -0.245641 -0.843076 1.24916 0.429215 -3.2939 -3.11998 0.129162 1.12516 -0.206766 0.705013 -0.134598 0.294524 0.438394 -1.61893 -1.39678 -0.520938 0.389146 -0.900306 -0.58759 0.443597 0.170283 0.0035786 -0.10294 0.663707 0.249771 -0.249089 -0.106099 -0.695765 -0.716266 -0.136625 -1.06023 -0.50347 0.625165 -0.0368204 1.68611 1.25206 0.510617 1.17386 0.289086 1.39414 0.448742 -0.470507 0.472453 0.74175 1.69542 0.95444 -0.18096 0.552677 0.434247 -0.284442 -1.16095 -1.06041 0.950481 0.438999 -0.454069 0.115846 -0.858555 -0.694618 1.0974 1.42847 0.416366 -0.811626 -1.58613 -1.58613 
0.335643 0.335643 -0.336265 -0.814155 -0.996884 1.07847 1.12799 -1.22177 -0.977642 -0.238314 -0.260547 1.31419 1.15929 -0.374252 1.11628 0.85777 -0.504514 -1.12443 -0.181109 1.83928 2.03086 0.688328 -0.741275 -0.615472 0.501504 -0.0607719 -0.645512 -0.424167 -0.336386 0.707339 0.597922 0.235418 0.624223 0.9384 0.64805 0.527814 0.233158 -0.029008 -0.0684826 -0.809635 -1.15615 -1.92701 -1.55522 -1.08713 -0.972811 -0.106258 0.960537 1.17997 0.954122 -0.162699 -0.532057 2.3809 1.81935 0.798003 -1.10802 -1.91925 -0.0877419 -0.238742 -0.315349 -0.219758 0.637483 1.09051 0.364354 -1.29956 -1.27637 0.950473 0.786339 0.164601 -0.193842 -2.03283 -2.03283 
-0.178168 -0.178168 -0.25567 -1.36396 -0.515245 2.01951 0.34458 -1.34209 -0.0827717 0.576047 0.186295 1.69372 1.56327 -0.456121 1.34542 -0.751767 -3.8326 0.092986 2.27311 0.596024 0.129914 0.307246 0.0819654 -0.36345 -0.721742 -0.779004 -1.39475 -0.938228 -0.0174395 -0.537512 -0.63196 0.32705 0.194549 0.159208 1.13355 1.19191 0.527145 0.821383 0.473113 0.144868 0.521586 -0.980229 0.984153 1.0226 -1.92172 -0.157345 0.493302 -0.327673 -0.137711 -0.223074 -0.303593 0.908853 1.36928 0.946327 -0.733432 -0.602381 0.04721 -0.271717 0.645397 -0.0394042 0.160101 0.479822 -0.906232 -0.94866 -0.877233 0.257404 2.00632 0.508962 -1.32377 -1.21968 -1.21968 
0.195795 0.195795 0.0384 -0.28735 0.0200123 0.198511 0.163719 0.0672689 -0.304611 -0.0924794 2.75842 4.4873 -0.474042 -4.46522 -2.34669 -0.459957 -0.152211 0.404253 1.7135 1.82675 -0.661011 -1.86588 -1.01329 -0.344523 0.18379 0.428775 -0.075068 -0.319559 0.0199757 0.191171 -0.0287681 -0.241132 -0.0483463 -0.0479952 -0.166842 0.0313619 -0.0565758 -0.229151 -0.203378 -0.635798 -0.907274 -0.11233 0.801214 0.710673 0.31837 0.390671 0.30763 -0.217025 -0.549446 -0.0347608 0.656828 0.390138 -0.0970637 -0.0924491 -0.0213897 -0.0648647 -0.0839432 0.222039 0.191852 -0.270973 -0.116102 0.189391 -0.00742416 -0.0555965 0.0986611 -0.0361876 -0.171131 0.0239612 0.11412 0.0087472 0.0087472 
0.965623 0.965623 -0.193225 -2.44947 -0.617053 1.57846 0.363925 0.0177561 0.262935 -0.981818 -1.55381 0.0262767 3.15065 0.767421 -1.27995 0.879892 0.181061 -0.196844 1.11873 -0.686213 -2.96931 -0.381902 1.39408 0.842998 0.0362385 -1.02736 0.0405785 0.964733 0.388924 -0.620893 -0.312942 0.437211 -0.28596 -0.0987444 0.507233 -0.119616 -0.0316631 0.244018 -0.35736 0.310597 0.887386 -1.17472 -2.38267 -1.5255 -0.00661308 1.69833 0.522347 -1.32106 -1.07692 0.670947 1.36817 0.0568508 -0.053177 0.154202 0.614924 1.10199 -0.522142 -1.04078 0.444866 0.516767 0.505037 0.30589 -1.16963 -0.763673 0.79028 0.785652 -0.0351537 -0.492828 -0.232497 0.0464314 0.0464314 
0.6013 0.6013 0.856445 -0.683654 -1.62299 0.788513 0.430678 -0.822177 0.891191 0.0664603 -2.02798 -0.545961 3.94452 1.8513 -1.76778 -1.44635 -1.27823 1.06606 1.19833 -1.39235 -1.25628 0.441962 0.910266 -0.0370967 -0.725667 -0.207547 0.500211 0.486031 0.0910225 0.00528122 -0.118949 -0.165596 -0.0649996 -0.162327 0.0387844 0.248605 -0.0920892 -0.355255 0.0438826 0.94201 0.732788 -1.4113 -2.51503 -1.30695 0.425397 1.53373 0.676195 -0.6743 -0.587262 0.305644 0.9877 -0.291634 -1.12175 -0.0241015 0.912058 0.732376 -0.0863444 0.277597 0.0414265 -0.882925 0.537977 0.6258 -1.40689 -0.167759 1.07308 0.044056 -0.536675 0.229834 0.625367 0.0105129 0.0105129 
-0.106552 -0.106552 1.24367 1.19711 -1.77522 -0.187028 0.545372 -1.39206 0.496963 1.24571 -0.902895 -1.0403 2.30491 1.90643 -0.0205118 -1.84534 -3.33975 0.958571 1.87261 -0.817033 0.13436 0.233863 -0.329289 -0.573643 -0.798524 0.346025 0.499776 -0.329893 -0.332824 0.504628 0.236789 -0.508085 -0.0465035 0.110217 -0.0932051 0.147845 -0.089167 -0.343876 0.213532 0.656639 0.326285 -0.80703 -1.73243 -0.476319 0.724417 1.02472 0.895369 -0.245726 0.321803 0.440048 -0.00602305 -1.23386 -2.25483 0.108487 1.23768 -0.049156 0.415311 1.41957 -0.344628 -1.52485 0.21857 0.422963 -1.02118 0.533489 0.538758 -0.949618 -0.203121 1.5416 1.24845 -0.222762 -0.222762 
-0.103841 -0.103841 -0.732657 -1.1617 0.382882 1.07807 -0.00546588 -0.497085 -0.949315 0.345878 1.47308 -0.172962 -1.30825 0.753336 3.18209 0.993816 -2.02251 -0.535897 1.53956 -0.0533301 -1.56805 -0.902934 -0.518609 0.460237 0.784091 -0.515031 -1.05679 -0.408635 0.617262 0.205969 -0.726094 -0.412378 0.329622 0.33333 0.0136468 0.148814 0.310398 0.651854 -0.0251898 -1.14436 0.127738 0.680447 -0.656393 0.115611 0.321414 0.677395 0.822028 -1.00858 0.710827 2.03143 -0.958132 -2.44496 -0.28323 1.26331 0.554829 -0.535562 -0.487213 0.350575 0.744899 0.27354 -0.567249 -0.540849 0.396678 0.543954 -1.63752 -0.202782 2.96844 0.794807 -1.40551 -0.66447 -0.66447 
-0.22423 -0.22423 0.0964139 0.185641 0.209324 0.0477983 -0.208957 0.129397 0.184899 0.296966 -2.40372 -2.91621 2.82979 3.66583 -0.844541 -1.91729 0.529627 1.16879 -1.67978 -1.56582 1.10349 1.46763 0.917409 -0.363588 -0.948545 -0.0957138 0.346163 0.229548 -0.542825 -0.246316 0.497594 0.0712798 -0.325964 -0.1562 -0.0468516 -0.0636879 -0.116026 -0.211811 0.345068 0.850691 0.450183 -0.0471649 -0.528494 -0.959247 -0.628993 0.114214 0.449081 0.256655 0.499435 0.41757 -1.0973 -0.926166 1.27449 0.069138 -1.8478 0.235185 1.10039 0.224084 0.574104 -0.811087 -1.14988 0.699527 0.473945 -0.181142 -0.523543 0.30055 0.757716 -0.354873 0.13989 0.474245 0.474245 
-1.04112 -1.04112 -0.689724 0.566341 0.066646 -0.336639 1.4255 0.783041 -2.4833 -0.347854 1.31594 -0.694943 -0.898206 0.238388 1.68069 1.59763 -0.264757 -1.11363 -0.172581 0.466059 -0.0304903 -0.370882 -0.46554 0.671592 0.810638 -0.775026 -0.625613 -0.286164 -0.107952 0.12284 0.120682 0.451063 0.156184 -0.159524 0.0338747 0.0160991 0.28793 0.163335 -0.770536 -0.429229 -0.718877 -1.02919 0.483069 0.544668 0.060475 0.402792 0.171515 -0.594123 -0.190631 -0.0477624 -0.801586 0.433517 1.73258 -0.758413 -2.2155 1.59848 1.35199 -1.11465 0.588712 -0.0364575 -0.281113 1.72472 -1.03756 -3.22687 0.790568 2.6728 -0.348029 -0.966094 1.0935 0.923902 0.923902 
-0.56541 -0.56541 -0.427918 0.255912 0.289515 0.438304 1.09345 -0.183228 -1.63525 -0.277263 1.0914 0.657282 -1.28134 -1.86074 0.838421 2.73253 -0.0120779 -2.33481 -1.16041 0.32453 0.348689 0.314015 0.614854 0.384286 0.460116 0.0425261 -0.686763 -0.322682 0.156675 0.33668 0.0767529 0.00942278 0.584013 0.203199 0.0128215 0.544961 -0.0564546 -0.543157 0.296893 0.529195 -1.35131 -1.72512 0.711045 1.3776 -0.116705 -1.70283 -0.427576 0.789786 -0.404768 -0.452682 0.164588 0.375565 -0.3798 -0.703429 0.878256 1.76681 -0.0574318 -1.20398 -0.280355 -0.237539 0.000153703 1.71108 -0.155047 -3.06939 0.477441 2.29184 -1.0275 -0.824851 1.26329 0.794665 0.794665 
0.538232 0.538232 -0.393844 -1.61663 1.44003 1.99851 -1.15183 -1.0912 0.752116 0.179451 -0.376817 0.360986 -0.531522 -0.341094 0.1059 0.269535 1.54362 0.452727 -2.42108 -2.2314 -0.252229 0.863206 1.27026 0.395296 -0.0517242 0.669848 0.340326 -0.372411 -0.102869 0.0630973 -0.200343 0.00693965 0.239694 -0.204181 0.00273021 0.852749 0.170549 -0.365717 0.631533 0.632186 0.487913 0.631083 -0.671149 -1.0089 -0.782369 -1.27648 0.331515 0.949101 -0.484408 0.523146 0.340288 -1.33363 -0.820859 1.34007 2.74769 -0.175318 -1.9606 -0.239472 0.283401 -0.966441 -1.01646 1.26835 1.55142 -0.848073 -1.42295 0.965492 1.82677 -0.856421 -1.59982 -0.197871 -0.197871 
-0.433364 -0.433364 0.0399155 0.518748 -0.137974 0.177484 0.204075 -0.395253 -0.064787 0.358651 1.65662 0.902024 -2.7886 -1.61858 1.99608 1.56076 -0.945219 -0.445298 1.92532 0.548797 -1.30515 -1.10994 -1.28552 -0.326998 0.742604 0.479225 0.265958 -0.260577 -0.417241 0.0281048 0.619133 0.345812 -0.746516 -0.298536 0.490963 0.116109 0.547279 0.300791 -1.0564 -0.209236 0.968928 -0.0330041 -1.06691 -0.0365429 1.00332 1.36208 0.648093 -1.11086 -0.903798 -0.342839 0.78323 0.689447 -1.70112 0.588893 2.39424 -0.823671 -1.55529 0.482352 0.52544 -1.2147 -0.00863315 1.73689 -1.04791 -1.72228 1.41777 1.45923 -0.284529 -0.467917 -0.511352 -0.387225 -0.387225 
-0.37743 -0.37743 -0.506745 -1.23976 -0.075317 2.15536 -0.0916935 -1.54872 1.06362 0.914689 -2.97776 -2.31253 2.35429 2.90454 -0.161759 -0.21813 0.111396 -0.211666 0.446619 -1.21766 -1.16527 0.798022 1.25849 -0.190835 -0.590679 0.962622 0.570367 -0.231431 -0.119788 0.504943 0.299175 -0.547881 -0.175107 -0.235888 -0.345319 0.437347 -0.167139 -0.182453 1.1912 0.37544 0.773228 0.925796 -0.723717 0.0107474 -0.0851891 0.21053 0.169956 -1.18499 0.0789618 0.874506 0.881671 0.205454 -1.19285 -0.205825 0.474876 -0.497227 -1.00464 -0.456294 1.47636 1.06671 -0.877033 -0.153208 -0.207648 -0.479386 1.3723 1.48416 -0.392756 -1.4363 -1.27727 -0.455319 -0.455319 
-0.38842 -0.38842 -0.714171 -0.380724 1.35968 1.518 -1.49836 -1.36571 0.73995 0.558389 1.12784 1.03741 -1.08134 0.0402655 0.909387 -1.03522 -1.28158 0.290031 2.08979 1.57737 -0.714958 -1.82003 -0.819146 0.916719 0.447693 -0.712275 -0.178123 0.280299 0.84087 0.706451 -0.252099 0.0875121 0.548769 0.0858254 -0.21029 -0.213225 -0.309972 -0.136028 -0.462527 -0.671822 -0.692071 -0.202438 0.642086 0.46658 0.738191 1.38744 0.946334 0.0652111 -0.845639 -0.943464 1.80342 1.67241 -1.00939 -1.92585 -1.78262 0.765052 1.2151 -0.0855638 0.0825248 0.719078 0.962722 -0.116593 -1.5596 -1.04881 1.60331 1.47562 -0.466102 -0.598552 -1.42829 -1.18395 -1.18395 
-0.030583 -0.030583 -0.728907 -0.145306 2.15014 0.560017 -2.09986 -0.25102 1.22685 0.187786 0.722487 0.885866 -1.33635 -0.119011 -0.168034 -3.24437 0.550521 3.8654 0.335209 -1.33216 -0.163706 -0.0119618 -0.404349 -0.488158 -0.243586 -0.405803 -0.0820759 0.886076 0.270737 -0.368954 0.563002 0.539025 -0.087506 0.609902 0.668943 -0.363837 -0.215213 -0.015795 -0.408015 0.0487928 -0.690662 0.309709 1.28021 -1.81271 -0.725221 1.53993 -0.0890721 -0.379345 0.0841569 -0.0862709 0.731466 1.07231 0.0418623 -1.30665 -0.957576 0.510125 0.226598 0.395161 0.164628 -0.28753 0.345409 -0.653636 -0.881822 0.0365225 0.778179 1.83515 0.176754 -2.08001 -1.07095 0.083832 0.083832 
