70
-0.67771 -0.714385 -0.753311 -0.881543 -0.808502 -0.746546 -0.507814 -0.679598 -0.776911 -0.755803 -0.784115 -0.636703 -0.75669 -0.708618 -0.720425 -0.718988 -0.794899 -0.83043 -0.824089 -0.737979 0.518947 1.35727 1.29988 1.03577 0.82856 1.06236 1.32913 1.56758 1.73293 1.8291 1.90814 1.94508 1.98476 1.9723 1.92918 1.81916 1.59478 1.37757 1.15091 0.967469 0.543752 0.526628 0.209973 0.032805 -0.0190874 -0.132382 -0.178832 -0.267586 -0.287376 -0.339788 -0.42544 -0.525518 -0.626127 -0.589265 -0.669133 -0.740093 -0.761818 -0.783864 -0.832943 -0.784337 -0.774997 -0.763193 -0.753112 -0.737077 -0.804054 -0.866985 -0.773594 -0.831698 -0.75999 -0.680686 
0.241609 -0.31423 -0.611747 -0.777895 -0.717614 -0.713085 -0.742225 -0.895829 -0.669308 -0.709856 -0.895023 -0.538335 -0.586983 -0.531578 -0.476496 -0.529811 -0.858985 -0.68021 -0.795179 -1.09142 -1.46984 -1.25568 -1.35797 -1.98896 -1.65467 1.2905 2.2984 2.03568 1.97538 2.00985 1.66304 1.30458 0.972016 0.76587 0.615975 0.61437 0.920932 0.972895 0.942598 1.10763 2.0049 2.01978 1.53497 1.07663 0.450334 0.574578 0.075483 0.0622882 0.205799 0.437542 0.499278 0.140934 -0.232908 0.0695299 -0.167484 -0.227424 -0.528715 -0.249214 -0.305853 -0.442646 -0.544907 -0.517766 -0.267822 -0.312396 -0.465063 -0.708368 -0.87685 -0.914406 -0.753985 -0.504646 
0.883336 -0.0945066 -0.555542 -0.602498 -0.804023 -0.557135 -0.96757 -0.740366 -0.163423 0.0234903 -0.226638 -1.01281 -0.700014 -0.302752 -0.376897 -0.693736 -0.666429 -0.405657 -0.402294 -0.427766 -2.19853 -1.5816 -0.342316 -1.13546 -1.34807 0.962121 0.507998 0.0758562 -0.0941993 -0.388917 -0.673637 -0.866062 -0.832597 -0.761213 -0.520541 0.00579927 0.56797 1.26825 1.83976 2.31505 3.36565 3.28424 2.75264 0.950749 0.136175 -0.325846 -1.4015 -0.741264 -0.182892 -0.184319 0.599072 0.503533 0.391083 0.626018 0.417312 0.333807 0.161369 0.77242 0.795686 0.0415455 -0.138073 -0.273982 -0.014116 0.489079 0.114542 0.196311 -0.170583 -0.217577 -0.140762 -0.146747 
0.557073 -0.0810034 -0.043217 -0.119349 -0.331065 0.063174 -0.525511 0.0359993 0.410309 0.405055 0.464299 -0.722638 -0.427113 0.15337 -0.413426 -0.432089 0.0985695 0.0927602 0.307145 0.615709 -0.601982 -0.198931 0.766289 0.820623 0.565651 0.187454 -1.5924 -2.1734 -2.42891 -2.58812 -2.483 -2.35033 -1.97221 -1.46595 -0.907988 -0.345428 0.0807373 0.76727 1.64268 1.97053 1.91665 1.50362 1.38082 0.27185 0.0940772 -0.574835 -1.29462 -0.849591 -0.330349 -0.638961 0.127944 0.264623 0.414389 0.548842 0.527383 0.514271 0.833947 1.06491 1.06661 0.263433 0.29307 0.310854 0.344875 0.651677 0.515732 0.988955 0.660104 0.581187 0.592684 0.155212 
-0.906802 -1.15822 -0.488636 -1.22612 -0.918205 -0.930054 -0.897752 -0.43836 -0.540939 -1.09294 -0.759821 -0.883551 -1.00061 -0.695123 -1.52722 -1.08368 -0.733678 -0.833791 -0.251059 -0.603102 -0.144621 -0.0328151 -0.284963 -0.219995 0.592108 1.16654 1.83277 1.18379 1.26946 1.74491 1.8953 2.0103 2.12098 2.25471 2.13292 1.83576 1.72364 1.29676 1.35499 0.976685 -0.19552 -0.574815 -0.134186 0.459341 1.13282 0.610782 0.673789 0.0179534 0.0391052 -0.0570894 -0.213179 -0.668071 -1.13252 -0.268325 -0.453788 -0.734493 -0.188866 -0.0988374 -0.18064 -0.931592 -0.666323 -0.249703 -0.147013 -0.752082 -0.667578 -0.186721 -0.689098 -0.486581 -0.473046 -0.523298 
0.772052 0.856536 0.585453 -0.150474 -0.341 -0.374073 0.738309 0.751704 0.828011 0.699749 0.943225 0.931744 0.807167 0.235718 0.131399 0.753311 0.257975 0.513555 0.802029 0.464739 -0.229226 -0.222818 0.277427 -0.232816 -0.294666 -0.53866 -0.652967 0.0672563 0.348401 -0.227007 -0.790571 -1.19051 -1.54065 -1.935 -2.28238 -2.44364 -2.64676 -2.41 -2.31949 -1.91169 -1.79975 -0.906208 -0.604731 -0.0485527 0.352636 -0.0747027 -0.0889836 -0.411384 -0.245591 0.447328 0.505891 0.596948 1.12929 1.37701 0.547449 0.17236 1.15739 1.20157 1.16815 0.663128 0.742988 0.180174 0.914337 1.00945 1.08422 0.564882 0.177324 0.332672 0.480227 0.34309 
0.202245 0.19237 -0.223199 -0.388442 -0.440267 -0.0825436 0.742504 0.427661 -0.298433 -0.696632 -0.456561 0.433089 0.243347 0.113678 -0.0118217 0.359451 -0.451622 -0.334464 -0.518659 -0.316929 0.991887 0.524467 -0.704344 -0.717712 0.0773143 0.198155 -0.274882 -0.87081 -1.25242 -1.38707 -1.53605 -1.78762 -1.81437 -1.64871 -1.47187 -1.37776 -1.1169 -0.846481 -0.339258 0.36132 1.81561 2.84552 2.74471 2.32057 2.32469 1.91805 1.908 0.995704 0.340548 1.01365 -0.260982 -0.0937249 0.639199 0.269052 -0.232602 -0.0472183 0.0444343 -0.296244 0.279468 -0.0465832 -0.101071 -0.239809 0.545378 -0.0652343 -0.00341354 -0.326995 -0.444879 -0.673342 -0.0736804 -0.60045 
-0.0677614 0.221834 0.0918961 0.201408 -0.0730318 0.312795 0.0662125 0.0904833 -0.259084 -0.331943 -0.575953 0.521652 0.00559101 0.421461 -0.020249 0.369859 -0.374968 -0.246773 -0.523711 0.203869 1.00038 0.57623 -0.133721 -0.459488 0.230782 -0.888471 -1.88481 -2.26529 -2.50852 -2.58644 -2.32634 -2.19169 -1.74951 -1.25807 -0.579665 -0.184531 -0.0423653 -0.054783 0.189462 0.925041 2.32858 2.17544 2.13524 1.38924 1.32244 1.28776 1.58414 1.06194 0.11904 0.59762 -0.34836 -0.110347 1.03819 0.171107 0.255588 0.719804 -0.177847 0.12962 -0.0157199 -0.160067 0.254261 0.139729 0.57118 0.257065 0.423495 -0.218141 0.114842 -0.320634 -0.413071 -0.153936 
-0.857662 0.109952 0.128913 0.0176934 0.0424122 -0.572688 -1.09319 -0.617084 0.0472744 0.120391 -0.154971 0.200703 0.0373054 -0.185972 -0.413006 -0.169273 -0.462491 -0.101056 0.444123 0.162712 -0.435197 -0.519409 0.759939 0.183183 0.543789 0.109059 1.0117 1.67558 1.91991 1.97826 2.01738 2.20782 2.14214 1.84357 1.35101 0.93897 0.364472 -0.311911 -0.890533 -0.948808 -1.86532 -3.02728 -3.1534 -1.8934 -1.37671 -0.750219 0.121604 -0.20688 -0.249506 -0.61346 0.189856 -0.0651158 0.0864691 0.288704 0.0699327 -0.0329418 -0.446642 0.240861 -0.232466 -0.470925 0.196256 0.364413 0.13415 0.0889912 0.386163 -0.482497 -0.00541873 0.206114 -0.682841 0.556501 
-0.995777 0.304631 -0.626028 -0.0905211 0.174748 0.408315 -0.558057 0.607553 0.413555 0.0242779 0.285486 -0.76588 0.587477 0.0311244 0.150302 -0.428727 0.139823 0.212839 0.72204 1.03145 0.379214 -0.100534 0.538641 2.9666 3.2334 2.54195 0.901145 -0.243253 -1.39279 -1.61668 -1.55751 -1.62523 -2.00738 -1.87366 -1.99123 -1.72789 -1.34009 -0.617372 0.264736 0.660953 0.824883 0.451022 -0.0667805 0.047782 -0.444687 0.431666 0.698785 0.591668 0.653516 -1.16212 -0.289238 -0.0174631 -0.0427414 0.223516 -1.00791 -0.918701 -0.169718 -0.974403 0.816321 0.0904267 -0.265119 0.918752 0.320064 0.147854 0.0938539 0.0246949 0.678492 0.395441 0.721846 0.206638 
-1.51539 -0.557978 0.525638 -1.17084 -0.670124 0.817504 0.403078 1.32066 0.927232 0.513829 -0.417985 -0.185068 0.347909 -0.433283 -0.603247 -0.324403 0.671224 0.429669 0.111365 0.346231 -1.83713 -2.53195 -0.972609 -0.116799 -0.115247 -0.196825 -0.191675 0.736829 1.39232 1.44939 1.33301 0.948948 0.770017 0.370349 0.378127 0.324766 0.0928999 -0.590758 -1.3344 -2.37368 -3.0633 -2.85259 -0.678553 -1.57534 -0.361673 0.728137 0.92817 1.30396 0.692218 0.371666 -0.0605767 0.0313101 -0.258721 0.0943914 -0.359834 -0.917238 0.0750053 0.728464 1.57923 0.895307 0.351539 0.851159 0.359842 0.635748 0.607808 0.578919 0.679091 0.174604 -0.0860005 0.475642 
-1.21194 0.533965 0.294591 -0.166741 -0.0772824 1.88007 -0.177806 0.925612 0.156156 -1.63555 -0.161406 -0.591246 -0.472641 -1.58882 -0.631184 -0.211659 0.446121 0.66103 -1.54616 -0.216191 1.66614 1.56399 -0.039152 0.977239 0.0579719 1.20506 0.632711 0.0553855 -0.862538 -1.08922 -1.16567 -1.0771 -0.568854 0.263778 1.02644 1.57187 2.00664 2.11443 1.51188 0.282496 1.00482 0.547358 0.325166 -1.49684 -0.783798 -0.159857 -1.10038 0.275074 -0.0905023 -0.647419 -1.66479 -1.48409 -1.24093 -2.2361 -1.72172 -0.0736632 0.025682 0.702586 0.551706 0.719855 1.49704 0.0309394 0.387111 -0.73407 0.55012 0.584615 0.560845 -0.556435 0.14257 -0.25732 
-0.836833 1.17931 -0.109243 0.873333 0.241924 0.230345 -0.941777 -0.153039 0.35598 -0.106248 1.50808 -0.291979 -0.436043 -0.027614 1.18032 0.526324 -0.114517 1.05865 -0.757294 -0.459424 -0.540899 0.157431 1.62953 0.206288 -0.757763 1.2139 1.36579 1.90824 1.84996 1.91938 1.51959 1.12457 0.864458 0.54671 -0.18555 -0.738218 -0.933988 -1.23851 -1.10139 -0.457874 -0.104268 -0.731223 -1.28744 -1.52171 -2.27372 -1.80241 -2.17596 -1.9864 -1.19931 -1.01239 -0.800567 -1.32917 -0.613672 -0.29828 -0.682182 0.459413 0.63904 0.56826 0.47233 0.00588309 1.40769 0.0368042 0.621648 -0.0614842 0.576122 0.567222 0.2658 0.0450872 0.500603 0.442399 
-0.197933 -0.197933 -0.436433 -0.144768 0.35066 0.782274 0.173396 -0.70198 -0.199506 -0.0197622 0.309247 0.0704395 -0.188331 0.0934704 -0.0280116 -0.194999 -0.291297 -0.077037 0.239829 3.49753 5.457 2.03329 -0.838489 -1.22876 0.0682692 1.30296 1.31506 1.05086 0.68024 0.45541 0.301119 0.198601 0.0699072 -0.145778 -0.39991 -0.872089 -1.15132 -1.15725 -1.06927 -1.58261 -1.14936 -0.870472 -1.28737 -0.597687 -0.431301 -0.417123 -0.353195 -0.283748 -0.189079 -0.360646 -0.484815 -0.523776 -0.167055 -0.113027 -0.393895 -0.242434 -0.115019 -0.186276 -0.0022317 0.149948 0.0540791 0.0560098 0.0670342 -0.133699 -0.339401 0.0783479 0.0909207 0.0344393 0.392379 0.392379 
-1.10138 -1.10138 -0.584319 -0.10958 0.11688 -0.00176611 -0.211582 0.127638 0.277645 -0.268598 0.258469 0.439607 0.0398544 0.177488 0.0332339 -0.476612 -0.168667 0.115549 -0.514724 -0.864271 -0.187047 0.179315 -0.942054 -0.362782 4.38219 5.27596 1.01962 -0.397705 -0.00338206 -0.383531 -0.90489 -0.885986 -0.68389 -0.44152 -0.170127 0.435517 0.506594 0.0596366 0.209664 1.44039 1.24116 -0.592624 -1.22052 -1.40825 -0.635254 -0.466477 -0.648836 0.203797 0.52879 0.420287 -0.362661 -0.940602 -0.0638529 0.117696 -0.36312 -0.448406 0.00197651 0.32659 -0.225763 -0.286296 -0.0687838 0.398535 0.303382 -0.230817 -0.494502 -0.515486 -0.24249 0.19391 0.574574 0.574574 
-1.51287 -1.51287 -0.50977 -0.230128 0.0865108 -0.138605 -0.159816 0.904157 0.86074 -0.0304895 -1.07907 -0.472469 0.802773 0.385811 -0.383686 -0.274363 0.348055 0.322254 0.0138038 -1.89795 -1.20571 2.03784 0.518373 -1.04615 2.29793 2.03768 -0.917387 -0.611284 -0.463199 -0.586759 -0.47653 -0.133662 0.150612 0.373892 0.864141 1.21058 1.39801 1.40807 1.16563 1.6819 1.08201 -0.622943 -2.47688 -2.7818 -1.338 -1.61933 -0.410015 1.35077 0.637778 0.880253 0.77884 -0.186495 0.169615 0.065892 -0.27725 -0.238169 0.510266 0.721152 -0.749943 -0.968565 -0.302375 0.171201 0.859883 0.176267 -0.277851 -0.269615 -0.408366 0.0697638 0.113953 0.113953 
-0.750118 -0.750118 -0.0350785 -0.352555 0.245963 -0.233707 -0.0208642 1.20449 0.483314 0.0824127 -1.42121 -1.12055 1.12838 0.0311294 -0.731246 0.665197 0.681552 0.279113 0.679134 -1.14309 -1.02287 1.75476 1.31103 -0.241587 -0.791954 -2.73227 -2.99033 -1.0507 -0.513992 -0.0551059 0.316292 0.663653 1.13902 1.36788 1.43951 1.27181 1.42955 2.00118 1.54478 0.362335 -0.580392 -0.668102 -1.55364 -1.62359 -1.06364 -1.75331 -0.335896 1.24068 0.281728 0.596864 1.16347 0.378197 0.375365 0.157493 -0.0302758 0.403798 0.714372 0.309763 -1.00612 -0.970568 0.0740542 0.079632 0.44739 0.23112 0.442879 0.197417 -0.505145 -0.0720738 -0.528313 -0.528313 
0.682346 0.682346 -0.152138 -0.773054 0.472718 -0.000451284 0.808579 0.577014 -1.15936 -0.411344 0.323919 -0.448957 0.287931 -0.939657 -0.702653 1.3268 0.393454 0.793 0.360483 0.147167 0.943509 -0.276505 -0.356918 1.4702 2.34486 2.09442 -0.00596024 -1.00266 0.927776 1.03887 0.42006 0.351892 0.384041 -0.0150696 -0.754831 -0.73822 -0.960919 -0.668461 -0.585076 -2.6975 -2.6992 0.0697323 1.73988 2.13964 0.22443 -0.823629 -1.05334 -1.1252 -0.1644 -0.46869 -1.08451 -1.61389 0.650722 1.12968 -0.835887 0.419256 1.05573 -0.021444 -1.46525 -0.869391 1.13511 0.855991 -0.898055 -0.929275 0.935051 -0.0725115 -0.550368 0.335355 -0.0986021 -0.0986021 
-0.273961 -0.273961 -1.57633 -1.44845 -0.332697 1.73562 1.80938 0.164656 -0.0602184 0.205154 0.39054 -0.193729 -1.08266 -1.0505 0.843916 0.223191 -0.358346 0.885921 -0.0552357 -1.61482 -1.06921 0.82655 0.0063858 -0.885917 -0.463258 -0.546532 0.984125 1.61189 -0.444873 -1.78581 -1.50726 -1.16846 -1.15959 -1.15521 -0.785197 -0.556177 0.0756685 0.541782 0.813304 0.847326 1.61842 1.91929 1.38375 1.54204 -0.0192547 -0.678795 -0.51221 -0.226351 1.38543 1.2152 0.259773 1.01188 1.26058 -0.901392 -1.89008 0.990519 1.65609 0.0393302 -0.832505 -0.652667 -0.744411 0.294267 1.3387 0.291935 -0.683474 -1.4174 -0.346365 0.503102 0.0387947 0.0387947 
-0.514718 -0.514718 -0.712107 -0.249981 0.41443 1.52847 0.673995 -1.29668 -1.40258 -0.175101 1.46107 0.915006 -0.380005 -0.298388 0.338042 -0.532956 -0.8558 -0.0593725 0.0480736 1.9449 1.09476 -2.12921 -1.55235 1.01887 1.18938 -0.421658 -1.33229 -1.21614 -0.630095 -0.334539 -0.483091 -0.327807 0.202277 0.460929 0.370027 0.47678 0.700771 1.01376 1.56027 2.76349 3.18189 1.20619 -0.641143 -0.507831 -0.485594 -0.503594 -1.14601 -1.9656 0.0485972 -0.738429 -1.38109 1.16945 0.486692 -1.0818 -0.376015 0.377761 -0.290583 0.324399 0.342982 -0.457667 -0.219691 0.847088 0.247588 -0.671426 -0.306763 -0.535072 -0.414226 0.497392 0.118403 0.118403 
0.232816 0.232816 -0.0208282 -0.224355 0.164829 0.204065 -0.305179 -0.450231 -0.587036 -0.43836 1.21021 0.827034 -0.133174 -0.0284528 -0.0647391 -0.491671 -0.860569 -0.201559 0.642661 2.1546 0.532404 -1.58942 -1.45084 0.521336 -0.596271 -2.97182 -1.93128 -0.870536 -0.44438 0.264529 0.563937 0.820405 1.32292 1.65564 1.52001 0.764716 0.190689 0.334466 1.388 3.02084 1.7691 -0.264363 -1.0994 -1.13687 -0.134992 0.376537 -0.310116 -2.05562 -0.646045 -0.65038 -0.989213 1.96087 0.404364 -1.09433 0.78077 -0.602542 -0.823319 0.236295 -0.400076 0.388204 0.430199 0.454316 0.173207 -0.200069 -0.661375 -0.426789 -0.136416 -0.735611 0.242733 0.242733 
1.26638 1.26638 -0.158839 -0.151232 -0.816896 -1.53717 -0.0956091 1.46968 0.9373 -0.304139 0.0691399 0.217052 -0.547785 -0.631854 -0.0148987 -0.102332 0.0531611 1.16075 0.311499 -1.1986 -0.938091 1.5419 0.891218 -0.322509 -0.134882 0.581188 2.03253 1.16285 0.362904 0.0918046 0.266306 0.127859 -0.518154 -1.0821 -1.232 -1.34025 -1.68946 -1.69491 -0.878346 -1.32472 -2.78278 -1.73861 1.46099 2.31019 1.47327 1.94242 0.680832 -0.527223 -0.574081 0.543471 0.687445 -0.17354 0.430464 -0.0588044 -0.461877 -0.719392 0.324755 0.245984 -0.97728 0.529414 1.06658 -0.119004 -0.400811 0.295968 -0.791937 -0.554267 0.872748 -0.931883 0.425928 0.425928 
0.346759 0.346759 -0.424217 0.781209 0.476872 -0.764551 0.174893 0.953401 -0.613834 -0.155012 -0.82236 0.278462 0.777408 -0.466574 -0.48943 -0.036488 0.620735 0.560914 0.799186 -0.371476 -1.1669 0.134767 3.06556 2.69023 -0.453945 -2.3767 -2.83325 -2.33808 -1.41026 -0.191956 -0.0345463 -0.479368 -0.27633 -0.00965042 0.120996 0.630387 1.09341 1.59164 1.26255 0.538669 -0.237525 -0.924672 -0.43237 -0.406835 0.361006 1.12663 0.135346 -0.0715554 -1.79364 -0.976167 1.12782 0.222527 0.216966 -0.998762 -1.17722 0.818924 -0.0820717 0.967943 1.04736 -1.11596 0.808977 0.563904 -0.802947 -0.253934 -0.150064 0.563355 0.347764 0.0177709 -0.21623 -0.21623 
1.81676 1.81676 -0.627733 -1.16464 1.76823 0.925298 0.400233 0.419569 -0.806403 -1.30231 -0.706981 0.642236 -0.291858 -0.939337 0.0370615 1.11069 0.631346 -0.578914 -0.140082 -1.85798 -2.71432 0.733077 2.16137 0.726487 -0.13694 -0.133626 0.796759 1.39579 0.593115 -0.117858 -0.524188 -0.581799 -0.596175 -0.424198 -0.105214 -0.32595 -0.906516 -1.37792 -1.70548 -1.65571 -0.504347 2.13336 1.11324 0.22865 2.0585 1.12485 0.467166 -0.280563 -0.921967 -0.756626 -0.376729 -0.245739 -0.00512375 -0.156363 -0.995038 0.337302 1.45263 1.32231 0.0904504 -1.19405 -0.103892 -0.05558 -0.261642 0.165173 -0.115574 0.00243069 -0.435642 -0.767952 0.214058 0.214058 
1.28513 1.28513 -0.640997 -0.354043 1.75661 -0.117252 -0.862434 0.261898 -2.26451 -0.306649 0.881776 -0.301128 -0.900053 -0.167882 1.17224 0.910571 0.732015 -1.76808 -0.795032 2.77366 1.52393 -1.51765 -0.541558 0.0552235 0.169271 0.472011 -1.03278 -1.33435 -1.02836 -0.294059 -0.0189565 0.491278 1.14058 1.36259 1.11197 0.825832 0.443927 -0.461277 -1.62815 -0.472012 0.201599 -0.622627 -1.81339 -0.997261 1.13718 -0.305791 0.350009 0.851728 -0.834538 -1.40332 -0.759644 0.340347 -0.685765 -0.449092 1.8575 1.49533 0.647857 0.4295 -0.0144608 0.795405 -0.630708 -0.998099 -0.697111 0.112717 1.12121 -0.0201716 -1.02526 -0.394536 0.23149 0.23149 
0.800209 0.800209 -0.376375 0.3717 -0.76002 -1.37555 -0.464495 1.44927 0.0252065 1.28346 -0.239491 -2.2412 0.272886 1.81196 0.602529 -1.50207 0.577927 -0.75978 -1.7562 0.218278 0.674151 2.4427 0.0275582 -2.74569 1.11898 2.38933 0.762363 0.523107 -0.0153807 -0.404144 -0.932856 -0.773842 -0.685875 -1.22336 -1.49079 -0.880061 -0.597576 -0.218629 0.860593 1.10704 -0.339233 -1.37495 -0.927931 -1.15081 -0.347597 0.0832188 -0.23751 1.08373 1.08072 0.425863 -0.388673 0.184697 1.14548 -0.106049 0.834477 1.47599 0.0958489 -0.217838 -0.668254 1.03673 0.00714006 -0.922868 -0.139949 -0.0798853 0.687643 -0.381321 -0.622445 0.239234 0.42423 0.42423 
-0.201538 -0.201538 0.0271196 0.6025 0.712216 -0.153531 -1.17818 -0.306905 0.52028 0.384289 0.0561555 -0.404649 0.00349539 0.111126 -0.240713 -0.220969 0.0779188 0.401829 2.7878 4.07556 -1.16249 -4.95006 -2.57192 0.696314 1.97024 0.962889 -0.2122 -0.512241 -0.48138 -0.311782 -0.215892 -0.195824 -0.284544 -0.382885 -0.583969 -0.603646 -0.23812 0.0497631 -0.348032 -0.0773477 0.543739 -0.122758 0.199297 0.656579 0.126997 0.046673 0.0900021 0.114102 -0.0748464 -0.246409 -0.14245 0.234555 0.307456 -0.192397 -0.116012 0.204071 0.0294667 0.0738621 0.249031 0.029586 -0.0882055 -0.00440372 -0.163287 -0.333195 0.151679 0.322801 -0.0489834 0.221775 0.266055 0.266055 
0.320121 0.320121 0.653144 0.449295 0.0330433 -0.272998 0.0481888 0.300599 -0.32054 -0.0560381 0.454209 -0.195941 -0.226459 -0.0472305 -0.501427 -0.184217 0.372806 -0.28534 -0.729915 0.187274 0.689474 -0.572212 -0.422859 3.69229 3.91291 -2.40138 -4.02258 -0.760205 -0.0326431 -0.674981 -0.395051 0.112442 0.2692 0.317811 0.572642 0.432123 -0.306261 -0.250878 0.925991 0.680996 -1.46872 -1.76942 -0.614738 0.36797 0.618055 -0.0521144 0.427601 0.783501 0.109279 -0.667926 -0.99723 0.167023 0.699794 -0.252518 -0.439698 0.213523 0.501062 -0.202342 -0.472517 0.0675325 0.437812 0.218483 -0.484067 -0.60229 -0.242277 0.134196 0.455044 0.530572 0.224444 0.224444 
0.675797 0.675797 0.876487 0.383837 0.0215884 -0.220876 0.704262 0.688326 -0.71486 -1.43623 -0.361289 1.30644 0.571865 -0.895578 -0.51788 0.481052 0.384078 -0.283976 -1.63746 -0.919299 2.78049 1.19322 -2.25737 1.23303 2.16907 -2.35162 -1.94517 0.281861 -0.0264941 -0.053662 0.281078 0.405984 0.32016 0.467982 0.556369 0.339049 0.0976394 -0.21087 0.15242 -0.104109 -1.6982 -2.5982 -1.59344 0.773248 0.790173 0.621888 2.08745 0.707873 -0.38177 0.0571404 -0.809665 -0.481316 0.137035 -0.364796 -0.262309 0.52108 0.644379 -0.948506 -1.25675 0.27711 0.773879 0.790021 -0.0404593 -0.86061 -0.36409 -0.137761 0.199466 0.330757 -0.0123816 -0.0123816 
0.567778 0.567778 0.312097 0.218257 0.0876334 -0.222972 1.15017 0.39796 -0.911747 -1.54189 -0.976892 2.04523 0.919429 -1.50574 0.502567 1.12972 -0.319015 -0.010029 -1.15346 -1.37879 2.32571 1.87153 -1.61584 -1.70173 -2.01396 -1.77855 1.34618 1.98624 0.793722 0.66059 0.570773 0.654507 0.559068 0.233921 -0.0854527 -0.0161035 0.579326 0.0847184 -1.32793 -1.7196 -0.837947 -0.791888 -0.777584 0.38654 -0.112555 0.578011 2.40314 0.489324 -0.526583 0.70203 -0.184185 -0.642782 -0.185826 -0.334765 0.190282 0.591623 -0.0838127 -1.39368 -1.0392 0.86184 0.8377 0.292586 0.11392 -0.0117142 -0.0352239 -0.771575 -0.225117 -0.0267396 -0.375515 -0.375515 
-0.520231 -0.520231 -0.927031 0.435872 0.532669 0.246533 0.404823 -1.26283 -0.621043 0.998276 0.00184773 0.00291243 -0.294997 -0.622502 1.51139 0.744617 -0.323236 0.0048893 -0.396634 0.408466 -0.251083 -0.825499 1.17086 1.79659 0.435457 -1.51367 -2.0026 0.638238 1.36402 -0.306145 -0.423593 0.00289267 -0.213929 -0.719655 -0.44729 -0.10853 0.0721936 0.272728 -1.30286 -1.3586 1.83948 2.9348 1.38261 -0.966375 -1.91493 -0.810654 -0.171084 0.608889 0.456608 -0.576327 -0.7238 1.16334 1.82397 -0.947478 -0.438951 1.26581 -0.262239 -1.62516 -0.529051 1.73014 1.15689 -1.30556 -1.14315 1.22747 0.587809 -0.946698 0.293709 0.322469 -0.257821 -0.257821 
-0.867703 -0.867703 -0.781422 0.850073 2.15927 1.45625 -1.04892 -1.25041 0.0383231 0.315124 -0.258126 -0.98296 -0.567057 1.31085 0.87035 -0.800162 0.45814 0.215507 -1.67624 -0.673125 1.65818 0.736699 -1.14439 -0.305867 0.239981 0.987542 1.46728 -0.95314 -2.28142 -0.70579 0.427527 0.245574 0.0199359 0.263598 0.415165 0.591822 0.751787 0.508678 0.217148 0.554204 0.734252 -0.147329 -0.243534 -0.935601 -1.48739 -0.321596 0.316261 1.29133 0.98361 -0.748475 -0.126185 0.68624 -1.27988 -2.11474 1.28746 2.40359 -0.630764 -1.66805 -0.455888 0.0704355 0.649891 1.41646 0.00942538 -1.35335 -1.14228 0.238445 1.30675 0.270865 -0.302267 -0.302267 
-0.140515 -0.140515 0.172814 0.757128 1.19913 0.169307 -1.92218 -1.41463 0.753766 1.93492 0.732428 -1.25496 -0.829382 0.480165 -0.165723 -0.816125 0.314415 0.606158 1.35224 0.702989 -2.76899 -1.80147 2.12776 1.85225 -0.983381 -1.71641 -0.545352 0.469416 0.591056 0.0929891 -0.00211758 0.458009 0.528094 0.107055 0.00406514 0.217567 0.357401 0.576071 1.17966 1.09281 -1.06256 -2.59876 -1.16881 0.0987828 -0.00380953 -0.454454 -0.997944 0.80328 0.825359 -0.976032 1.28689 1.2597 -1.53306 -0.591611 0.982922 0.0512421 -0.0428622 0.422885 -0.536935 -0.388183 0.877962 0.31014 -1.03626 -0.38254 0.0857681 -0.0795437 0.693344 0.354449 -0.263642 -0.263642 
-0.189576 -0.189576 -0.335571 0.125547 0.299687 -0.344779 -0.476973 -0.209813 0.000885204 1.28158 0.900072 -0.971276 -0.621293 0.0414605 -0.339909 -0.5785 0.200476 1.07068 1.6825 -0.0867197 -2.69331 -1.43027 1.50647 0.605377 -2.51336 -0.965268 1.49968 1.05896 0.806583 0.715663 0.391115 0.536807 0.591504 0.133748 -0.646711 -0.961184 -0.31626 0.851236 1.91938 0.265739 -2.36419 -2.06528 -0.633502 0.684165 1.07798 -0.133251 -1.75228 -0.2486 1.00039 -0.253794 1.86549 0.992021 -2.19921 0.262377 0.345146 -1.15829 0.594091 0.295974 0.101338 0.587949 0.0397948 -0.191977 -0.477038 -0.606298 -0.170262 0.368937 -0.229156 0.264345 0.694163 0.694163 
-1.01337 -1.01337 -1.00787 -0.458169 -0.984944 0.540079 2.19417 0.765604 -1.26566 -0.610223 0.395268 -0.4284 -0.596288 0.403731 0.401297 0.067331 0.93218 0.205038 -1.68942 -0.886269 2.00141 1.34197 -1.33122 -0.724525 0.672092 1.58666 0.439033 -1.19025 -0.757055 -0.0518341 0.0441684 -0.549648 -0.857584 -0.498546 -0.168754 -0.312995 -0.238598 0.605092 0.285986 -1.36019 -0.28146 3.08934 2.94824 0.0269632 -0.248083 -0.55542 -1.76924 -0.890121 0.79295 0.931058 -0.500834 -0.167905 0.101111 -0.627723 -0.46 0.587371 0.71673 -0.924224 0.223197 1.49724 -0.451193 -1.0439 0.318396 -0.264988 -0.59725 1.22283 -0.25521 -0.305294 1.00074 1.00074 
-0.505499 -0.505499 0.317342 0.635877 -1.03438 -0.185355 1.19348 -0.517616 -0.735839 -0.121563 0.316676 1.11281 -0.487792 -0.843982 0.314363 0.778596 0.428576 0.142593 -0.615683 -1.3213 0.366349 2.90992 1.76518 -2.38169 -3.43798 -1.60337 0.0471449 0.992136 1.48576 0.959862 -0.175411 -0.144265 0.341416 0.292001 0.45768 0.684567 0.676946 0.136236 -0.697994 -1.00319 -0.978118 -0.112223 0.374264 0.56235 1.06754 -0.133259 -0.797116 -1.29598 -0.596721 2.01501 0.839027 -0.600982 -0.81289 -0.930909 1.26156 0.768341 0.122503 0.791747 -1.40172 -0.141943 1.16748 -1.07954 -0.537488 0.466448 0.578673 0.360605 -0.351643 -0.36421 -0.138952 -0.138952 
-1.57001 -1.57001 -1.92452 1.62603 1.42397 -0.859226 -0.28989 -0.752682 -1.09288 0.109676 1.32796 0.318125 -1.00024 0.261208 1.39761 0.436421 -1.07157 -0.465325 -0.800505 -1.65567 1.75484 3.26332 0.039679 -1.47348 -0.523881 0.660528 1.05386 -0.0904316 -0.955392 -0.693697 -0.262299 -0.0035009 0.148091 0.368199 0.1089 -0.48505 -0.650557 -0.483504 -0.139391 0.837106 2.54586 1.11208 -1.2136 0.668161 0.635766 -1.00669 -0.883926 -0.87318 -0.270302 0.404037 0.381356 0.289392 0.103042 -0.609586 0.369985 1.66016 0.694408 -0.855381 -1.61747 -0.0842898 0.795736 -0.0601284 0.189787 0.140475 -0.0634245 -0.167303 -0.464635 0.47301 0.692427 0.692427 
-1.16594 -1.16594 -0.987733 1.51919 0.177282 -1.59625 0.26569 -0.840493 -0.322851 1.98414 0.033658 -1.07633 0.112978 1.31717 0.699973 -0.243157 -1.63327 -0.9181 2.85075 1.47036 -2.63477 -1.25249 1.00702 0.47167 0.289063 -0.716272 -1.09156 0.0329752 0.676273 0.657091 0.517941 0.750324 0.571333 0.0124625 -0.303108 -0.384638 -0.769094 -1.25658 0.0235629 1.16655 -0.0633056 -1.22112 -0.202427 1.8626 0.459647 -0.458622 0.749074 -0.7054 -1.3702 0.0767399 1.11308 0.0761098 -0.46003 1.60965 1.23776 -0.720985 -0.631673 -0.381085 0.257464 -0.352474 -1.08358 -0.0110083 0.720071 1.15945 -0.0522975 -1.30278 -0.202259 0.810699 0.419005 0.419005 
-0.724065 -0.724065 -0.253746 -0.22554 -1.08285 0.201458 1.79164 0.323537 -0.0885896 -0.150757 -2.20031 0.337793 2.5639 0.222908 -2.06789 0.000192201 0.482339 -1.45181 0.630569 1.54363 1.41416 -0.390857 -3.2463 0.70184 3.24407 -0.208545 -1.15765 -0.473312 -0.567308 -0.561161 -0.216771 0.170937 -0.266956 -0.490392 0.231494 0.577226 0.431505 0.932417 0.849115 -0.738677 -1.54478 -0.354457 0.15658 0.380518 0.791499 0.0848715 0.644687 0.844439 -0.397946 -0.908156 -0.135963 0.980189 -0.167133 -0.17987 1.01029 -0.448719 -1.04925 -0.464736 0.804411 0.440283 -1.21635 -0.0768157 0.545647 0.535971 -0.173854 -0.807999 0.405805 0.673709 0.131968 0.131968 
