65
-0.671543 -0.635082 -0.666538 -0.673199 -0.671842 -0.491265 -0.513956 -0.590978 -0.638462 -0.641458 -0.633973 -0.701913 -0.689323 -0.6563 -0.679608 -0.660129 -0.608045 -0.708636 -0.674812 -0.598747 0.110038 0.757781 1.65541 2.05464 2.22318 2.15505 2.11085 2.09983 2.11292 2.0417 1.94507 1.77384 1.62353 1.47597 0.967954 0.670814 0.486957 0.0719808 -0.248925 -0.325555 -0.394673 -0.550499 -0.201211 0.154484 -0.327209 -0.620212 -0.643204 -0.643227 -0.636474 -0.600998 -0.500794 -0.515576 -0.540302 -0.552973 -0.559179 -0.331749 -0.373133 -0.611339 -0.630141 -0.648469 -0.621815 -0.648799 -0.651192 -0.634945 -0.6736 
-0.195981 -0.477986 -0.671812 -0.720442 -0.670839 0.0692466 0.384739 0.247346 -0.569357 -0.883349 -1.06044 -0.48725 -0.612695 -0.537753 -0.381727 -0.558457 -0.524073 -0.688553 -1.23191 -0.954748 -0.496869 0.215294 0.995569 -0.0926065 -0.717702 -0.430686 -0.381393 -0.355925 -0.795903 -0.922316 -1.03336 -0.682281 -0.443435 -1.14668 -0.155193 1.01479 1.10195 1.81372 2.07235 2.39321 2.17199 1.18947 1.71539 2.80601 2.07693 0.340522 -0.54616 -0.610036 -0.728212 -0.251343 0.174609 0.513974 0.337955 0.0281933 0.141272 1.9432 1.78993 -0.0780021 -0.579773 -0.745211 -0.692844 -0.521177 -0.458239 -0.761265 -0.683675 
-0.767439 -0.727972 -0.686563 -0.885216 -0.735054 -1.05013 -0.791224 -0.363855 -0.609623 -0.980149 -1.22053 -0.572711 -0.670018 -0.65772 -0.716359 -0.89747 -0.665934 -0.883064 -1.35717 -0.85167 -0.863448 -0.307772 0.256702 -0.0714705 -0.00537687 0.225623 0.27615 0.543867 0.732842 0.989353 1.03916 1.19765 1.25348 1.3886 2.55075 2.28137 1.56051 2.43311 1.69302 1.77657 1.77011 0.726479 0.0281697 0.236584 0.875842 -0.0120384 -0.88687 -0.715539 -0.981863 -0.796397 0.20548 0.452931 0.340524 -0.21797 -0.178867 1.05368 1.05144 -0.240512 -0.483126 -0.330623 -0.916893 -1.14204 -0.666344 -1.1484 -0.884587 
-0.902366 -0.553818 -0.464084 -0.724943 -0.769692 -1.3845 -1.1866 -0.713572 -0.647858 -0.738612 -0.89689 -0.439215 -0.553476 -0.593139 -0.679704 -0.764413 -0.680524 -0.866132 -1.06762 -0.563159 -0.519213 -0.320453 -0.159993 -0.00772384 0.351325 0.348326 0.525688 0.831659 1.20168 1.54238 1.71923 1.80984 1.80276 2.31031 2.93121 2.41262 1.49073 2.01396 1.10736 0.913919 0.945385 0.153891 -0.837657 -0.94742 -0.0300237 -0.12105 -0.779762 -0.502141 -0.744726 -0.692353 0.248455 0.28852 0.261213 -0.167762 -0.248661 0.151958 0.437728 -0.161838 -0.254026 -0.106563 -0.688336 -1.04077 -0.714217 -0.907031 -0.658117 
-0.743894 -0.386513 -0.566601 -0.407068 -1.6162 -0.849639 -0.220701 -0.990228 -1.71558 -1.00562 -1.149 -0.701492 -0.24069 -1.34981 -0.867861 -0.705644 -1.31174 -1.16621 -1.05564 -0.81115 0.647955 0.900507 0.726748 0.380588 -0.311344 -0.508178 -0.0696163 -0.0821558 -0.628028 -0.601907 -0.0534953 0.584173 0.902807 0.593331 0.804068 3.13503 2.39087 1.6413 2.2324 1.81473 1.52085 0.259784 0.167878 1.59072 0.751662 -0.100437 -0.926748 -0.22264 -0.260287 0.442877 0.358255 -0.0209942 0.665724 0.453242 0.039205 0.453926 1.40459 0.192034 -0.231531 -0.0956574 -0.390703 -0.365384 -1.61601 -0.581561 -0.127283 
0.792753 -0.14391 0.140258 0.639385 0.175302 0.0704312 0.24388 0.628231 0.332676 0.0290631 0.280357 0.226872 1.30581 -0.267445 -0.0630912 0.507632 0.421425 0.628469 0.143566 0.589114 -1.12141 -1.3256 -1.71662 -1.91988 -2.14773 -2.12274 -2.22705 -2.28261 -1.8046 -1.43644 -1.34917 -1.22081 -1.08246 -0.839947 -0.75439 -0.473041 0.85944 0.999961 1.38383 1.01029 1.62635 1.27272 -0.224371 -0.886726 0.0451115 0.303118 0.0609378 0.527943 0.148999 0.464352 1.0595 1.12879 1.43844 1.19473 0.787614 0.351353 0.40025 0.853497 0.302293 0.751669 0.488228 0.183789 0.189632 0.266832 0.155148 
0.69639 0.131611 0.105397 -0.128375 -1.26372 -0.414782 -0.0442929 0.523671 0.149798 -0.200709 0.074377 0.123574 0.325979 -0.696219 0.00983762 0.196651 0.338914 0.0430155 0.418161 0.763716 -0.660729 -0.475307 -1.26601 -1.78232 -2.18426 -2.34368 -2.42651 -2.15011 -2.11746 -1.70745 -1.11939 -0.636566 -0.135313 -0.126603 -0.48202 0.00523139 -0.1407 0.587287 1.78822 1.37238 1.44907 0.873286 0.208204 1.08219 0.741959 0.913182 0.301989 -0.235292 -0.495941 0.156134 1.53967 1.70809 1.20109 1.1164 0.93071 0.480601 1.33021 1.1626 0.694193 -0.251987 -0.0286596 0.0242051 0.154085 0.199917 -0.407607 
-0.0552128 0.590481 0.424237 -1.22804 -1.75984 -2.51498 -1.99979 -1.0166 -0.42577 -0.120217 -0.539168 -0.183808 -1.05014 -0.260067 0.295046 -0.915426 -0.322934 -0.605755 1.27899 0.309215 -0.454658 0.421967 -0.318079 -0.811437 -0.525379 -0.588641 -0.891955 -1.04052 -0.88133 -0.661555 -0.159831 0.226079 0.570665 1.18168 1.75811 0.690541 -1.70855 0.577256 1.17431 1.8637 0.57526 0.247332 -0.151411 0.348345 0.279068 0.878049 1.13498 -0.760458 -0.384152 -0.324884 1.93403 1.92385 0.972414 0.64919 2.09662 0.084245 0.156984 0.297459 1.84485 -1.40918 -0.24421 -0.0642638 0.849632 -0.0977867 -1.15856 
0.331162 0.296086 0.496956 0.227463 0.0673432 -0.469662 -0.162401 -0.216729 0.0406601 0.685643 -0.115928 -0.229103 0.73609 0.229344 0.359532 -0.0963843 0.0334146 0.690962 1.716 -0.485947 0.334091 1.05499 0.759159 0.198964 -0.325543 -0.320355 -0.716459 -1.67091 -1.94863 -2.31472 -2.55439 -2.61706 -2.19007 -2.28661 -1.81122 -1.28815 -0.0697726 -0.495308 0.137088 1.53687 0.676195 0.501858 0.365394 -0.11383 -0.0180321 -0.380353 0.433931 0.519768 0.962743 0.705855 0.112776 0.297989 1.53096 1.11186 1.7624 0.0204011 -0.261445 0.287697 1.33008 0.411694 0.650575 0.310201 0.478346 0.381973 0.374469 
-1.19309 -0.770319 -0.0721221 -1.17101 -1.07911 -0.898476 -0.754478 0.546641 1.12819 0.425928 -0.869872 -0.607072 0.243396 -0.237343 0.00233266 -0.262441 0.791187 1.15408 1.6825 -0.506148 1.18274 1.79999 0.889612 0.68977 0.667301 -0.241913 -0.493745 -0.393447 -0.639923 -0.708751 -1.06694 -0.956815 0.174945 0.570108 -0.0441802 0.201138 1.6854 0.458761 -0.62417 0.547368 0.256707 -0.386516 -1.76529 -2.07894 -1.57189 -0.963439 -1.37737 -0.610706 0.666732 0.0771353 -1.25535 0.523052 2.68667 2.06529 0.902658 0.168314 1.07952 1.39299 0.655126 1.44656 -0.724352 -1.12475 -0.183319 -0.499671 -0.629179 
-0.310133 -0.457218 0.409979 -0.0782934 0.469928 1.05075 1.88002 0.334084 -0.118579 -0.50071 -1.121 -0.829186 0.930985 0.0612609 0.470808 0.00199497 0.601613 0.883033 0.836829 0.292677 0.413805 0.454316 0.223399 -0.14593 -0.356994 -0.711545 -1.03758 -1.33139 -1.61197 -1.91063 -2.24375 -2.15508 -2.07412 -2.00864 -1.29859 -0.314699 -0.210788 0.916579 0.268702 0.389856 0.260556 0.73 0.0650273 -0.850967 -1.11431 -0.133798 -0.149742 -0.38155 1.30953 1.48749 0.343875 0.539828 1.7591 1.98482 1.81654 0.326879 -1.16065 0.260996 -0.0849833 1.20324 0.545871 0.806447 0.817039 0.0131054 -0.45815 
0.025074 0.00592951 0.286161 -1.38077 -1.32648 -0.119138 0.289312 0.951487 -1.2512 -1.70571 -0.902057 -1.1708 -0.168106 0.0593501 -0.981032 -0.0418199 -0.591302 -0.317461 -0.263625 -1.80972 -0.0165813 0.0902628 0.829812 1.21516 1.52159 1.03645 1.47561 1.58177 1.45986 1.07455 0.807509 0.947259 1.12267 1.67366 2.00282 2.28989 0.711198 1.42476 0.0117322 -0.570823 -0.937211 -0.911906 -0.777124 -1.23004 -1.50981 -0.453926 -0.0333783 -0.414146 -1.1985 -0.352353 0.425263 0.90973 0.316934 0.821296 0.385881 -1.27596 -1.35417 -0.67981 -0.612083 0.252246 0.424985 -0.688375 0.0501746 -0.209992 -1.22501 
-0.443682 -0.557398 0.621049 0.135099 0.575709 -0.161331 -0.277467 1.81352 0.593173 -0.39246 0.779586 -0.186027 1.36598 0.886995 -1.01578 0.912333 -0.506803 1.02604 1.21832 -1.58488 0.351099 0.699454 0.527073 0.784923 0.308671 -0.096556 -0.289204 -0.533595 -0.68194 -1.36287 -2.11604 -2.15834 -1.68186 -1.97132 -1.96182 -1.50266 0.340765 0.138107 0.176588 0.784464 0.716397 -0.460908 -0.616013 -1.54944 -1.07568 -0.425243 -0.594525 0.925722 -0.0902465 0.48412 0.298563 0.399972 0.290898 1.47839 1.04198 -0.443327 -0.274487 0.335461 -0.15252 2.66844 1.77299 -0.143523 -0.245243 0.765684 0.335622 
0.0126516 0.0126516 -0.0902337 -0.0119457 0.434789 0.377412 -0.237197 -0.296351 -0.119734 0.0114186 -0.143532 -0.131351 0.109539 0.0238888 -0.00842634 0.171453 -0.115025 -0.158591 0.262896 1.8733 3.23728 3.68786 3.09492 1.35537 0.240286 -0.267321 -0.131045 0.00564947 -0.138 -0.399762 -0.638383 -0.76647 -0.709971 -1.56343 -1.92034 -1.14691 -1.42806 -1.75505 -0.947781 -0.347035 -0.53599 0.462295 1.68275 -0.299912 -1.84766 -0.753232 -0.0542028 0.0167664 0.101464 0.324432 0.204519 -0.0935534 -0.0885156 -0.0443309 0.528531 0.444601 -0.66637 -0.612492 -0.0878802 0.0205748 -7.96249e-005 -0.0693832 0.0337651 -0.0527546 -0.0527546 
-0.470131 -0.470131 -0.228028 0.024506 0.842721 1.11856 0.208257 -0.966283 -1.14949 -0.485954 0.434411 0.487989 -0.0288956 0.263103 0.00201911 -0.124172 -0.111465 -0.71081 -0.252654 0.786024 1.2373 1.57175 -0.295919 -1.75385 -0.327227 0.372384 0.101054 -0.406516 -0.564077 -0.222839 0.272509 0.635484 -0.458271 0.322519 2.26581 1.32766 0.852304 1.03019 0.624657 0.126869 -1.22526 -0.450189 1.7005 0.398564 -2.5342 -2.6977 -0.962613 -0.165365 0.395605 0.960085 0.817438 0.192952 -0.480453 -0.180542 2.01013 1.73382 -2.0733 -2.43484 -0.668666 -0.0938031 0.25591 0.266877 -0.22557 -0.210371 -0.210371 
0.133858 0.133858 -0.215413 -0.0558947 -0.226662 -0.0671587 1.02185 0.2816 -0.888737 -0.880841 0.612854 0.822716 -0.109459 -0.0527418 -0.33643 0.0891936 0.0363606 -0.998667 0.0612786 0.739419 0.81301 1.65825 0.361834 -0.369182 0.451002 0.428169 0.482025 0.685098 0.668661 0.464537 0.320755 0.329591 0.295321 1.91804 1.32473 -1.43723 0.237796 0.209586 -0.94777 0.128307 -1.52503 -2.53982 -0.703338 1.25858 -0.349445 -2.57028 -1.01665 -0.124104 -0.10337 1.7568 1.84772 0.213311 -0.968834 -0.746602 1.88046 1.81983 -1.88306 -2.23565 -0.116944 -0.621011 -1.17494 0.382732 0.00589895 -0.304884 -0.304884 
0.739952 0.739952 -0.303021 -0.533183 -1.13895 -0.723663 1.13812 0.91188 -0.0530031 -0.436356 0.502256 0.57759 -0.273582 -0.226181 -0.303276 -0.0115506 -0.184234 -0.672647 0.508376 0.928428 0.405232 0.604641 0.525074 0.86495 0.599215 0.288266 0.817055 1.14679 1.20622 0.875608 0.447593 0.132806 0.84639 1.92115 0.164954 -2.47547 -0.692439 -0.66626 -1.89282 -0.287366 -1.3109 -3.06175 -1.89499 1.37208 1.40415 -1.29329 -0.662369 0.0498136 -0.335687 1.68964 1.66857 0.0116866 -0.791055 -0.882774 0.53704 1.16458 -0.547196 -1.19406 0.0844531 -0.753449 -1.60901 -0.054443 0.218747 0.085864 0.085864 
0.154084 0.154084 -0.0559037 -1.14808 -0.503811 1.44703 -0.183301 -1.62068 -0.0504222 0.56725 0.288699 0.929953 -0.722183 -0.699738 0.649602 -0.505199 -0.522914 0.237729 0.342761 1.77402 1.78258 0.0495402 -0.585904 -1.13587 -0.977381 0.222471 0.418073 -0.626758 -0.585727 0.575694 1.22476 0.980887 -0.0243677 -0.138885 2.66355 1.65007 -1.61946 -0.202277 0.149981 -0.789294 -1.68443 -1.47006 1.37851 0.585514 -1.82901 -1.81547 -0.163788 0.673263 0.672262 0.622404 -0.526418 0.292246 0.469245 -0.699045 -0.0333615 1.41507 -0.312048 -1.77059 -0.339429 -0.203025 -0.320362 -1.33457 -0.263527 1.54598 1.54598 
-0.893346 -0.893346 1.11572 0.0687082 -0.776449 0.115632 0.800186 0.143922 -0.818726 -0.0535349 0.296461 1.45456 -0.672011 -1.89579 1.10422 0.697643 0.188756 -0.369128 -0.0353949 -1.75038 -2.65954 -0.813183 -0.81188 -0.583571 -0.264186 -0.0913198 -0.204033 0.610796 1.20369 0.656944 0.32141 0.39287 0.552598 0.478736 0.533074 2.27786 2.0808 0.753439 0.034132 0.359028 0.386871 -2.57 -3.00198 0.396752 1.68459 0.0418178 0.334264 0.142894 -0.0693085 1.29371 0.949403 0.549916 0.111938 -0.891015 -1.16044 -0.522355 0.72231 -0.117396 -0.122813 0.279845 -0.774947 -0.398145 0.135872 -0.0285792 -0.0285792 
-0.7141 -0.7141 -0.289982 -1.71112 -0.323835 1.60559 1.24558 0.291826 -0.88501 -0.0534986 0.458641 0.365515 -1.00726 -0.361933 1.18717 0.464783 -0.153715 0.144677 0.966571 -1.33924 -1.54442 -0.732414 -1.63154 -1.13341 -0.676129 -0.267255 0.29116 0.439125 0.610314 1.32196 1.41526 1.30403 0.696552 -0.401097 0.212058 0.480472 0.788925 2.51467 1.04907 -0.391418 -0.596346 -1.54678 0.31081 0.727038 -0.173416 -0.520595 -1.4284 -0.97925 0.544672 2.65137 2.03165 -0.390691 -0.714985 -0.303297 -0.771516 0.55502 0.916982 -0.771793 -1.76937 -0.883053 0.397023 0.277288 0.268277 -0.676558 -0.676558 
0.418186 0.418186 -1.39317 -1.68131 -0.974154 -0.148876 1.22135 1.28097 0.746827 -0.0491196 -0.00986023 -0.362504 -0.0198447 1.10059 -0.476315 -0.446851 0.28436 1.30296 0.76148 -1.32626 0.12914 0.147922 -0.931952 -0.123137 0.215881 -0.248684 -0.315919 0.0486403 0.338976 0.608979 0.739933 0.616071 0.793509 0.976258 -0.346872 -2.69229 -0.0490304 2.31264 1.05429 -0.431926 -1.23382 -0.532525 0.119887 0.379585 0.457799 0.714928 -1.25127 -1.15717 0.383602 1.86755 1.81281 -0.717719 -0.964473 0.92641 -0.405046 -1.48863 0.208329 1.37071 -1.30498 -1.60641 1.10038 0.902474 0.013841 -1.54267 -1.54267 
0.195624 0.195624 -0.0859639 -0.519595 -0.840939 -0.279507 0.300299 0.240391 1.08042 -0.19163 -1.10235 1.01994 0.547168 -0.455865 -0.394806 -0.395273 0.942253 2.01764 -1.41727 -1.66352 1.84749 0.507073 -1.03182 -1.30651 -0.627353 -0.473112 -1.62586 -1.48365 -0.776902 -0.731191 -0.366713 0.434103 0.393424 0.451555 1.19585 2.08834 0.948847 0.244955 2.43759 0.64406 -1.24683 -0.376875 -0.743115 -0.464115 -0.323688 0.53938 1.07772 0.631692 0.220002 -1.02454 -0.493473 1.70004 0.974116 0.274475 -1.31463 -2.43463 0.317553 1.90826 0.145417 -0.819777 -0.125449 -0.210418 0.0826828 -0.128312 -0.128312 
0.883737 0.883737 -0.341278 -0.829371 0.20071 0.242645 1.14469 1.49694 -0.115878 -1.62724 -0.850315 0.877539 0.278953 -0.212766 -0.0389035 0.61637 1.12167 0.698853 -1.35526 -0.42103 1.83786 -0.254679 -0.912479 -0.197669 -0.76875 -0.953398 -0.140691 -0.136379 -0.272533 -0.362464 -0.218403 0.981079 1.21055 -0.195105 -0.315737 1.3737 0.188702 -1.87802 0.0526355 0.690453 -0.770522 -1.64651 -1.38118 0.137 0.879335 0.137902 0.26527 1.62691 0.535049 -1.56607 0.340287 3.15483 1.22288 -1.45492 -1.54586 0.123685 0.96723 -0.360356 0.0244229 -1.12925 -2.08873 0.416861 0.484524 -0.377638 -0.377638 
0.732864 0.732864 0.387354 0.0643349 1.14698 1.43159 -0.722121 -2.0203 -0.841747 -1.0115 -0.329012 2.08162 0.905358 -0.462382 -0.0563905 0.136089 0.895829 0.241823 -0.594211 -0.424758 0.167314 -0.189192 -0.604226 -0.584122 -0.569156 -0.68558 -0.624073 -0.578043 -0.582953 -0.636161 -0.243924 0.175404 0.151926 0.788988 1.71903 1.10521 1.25051 0.489194 -0.529771 -0.00462306 0.348081 -0.19438 -1.59738 -1.19065 0.729884 0.980416 -0.247265 1.48139 1.89635 -0.974262 -0.956042 1.43679 1.46694 0.0617919 -1.67533 -3.01129 -0.0630916 1.09293 0.957807 0.642476 -0.398192 0.278231 -0.799769 -1.28772 -1.28772 
0.295267 0.295267 -1.33063 -1.55357 1.28252 1.63197 1.09405 -1.4824 -2.58425 0.382157 0.565451 0.761849 1.25146 -0.764479 -0.0621775 0.422202 -0.23433 0.360973 -1.43478 0.28141 1.91239 0.872798 1.1476 0.72024 -0.138686 -0.00772244 0.575724 0.0221088 -0.462833 -0.606039 -0.0879534 0.348618 0.754401 0.906109 0.645696 -1.23681 -0.815996 -0.652526 -1.93142 -0.898689 -0.298903 0.195609 -0.276258 -0.685302 0.803452 1.49447 0.0768998 -1.11199 0.0986208 1.63984 1.28297 -0.069242 -0.0496105 0.10568 -2.03174 -1.67929 0.625877 0.769876 0.957323 1.06094 -0.890476 -0.332182 0.509676 -1.2206 -1.2206 
0.852052 0.852052 0.537116 -0.0871469 -0.299586 -0.770632 1.62208 0.687838 -1.9152 0.108933 0.125871 0.447344 0.859067 -2.06392 -0.0273472 0.381848 0.0474191 1.41079 -2.25781 -0.782516 1.88393 0.100101 0.0235275 -0.233569 -0.794579 -0.55463 -0.418551 -0.381068 -0.750414 -1.26213 -0.721805 0.31856 0.10945 -0.285648 0.347733 1.89936 1.33942 -0.18769 0.498078 0.40793 -1.10246 -1.1761 -0.96976 -0.4377 0.902364 0.358309 1.09423 0.37787 -0.422412 0.280175 -0.11998 -0.0552706 0.863634 0.586687 -1.6747 -1.16261 0.610124 0.0544074 1.92508 1.58033 -2.4279 -1.75636 0.720468 0.442667 0.442667 
-0.0954716 -0.0954716 -0.0191714 0.516492 0.384273 -0.650121 -0.651854 0.119282 0.304756 -0.0183923 -0.134343 0.251446 0.1561 -0.110168 0.148619 -0.0990906 -0.316862 0.373126 1.9851 2.90366 1.77328 -0.133947 -2.26846 -2.77735 -1.57668 -0.357101 0.27084 -0.00197766 -0.390315 -0.482875 -0.352596 -0.0649694 -0.771926 -1.17484 0.410744 0.484581 -0.587891 0.472887 1.37706 0.406135 0.793581 2.1672 -0.738052 -3.43596 -0.437008 1.75272 0.755248 0.156516 0.304655 0.105239 -0.402571 -0.280792 0.052774 0.60618 0.481318 -1.15976 -1.02545 0.568602 0.621793 0.0903725 -0.0828724 0.0377867 0.0210077 -0.0795214 -0.0795214 
0.145808 0.145808 0.305796 0.67078 0.685541 -0.409523 -1.32838 -0.867743 0.296731 0.995875 0.60945 -0.30109 -0.150043 0.012014 -0.252922 -0.0794671 -0.379223 -0.0970186 0.940717 0.936359 0.490212 -0.978912 -2.11444 -0.0274057 1.33946 0.263757 -0.501027 -0.428952 0.108793 0.522431 0.536202 -0.470542 -0.205844 1.71822 0.629213 -0.903071 -0.196024 -0.151793 -0.579853 -1.17955 -0.373155 1.84599 0.530139 -2.69038 -1.96915 0.988075 1.59674 0.8529 0.705435 0.259672 -0.493573 -0.829824 -0.244191 1.57029 1.20523 -2.59455 -2.64854 0.882308 1.47554 0.578175 0.22093 -0.312603 -0.309922 0.00205807 0.00205807 
-0.204031 -0.204031 -0.104077 0.007773 0.00776387 0.797137 0.233354 -1.18235 -0.713563 0.955718 1.08227 -0.437779 -0.53374 -0.127398 0.103759 0.248412 -0.666831 0.0304355 1.10391 0.485856 0.590558 -0.267885 -1.25556 0.0706942 0.514441 0.034261 0.175814 0.131768 -0.123382 -0.203176 -0.069735 -0.00111484 1.01014 0.659849 -2.08759 -0.666251 1.04672 -0.728053 -0.0361073 -0.346886 -1.65702 0.529691 2.39489 0.236571 -2.38434 -0.403249 1.5476 0.587083 1.1934 1.23737 -0.952329 -1.75003 -0.586659 1.80019 1.62295 -2.3434 -2.52634 1.12147 1.02655 -0.648119 0.643767 0.754736 -0.416038 -0.179915 -0.179915 
-0.675271 -0.675271 -0.829956 -0.536125 -0.102333 1.55605 1.12489 -0.774839 -0.88043 0.398859 0.70713 -0.495737 -0.514509 0.00572773 0.169931 0.105689 -0.418622 0.491169 1.10172 -0.0436366 -0.191925 0.106226 0.200631 0.0755118 -0.36189 0.172089 0.602674 0.287234 -0.156569 -0.484172 -0.473533 0.293705 1.22758 -0.432291 -2.92917 -0.550547 1.24161 -0.781064 0.280329 0.416778 -1.8389 -0.366868 3.00554 2.24295 -1.76564 -1.36317 0.928349 0.245238 1.12777 1.37269 -1.10202 -1.62737 -0.57546 0.918261 1.40165 -0.703002 -1.55949 0.450199 0.321804 -1.11245 0.495467 1.25407 0.119981 -0.0636234 -0.0636234 
-0.167794 -0.167794 -0.828378 -0.311695 1.52882 0.153067 -1.89623 0.0395822 1.28254 0.164323 0.178587 -0.652199 -1.02647 0.788909 0.0768758 -0.74996 0.408558 0.482799 0.888411 0.830061 -1.08381 -1.47332 -0.757758 -0.277564 0.780778 0.803226 -0.554427 -0.647915 0.686493 1.05425 0.204286 -0.796299 -0.718059 1.58495 1.04122 -2.63128 -1.16114 1.02943 -0.395833 -1.15029 -0.452537 1.81177 1.20249 -1.98079 -1.49298 0.966387 1.46448 0.464881 -0.0715484 -0.765785 -0.240476 0.56142 -0.64035 -0.344779 1.23789 -0.209345 -1.96757 -0.057348 0.907324 -0.0292551 -0.725181 -0.00641162 1.70146 1.05366 1.05366 
1.31418 1.31418 0.610031 -1.30952 -0.00542276 1.02336 -0.0179544 -1.12575 -0.169776 0.713017 0.977259 -0.688308 -2.29019 1.15759 1.70718 -0.652655 -0.754417 -0.187729 -0.965913 -1.8018 0.593312 1.20562 0.117441 0.331361 0.294074 0.0034746 0.435214 0.909756 -0.00594483 -0.63034 -0.214578 0.118501 0.0207673 -0.0501108 1.17299 1.00392 -1.0622 -1.41343 -0.302234 0.200248 -2.00684 -2.31608 1.95825 3.11488 -0.275685 -0.945116 0.0309965 -0.308395 0.736981 0.648134 -0.537207 -0.600202 -1.00605 -0.892694 0.210955 1.22923 0.235367 -0.605351 0.230177 -0.475561 -0.492949 0.575573 0.211564 -0.147579 -0.147579 
0.294953 0.294953 -0.677654 -0.0184766 2.27461 1.07878 -0.894435 -1.45346 -0.231644 0.924271 0.29146 -0.998555 -0.493165 1.50654 0.570487 -0.912995 -0.214385 0.771402 -1.01088 -1.7138 0.419998 -0.0549297 -0.269744 0.658563 0.597477 0.666693 0.48813 0.223117 0.608897 0.555589 -0.00758211 -0.487184 -1.16228 -0.32689 0.608028 0.399494 1.39687 0.182733 -1.9842 -1.12141 -0.786026 0.625539 1.56087 -0.326707 -0.849174 -0.854205 -0.309206 1.35504 2.48945 1.02236 -2.07726 -1.87507 0.0645035 -0.0339969 0.592114 1.16028 -0.903363 -1.83382 -0.0714527 1.48735 0.798816 -0.08342 -0.648109 -0.641942 -0.641942 
-0.990488 -0.990488 -1.15845 0.309619 0.958645 1.34516 0.898847 -0.211235 -0.709954 -0.37571 -0.117304 0.0595519 0.91823 -0.20071 -0.836653 0.508779 1.08536 0.343491 -1.46723 -0.303227 0.924692 -0.553152 -0.0926316 0.734458 -0.0078111 -0.244621 0.238686 0.447119 0.392 0.299095 0.0695062 0.0966019 0.275329 -0.59937 -2.07307 0.238988 2.98281 0.708512 -1.53447 -1.2684 0.00673132 0.854465 0.597053 0.262345 0.260847 -0.930866 -1.0259 1.01836 1.82852 0.898473 -1.44161 -1.55354 1.02376 0.391469 -1.34239 0.422916 1.73212 -0.816753 -1.67003 1.46749 1.52783 -0.567987 -1.35993 -0.841937 -0.841937 
-0.166704 -0.166704 -0.440477 -0.465577 0.162657 0.7316 0.339316 0.503611 -0.261679 -1.36702 0.776002 1.0525 -0.920672 -0.583639 0.0493318 0.855231 1.53447 -1.47861 -2.31303 2.07229 1.38149 -1.80678 -1.13393 0.266436 0.537244 -0.619329 -0.626926 0.547066 0.486142 0.270051 0.746788 0.490991 0.0220954 0.51769 1.04447 -0.144868 -1.15275 0.950996 0.263053 -2.31508 -0.633492 0.329096 -0.0440019 0.275883 0.644636 0.895859 0.0693588 -0.530445 -1.03459 -0.439376 1.73124 0.937642 -0.888952 -1.43392 -1.69932 1.04156 2.75297 -0.0976006 -1.71127 -0.159934 0.395797 0.142482 0.0629154 -0.122134 -0.122134 
-0.665523 -0.665523 -0.946989 0.353443 0.65909 0.58526 0.764206 -0.686028 -1.7607 -0.382624 1.48531 0.692105 -0.58784 -0.142398 0.51903 0.710158 0.0884629 -1.38746 -0.604897 1.88225 0.136826 -1.54512 0.0737735 0.123781 -0.394903 0.403077 0.512043 -0.0351305 -0.0894769 0.0721131 0.81567 0.864924 -0.637363 -0.839257 0.945572 0.331789 -1.83425 -0.0375663 1.52204 -0.433786 -1.30674 -0.311248 1.06938 1.34446 0.0414182 -0.313211 0.899551 0.19647 -1.80037 -0.0714138 2.76327 0.549857 -2.61737 -1.55573 0.95122 1.4901 -0.238231 -0.502784 -0.402493 -1.17768 0.932482 1.5248 -0.41726 -0.456279 -0.456279 
-0.179403 -0.179403 -0.393625 0.553508 0.956479 -1.18983 -2.23951 -0.0295991 0.718757 0.389775 2.10105 0.868353 -1.63741 -0.588084 0.446634 0.681235 0.119857 -0.93844 -0.392333 0.554769 0.20596 -0.46194 -0.212177 0.0729935 -0.01755 0.0133148 0.121052 0.0770061 0.0111918 0.274575 0.587955 0.312258 0.456656 1.08902 0.259449 -0.260983 -0.358798 -1.13092 -0.277758 0.631916 -0.0761093 -1.24047 -0.61098 1.59314 1.48956 -0.598297 0.381974 1.47135 -1.57882 -1.84193 1.64871 1.65662 -0.862143 -2.03417 -1.98829 1.11895 2.7716 0.726783 -0.248998 -0.849546 -0.191828 -0.216585 -0.988785 -0.273869 -0.273869 
-0.959847 -0.959847 -1.09993 1.70366 2.06332 -0.0566682 -1.89511 -2.24944 1.23331 2.0408 0.300321 0.492786 -0.897288 -0.763646 0.807376 -0.0464195 0.0232776 -0.692531 0.0117573 2.16488 0.433336 -0.418788 -0.0341074 -0.746464 -0.395651 0.510635 0.0804931 -0.590807 -0.332935 0.297297 0.661589 0.591025 0.412037 -0.0065533 -1.28471 -0.856675 0.428875 -0.639106 -0.0929226 1.08751 0.749329 0.0759778 -0.491753 0.740163 1.43136 -0.394765 -1.57596 0.0753972 1.7908 0.805908 -1.01212 -0.775548 0.171658 -1.18368 -1.0598 1.73161 1.60063 0.270007 0.244633 -1.09928 -0.813591 0.941507 -0.496467 -1.02543 -1.02543 
-0.1815 -0.1815 -0.56791 -0.504466 -0.409627 1.20293 0.916215 -2.17609 -0.344893 1.27684 0.222914 0.46728 -1.541 -0.535237 1.52734 0.059721 0.650344 -1.41347 -1.34419 2.57712 0.559769 -1.13812 -0.193096 -0.492956 -0.185291 0.246198 0.120874 -0.191977 -0.531927 0.03115 0.991871 0.527977 -0.360555 0.160936 1.36593 0.62728 -1.27842 -0.507336 0.382123 -0.977269 -0.967051 0.0955794 0.4705 1.17226 0.506161 0.132201 0.0255498 -0.925337 -0.0470306 0.200643 -0.194195 0.622286 0.410805 -1.55775 -1.06935 1.42772 0.766762 0.827379 0.95797 -2.68099 -2.05193 1.96224 1.37461 -0.158513 -0.158513 
