8
0
281
0 35 76 117 158 199 240 281 
0 0 11
0 35 2
0 35 3
0 35 4
0 35 5
0 35 6
0 35 7
0 35 8
0 35 9
35 76 0
35 76 1
35 76 2
35 76 3
35 76 4
35 76 5
35 76 6
35 76 7
35 76 8
35 76 9
76 117 0
76 117 1
76 117 2
76 117 3
76 117 4
76 117 5
76 117 6
76 117 7
76 117 8
76 117 9
117 158 0
117 158 1
117 158 2
117 158 3
117 158 4
117 158 5
117 158 6
117 158 7
117 158 8
117 158 9
158 199 0
158 199 1
158 199 2
158 199 3
158 199 4
158 199 5
158 199 6
158 199 7
158 199 8
158 199 9
199 240 0
199 240 1
199 240 2
199 240 3
199 240 4
199 240 5
199 240 6
199 240 7
199 240 8
199 240 9
240 281 0
240 281 1
240 281 2
240 281 3
240 281 4
240 281 5
240 281 6
240 281 7
240 281 8
240 281 9
0 117 -1
