32
0.531372 0.598642 0.652871 0.708666 0.77825 0.901132 1.17854 1.22587 1.20646 1.14626 0.971234 0.767543 0.634785 0.324116 0.143168 -0.0547817 -0.203168 -0.251796 -0.0422139 0.210631 0.26278 0.13325 0.067404 -0.186727 -0.472176 -0.790899 -1.17588 -1.51832 -1.37713 -1.95729 -2.13009 -2.28249 
-1.32881 -1.30676 -1.20935 -0.997495 -0.762169 -0.638594 -0.963233 -1.0483 -0.715388 -0.520807 -0.087748 0.338431 0.661283 0.918555 0.866229 1.25886 1.40573 1.63483 1.39417 1.20795 1.08485 1.23594 1.10187 0.925639 -0.602407 -0.390376 -0.533492 -0.264186 0.330542 -0.38126 -1.0216 -1.59291 
1.3525 0.855828 0.491859 0.0714859 -0.334845 -0.865246 -0.95541 -0.787531 -1.21129 -1.59395 -1.8053 -1.3275 -1.05175 -0.483303 -0.199008 0.273724 0.401605 0.51236 0.104367 -0.475944 -0.703769 -0.633237 -0.593361 -0.562832 1.31969 1.04407 0.144377 1.15169 1.87053 1.56134 1.32007 1.1088 
0.814235 1.2647 1.49863 1.59349 1.562 1.56983 1.3944 1.21016 1.33955 1.0797 0.635584 0.405604 -0.346707 -0.833364 -0.999732 -1.00308 -0.917721 -1.07627 -1.16165 -1.1774 -0.941097 -0.619371 -0.33721 -0.237896 -0.663311 -0.421044 -0.294932 -0.411389 -0.508653 -0.768323 -0.952586 -0.696155 
1.59732 1.43229 1.4096 1.48753 1.44073 0.779674 0.222402 -0.020682 -0.912783 -1.04976 -0.5373 -0.00933192 0.24548 0.581544 0.683026 0.699759 0.229373 0.0733304 0.216046 0.564936 0.697626 0.0937615 -0.451204 -0.908685 -1.42598 -1.76977 -1.95308 -1.22845 -1.53431 -0.958867 -0.0994711 0.405238 
0.403428 -0.107484 -0.422008 -0.72115 -0.767736 -0.172114 0.284804 -0.258408 0.073847 0.359357 0.540856 0.461768 0.595845 0.977791 0.843918 -0.50978 0.513746 0.528622 0.353827 0.190867 -0.800299 -1.59627 -2.55919 -2.0848 0.796098 -0.143378 -1.11269 0.200866 -0.249743 0.0240012 1.88855 2.46685 
0.522578 0.925837 1.08555 0.54975 0.0268072 -1.19887 -1.90263 -1.93113 -1.76734 -1.21807 -0.810074 -1.18385 -0.23197 0.223217 1.11991 1.73568 1.02345 0.922639 0.431509 -0.076116 0.22726 0.30237 1.02737 0.774001 -0.901901 -0.319194 0.874046 1.06094 0.599821 -0.732907 -0.188789 -0.969889 
-0.591593 -0.86074 -0.823512 -0.551707 -0.453569 -0.508347 -1.12711 -1.49375 -0.972692 -1.12985 -0.923936 -0.598628 -1.16859 -0.794099 -0.435465 -0.616402 -0.323622 -0.13123 -0.139394 0.0636717 0.191131 1.28874 1.78765 1.71809 2.11706 1.47207 0.911422 1.05305 0.864399 0.560345 0.726051 0.890553 
1.17971 1.37333 1.82657 1.35057 1.30797 1.37751 1.33544 1.31789 0.852195 -0.229636 -1.40597 -1.17427 -0.919915 -0.000516644 -0.531469 -0.47116 -0.301194 -1.30271 -1.33816 -0.888803 -0.659595 0.0640913 -0.32806 -1.98879 -0.560644 -0.52302 0.305232 0.0158441 -0.00846124 0.36874 -0.381357 0.338637 
1.13686 1.22394 -0.0104364 -0.234376 -0.560025 -0.369692 0.164265 -0.128232 -0.411593 -0.681286 -0.337119 -0.193253 0.081221 -1.00655 -0.559915 -0.420944 -1.24295 -1.02132 -0.248707 0.305571 -0.0378023 -2.05225 -2.288 -0.458414 0.227606 0.659513 1.46657 1.69371 1.88306 1.21525 1.14514 1.06015 
-1.3865 -1.71436 -1.5579 -1.30257 -1.13867 -0.643582 -0.0368675 0.292883 0.202715 0.561427 0.530485 0.911515 0.572065 -0.0130911 -0.563624 -1.09333 -1.14088 -0.745175 -0.826784 -0.301037 -0.0894135 0.231241 0.771118 1.97401 2.27632 1.62522 1.10942 -0.0549252 0.26648 0.253287 0.538813 0.491707 
-0.843246 -0.944897 -0.646298 -0.444823 0.0455412 0.11821 -0.0764998 0.049412 0.680877 0.576518 1.02675 1.1475 1.77909 0.820518 0.355383 -0.771806 -1.03982 -1.27164 -1.90663 -1.35912 0.35062 2.08264 2.09353 1.17895 -0.929475 0.193758 -0.658654 -1.02736 -0.437922 -0.102051 -0.122837 0.0837833 
-0.861699 -0.740308 -0.564294 -0.553189 -0.680114 -0.466861 -0.380125 -0.779721 -1.66396 -1.87863 -1.46916 -0.393552 -0.333046 0.106773 0.114288 0.339328 0.287243 0.43045 1.03979 2.14412 2.37697 2.06732 1.11414 0.176231 0.37966 0.615077 -0.480675 0.611995 -0.254017 0.100267 -0.628404 0.224093 
0.888508 0.888508 0.854643 0.899959 1.09794 1.71125 1.48828 0.612345 0.295022 -0.164235 -0.587713 -0.462969 -0.778679 -0.920895 -0.588241 -0.492148 -0.0514741 1.00495 1.89464 1.43003 0.301582 -0.0466392 -0.414359 -1.06244 -1.25306 -1.54681 -1.61678 -0.0639561 -0.765537 -1.69218 -0.429779 -0.429779 
0.226425 0.226425 0.507433 0.711623 0.580924 -0.248125 -0.557026 0.416502 0.83053 0.978804 1.32169 1.15853 0.908455 0.35299 0.553387 0.848317 0.606197 0.0324355 -0.582444 -0.408406 0.090994 0.074755 -0.409855 -2.47368 -1.89885 0.15159 0.236388 1.32879 -0.123775 -1.95234 -1.74434 -1.74434 
-0.994647 -0.994647 -0.90283 -0.953811 -1.08622 -0.705731 0.134619 -0.266851 -0.929402 -0.673772 0.361758 0.947955 1.05705 1.06733 0.95214 0.763903 0.32828 -0.316621 -1.14829 -0.931464 -0.148204 0.173963 0.125821 2.34336 1.97493 -1.37334 0.170605 2.11844 0.534097 -0.621355 -0.503527 -0.503527 
1.70203 1.70203 0.923315 0.342106 0.151495 -0.163693 -0.58429 0.0831935 -0.0823666 -1.33825 -1.27284 -1.94774 -2.50982 -1.2267 -0.168323 0.382912 0.0430416 -0.330853 -0.018128 0.686304 1.4253 1.52574 1.03869 -0.510787 -0.197745 1.01001 0.224464 -0.264693 -0.578306 -0.76882 0.361358 0.361358 
-0.176751 -0.176751 0.131396 0.100807 -0.836402 -1.48379 -0.953708 -1.37835 -1.24378 0.53753 1.38084 1.05408 0.810699 0.61624 0.211254 -0.514008 -0.733128 0.0444279 0.6848 0.672085 -0.536229 -1.39565 -1.21001 -1.17491 -1.03072 -0.607155 0.747844 0.592417 0.403223 1.88104 1.79133 1.79133 
-0.783976 -0.783976 -0.618424 -0.408961 0.290528 0.684146 -0.206147 -0.303603 0.344257 0.226403 -0.0586253 -0.0956979 0.264719 0.0552471 -1.30161 -0.3968 0.673094 -0.263703 -0.402729 -1.04093 -1.53579 -1.51372 -0.5206 2.48434 1.37904 -1.63089 0.13043 0.535929 -0.276951 1.53294 1.77103 1.77103 
0.60569 0.60569 -0.291076 -0.942986 -1.6018 -1.77447 -0.63121 0.197277 0.74902 0.982228 0.10076 0.620143 1.41177 1.35908 1.51242 -0.024046 -0.708348 -0.497209 -0.885702 -0.126976 0.429515 0.832155 0.518466 -1.77432 -0.975889 1.76404 1.38605 -0.193801 -1.64499 -0.685021 -0.158235 -0.158235 
-0.597597 -0.597597 0.379363 0.489367 -0.100441 -1.39517 -1.95839 0.100137 0.478462 -0.0906956 0.780631 -0.620591 -0.531771 1.14527 0.142172 0.0232375 0.69747 0.153966 0.173243 0.418177 2.03372 2.70457 0.59666 0.416167 -0.623061 -2.35614 -0.935507 -0.263675 -1.06857 -0.428606 0.417604 0.417604 
0.824827 0.824827 0.0454949 -0.531594 0.103333 0.10395 0.00258411 -0.490455 -1.72912 -2.5562 -1.02744 0.637677 1.43806 0.524073 -0.475784 0.339984 -0.895825 -1.13491 0.553704 0.861733 1.18101 0.457835 -2.31728 -0.198717 1.77792 1.07973 0.699138 -0.293117 0.482698 -0.36202 0.0369411 0.0369411 
-1.02196 -1.02196 -1.31045 -0.46753 -0.0832565 0.714101 0.266235 -0.491897 -0.470745 0.111342 0.494953 0.430307 -0.712147 -0.552448 0.585465 -0.591312 -0.514639 0.964505 1.27307 0.237893 -2.14482 -2.04499 1.52068 2.3757 1.07923 1.19151 1.00157 0.428584 -0.401551 -0.64222 -0.10161 -0.10161 
-0.386812 -0.386812 0.35867 0.368193 0.674665 1.2407 1.02936 0.138545 0.175565 0.251272 0.279802 -0.114559 -1.34962 -1.61945 -1.54856 -0.905609 0.277327 0.233793 0.400024 0.774861 0.512694 0.932296 2.06004 1.75637 -0.613565 -1.65935 -2.31542 -1.24523 0.226273 0.180409 0.137058 0.137058 
0.109354 0.109354 0.363701 0.524606 0.416528 -0.158302 -0.113627 0.579598 0.386383 0.234313 0.423198 0.575375 -0.330264 -1.2505 -1.39198 -1.22658 -0.475302 -0.78322 -0.129298 1.8381 2.832 1.40653 -0.814166 -2.59243 -0.882549 0.17134 -1.08051 0.129311 0.720505 0.208481 0.10003 0.10003 
0.309644 0.309644 0.171284 -0.208774 0.0448343 0.312887 -0.455976 -1.67413 -1.44213 0.18092 1.79967 1.36186 0.564222 0.497741 0.228286 0.153513 0.0508484 0.880655 2.08645 1.61412 -0.159819 -1.64779 -2.43598 -0.984924 0.487093 -1.14282 -0.0673375 0.220888 -0.705469 -0.533166 0.0918781 0.0918781 
0.0106495 0.0106495 0.0582594 0.301845 0.89859 0.45633 -1.10831 -1.20744 -0.769663 -0.881191 -0.267628 -0.154404 -0.434879 0.246306 0.49668 0.610168 1.61911 2.09086 0.492829 -1.62747 -1.50519 -0.705954 -1.02099 -0.834931 -0.462657 -0.335898 1.60414 0.94056 -1.66441 0.398983 1.37253 1.37253 
0.323645 0.323645 0.493573 0.150948 -0.708923 -0.857224 0.642896 1.24452 0.55774 0.498538 0.239355 -0.254112 -0.580587 -0.205703 0.502003 0.133736 -0.589195 -0.899409 -0.277084 0.650229 0.491878 -0.327023 -2.03105 -1.14937 2.27456 1.86675 1.06947 -0.209942 -2.6408 -1.25886 0.262892 0.262892 
0.0390658 0.0390658 0.00256995 -0.157951 0.15093 0.847306 0.287519 -0.788369 -0.317968 0.897644 1.13429 0.471075 0.0587962 -0.101762 -0.243882 -0.473269 -0.800183 -1.0837 -0.466814 0.689271 0.764683 0.169503 1.52635 1.29706 -2.68736 -1.31833 2.47301 0.233551 -1.98801 -0.769472 0.0576862 0.0576862 
-0.644492 -0.644492 -1.17514 -0.638198 -0.395321 -0.605298 0.291882 0.524731 -1.2313 -1.02043 -0.489991 -1.06289 0.724784 2.20426 1.53605 0.259451 -0.585194 0.0106265 0.99514 1.38433 0.832877 -0.286505 -1.79287 -1.06239 1.45496 0.451951 -1.09733 -0.666455 -0.393793 0.924388 1.09833 1.09833 
0.16825 0.16825 0.139387 -1.03567 -1.61765 -0.233187 -0.0230125 -0.396204 1.68523 2.35396 0.364886 -0.660459 -0.535624 -0.68811 -1.18895 -1.01358 0.404411 1.21539 0.469724 -1.27461 -2.07352 -0.758246 0.0857829 0.0466623 0.413202 1.55567 1.00936 -0.44767 1.09338 1.18725 -0.20715 -0.20715 
-0.00475001 -0.00475001 0.142662 0.518428 0.64803 -0.470802 -0.816402 0.266095 0.251739 -0.404794 -0.347942 0.106298 -0.0150302 -1.22358 -0.439394 1.26846 -0.0275908 -0.878385 -0.668246 -0.918668 -0.453987 0.593195 2.69243 1.21564 -3.01741 -0.999984 1.40367 -0.40796 0.580403 1.32004 0.0462985 0.0462985 
-0.559195 -0.559195 -0.994494 -0.835605 -0.515607 0.68769 1.35619 0.96122 0.563735 -0.39326 -0.202173 0.915001 0.533008 0.106807 -0.883949 -1.44327 -0.276343 -0.0788229 0.286816 0.917809 0.68004 0.0989956 -1.70081 -0.958222 2.40226 1.61674 -1.26771 -1.98431 -0.2884 1.03235 0.391351 0.391351 
0.620908 0.620908 0.70065 -0.435109 -1.45341 -1.43414 0.996664 1.67919 -0.225632 0.131749 -0.471421 -1.03866 1.19279 0.401249 -0.900664 0.315243 0.00747001 -0.467311 0.104232 1.26138 1.57012 -1.12903 -1.74617 -0.971479 -2.09696 -0.31379 1.42954 -0.183756 -0.206856 0.990042 0.526127 0.526127 
-0.461307 -0.461307 -0.831975 0.0764139 0.447479 -0.025448 -0.342527 -1.07302 -1.28758 0.489955 2.09072 1.62287 -0.0337044 -1.19001 -0.0789779 -0.230532 -0.908069 0.970307 1.32172 0.442186 -0.220163 -2.20771 -0.382444 2.66965 0.860421 -0.653648 -0.842527 -0.0997573 -0.00499304 -0.247049 0.295519 0.295519 
-0.228952 -0.228952 0.316374 0.75162 0.722142 0.183792 -0.822527 -0.519097 0.347953 0.582445 0.164043 -0.823239 -0.6781 0.797174 -0.0674532 -0.754018 0.964219 1.11424 -0.512389 -2.2535 -1.51921 2.32907 2.81764 -0.327901 -0.808419 -0.0925561 -0.535882 -0.950054 -0.735063 0.151736 0.307435 0.307435 
0.551822 0.551822 0.559429 0.208741 0.653295 0.239655 -0.924106 -0.725709 0.0463665 0.0395839 -0.335915 -1.3453 -1.24581 -0.202599 0.526546 1.41487 0.866492 0.0543308 0.388533 0.0463202 0.0820795 1.19237 0.614603 -2.17941 -2.77222 -1.40315 0.287125 1.98666 1.09514 -0.114948 -0.0783115 -0.0783115 
0.173272 0.173272 0.284629 0.0338078 -0.475369 -0.369653 0.507922 0.343287 -0.241711 0.0227268 0.233285 -0.524196 -1.26638 -0.73753 0.0138038 0.631651 0.304082 0.236705 1.81137 2.04665 -0.301427 -2.52613 -2.77029 -0.0500778 1.90996 -0.139755 -0.0318391 1.24367 0.0520388 -0.432161 -0.0778071 -0.0778071 
-0.0979497 -0.0979497 -0.363931 -0.0896136 0.363963 -0.351608 -1.39172 -0.691277 1.29713 2.26764 0.825356 -0.86574 -0.605868 -0.236222 -0.242025 -0.125298 0.507768 1.42349 0.512192 -1.57316 -2.28395 -1.59408 0.462783 2.04458 -0.111622 -0.389134 0.953266 -0.447712 -0.528839 0.556901 0.436315 0.436315 
