46
-1.59592 -1.41267 -1.26529 -1.06986 -0.574668 0.159048 0.558332 0.91442 1.16734 1.2771 1.34549 1.35255 1.26305 1.2227 1.14227 1.174 1.22243 1.13525 1.01141 0.982035 0.963232 0.841049 0.480183 0.444129 0.359844 -0.000195795 -0.195415 -0.29566 -0.545292 -1.19081 -1.54013 -0.810601 -0.0427488 0.434332 0.119781 0.0669259 -0.0866634 -0.135926 -0.387706 -0.734165 -0.819765 -0.850493 -1.11431 -1.31717 -1.77299 -1.87845 
-0.693634 -0.958727 -1.5443 -1.58716 -1.18878 -0.753989 -1.04673 -1.00984 -1.1416 -1.56145 -1.56858 -1.2283 -0.888663 -0.914086 -0.66715 -0.568625 -0.59087 -0.303416 0.233975 0.520134 0.925114 0.772625 0.424736 -0.0386321 0.424589 1.17137 1.55544 1.94165 1.90609 1.22082 1.6147 1.07178 -0.284763 -1.24286 0.0598941 0.396628 0.619815 0.0874639 0.384896 0.728636 0.696242 0.825992 0.87725 0.189236 0.562756 0.570326 
1.54278 1.43423 1.49122 1.26438 1.11511 1.14067 0.876954 0.499514 0.281414 0.0273401 -0.174277 -0.441344 -0.612362 -0.593718 -0.972799 -1.01903 -0.806313 -0.886758 -1.48304 -1.80351 -2.04839 -1.65344 -1.21884 -0.851646 -1.11946 -1.24712 -0.713459 -1.01779 -0.229537 0.627177 0.874981 -0.296762 -0.384805 0.665762 0.399645 -0.0880776 -0.00687754 0.403366 0.538714 0.386796 0.711653 0.572384 0.660505 1.50906 1.50835 1.13734 
0.465937 0.285265 0.216702 0.16346 0.417107 0.679838 1.2121 1.53964 1.74773 2.07623 2.12413 2.05159 1.90779 1.41799 1.21355 0.895616 0.474038 0.288618 0.0450299 -0.290871 -0.568751 -0.939977 -1.0514 -1.16754 -1.03977 -0.718437 -0.799107 -0.795151 -0.613031 -0.387814 -0.180778 -0.107642 -0.579331 -0.716312 -0.774095 -0.744563 -0.869883 -1.09957 -0.900669 -1.06695 -0.850766 -0.641209 -0.341553 -0.971077 -0.584913 -0.421203 
0.833189 1.01046 1.4998 1.03749 1.27507 1.63008 1.91763 1.18182 0.776659 0.957641 0.612694 -0.000227362 -0.412417 0.0312954 0.309855 0.0754253 -0.60291 -0.612438 -0.491455 -0.53587 -0.839746 -1.20229 -1.40063 -0.830302 -0.417283 -0.43895 0.0542545 1.33308 1.73241 1.2062 1.03124 0.999467 0.206257 -0.313812 -0.519193 -0.5103 -0.310416 -0.814053 -0.977819 -1.48822 -1.68862 -1.71613 -0.826833 -0.733818 -1.11999 -0.908301 
0.506649 0.572521 0.84601 1.59144 0.339309 -1.20687 -0.7908 -0.600407 -0.709969 -0.789741 -0.32713 -0.546746 -0.611982 0.473956 -0.236123 -0.585666 -1.38605 -1.60918 -1.01167 -0.632415 -0.252211 0.0768501 1.03317 0.947024 0.0270055 -0.712045 -0.943823 -0.732409 0.551313 1.97289 2.25259 -0.428486 -0.159385 -0.139605 0.526315 1.0042 1.4513 1.44212 1.93418 1.09486 -0.170393 -0.409439 -1.79299 -1.23499 -1.06467 0.441506 
1.31811 1.20412 1.24917 0.969645 0.56124 0.182386 0.139867 -0.326379 -0.5339 -0.788531 -1.22147 -1.39364 -1.5363 -1.3455 -1.28433 -1.52324 -1.54143 -1.55816 -1.51244 -1.68616 -1.40479 -1.00395 -0.460471 -0.015874 0.32207 0.316911 0.679571 -0.364693 -0.450584 0.552686 1.37698 1.04374 0.352614 0.877986 0.226543 0.177653 0.119283 0.633186 0.885033 0.866209 0.674531 0.976313 1.09603 1.28538 0.997022 0.867563 
-0.133734 -1.70727 -1.75602 -1.47271 -0.536791 0.0743707 -0.966202 -0.821686 -0.0268837 -0.347974 0.0901729 0.239052 0.174494 0.859548 0.602998 0.511493 0.430224 0.660883 1.0906 1.45693 0.80752 1.30488 0.571344 0.416798 -0.115789 -0.643825 -0.283718 -0.339819 -1.97285 -2.82752 -0.393387 0.127525 -0.97229 -1.15166 0.129423 0.0110497 -0.289206 1.04375 1.4058 1.78384 1.73691 1.15003 0.705729 0.215752 -0.390502 -0.451289 
0.252555 0.791758 0.00792739 0.34586 1.60317 1.80324 1.93157 1.68013 1.11749 0.4809 -0.3738 -0.307433 -0.2701 -0.057834 -0.441896 0.0693809 1.16954 0.983384 1.03899 0.24797 0.914662 1.03392 0.916012 0.985702 1.71786 -0.00353454 -0.812188 -0.803784 -0.309034 -0.708179 -0.272322 -1.31901 -1.55586 -0.509308 -0.303138 -0.635586 -0.827765 -0.760887 -1.05338 -1.17836 -0.915962 -2.0067 -0.183837 -0.927962 -1.2402 -1.31395 
0.620961 0.79263 0.862296 0.499295 0.3169 -0.319219 -1.7097 -1.66324 -2.12422 -2.09069 -1.86825 -1.46208 -1.11777 -1.49813 -1.2132 -1.22023 -0.931759 0.0507379 0.0222864 0.941776 0.749529 0.737593 0.99763 0.689002 0.175645 0.63404 0.771157 0.430286 0.464587 1.75575 1.19949 -0.389599 0.264446 1.57072 1.0602 0.954191 0.361253 0.24561 -0.168549 -0.371844 -0.529587 0.255836 0.428307 0.231005 0.223079 0.371811 
0.72308 -0.150959 -0.438686 -0.281043 -0.509257 -1.1424 -0.821656 -0.875431 -1.3238 -0.922862 -1.68156 -1.74248 -1.06786 -0.529501 -0.203952 -0.257798 0.0946628 0.311351 1.13489 1.43053 2.06777 1.44833 1.52371 0.890519 1.2185 1.7707 1.49669 0.546033 0.0946707 0.858978 0.683751 0.609358 0.448185 0.259665 0.85316 0.81161 0.0999181 0.0460553 -1.23108 -0.351758 -0.858598 -1.3318 -1.31226 -0.996596 -0.630411 -0.760389 
-0.319946 0.582003 0.0622056 -0.135921 -0.588056 -0.660342 -0.950167 -1.57695 -1.46116 -1.46316 -1.04749 -1.46866 -1.72578 -1.63448 -1.28945 -1.01604 -1.02863 -1.0856 -0.490469 0.102712 -0.0585979 -0.0322545 0.285422 0.29332 0.208516 0.414515 0.36707 0.611097 0.854401 0.49623 0.459546 0.467684 0.269044 0.755862 1.69098 1.63531 1.85158 1.69699 1.64135 1.63275 1.04403 0.277468 -0.561576 0.308848 0.523313 0.0625056 
0.148573 0.379511 1.03577 0.711251 -0.00964238 -0.595558 -0.521302 0.0668662 1.2249 1.13186 1.3143 0.972786 0.348007 0.851762 1.1428 1.27736 1.1822 0.67712 0.356182 -0.0473818 -0.539058 -1.35301 -1.57515 -1.69282 -1.87473 -1.9951 -1.48153 -0.892295 -1.3856 -0.494039 -0.05843 -1.06372 -1.59809 -0.776074 -1.07804 0.0578201 0.00502242 -0.0503146 0.0535899 0.850652 1.12983 1.31341 0.730376 0.801709 0.502224 0.815994 
0.627928 0.627928 0.649785 1.27447 2.24126 2.06901 1.39078 1.12791 0.685488 0.354058 0.169616 -0.113961 -0.199116 -0.182814 -0.0533557 0.178081 -0.0354922 -0.344906 -0.24107 -0.0524187 -0.219109 -0.833464 -0.678775 -0.182026 -0.763914 -0.963156 -0.496557 -0.594284 -1.57362 -1.75266 0.71698 2.72345 2.27004 0.326012 -0.625767 -0.336674 -0.330223 -0.506575 -1.04035 -0.741886 -0.174821 -0.494908 -0.804056 -1.1489 -0.973968 -0.973968 
-1.22061 -1.22061 -0.91954 0.41343 1.06049 0.12423 -0.414803 -0.196724 -0.815479 -0.646638 0.383119 0.852891 0.357468 0.231884 0.399796 0.0351339 0.291079 1.04922 1.04747 0.868089 0.273849 -0.746069 -1.16722 -0.0684018 1.57099 1.46378 0.975301 0.406818 -1.04471 -0.462942 -0.270117 -2.64143 -3.20385 0.398707 2.15282 0.690326 -0.48703 -0.386449 0.800399 0.353581 0.0636862 0.177011 -0.930821 -0.49425 0.448063 0.448063 
-0.0572973 -0.0572973 -0.250141 -0.586395 -0.17494 -0.361506 -1.01847 -0.94411 -0.742997 -0.716128 -0.737308 -0.687425 -0.22166 -0.560844 -0.6666 0.298148 0.242369 -1.07647 -1.46775 -0.89488 0.271395 1.37907 1.33382 0.188762 -0.617954 0.688599 0.400583 0.815633 2.70838 1.82733 -1.47947 -2.02697 1.59585 1.30556 -1.20217 -0.635972 0.827894 0.916167 -0.000269913 0.308668 0.329288 -0.0566401 1.55371 1.4089 -0.579235 -0.579235 
-0.490276 -0.490276 -0.203121 0.522959 1.23499 1.86282 2.00888 1.27838 1.28053 0.919541 0.0158217 -0.416147 -1.35642 -1.49307 -1.10577 -1.59507 -1.29647 -0.895385 -1.23448 -1.31176 -1.39136 -1.01625 -0.441432 0.0975621 1.08338 0.613676 -0.101509 0.490669 0.989267 1.04542 0.70271 -0.826756 -1.30024 -0.367528 0.0076976 -0.144493 -0.728624 0.00198479 0.144873 0.183814 1.03073 1.21884 -0.671977 -0.477036 1.31047 1.31047 
1.05515 1.05515 0.143298 -0.215651 0.949622 1.02086 -0.534341 -1.52195 -0.214865 -0.129015 -1.2609 -1.35676 0.149696 1.13451 0.16767 -1.19659 -0.875945 0.263656 0.213917 -0.391811 -0.845371 -0.69491 0.6351 1.50673 0.66271 0.777031 2.63117 2.49733 -0.0761452 -0.894923 -0.189988 -1.07144 -1.76761 -0.929532 -0.175382 0.40241 -0.328312 -0.846774 -0.856414 -0.90865 -0.220191 1.33342 1.50526 -0.313204 -0.14401 -0.14401 
0.269045 0.269045 0.818843 -0.415459 -2.26948 -0.919826 0.485141 0.0598815 -0.158694 0.304221 0.19108 -0.235973 0.820282 0.298574 -0.862798 -0.93586 -0.833586 0.297375 0.784736 0.608927 0.568315 1.03442 0.698498 -0.819549 -1.34778 -0.790961 -0.0219899 1.20412 2.1832 1.3709 -1.94834 -1.95692 0.228204 0.54925 0.919878 0.74284 0.348784 0.385159 -0.286468 -1.70821 -1.22256 -1.31827 -0.673421 0.583731 1.35085 1.35085 
-0.0742636 -0.0742636 -0.353228 -1.1174 -1.28479 -0.668188 -0.815466 -1.09353 -0.736912 -1.1168 -0.977824 -0.488629 0.123045 0.466554 -0.257603 -0.391344 -0.0169191 0.0907708 -0.173795 0.223344 1.19162 1.63334 1.70708 1.3607 0.602749 0.644402 -1.10674 -1.86266 1.58793 3.12181 0.869474 -1.68437 -0.237411 -0.170533 -1.1383 -0.138832 0.809611 1.3324 0.434626 -0.31282 0.227478 0.75226 0.562779 -0.124931 -0.662196 -0.662196 
-1.51082 -1.51082 0.248865 1.18201 1.4927 -0.380362 -0.822591 0.916745 0.475503 0.13751 0.582887 0.106487 0.614607 0.432661 -0.303264 -0.137155 0.168151 0.652397 0.780969 -0.241687 -0.117515 -0.197239 -0.815032 -0.624599 -0.978546 -0.132563 0.314678 -1.57416 -2.33095 1.52339 2.827 -0.522033 -1.18567 1.07064 1.12845 -0.370145 1.00524 1.63289 0.727942 0.340361 -0.574067 -0.950645 -0.858814 -1.01229 -0.605559 -0.605559 
-0.181254 -0.181254 -0.420175 2.00279 1.83913 0.498962 -0.0370072 -0.857228 -1.31442 -1.66112 -0.826666 0.232233 0.405424 -0.0947976 0.260146 2.02201 1.19411 -0.0458415 -0.763848 -0.0384493 1.0421 0.110736 0.0519018 1.06097 -1.06515 -2.89419 -0.840812 0.70641 0.222623 0.152714 -0.615964 -1.4145 1.0703 1.59619 -0.0407655 -0.51363 -0.0396069 -0.158691 -0.386429 0.272264 -0.874155 0.978212 1.38966 -1.14483 -0.349054 -0.349054 
0.309506 0.309506 -0.350249 -0.66128 -0.998292 -2.489 -1.64674 -0.499786 -0.51574 0.327565 0.78738 0.937758 -0.0327806 -0.106041 0.354626 0.358992 1.58002 1.18895 1.1112 0.90909 -0.24024 0.317854 -0.0482484 -1.00258 -0.0561092 0.746541 -0.239712 -0.36658 1.64726 0.918546 -2.63554 -1.14209 2.43065 0.993631 -0.749059 -0.850755 -0.862641 -0.642037 -0.750195 -0.433791 0.786234 1.1937 -0.0189289 -0.24153 0.185458 0.185458 
-1.57032 -1.57032 -0.0961528 -0.0111136 -1.14107 -0.356661 0.471197 -0.627781 0.0219518 -0.421476 -1.08142 0.966635 1.82294 1.32415 0.477961 0.516415 0.902978 1.5761 1.68891 1.42271 0.115167 -0.687691 -0.707336 -0.346382 1.34741 0.487223 -1.66019 -1.91361 0.53689 0.93146 -0.266957 -0.246875 -0.40995 0.668392 0.878397 -0.98658 -1.00417 -1.81213 -0.478709 0.621957 -1.31065 -0.558511 0.56869 1.06402 0.427241 0.427241 
0.629334 0.629334 -1.23092 -1.1165 -0.903704 -0.629233 -1.56691 -0.880993 0.175527 0.682626 -0.0261874 -1.1639 -0.297303 0.720943 1.02891 0.424174 -0.134529 0.893143 1.99258 0.713412 -0.245126 0.564852 0.533661 -0.146945 0.188049 0.251226 0.315532 0.807195 -0.211138 -0.684605 -0.0651661 -0.339039 0.470421 2.38765 1.47027 0.25467 0.0874161 -0.372398 -0.125533 -1.02698 -2.30871 -2.73202 0.0361711 1.81768 -0.433467 -0.433467 
1.08915 1.08915 0.377765 -1.38598 -1.72074 -0.702386 0.801278 2.18929 1.31685 0.0673919 -0.250824 -1.28464 -0.202094 0.970797 0.497977 0.0033696 -0.815838 -1.10499 -0.974976 -1.19364 -1.71923 -1.37404 -0.482304 -0.430767 -0.434231 0.456479 1.36528 0.0757617 0.462954 1.65262 -0.776695 -2.01896 0.321294 0.618938 1.02088 1.33999 -0.185587 0.0151036 1.10678 1.33126 0.545557 -0.558684 -0.702433 -0.339295 -0.0288026 -0.0288026 
0.0778377 0.0778377 0.635287 1.47851 0.767345 -0.700613 -0.781469 -0.57104 -0.632221 -0.402012 -0.35931 -0.27071 -0.00310876 0.188405 0.380383 0.0742742 -0.408361 -0.125117 0.319338 0.0779313 -0.638643 -0.351856 0.639653 -0.0176415 -0.638719 0.296913 0.387502 -0.902795 -0.975357 2.10238 4.05265 1.44423 -2.08105 -2.52578 -0.533024 0.322067 -0.0932803 -0.575358 -0.151649 0.830699 0.278727 -0.503173 -0.525269 -0.0932895 0.21444 0.21444 
0.132102 0.132102 1.00602 1.23286 -0.254892 -1.03252 -0.27571 -0.327977 -0.360259 0.720535 0.917831 -0.0821044 -0.472431 -0.0375366 -0.19428 -0.136564 0.599567 0.430615 -0.184042 -0.572485 -1.12356 -1.01008 0.379003 1.72993 0.939236 -0.455834 -0.758248 -1.38964 -0.635517 0.442549 -1.49354 -1.9887 1.92788 3.44664 0.125904 -1.79602 -0.77124 0.778774 0.419889 -0.548289 -0.18105 -0.717304 -0.505378 0.838733 0.55251 0.55251 
-0.0754948 -0.0754948 -0.28232 0.0893765 0.181447 -0.475725 -0.315231 0.212562 0.18335 0.0466205 0.0607759 0.360289 0.12098 -0.230556 0.571476 0.602216 -0.802388 -1.00875 0.154814 1.11285 1.4418 0.696607 -0.689021 -1.15739 0.350564 0.66961 0.121258 1.46262 0.665403 -2.53277 -2.32761 1.93471 2.09291 -1.67791 -1.15109 1.29179 0.997822 -0.466272 -0.330543 0.245828 -0.181575 0.796249 0.944556 -1.26883 -1.17976 -1.17976 
0.155667 0.155667 0.845858 1.24973 1.15634 0.618344 -0.672848 -0.809642 -0.458397 -1.31949 -1.38696 -1.42171 -1.14099 0.120958 -0.214256 -0.29857 0.547809 -0.0583667 -0.513087 -0.266422 0.163603 0.785682 0.941466 1.33215 0.373308 -1.24362 -0.234222 0.919566 0.410031 -0.389688 -1.89693 -2.02124 0.319234 1.12599 0.0947154 -0.817222 0.0219427 0.713027 0.0555468 0.724776 0.866569 -1.73584 -1.72934 1.76716 1.58185 1.58185 
-0.583332 -0.583332 -0.831547 0.604792 0.902269 -0.978947 -1.71114 0.268135 1.01043 -0.676115 -0.801774 1.02264 1.76994 0.0596466 -1.56474 -0.674444 1.05698 0.800859 -0.406039 -0.685283 -0.162376 1.07097 1.56966 0.0663096 -0.45737 1.40841 1.23681 -1.8249 -2.29853 -0.0315051 -0.0748417 -1.04371 0.145344 1.14825 0.968258 -0.0585341 -0.816596 -0.317966 0.00443036 0.487167 1.59761 1.24037 -1.09143 -1.09325 0.164216 0.164216 
0.313465 0.313465 -0.50257 -2.09181 -0.383476 1.77114 0.597691 -0.475683 0.111517 0.181223 -0.407162 0.365961 0.303382 -1.16276 -0.866145 -0.0307103 0.765306 1.0199 0.155953 -0.193106 0.231283 0.0360445 -1.27574 -1.40288 -0.031123 0.826496 1.26899 1.40789 0.0602387 -2.78151 -2.25014 1.38895 1.60688 0.407263 0.0779648 -0.427591 -0.286497 -0.470008 -1.43401 -0.668903 0.207776 0.313029 1.20745 1.28828 0.457141 0.457141 
-0.162574 -0.162574 -0.689755 -0.612787 0.339774 0.353653 -0.263559 0.0840683 0.013825 -0.136323 0.463235 0.789336 0.688831 -0.232723 -0.561965 0.195917 0.362474 -0.0783485 0.121335 0.971836 1.00259 0.385482 -0.15821 -0.731973 -0.464277 -1.14946 -1.69968 1.88886 3.46853 -0.465768 -3.28578 -0.733735 1.07423 -0.591626 0.0517458 1.37369 1.04484 -0.228816 -1.10512 -0.11303 0.764646 0.261191 -0.575275 -0.815202 -0.340769 -0.340769 
1.03199 1.03199 1.60752 0.713831 -1.01694 -1.48131 0.746685 0.747294 -0.533926 0.0129079 -0.072456 -0.0337589 0.147849 -0.619431 -0.404764 0.237429 0.433644 0.324641 -0.60476 -0.607474 -0.0259086 -0.483525 -0.316903 -0.154172 0.250147 0.74429 -0.942448 -1.68505 1.85713 3.12791 -1.31486 -2.52819 0.928981 1.37394 -0.941947 -0.12931 1.18208 -0.224352 -0.850508 -0.856353 -0.849567 -0.228944 -0.0913433 0.102876 0.197535 0.197535 
-0.155067 -0.155067 1.38648 1.43437 -0.959829 -1.19671 -0.8659 -0.815782 -0.514514 0.307262 1.20153 0.780824 -0.211125 -0.0954892 1.3437 0.591152 -1.31868 -1.24876 0.00164285 1.14593 0.0918548 -0.633048 0.601504 -0.713756 -2.51943 0.13967 2.28772 0.673522 -0.355335 -0.536589 -1.00016 1.06978 1.91242 -0.709949 -1.34538 -0.00232307 0.22276 -0.223716 0.271124 -0.313363 0.44608 1.43723 -1.35379 -1.10927 0.503233 0.503233 
-0.421742 -0.421742 -0.623766 -0.414134 -1.18037 -0.414395 1.29885 0.741408 0.54418 0.853207 0.403129 -0.52593 -0.67119 0.258423 0.308843 0.802723 0.545875 -0.297722 -0.174989 -0.871015 -0.377236 0.131494 -0.85087 0.00168409 1.1429 -0.112466 -0.716216 1.23244 0.841519 -2.77502 -1.33166 3.29743 1.39401 -2.05853 -1.1912 -0.0669848 0.142358 0.0798267 0.142052 1.00475 1.0639 -0.516188 -0.925438 0.139545 0.284132 0.284132 
0.948889 0.948889 1.00783 -0.797007 -0.312298 1.0446 -0.260715 -0.384168 0.0701734 -0.837525 0.889247 1.94012 0.174976 -1.00498 -0.63263 0.221757 0.661627 0.471898 -0.179119 -1.16353 -1.53547 -0.642861 0.16374 1.35127 0.504936 -2.15728 -1.73675 1.44992 1.89902 -0.629931 -0.889477 -0.171914 0.561533 0.820103 -1.21982 -1.37756 -0.644971 0.291373 1.61418 -0.649401 -0.890956 1.2297 1.05171 -0.170844 -0.514139 -0.514139 
-1.15594 -1.15594 -1.07926 0.310192 0.417465 -0.353632 -0.0778636 1.25873 1.13888 -0.0443214 -1.14674 -0.0908365 1.35417 0.979756 -0.108031 -0.688906 0.405198 1.51655 -0.0295868 -1.40892 -0.00869479 0.61285 -0.386199 -0.140767 0.357746 0.17632 0.463509 -0.26212 -0.908988 0.188712 0.322488 0.449848 1.91841 0.761016 -1.33873 -0.835969 -0.329411 -0.0518513 -0.347848 -1.37238 -1.05191 1.66251 3.14027 -0.223894 -1.41793 -1.41793 
-0.456053 -0.456053 -1.68584 -1.42323 0.516607 1.79847 2.05621 0.399456 -1.43954 -1.05311 -0.902747 0.0739458 1.61259 0.528099 -0.634579 -0.876101 -0.732844 -0.070992 -0.0218462 -0.478967 -0.0858138 0.902423 0.697671 0.0734874 0.658608 1.29469 -0.22549 -0.589187 1.13945 -0.824388 -2.52007 0.80555 1.87926 0.527761 0.542731 -0.801252 -0.883823 0.941083 0.957667 -0.351351 -1.27781 -0.830203 0.192939 0.509663 0.256461 0.256461 
