40
0.0657428 0.778174 0.971011 1.06301 1.14008 1.21964 1.24596 1.1994 1.14626 1.10268 1.03487 0.889002 0.617164 0.305843 -0.00337996 -0.130186 -0.318796 -0.459589 -0.305934 -0.0712988 0.203533 0.435568 0.516349 0.632478 0.593454 0.526303 0.301944 0.16057 0.0125145 -0.293572 -1.04937 -0.907092 -0.715915 -1.56061 -1.21745 -1.29845 -2.06284 -1.6736 -1.90516 -2.1883 
-2.28994 -1.7224 -1.46987 -1.17756 -1.17098 -1.10603 -1.05322 -0.833955 -0.519776 -0.37529 0.0648724 0.314897 0.72973 0.885147 0.95563 0.769864 0.81635 1.25237 1.73577 1.96377 1.54016 1.52264 1.11019 0.630635 0.543356 0.32975 0.238952 0.390416 0.396121 0.200155 -0.225807 -0.420507 -0.160436 -0.719045 -0.323024 -0.536037 -1.07761 0.00676378 -0.285193 -0.930879 
1.25433 0.541938 -0.0196355 -0.376818 -0.609869 -0.667129 -0.813066 -0.830803 -0.909225 -1.08455 -1.30061 -0.991785 -0.60957 -0.175395 -0.0563491 0.269162 0.38438 0.595771 0.471661 -0.102863 -0.475536 -0.676552 -1.02715 -1.24659 -1.22696 -1.16374 -0.737496 -0.682246 -0.579847 -0.275369 0.551496 0.36395 0.369121 1.35203 1.21395 1.49673 1.64068 1.99794 2.0192 2.11682 
0.499577 0.831548 1.16331 1.4029 1.47099 1.4245 1.21439 1.10365 1.07629 0.960876 0.892996 0.39846 -0.65054 -1.16634 -1.42412 -1.53551 -1.56828 -1.35854 -1.29569 -1.65637 -1.43597 -1.20371 -0.370539 -0.0681429 0.0710174 0.515413 0.496378 0.775752 0.752248 0.500605 -0.391405 0.385603 0.377415 -0.27143 0.820892 0.418012 -0.307597 -0.706197 -1.26316 -0.87928 
1.26043 0.963188 0.881382 0.848003 0.83234 0.74794 0.643229 0.486186 0.375083 0.403992 0.550993 0.8439 1.21719 1.35941 0.991991 1.3274 0.885882 0.63983 0.419009 0.288101 0.388239 0.407378 0.181761 -0.0647357 -0.615487 -0.833782 -1.07582 -1.13861 -1.51319 -1.50708 -0.909542 -1.3294 -2.02808 -0.527989 -1.44501 -2.1571 -0.242455 -1.35049 -0.387994 0.183911 
1.43864 0.5223 0.215915 0.257927 -0.29808 -0.292255 -0.204535 -0.0500596 0.383267 0.163046 0.248504 0.17474 0.535773 0.613763 2.09366 1.68554 1.21556 0.301246 0.741554 1.0145 0.125268 -1.01269 -0.8442 -0.949179 -1.12503 -1.52654 -1.42772 -1.09446 -0.883778 -1.37538 -1.28502 -1.16823 -1.02729 -0.715 -0.842213 -0.701861 0.927141 0.849975 1.69414 1.62106 
0.00341436 -0.10096 -0.600618 -1.05664 -1.12982 -1.32498 -1.49072 -1.44283 -1.45888 -1.51267 -1.71193 -1.58784 -1.03402 0.268918 0.653137 0.976632 0.674489 0.395693 0.31547 -0.28253 -0.427705 -0.0507137 0.208329 0.377206 0.856623 1.196 1.48167 1.43453 1.4613 1.26332 1.04455 1.11901 1.16638 0.403886 0.609246 0.866535 0.0723034 0.048378 -0.668007 -1.01617 
-0.446452 -0.686342 -1.0294 -1.23574 -1.56021 -1.55783 -1.52815 -1.54767 -1.60231 -1.65335 -1.26029 -0.882684 -0.939986 -1.003 -0.676927 0.230817 0.587342 0.633631 0.187529 0.385468 0.162721 0.610088 1.33733 1.07785 1.2446 1.18729 0.63684 0.612967 0.724424 1.05176 1.67176 0.832046 0.652915 0.539713 0.587818 0.422612 0.503365 0.223643 0.388387 1.11742 
-0.558615 -1.36205 -1.03736 -0.995756 -0.696777 -0.459408 -0.343155 -0.426428 -0.339672 -0.221719 -0.274418 -0.366958 -1.11686 -1.25311 -0.871849 -0.197432 0.25812 0.452634 0.244472 0.0621973 -0.222621 -0.0516716 0.0945377 -0.369126 -0.63362 -0.556753 -0.384375 -0.529935 -0.524647 -0.803473 -0.437425 0.324665 0.630322 1.33277 1.54281 1.63192 1.19702 1.85407 2.41521 2.99447 
0.622828 0.734695 0.894824 1.41738 1.29508 1.47505 1.66973 1.72447 1.69459 0.700168 0.171192 -0.478612 -0.499538 -0.587909 -0.248117 -0.721515 -0.0650399 -0.460403 0.0379331 0.0421172 -0.715768 -1.40234 -1.53757 -1.6849 -1.36743 -1.52968 -1.01042 -1.06177 -1.18451 -0.646127 -0.0103586 -0.589009 -0.301481 0.0975536 -0.498534 0.144227 1.33911 0.608747 0.854543 1.0768 
0.938302 -0.0223774 -0.60373 -1.25497 -1.70013 -1.40881 -1.30537 -0.940606 -0.743186 -0.460482 -0.621582 -0.603089 -0.484681 -1.23928 -1.27363 -0.330872 -0.464439 -0.77053 -0.615886 -0.353354 -0.0739961 -0.101398 0.451772 1.46846 1.78159 2.14525 2.05244 1.83991 1.32641 0.633487 0.515531 0.11254 0.864284 0.466462 -0.425589 0.193399 0.978126 -0.17534 0.0560242 0.149344 
-0.345678 -0.0551215 0.0446082 0.20922 0.953842 1.18076 1.1813 1.3594 1.1777 0.814231 0.677933 0.176607 -0.00332179 -0.500619 -1.33919 -1.57048 -1.66781 -1.98657 -1.83905 -1.35819 -0.228986 0.337201 0.550274 1.1215 0.818422 0.603531 -0.0240314 0.486503 0.746703 0.917517 0.832284 0.963001 0.865014 0.346058 -0.663711 -0.22846 -0.147825 -1.17671 -1.23716 -1.9907 
-0.961621 -1.21378 -1.35366 -1.16106 -1.37322 -1.32489 -1.21246 -1.37857 -1.16221 -0.953402 -0.275 0.349453 -0.317597 0.272981 0.129881 -0.624861 -0.352328 -0.252506 0.231819 1.61875 2.60844 2.41782 1.47266 0.946742 0.503948 0.526641 0.687769 0.796184 0.953922 0.808348 0.641459 0.0968251 0.213621 0.123345 0.258834 -0.0912315 -0.304357 -0.0845851 -0.368315 -0.893783 
2.28637 2.28637 0.894194 0.634427 0.606515 0.492641 0.209651 0.0313426 0.0380407 0.00513707 -0.22441 -0.682229 -1.05347 -1.13736 -0.723333 -0.452693 -0.484079 0.283922 1.12634 1.39824 1.39241 0.956981 0.696903 0.428076 0.016818 -0.399052 -0.565596 -0.394381 -0.763978 -2.12768 -1.1216 1.0033 -1.21135 -0.870318 0.843312 -1.64188 -0.586736 0.608865 -0.899849 -0.899849 
1.39593 1.39593 0.885776 0.429881 0.00845629 0.0941536 0.380181 0.864642 0.72604 0.959561 1.15518 1.10823 0.932872 0.294593 -0.337815 -0.382294 0.770234 1.58009 1.19451 -0.486712 -0.941805 -0.921114 -1.77753 -1.1748 -0.681842 -0.688363 -0.011679 0.167195 -0.476792 -1.27692 -1.27457 -0.00295885 -0.677491 -0.425497 0.21509 -1.52281 0.881992 1.34468 -1.86212 -1.86212 
-2.18849 -2.18849 -1.59215 -1.04062 -0.537101 -0.390854 -0.324501 -0.211154 -0.475713 -0.706783 0.106012 1.11041 1.32085 0.87904 0.696612 0.690185 0.498598 0.0968097 -1.2226 -1.6399 -1.01284 -0.975785 -1.00672 -0.385169 0.0893765 0.772007 0.758623 0.214945 0.633354 1.8496 1.02358 -0.355896 1.6091 1.3686 0.193202 0.666674 0.79172 0.585753 0.149857 0.149857 
1.10154 1.10154 0.963701 0.570301 0.143495 -0.271571 -0.36745 -0.0947789 -0.101748 -0.162216 -0.727852 -2.19166 -2.22339 -1.04291 -0.439529 -0.103814 0.3753 0.517946 -0.333091 -0.0980241 0.786609 1.70086 1.80551 0.770053 0.981914 0.74589 0.49968 0.493013 -0.299251 -1.59504 -0.06032 1.25832 -0.869018 0.772919 1.13989 -1.57242 -1.56604 -1.31441 -0.146975 -0.146975 
-0.533581 -0.533581 -0.12812 -0.0264807 -0.104881 -0.241717 -0.353344 -0.363165 -0.0774236 0.319188 0.724858 1.07257 0.84103 -0.297163 -0.000308419 -0.114172 -1.00767 -0.668537 -0.491601 0.00159636 0.232163 -0.268403 -0.676589 -1.1762 -1.13287 -0.658479 -0.419529 -0.623215 -0.517328 0.976474 0.321913 -1.66991 1.28035 0.944851 -2.45448 1.89677 1.28835 -0.174762 2.4067 2.4067 
-1.53464 -1.53464 -0.35361 -0.661234 -0.705828 0.0874732 0.270662 0.696573 0.234813 -0.193885 -0.0133965 0.326209 0.513224 1.89206 1.293 -1.10994 -1.73375 -0.611953 0.851172 -0.787293 -2.52603 -1.22254 0.050462 -0.373885 -0.739329 -0.400831 0.50467 0.642517 -0.373997 -0.522284 0.227476 0.289811 0.530728 0.200271 -0.0116167 2.15266 1.88461 0.917403 0.922443 0.922443 
-0.771247 -0.771247 -1.29016 -0.660822 -0.275883 -0.412469 -0.053806 0.167075 0.0170197 -0.253324 0.00917312 1.12043 2.85999 2.60973 1.16442 0.151595 -0.737168 -0.409696 -0.880724 -0.976571 0.462164 1.05864 0.751543 1.07674 1.32834 1.04243 0.472071 0.0900299 -0.132565 -0.494887 -0.0928537 0.299862 -0.93518 -0.70204 0.80279 -0.672246 -1.08722 -0.972343 -1.45079 -1.45079 
-1.18966 -1.18966 -1.12887 -1.09521 -0.717093 -0.0755017 -0.115173 -0.267916 -0.32502 0.486019 1.26256 0.446688 -0.351542 0.34298 2.10161 2.15678 0.596161 -0.857886 -0.583155 -0.178523 0.273344 1.99436 0.713828 -0.301572 0.0646735 -1.23461 -1.17403 0.0250871 0.661345 1.58262 -0.53162 -1.97933 -0.663174 -0.251511 -0.345722 -0.286576 -0.494034 -0.341876 1.48559 1.48559 
-1.13732 -1.13732 0.27906 0.235972 0.564089 0.257822 -0.279608 -0.329048 0.00822839 -0.225514 -0.578321 -1.7469 -1.82018 0.0757739 1.43455 1.55906 0.754693 -0.357762 -0.989299 -1.11778 -0.525742 0.196706 -0.866973 -1.55535 -0.649367 0.0828744 -0.289937 -0.569996 -0.793365 -0.188693 1.55599 1.45477 1.3548 1.19453 0.166515 -0.91445 0.0374655 1.70692 1.57655 1.57655 
0.363707 0.363707 0.988291 0.558766 0.0377562 0.519834 0.329371 -0.012146 -1.60774 -2.3668 -1.84268 -1.07002 -0.216177 0.332415 -0.253146 0.228476 0.347153 0.106651 0.714296 -1.19621 -2.24673 -1.29978 -0.479683 0.208794 0.186108 0.492999 0.661664 -0.314714 0.582166 1.73574 0.0369117 -0.492704 0.994194 -0.349639 0.0210283 2.7448 0.656503 -0.786905 0.661873 0.661873 
-1.87195 -1.87195 -1.48418 -1.31352 -0.132384 0.555085 0.647111 0.764875 0.662047 0.212781 -0.118306 0.23195 -0.736828 -0.928247 1.19874 1.07441 -0.490544 -0.129383 0.583166 0.739447 0.376127 0.719244 2.02761 1.72681 0.90849 0.399814 -0.322226 -0.84941 -1.45139 -0.955722 -0.592409 0.497425 0.503902 -1.55596 -0.281782 1.81941 -0.401675 -1.0951 0.467262 0.467262 
0.617505 0.617505 0.452579 1.29707 1.37866 0.404284 0.340358 0.101706 -0.607485 -0.548027 -0.72855 -0.785685 -0.780409 -1.64291 -1.29457 -0.323911 -0.438457 -0.11781 0.929291 2.21481 2.32655 1.12687 1.13347 0.457563 -0.571867 -0.996776 -0.0468277 1.1157 0.670839 0.218491 0.165983 0.149283 -0.701467 -1.89545 -0.645914 0.781978 -1.13532 -1.32007 -0.9595 -0.9595 
-0.515212 -0.515212 0.0802229 -0.0165493 -0.209696 0.224852 -0.0622332 0.0769188 0.578843 1.1974 1.75385 -0.0473898 -0.0927419 0.608705 -1.19236 -0.635928 0.508132 0.791673 2.51481 3.19138 1.07941 -1.51091 -1.9598 -1.28724 -0.55278 0.25573 0.370492 0.365953 0.0259205 -0.408679 -0.942925 -0.563138 0.0451405 0.0701665 -0.277631 -0.744345 0.0185346 -0.0759879 -1.07369 -1.07369 
-1.05706 -1.05706 -1.29371 -0.0508749 0.0820326 -0.150341 -0.20904 0.0548623 0.187325 -0.0278925 -0.414985 -0.544069 -0.203423 0.511951 0.834923 0.429155 0.882246 1.67827 1.22633 0.453584 -0.190787 -0.422399 -0.270629 -0.408352 -0.542307 -0.319375 0.215453 0.0304736 -1.36782 -0.114591 3.06349 0.129437 -1.49565 2.08297 -0.491691 -1.09156 2.26161 -0.0740451 -1.16322 -1.16322 
-0.196859 -0.196859 -0.549737 -0.481056 -0.0618457 0.485745 0.794401 0.465724 0.271488 0.53019 0.313096 0.0259406 -0.431766 -0.785535 -0.325914 1.05568 1.71697 0.526421 -1.40176 -1.45556 -0.138223 -0.448859 0.00165759 1.04611 0.574534 0.716745 0.860247 -0.161995 -0.919772 -0.41949 1.1841 0.660178 -0.12904 0.888904 -0.651341 0.714222 2.41755 -1.92601 -2.28415 -2.28415 
0.508434 0.508434 1.09828 0.999007 0.56557 0.0980397 0.0628531 -0.291044 -0.659384 0.492804 1.81409 1.1699 -0.376769 -0.796932 -0.331301 -0.341097 -0.763921 -1.97009 -1.98667 0.0950029 0.580916 -0.122781 0.502313 1.04291 1.10823 0.586405 -0.725084 -0.263299 1.61888 0.288007 -2.48803 0.496855 1.71495 -1.64357 -0.880012 0.510764 -0.215871 -0.815777 -0.595503 -0.595503 
-0.0821041 -0.0821041 -0.401411 -0.635953 -0.653539 -0.384938 0.173272 0.245436 -0.0249598 -0.478408 -1.61745 -1.1841 0.962178 1.47767 0.792002 0.691142 0.534436 -0.545198 -0.470183 0.938595 1.48986 0.856779 -0.725723 -0.638704 0.0101641 -0.361634 -0.175474 -0.618686 -1.66502 0.223708 2.34575 -0.626613 -0.364207 1.66033 -1.87385 -2.16652 0.239191 1.18157 0.977341 0.977341 
0.133267 0.133267 0.206972 -0.143908 -0.316841 -0.340936 -0.24883 0.039328 0.334059 0.421027 0.38557 -0.0765161 -1.15405 -0.770869 -0.0280605 -0.891262 -0.562766 0.213474 0.325198 0.364089 -0.356554 -0.819756 -0.819066 -0.491636 0.214676 0.356528 -0.135187 -0.23168 0.99928 0.447829 -2.07983 0.534267 1.73538 -2.86913 0.529537 2.55341 -1.66296 0.650227 1.71123 1.71123 
0.768558 0.768558 0.538688 -0.377151 0.445506 0.615715 0.341185 -0.140747 -0.779346 -0.299431 0.274677 0.279554 1.05611 0.468725 -2.35718 -2.37568 0.258157 1.8176 -0.24498 -2.63754 -0.439192 1.8113 0.52019 -0.704123 -0.134094 0.815608 0.665674 -0.770535 -0.984346 0.335487 0.492872 0.112643 -0.180867 -0.519221 1.34495 1.30298 -1.037 -0.832927 -0.110193 -0.110193 
-0.42437 -0.42437 0.15622 0.990062 0.283466 0.259225 0.589004 0.119688 -0.333488 0.0471096 1.3217 2.68435 1.42829 -1.50989 -2.21339 -1.69995 -0.463468 -0.0780886 -0.468619 1.29322 1.93193 0.321314 0.0710388 0.586465 0.0227028 -0.735594 -0.824287 -0.503456 -0.485264 0.0909843 0.787541 -0.722736 -0.869952 1.65771 0.0818342 -1.68927 -0.222505 -0.281069 -0.387045 -0.387045 
-0.0852314 -0.0852314 -0.0613562 0.163684 0.594805 0.298525 -0.264792 -0.277154 0.40633 0.997527 -0.156229 -1.27301 -0.201884 1.61136 1.15796 -1.19596 -2.26625 -0.964673 0.353446 0.479066 1.41261 0.18404 -1.75654 -0.588698 -0.790021 -1.00679 0.765003 1.17325 0.976219 -0.974351 -2.65436 -0.221632 1.09698 0.0967891 -0.153205 -0.233516 -0.167554 1.27555 1.16765 1.16765 
0.957087 0.957087 0.924057 0.0898309 -0.111914 -0.775415 -0.57854 0.0919832 -0.0492969 -0.578294 -1.29491 -1.08063 1.26854 2.36631 1.00838 -0.649819 -1.59804 -1.46555 -0.711271 0.226685 0.878981 -0.390241 -1.47174 0.0381468 1.12715 0.146864 -0.629133 -0.514575 0.163631 1.67228 1.13116 -0.282888 -0.328154 -1.03957 -1.74534 -0.227589 1.8808 1.05115 -0.228605 -0.228605 
0.40672 0.40672 0.093555 -0.741693 -0.0770466 0.163953 -0.436526 -1.461 -1.76543 -0.219953 0.89681 1.13722 0.973849 -0.0756154 -0.124443 0.389014 -0.137484 0.219021 -0.998571 -2.20753 -0.124174 1.23969 1.05123 0.436763 0.158552 0.298064 -0.637562 -0.106623 1.44631 -0.446204 -1.67341 0.649289 0.055646 -0.758192 2.20748 0.41466 -2.62361 -0.0447461 1.00764 1.00764 
0.16856 0.16856 0.298108 0.900362 1.29267 0.465924 0.0334589 -0.114456 -0.544891 -0.718164 -0.111243 -0.595317 -1.00651 1.34351 1.39443 -1.40814 -1.0396 0.689265 0.533739 -0.282959 -0.14113 1.12786 0.639051 -0.975326 -1.13312 -1.06004 -1.07409 -0.982952 -0.206496 0.526267 0.977297 0.706421 -1.68453 -0.722211 2.43647 -0.216805 -2.33822 0.53382 1.0602 1.0602 
-0.0813674 -0.0813674 0.674006 0.894509 -0.732417 -0.862578 -0.204494 -0.781665 -0.515013 -0.0421348 -0.146425 0.0197684 -0.700607 -0.393745 1.24596 0.83192 0.250505 1.28957 2.15262 1.31597 -0.906978 -1.00102 -0.532521 -1.45923 -1.23471 0.535788 1.95571 0.708087 -0.736377 -0.385425 0.00424975 -0.709756 -1.76281 0.115846 2.46104 -0.371603 -1.81407 0.223418 0.388674 0.388674 
0.462267 0.462267 0.391642 -0.183864 0.203893 0.135336 -0.0802433 0.495576 0.845445 0.885242 -0.880729 -1.31993 0.506537 -0.774786 -0.880616 1.26874 1.06958 1.49219 1.77902 -1.01984 -3.40401 -2.1903 0.190953 1.05456 1.15378 0.701523 0.108159 -0.22375 -0.537609 -0.679346 -0.085006 0.748809 0.489904 -0.20784 -0.566713 0.24386 0.515485 -0.769387 -0.700405 -0.700405 
