25
0.952277 0.88146 0.792617 0.729634 0.626214 0.531305 0.358781 0.376107 0.545429 0.676037 0.72899 0.754046 0.681509 0.535339 0.469631 0.30049 0.0577039 -0.152766 -0.442788 -0.645485 -0.911569 -1.4434 -1.91777 -2.16845 -2.31533 
-0.926445 -0.558644 -0.0453983 0.279585 0.690313 0.821681 0.944837 1.2945 1.45552 1.39522 0.98886 0.568163 0.641845 0.382044 0.253837 0.0506613 0.0248534 0.315526 -0.350056 -0.822563 -1.05163 -0.827011 -1.88843 -1.52858 -2.10869 
-0.599404 -0.973428 -1.1734 -0.626354 -0.329801 -0.304275 0.144182 -0.20288 -0.529452 -0.991489 -0.971644 -1.11891 -1.13747 -0.841068 -0.694151 -0.0556956 0.0934766 0.392023 0.917801 1.13055 1.57846 1.59254 1.4291 1.56006 1.71124 
1.88059 1.54822 1.16379 -0.274425 -1.19375 -1.31965 -1.50651 -1.37298 -0.921469 -0.702819 -0.308493 0.16684 0.87469 0.679537 0.698951 0.745625 1.05287 1.14362 0.739569 0.388424 -0.544376 -0.770531 -0.720956 -0.784507 -0.662265 
0.356774 1.0207 1.26155 1.54915 1.54309 1.29928 1.1502 1.00986 0.844112 0.613568 0.118427 -0.217947 -0.578443 -0.861208 -0.990106 -1.02099 -1.07811 -1.14096 -1.095 -1.30189 -1.14358 -1.10961 -0.489544 0.190722 0.0699681 
0.969287 1.14134 1.44094 1.51034 1.403 0.856017 -0.278382 -0.509826 -0.866368 -1.02449 -1.72197 -1.72279 -1.41098 -0.859391 -0.785611 -0.734095 -0.464952 -0.122526 0.002057 -0.0055117 0.18461 0.634541 0.429397 0.873379 1.06198 
-1.67662 -2.05039 -1.83558 -0.832318 -0.00116991 0.117641 -0.173457 -0.629705 -0.606942 -0.965404 -0.573419 0.153787 0.781872 1.34624 1.39688 1.35065 1.22104 1.01676 0.642158 0.880565 -0.392604 -0.0623978 0.291152 0.797706 -0.196434 
-1.79597 -1.86037 -1.82379 -1.80346 -1.21542 -1.02886 -0.404409 0.0438421 0.109801 0.485944 0.745473 1.24922 1.13204 0.23302 0.289989 0.0191267 0.311953 0.146077 0.486791 0.771381 0.683463 0.397082 1.02048 0.910845 0.895748 
0.947102 0.876893 0.25188 -0.767085 -1.40413 -0.40772 0.235681 0.169532 0.50465 -0.166523 -0.770354 -1.01354 -1.18875 -1.04733 -1.04323 -0.743495 -0.866569 -0.725614 -0.871529 1.02049 1.23623 1.23303 1.95667 1.52902 1.05468 
0.53908 0.430501 0.182094 -0.276396 -0.732278 -0.589772 -0.845666 -0.676907 -0.838967 -0.648058 -1.7929 -1.31698 -0.753507 -0.280339 -0.441044 0.0885409 -0.436857 -0.145696 0.547485 0.119156 0.620757 1.39085 1.98139 2.2153 1.66022 
-1.68521 -1.65694 -0.977215 -0.0999066 0.161815 -1.06546 -1.60058 -1.29174 -0.788244 0.109573 -0.00523577 0.300329 0.722976 1.62008 1.3803 0.923186 1.2323 1.28084 0.322614 -0.656611 -0.318505 0.280251 0.242419 1.14889 0.420079 
0.684305 0.975582 -0.175878 -0.802187 -1.77623 -1.60403 -1.78369 -1.76855 -0.389455 1.25709 1.99555 1.21865 0.528058 -0.423047 -0.34431 -0.116887 0.174319 -0.0565081 -0.178641 0.2213 0.0404221 0.0679101 0.40048 1.1228 0.732947 
-1.23392 -1.08141 -0.963503 -0.62418 0.316405 0.427439 1.53612 1.67957 1.85875 1.82578 1.19586 0.346406 -0.164218 0.124682 0.449203 0.272745 0.165743 0.0575188 -1.15929 -0.893927 -0.87183 -0.902595 -1.18594 -0.696211 -0.479201 
0.377508 0.377508 0.403152 0.355437 0.250935 0.0247351 0.392111 1.51108 1.88189 1.50097 1.15547 0.744704 0.184229 0.206586 0.131391 -0.448238 -0.583516 -0.738136 -0.712695 -0.634336 -1.7117 -2.39348 -1.47318 -0.401209 -0.401209 
1.6076 1.6076 1.53443 1.35923 1.02836 0.536913 0.909966 0.974666 0.274075 -0.695539 -1.31145 -0.491079 -0.216118 -0.561135 -0.464365 -0.289371 0.554584 -0.538749 -1.84297 -1.09699 0.0943454 -1.3281 -1.097 -0.27445 -0.27445 
-1.50163 -1.50163 0.327666 1.31379 0.278026 0.579717 -0.160266 -1.69952 -1.92787 -1.23986 -0.614711 -0.690986 0.190169 0.518818 1.19815 1.20263 0.527552 1.27552 1.10512 0.950461 0.555893 -0.658276 -0.426154 0.198702 0.198702 
-0.580552 -0.580552 -1.87635 -2.50312 -0.965391 -0.107109 0.196872 0.944894 1.04464 0.977633 1.27841 1.64578 0.860129 0.0534428 0.336808 0.674076 0.725727 -0.107746 -0.625548 -1.24512 -1.09866 0.0524573 0.242991 0.328139 0.328139 
1.57413 1.57413 0.909184 0.472913 -0.466064 -0.718776 -0.535961 -0.565408 -0.724783 -1.30681 -1.49381 -1.2559 -1.16118 -0.751951 -0.306888 -0.18006 -0.236544 -0.054405 -0.30891 -0.110399 0.315179 1.13109 2.27307 0.964072 0.964072 
0.647206 0.647206 0.494294 -0.111868 -1.02999 -2.55985 -2.08984 -0.931185 -0.821968 -1.32981 -1.0955 0.407873 1.23072 0.876173 0.131283 0.422287 0.855612 0.640282 0.118947 0.216571 0.898039 0.309272 0.30041 0.886919 0.886919 
-0.385073 -0.385073 1.34652 2.12154 1.00937 -0.401837 -1.12496 -0.730288 -0.607324 -0.143034 1.22217 1.51906 1.3143 0.588169 -0.179638 -0.406306 -0.605057 -0.913117 -0.356449 -1.48638 -1.37095 0.674621 0.896376 -0.798319 -0.798319 
-0.477903 -0.477903 -0.309356 0.787687 1.1184 1.19083 1.71141 0.600377 0.456929 0.84201 1.09587 0.346443 -2.44417 -2.09771 -0.848082 -0.378876 -0.170021 -0.074757 0.821383 -0.031319 -1.16719 0.247875 0.599489 -0.670706 -0.670706 
-0.688723 -0.688723 -1.67619 -1.68871 0.408896 1.74159 0.635673 0.314811 -0.3149 -1.29216 -0.84671 -0.400597 -0.000300336 0.186319 0.351097 0.21874 0.0534778 0.0297041 1.85222 2.22863 0.256083 0.784702 0.342933 -0.903928 -0.903928 
-0.66774 -0.66774 -1.1915 -1.50206 -0.602461 -0.30311 -0.263814 -0.12336 -0.0902037 -1.56127 -1.13467 1.42242 1.41831 0.334323 0.41877 -0.127119 -0.484003 1.34002 0.263056 -0.0237085 1.77015 1.90327 1.10068 -0.614125 -0.614125 
0.507972 0.507972 1.41381 0.967847 -1.27753 -2.12767 -0.488804 0.619293 1.24768 0.588009 -0.0438651 0.529546 1.16066 0.453913 -0.990896 -0.405284 0.134201 -1.21792 -2.31445 -0.931391 0.752154 0.351067 0.679363 -0.0578363 -0.0578363 
-0.729262 -0.729262 -1.51938 -1.36661 -0.679023 0.0050019 -0.130242 1.21199 2.61677 2.06513 -0.0216724 -1.25221 -1.40221 -0.739754 0.27506 0.458015 0.063422 -0.292498 0.250647 0.200062 -0.120652 0.321471 0.919781 0.297714 0.297714 
0.234653 0.234653 0.47066 1.51 1.22159 1.43396 1.47491 0.300607 0.0777272 -0.944452 -1.97597 -1.82526 -0.387103 0.667986 0.0800727 -0.465098 -0.378894 -1.78098 -1.309 0.256184 -0.117936 -0.503818 0.153752 0.78588 0.78588 
0.0503235 0.0503235 -0.00420383 -0.15293 -0.356894 0.182349 1.71955 1.72347 0.00946706 -0.8091 -0.843212 -1.08888 -0.593921 -0.0393626 -0.727288 -0.795949 -0.310266 -0.126601 0.139637 -1.1206 -1.98927 0.293581 2.29771 1.24603 1.24603 
0.0486636 0.0486636 -0.131138 -0.395617 -0.720178 0.00225719 0.57302 -0.528849 -1.59035 -1.50344 0.333595 1.24788 0.0518614 -0.131014 0.402668 1.1695 -0.132175 -2.33683 -0.449159 2.11201 -0.113428 -1.0989 1.20511 0.967928 0.967928 
1.33241 1.33241 2.15613 -0.237089 -0.808806 -0.561733 -2.0995 -1.67212 0.188334 0.901271 0.26286 0.4767 0.814937 0.646357 0.375574 -0.755784 -0.134744 0.28682 -0.467145 -0.654395 -1.53942 -1.01594 0.520219 0.326325 0.326325 
-1.21482 -1.21482 -1.79163 0.815994 2.18265 1.04727 0.945796 0.757847 0.00779384 0.192791 0.592547 -0.407264 -1.48772 -0.503933 0.548818 0.335578 -0.741824 -1.26588 -1.06903 -0.457725 1.17179 1.21235 0.231368 0.0560257 0.0560257 
-0.640581 -0.640581 -1.16082 -1.4876 -1.26871 0.0690039 0.335242 -0.0728106 -0.731755 -0.764694 0.213067 0.549015 0.753301 1.17107 0.83432 0.236238 0.302195 0.066059 0.0855827 0.896565 1.6328 2.48709 -0.0468137 -1.4086 -1.4086 
-0.175769 -0.175769 -0.738207 -1.44823 -2.3053 -1.01729 1.47731 1.14253 -0.403756 -0.287689 1.57845 2.12454 0.400634 -1.05402 -0.455034 0.638196 0.168384 -0.717416 -0.427035 0.689009 0.052128 -0.588408 0.502095 0.510317 0.510317 
1.17764 1.17764 1.69529 -0.204091 -1.66429 -1.40444 -0.19828 0.36683 0.413327 1.24303 1.13122 0.0826261 -0.600657 -0.976717 -0.643123 -0.263046 -0.317408 0.187143 -0.361794 -0.656497 1.46445 1.53546 -0.962694 -1.11081 -1.11081 
0.169332 0.169332 0.983951 1.10437 0.343529 0.484523 -0.394269 -0.887352 0.223602 0.518624 -0.323813 -2.58451 -1.77075 1.22936 1.32051 0.547676 0.270001 0.780351 0.0764303 -1.43246 0.251494 1.35604 -0.637927 -0.899021 -0.899021 
-0.640372 -0.640372 -0.649474 1.59328 2.57121 0.242347 -0.959735 -0.61355 -1.09073 -0.309122 0.725628 0.692801 0.504157 0.332942 0.101057 -0.138873 -0.0599359 1.38512 1.67604 -1.08286 -0.972206 0.140625 -1.15009 -0.828943 -0.828943 
-0.309957 -0.309957 -0.529473 0.476621 0.907731 0.299631 0.187316 0.182976 -0.95612 -0.678011 2.16927 1.86482 -0.708857 -0.64626 -0.265906 -0.577858 1.0973 0.588314 -0.903684 1.12554 1.42233 -0.412952 -1.71914 -1.15184 -1.15184 
0.604185 0.604185 0.318865 -1.69723 -1.95582 0.529259 1.78211 1.13562 0.00462844 -0.801668 -0.0127598 0.795279 -0.0237447 -1.35189 -0.525057 0.744464 -0.495268 -1.54196 0.207961 1.98661 0.845141 -0.0219267 -0.236966 -0.447005 -0.447005 
-0.620118 -0.620118 -0.503989 0.61928 1.02311 0.397639 0.897971 2.06861 0.628994 -2.02511 -2.54117 -1.06892 0.370026 1.25545 0.890962 -0.180389 -0.59001 0.122804 0.354903 -0.301753 0.0727748 0.771364 -0.0375722 -0.492373 -0.492373 
0.132589 0.132589 1.0093 0.566941 -0.130633 0.147196 -1.02251 -1.24506 -1.11674 -1.79884 -0.809474 1.27377 2.03663 0.327586 -1.02228 -0.453642 -1.17648 -0.851066 1.65192 0.938212 -0.707575 0.162687 1.02141 0.466729 0.466729 
