47
0.283398 0.47615 0.678453 0.719126 0.741801 0.776168 0.80827 0.830597 0.862801 0.90623 0.92216 0.930484 0.931033 0.897772 0.868275 0.886537 0.8486 0.760194 0.711491 0.683113 0.580466 0.58904 0.631065 0.459298 0.266021 0.157586 0.0907824 0.161773 0.180029 0.102352 -0.188348 -0.938072 -1.48395 -1.71583 -1.25449 -0.447233 0.19815 -0.195178 0.191095 -0.654981 -0.73003 -1.46958 -1.46293 -1.82336 -2.00206 -2.16401 -2.60026 
-1.60362 -0.943751 -0.907464 -0.9977 -1.0193 -1.06447 -0.961938 -0.958926 -0.749802 -0.7231 -0.686227 -0.772741 -0.661864 -0.575776 -0.348915 -0.341528 -0.199068 -0.052767 0.0116684 -0.0781259 0.116297 0.253042 0.138148 0.701131 0.917612 1.01489 1.43692 1.45542 1.55248 1.79743 2.31413 2.06259 1.53133 0.70338 0.384437 0.301065 -1.70266 -0.966155 -0.482337 0.0516239 0.70284 0.522608 0.618679 0.486016 -0.226417 -0.347793 -1.70128 
1.46444 0.799447 0.546198 0.28466 0.0803813 0.0705891 0.000897928 -0.0421283 -0.377413 -0.50964 -0.542649 -0.633383 -0.705142 -0.751463 -1.18839 -1.33798 -1.24362 -1.46042 -1.64884 -1.48994 -1.40061 -1.33571 -1.07458 -0.978345 -0.36466 0.228585 0.111904 -0.119275 -0.503283 -0.521215 -0.466722 -0.151897 1.15618 1.43009 0.842809 0.568819 0.550618 0.667851 -0.333356 0.192335 0.865445 0.509223 1.44293 1.80984 1.96517 1.88243 1.70983 
1.13626 1.5966 1.71272 1.71984 1.8504 1.77427 1.63091 1.47782 1.41644 1.31893 1.11862 0.903392 0.860761 0.679728 0.582209 0.213395 0.035365 -0.0592377 -0.297967 -0.592202 -0.450794 -0.591904 -0.782053 -0.693702 -0.875944 -1.00174 -0.965968 -0.830412 -0.502466 -0.583879 -0.5883 -0.94786 -0.814268 -0.367855 0.0461741 0.158997 -0.427685 -0.457846 -0.27493 -0.707353 -1.03792 -1.44888 -0.91056 -1.38444 -1.06301 -0.937135 -0.636523 
1.86483 1.22355 0.45416 0.437374 0.107597 0.138338 0.260911 -0.0952918 -0.213692 -0.442458 -0.595146 -0.420025 -0.256195 -0.270891 -0.504976 -0.539395 -0.772675 -1.0263 -1.01369 -0.634133 -0.928141 -0.942077 -1.01248 -1.20669 -0.685721 -0.788194 -0.714313 -0.175621 0.212479 1.08192 1.87446 2.11547 1.69427 1.49364 3.20932 1.30369 0.00690621 -0.278646 -0.974014 -0.140161 -0.266112 -0.653275 -0.195314 -1.07536 -0.83095 -0.344312 0.517334 
-0.0667143 -0.0530459 -0.418513 -0.699826 -0.595834 -0.979586 -1.1994 -0.885351 -1.21305 -1.18144 -1.07772 -1.04912 -1.10261 -0.834192 -0.525242 -0.351685 -0.352511 0.407989 1.24775 0.675278 0.872537 0.780207 0.725436 0.531946 -0.0150525 0.348614 0.116925 -0.622603 -1.94698 -2.02974 -1.10004 0.223589 2.28878 1.54398 0.0536627 -0.537569 0.0197872 0.230243 0.949089 1.20635 0.654774 -0.538863 1.13947 1.36727 0.969956 1.03574 1.98732 
-0.250857 -0.830732 -0.814908 -0.699158 -0.923229 -1.04354 -1.1558 -1.35606 -1.08333 -1.06313 -1.12881 -1.07279 -1.27238 -1.42832 -1.40594 -1.09112 -0.85833 -0.674253 -0.552677 -0.088084 -0.0445672 0.240294 0.370549 0.793799 1.13406 1.11038 1.48003 1.18255 1.10418 0.580854 -0.139472 0.0393433 1.30739 1.39615 0.521535 0.491992 0.229256 -0.207745 -1.03963 -0.404426 0.716816 0.588609 1.25517 1.34441 1.26899 1.67062 1.80232 
-1.77133 -1.11563 -0.666377 -0.449494 0.0567027 0.270446 0.307108 -0.412936 -0.550425 -0.329591 0.162571 0.160537 0.410804 0.566163 0.826091 0.89584 1.18801 1.45273 1.13186 0.941964 1.47491 1.6138 1.6198 1.06624 1.08408 0.797321 0.670396 0.202019 0.441223 -0.00318008 -0.79496 -1.46598 -1.41497 -0.188819 1.05778 -1.19462 -1.17901 -1.20102 0.439553 -0.649042 0.635378 -1.54562 0.589996 -1.45976 -0.807423 -0.869524 -1.99362 
0.673857 0.257026 0.519498 0.51296 0.300707 0.382879 0.494036 0.692282 1.17299 1.11982 1.19485 1.10756 1.18057 1.41761 1.47956 1.33073 1.21633 0.863859 0.655098 0.985148 0.50579 0.314929 -0.0666074 -0.102466 -0.233415 -0.251306 -0.449017 -0.216096 0.207002 -0.321728 -0.313786 -0.266336 -0.920092 0.691093 0.0577385 -1.82986 -0.12866 -0.954588 -1.22739 -1.64718 -2.09935 -1.71877 -1.07948 -1.50246 -1.98019 -1.21594 -0.809211 
-2.3816 -2.02581 -2.41971 -2.11115 -1.87654 -1.60611 -1.45122 -0.821877 -0.826931 -0.353478 -0.187247 -0.12588 -0.259232 -0.340061 0.0437086 0.29779 0.271867 0.832303 0.954632 0.469796 0.747394 0.33595 0.24403 0.568276 0.765851 0.336171 0.29882 0.566019 0.295565 0.37573 0.364715 1.44563 1.57562 0.902913 -0.127637 -0.0862853 1.10769 0.751111 0.068458 0.79247 0.56333 0.376985 -0.00462489 0.575079 -0.870629 0.664095 1.28401 
-1.3625 -2.06363 -2.00045 -1.7896 -1.43061 -1.41613 -1.07451 -0.458026 0.00378593 0.51923 0.738913 0.688922 0.254879 -0.392914 -0.711865 -0.587138 -0.132519 0.0192935 0.56586 0.402499 -0.244393 0.0327925 -0.154842 -0.168541 0.525289 1.39053 0.743285 0.617537 0.518025 0.762573 0.379574 -0.0508448 -0.468676 -0.055421 -0.521973 1.9884 0.738476 0.0481895 2.03042 2.06445 1.1342 1.3738 -0.432874 0.680345 -0.391724 -1.39941 -0.912693 
-1.56066 -1.2261 -1.52715 -1.13651 -1.06788 -0.811659 -0.836686 -0.971711 -1.15935 -0.917933 -0.801516 -0.0242075 -0.690539 -0.926659 -0.906099 -0.558655 -0.15464 -0.15803 -0.476149 -0.639863 -0.317041 -0.589378 -0.405415 -0.0083786 0.348474 0.953565 2.17649 1.59028 1.17396 0.936738 0.116106 -0.478285 -0.829293 0.600219 0.904848 -0.2976 1.41884 1.74353 0.545967 0.114086 0.777282 2.24648 0.285759 1.5657 1.38652 0.328033 0.264504 
-0.26345 0.182869 0.985309 0.94177 1.15041 1.16613 1.27976 0.91021 1.2248 1.11885 1.31672 1.02693 1.17226 1.03691 0.779306 0.435784 -0.246577 -0.738322 -0.736886 -1.25595 -1.78795 -1.35706 -1.38408 -1.28933 -1.56883 -1.4647 -1.22156 -1.08025 -1.09371 -1.02117 -0.239063 0.264366 0.651813 0.305283 -0.623085 -0.918258 -0.793952 -0.328106 -0.772106 -0.296185 -0.198936 -0.0643323 0.132831 1.32585 0.635906 1.13891 1.56086 
1.06166 1.06166 0.749308 0.380374 0.367422 0.386785 0.362056 0.362265 0.405606 0.372181 0.300079 0.268491 0.18308 0.121368 0.22719 0.209854 -0.00922832 -0.0313394 0.0919507 -0.0188421 0.0570516 0.354188 -0.0162088 -0.499489 -0.369413 -0.109653 0.258864 0.433566 0.128222 -0.506335 -1.88664 -2.41074 -1.34716 0.721558 2.85582 3.2338 0.767956 0.235775 -0.694113 -1.64161 -1.42282 -1.25502 -0.476356 -0.857045 -0.449395 -0.978359 -0.978359 
0.981415 0.981415 -0.0670695 -0.147984 -0.0849859 0.0885202 0.155863 0.304862 0.337974 0.0972033 -0.0610483 0.0423947 0.283657 0.445777 0.33577 0.217795 0.411968 0.302906 -0.0271069 0.154589 0.471243 0.038883 0.634676 1.09787 0.446908 0.734218 0.624105 0.169872 0.486398 1.07297 0.378985 -1.08586 -1.89155 -1.59477 -0.554014 -2.90899 -1.76297 1.7141 1.43098 1.66497 0.666678 -0.109301 -0.0428079 -1.17293 -1.15715 -2.05321 -2.05321 
-1.48167 -1.48167 -0.832986 -0.754251 -0.349486 -0.133092 -0.186526 -0.613557 -0.756976 -0.270967 -0.204253 -0.266556 -0.195149 -0.782279 -0.948321 -0.0940962 -0.202146 -0.656826 -0.052764 0.393819 0.242673 0.518906 0.569292 1.13614 1.93525 0.76094 -0.564595 -0.994414 -0.651548 0.0534876 0.588506 2.60406 2.53827 -0.509142 -1.39007 -0.475091 0.153931 -1.42658 -0.769847 1.92217 0.504208 0.923203 2.08588 0.834378 0.111418 -0.415836 -0.415836 
1.7005 1.7005 0.508867 0.546803 0.327905 -0.392303 -0.594644 -0.379083 -0.232944 -0.598266 -0.907778 -0.493168 -0.403272 -0.547587 -1.04132 -1.25301 -0.532025 -0.691621 -1.21652 -0.217019 0.185595 -0.686171 -0.0828479 -0.0620569 -0.625103 -0.0518912 0.635272 1.4035 0.83302 -0.0408715 -0.772205 -0.409329 1.70982 2.44718 1.57007 -1.06111 -1.43706 0.586451 -0.471218 -1.82131 -1.7649 0.51967 0.35424 -0.216035 1.36092 1.30618 1.30618 
-1.54236 -1.54236 -0.827454 -0.324205 -0.269798 0.248036 -0.194923 -0.47078 -0.324895 -0.364147 0.0982085 0.460547 0.243251 -0.212267 -0.234846 -0.233925 -0.484858 -0.203375 0.521461 0.170458 -0.279995 -0.0240172 -0.230391 0.446587 0.551606 0.0397965 0.77378 1.13349 1.51212 1.9751 1.2557 -0.133747 -0.639326 1.8069 -0.144919 -3.59348 -1.73887 -1.05039 0.231061 0.882908 -0.514866 0.153575 -0.410658 -0.655125 0.909403 1.616 1.616 
-0.403993 -0.403993 -0.679323 -0.241139 -0.336754 -0.638987 0.0123255 -0.0883754 -0.351991 0.0506831 0.047871 -0.0988597 0.124977 0.463272 0.374732 0.085592 0.633434 1.41802 0.17385 -0.425847 0.0223081 -0.212932 -0.307353 -0.766789 -0.24675 0.0475543 -0.982146 -2.00204 -1.38902 0.714886 2.02758 3.08743 1.1568 -2.16185 -2.01851 -0.10725 0.64103 0.791761 0.835444 -0.350339 -1.70458 0.376774 1.70352 -0.233851 -0.385083 0.873956 0.873956 
-1.02796 -1.02796 0.0549909 -0.31848 -0.685982 -0.511915 -0.636377 -0.0370126 0.306189 -0.220663 -0.164883 -0.373353 -0.703326 -0.357759 0.375101 0.70267 0.499137 0.325998 0.762707 0.641183 0.361377 0.496411 0.711854 1.03879 0.343017 0.388771 -0.0374923 -0.73497 -1.08657 -2.08597 -0.992871 2.10263 1.96243 -1.37326 -1.55744 -0.604867 -1.2392 -2.12526 -0.456039 2.5846 1.39612 0.688272 1.02679 -0.128341 0.358001 0.680457 0.680457 
1.25506 1.25506 0.75718 0.821793 0.818231 0.285496 -0.773979 -0.97157 0.0959495 0.810352 0.557486 0.283031 0.46161 0.472571 0.375438 0.412025 0.633237 -0.0623244 -0.578132 0.390608 0.76365 0.165778 -0.619875 -0.606433 -0.303727 -0.467985 -0.674043 -0.258633 -0.231432 -1.40119 -1.65831 -0.702075 1.45045 2.80697 -1.1398 -2.53648 -0.0058766 1.83781 0.627665 0.223569 -1.01587 -0.0501031 0.098801 -1.58413 0.671072 -1.34447 -1.34447 
-0.171329 -0.171329 0.450227 -0.268937 -0.134549 0.355388 0.53123 1.09107 0.710189 0.0956297 0.0439365 0.0408711 0.532212 0.515455 -0.0691019 -0.33625 -0.644756 -0.787708 0.246254 -0.163678 -0.952811 -0.804618 -0.569804 -0.190187 -0.162968 -0.264105 0.115852 1.05632 -0.0975123 -0.726436 0.146426 -0.855988 1.51293 1.54384 -3.75651 -0.219866 1.38847 -1.60196 -0.986708 -1.25842 -0.0459293 1.60752 0.390194 -1.30199 0.496568 1.83644 1.83644 
-0.3004 -0.3004 -0.365381 0.49925 0.446796 0.337126 0.830877 0.61084 0.396389 0.632021 0.0651267 -0.347001 -0.542616 0.168774 0.6295 0.0658979 0.487341 0.691286 -0.746663 -0.533065 -0.432102 -0.940437 0.0716305 0.469881 -0.567272 -0.890453 0.0682219 -0.252451 -0.509749 -0.152846 1.22386 1.41784 -0.994579 -2.5911 -1.60879 1.45143 0.904009 -1.67761 -0.191077 0.432808 -0.819544 -1.02929 0.0245394 -1.43931 -0.125517 2.7161 2.7161 
-0.691742 -0.691742 0.298623 0.619847 0.406603 0.387755 1.04149 1.17201 1.06229 0.799351 0.185315 -0.524602 -1.17379 -1.0488 -0.20988 0.630179 0.659593 0.759444 0.417181 -0.878859 -0.400447 0.0982857 -0.217602 0.739627 1.69411 0.237771 -0.838396 -0.243584 0.15854 -0.149314 -0.882297 -0.920123 -0.00393239 -0.0568412 2.22053 1.36983 -2.10594 1.40403 2.1906 -0.972223 -0.748971 -1.70073 -0.752025 0.0457238 -2.25748 -0.56471 -0.56471 
-0.0167903 -0.0167903 0.0450323 0.452574 0.304395 0.201142 -0.230178 -0.409447 0.00555457 0.340754 0.931532 0.0686112 -1.04862 -0.291371 0.351964 0.774695 0.387928 -0.408172 -0.584917 0.121671 0.00192299 -0.151157 0.586776 0.777373 1.00674 1.96152 0.648203 -1.15895 -0.774218 -1.21994 -1.61369 -1.09596 1.13524 1.85803 -1.04351 0.5129 2.19646 -1.016 -1.85007 0.201276 2.29707 -0.5956 -0.804239 1.15978 -1.41817 -1.29067 -1.29067 
1.75107 1.75107 1.00084 0.0914251 0.182186 0.0366651 -0.553384 -0.245605 0.158113 -0.0206406 -0.302217 -0.382686 -0.146142 -0.763247 -1.08208 -1.7326 -1.9596 -0.912351 -0.954191 -1.77116 -0.316292 0.457108 -0.0576886 -0.44438 -0.430014 0.370422 0.427353 0.0343714 -0.0709478 1.14748 1.8074 1.20297 -0.0987649 -2.11397 -2.03531 -0.423117 0.742401 -0.127975 -0.112544 0.716393 0.193656 0.346678 1.96766 0.609039 -0.447728 1.25516 1.25516 
-0.172943 -0.172943 -0.480226 -0.230859 0.0925516 0.0827424 0.0667896 0.123485 0.0954715 -0.000680593 0.000848477 -0.0102362 -0.0353255 0.123951 0.160911 -0.1097 -0.113676 0.171483 0.0976209 0.0581447 0.397907 0.0261939 -0.623811 -0.20697 0.411904 0.610501 0.539656 -0.0215992 -0.695626 -1.59095 -1.49896 0.536538 2.69609 3.58785 2.17965 -1.65175 -2.40983 -1.13054 -1.47645 -0.519721 0.409204 0.875513 0.41868 0.109668 -0.0138294 -0.353359 -0.353359 
-0.759545 -0.759545 -0.829545 0.132007 0.352108 0.355866 0.334665 0.305052 -0.0321407 -0.197691 0.100091 0.445713 0.496475 0.19259 -0.0497228 0.213426 0.221136 -0.232341 0.0191965 0.578633 0.0474081 0.288893 1.06364 -0.014933 -0.16709 0.3008 -0.340714 0.0283749 0.928782 0.0545824 -1.72011 -1.81675 -0.292761 1.30462 -0.989435 -0.898372 4.14698 2.91062 0.105004 -0.513701 -1.38743 -0.466275 -0.772646 -0.816521 -0.614032 -0.627681 -0.627681 
0.448033 0.448033 0.506754 0.32484 0.427505 0.0857823 -0.394081 -0.461191 0.219749 0.376465 -0.0324623 -0.0289622 -0.420376 -0.597464 0.477491 0.520741 -0.455433 0.075656 0.747813 0.184583 0.057537 0.207838 0.424576 0.982969 -0.315573 -1.90012 -1.34489 -0.100601 0.745767 0.889073 1.86645 1.41837 -2.35756 -2.96549 -0.0103566 1.11575 -0.745365 -0.7247 2.46173 0.914431 -0.78078 1.14385 -0.101997 -1.50829 -0.968155 -0.428975 -0.428975 
-0.865013 -0.865013 -0.836437 -0.103699 -0.674789 -0.662316 0.0425736 0.305074 -0.13249 -0.475719 0.111783 0.412647 -0.00837737 -0.44801 -0.498762 0.416255 0.455496 -0.482995 0.390121 1.08879 -0.320784 -0.169596 0.502744 -0.375852 0.0402729 0.982024 1.12892 0.181574 -1.05539 -1.17656 -0.244934 1.90226 2.18435 -0.0726587 -2.61009 -2.23257 1.27368 0.760159 -1.78109 -0.94188 1.79602 1.62891 -0.521572 0.790922 1.17926 -0.00861708 -0.00861708 
0.425484 0.425484 0.814616 0.303893 0.315171 -0.069412 -0.683125 -0.227808 -0.0448553 0.199852 0.510377 -0.0151556 -0.647554 -0.496991 -0.144055 -0.320627 -0.103686 0.650816 0.161754 -0.747025 -0.277684 -0.0889521 0.236581 0.477362 -0.441854 0.0444849 0.718375 0.443603 0.52346 -0.325578 -1.75795 -1.59262 1.37328 0.254987 -4.30309 -1.35982 1.8391 1.39592 1.3676 -0.704088 -0.691257 -0.0467299 -0.752626 0.893414 1.62881 0.419056 0.419056 
-0.219638 -0.219638 0.0548368 0.167408 -0.296383 0.171486 0.297725 -0.275379 0.039931 0.203296 -0.140846 0.00112453 0.304941 0.10927 -0.28375 0.114875 0.787448 -0.335054 -1.20216 -0.142099 0.0861943 -0.253671 -0.394106 -0.00921275 0.462924 -0.50782 -1.33102 -0.302037 1.65469 2.09296 1.43897 -0.592625 -3.33528 -2.03616 1.23981 1.61874 0.515959 0.0746054 -0.762576 -1.63822 0.408284 2.08763 -0.429664 -1.35546 0.646747 0.741477 0.741477 
0.670197 0.670197 0.414882 -0.576691 -0.202379 -0.03623 0.254516 0.574224 -0.195689 -0.392179 -0.174525 -0.438236 -0.0594802 0.667103 0.654799 0.014653 -0.327645 0.110043 0.145328 -0.344502 -0.169111 0.169455 0.300645 -0.322288 -0.514512 -0.330268 -0.838362 -0.787322 -0.993725 -0.0060845 2.79331 1.95019 -2.44636 -2.47642 0.455156 0.147416 -1.10952 0.465248 3.14965 1.19605 -1.36653 -0.322627 -0.628401 -0.527341 0.482777 0.150299 0.150299 
-0.211561 -0.211561 -0.170608 0.142703 -0.23591 -0.905173 -0.692751 0.655389 1.23343 0.39654 -0.230221 0.0432397 0.224142 0.0493892 0.065632 0.267407 -0.196646 -0.663787 0.391087 0.954462 -0.0384952 -0.772905 -0.385438 0.30439 0.191759 -0.130707 0.2367 0.384545 -0.620171 -0.800379 0.547122 2.07441 2.32812 -1.53776 -3.2828 0.822714 2.87653 0.505562 -0.919136 -0.937706 -0.0694526 0.810514 -0.868293 0.466727 0.255908 -1.17349 -1.17349 
0.308687 0.308687 -0.140347 -0.444527 0.310416 0.336299 0.379943 0.0323368 -0.700936 -0.4954 -0.113593 0.225469 0.21692 -0.454853 -0.611193 -0.438832 -0.361286 0.47693 0.310232 -0.828079 -0.479595 0.159741 0.304238 0.174619 -0.125556 0.094688 0.74505 -0.212623 -1.19253 0.0729085 -0.160293 0.77382 1.41901 -3.36955 -1.18063 3.13304 -0.942363 -1.56243 0.1351 0.508005 1.71005 0.192906 -1.89605 -0.0129844 1.88018 0.75719 0.75719 
-0.160111 -0.160111 0.388324 0.396271 -0.221727 0.12473 0.0547241 -0.394488 -0.105458 -0.329012 -0.739886 -0.504383 0.208263 0.62458 -0.184147 -0.209064 0.277791 -0.901621 -0.895498 0.0806337 -0.377288 0.200624 0.775671 -0.524148 -0.981752 0.284201 0.285792 -0.485499 -0.0557132 0.980737 0.87739 -1.52605 -2.66176 -0.508483 2.44528 1.47497 -2.10364 -0.813505 1.21975 -0.517529 -1.0463 0.416509 -0.378967 -0.214074 2.51688 1.68355 1.68355 
0.617545 0.617545 0.831335 0.0302736 -0.196061 0.380959 0.48037 -0.0277502 -0.289617 -0.625264 -0.922749 -0.946143 -0.390474 0.599936 1.07585 0.537085 0.0444396 -0.20293 -1.13197 -0.585765 0.608746 0.0801005 0.385252 1.23075 -0.375603 -1.7271 -0.361958 0.621918 0.0211491 -0.734321 -0.554605 0.543003 0.532965 1.4389 0.907926 -2.92108 -0.0188267 2.81797 -1.62311 -1.99802 -0.52645 -0.0436249 1.12076 -1.04355 -0.447867 1.08503 1.08503 
0.0697775 0.0697775 0.323677 0.192845 -0.125381 -0.301778 -0.349135 0.178124 0.498638 0.608147 -0.138283 -1.20237 -0.193008 0.903826 0.695423 0.0536671 -0.705665 -0.574821 0.361355 0.396864 -0.138711 0.395626 0.609737 0.292899 0.768988 -0.192105 -1.91279 -0.854908 -0.00673852 -0.491729 0.1085 1.74385 1.8716 -1.3261 -0.806754 2.04977 -0.921247 -2.48973 0.789629 2.61493 -0.465193 -1.90086 1.12486 -0.351217 -1.49537 0.110692 0.110692 
-0.606802 -0.606802 -1.34318 -0.662209 -0.0436655 -0.59493 -0.227885 0.576787 0.182833 -0.372063 -0.292481 0.127052 -0.307473 -0.757169 -0.784227 -0.709877 0.664844 0.814778 -0.694723 0.517194 1.80495 0.210071 -0.729279 -0.300805 0.660436 0.694902 -0.271432 -0.402809 0.901981 1.52161 0.0456036 -1.54278 -2.68512 -1.56739 1.36979 2.24985 0.239657 -0.691591 0.684376 0.248611 -0.298691 1.43712 0.213114 -1.95512 0.523853 1.37954 1.37954 
