73
0.854405 0.770871 0.68182 0.52902 0.423469 0.321578 0.281116 0.164586 0.161171 0.134952 0.0650493 0.159215 0.217002 0.358965 0.635302 0.821014 0.861762 1.07998 1.16284 1.12713 1.20478 1.35776 1.34514 1.18857 1.09762 1.00362 1.03545 1.02417 0.971071 0.903148 0.656872 0.36864 0.0871541 -0.175969 -0.286841 -0.65201 -0.794412 -1.3086 -1.08426 -1.15282 -1.12657 -1.25299 -1.38217 -1.52713 -1.45143 -0.259467 -0.11947 0.29227 0.541713 0.633342 0.666146 0.710752 0.819763 0.81532 0.747294 0.723824 0.640078 0.485832 0.317036 0.1376 -0.0952783 -0.45624 -0.792732 -0.887089 -1.24341 -1.17004 -1.4779 -1.34877 -1.86365 -2.17122 -1.99331 -2.12023 -2.39222 
-1.80217 -1.43724 -1.44254 -1.52474 -1.45387 -1.55517 -1.462 -1.25811 -1.11088 -1.11179 -1.2965 -1.41601 -1.20017 -1.05306 -0.995915 -0.945814 -0.621961 -0.813977 -0.616854 -0.390603 -0.294242 -0.1538 -0.226608 -0.12803 -0.282309 0.254642 0.154452 0.254074 0.422919 0.667411 1.13971 1.31016 1.486 1.28798 0.991424 1.14203 0.929667 0.39691 0.395044 0.168828 0.368075 -0.0750185 -0.283837 -0.443357 -0.623341 0.803979 2.18377 1.70128 1.32027 1.0274 0.830626 0.918865 0.741837 0.527727 0.473451 0.410841 0.534939 0.746882 1.01943 0.970825 0.989643 1.1562 1.27205 1.19502 1.09778 -0.147445 0.289459 -0.331771 -1.53811 -1.45842 -0.517131 -0.491242 -1.07757 
0.233989 -0.0397161 0.229606 0.717776 0.576251 0.303098 0.448697 0.577567 0.406762 0.394768 0.391974 0.160837 -0.160702 -0.456165 -0.675428 -0.798191 -0.800362 -0.909512 -0.733624 -1.12591 -1.05579 -1.05359 -1.07375 -1.18448 -1.12145 -1.49115 -1.43616 -1.42499 -1.56526 -1.5066 -1.38148 -1.24411 -1.04831 -0.907034 -0.532017 -0.194372 -0.711847 0.209326 -0.158351 0.187473 0.309733 0.0414272 0.598141 0.406125 0.945476 1.0461 -0.0951978 -0.452882 -0.850456 -0.996111 -0.7841 -0.793247 -0.620497 -0.430209 -0.120674 -0.0423021 0.144824 0.190377 0.493172 0.659778 0.608624 0.89782 1.17082 1.18556 1.43514 1.33018 1.6046 2.03108 2.27176 2.17515 1.99082 1.84831 1.75288 
0.792722 1.1174 1.31429 1.30821 1.49136 1.46566 1.46702 1.53722 1.76018 1.84852 1.76601 1.98003 1.9092 1.81109 1.78447 1.58615 1.18676 1.15632 1.03869 0.816162 0.681246 0.165521 -0.127528 0.008035 0.0751811 0.24475 0.144778 0.213251 0.180381 0.0390134 -0.0714758 -0.0842378 -0.40711 -0.450081 -0.53063 -0.613903 -0.96722 -1.10906 -0.976602 -1.03982 -1.09641 -1.01645 -0.976564 -1.21468 -1.12841 -1.33484 -1.40671 -1.14668 -0.640554 -0.435355 -0.484934 -0.500312 -0.482225 -0.413045 -0.483957 -0.528731 -0.593694 -0.596172 -0.549518 -0.479593 -0.414946 -0.519252 -0.472878 -0.576394 -0.723496 -0.486367 -0.544637 -1.08376 -1.10412 -0.96848 -0.459236 -0.838072 -0.811497 
1.77124 1.617 1.73282 1.72638 1.15229 0.679963 0.421697 0.674002 1.13424 1.11886 1.24126 1.13963 1.20317 0.868407 1.2356 1.10158 1.0622 0.838839 0.626224 -0.0702379 -0.222993 -0.04191 -0.282554 -0.52875 -0.568652 -0.458025 -0.522633 -0.545814 -0.535825 -0.351386 -0.579998 -0.439663 -0.0251305 -0.00956528 0.152764 0.076649 0.00444034 0.48926 0.667818 1.04284 0.962152 0.88341 0.212752 0.572342 0.978028 0.832927 1.22512 1.00244 0.344277 -0.0514951 -0.813501 -0.961209 -0.86369 -0.927555 -0.86837 -1.06217 -1.10389 -1.14049 -1.69172 -1.42913 -1.60251 -1.69939 -1.86546 -1.53297 -1.50952 -1.47747 -1.19586 -1.92249 -1.00839 -0.0678458 -0.240166 -0.466153 -0.10804 
0.87344 0.955789 0.999426 0.755131 0.431935 0.524826 1.27243 0.85528 0.311537 0.381793 1.05897 1.17145 0.834875 1.24315 0.309443 -0.0666965 0.25601 0.42465 0.203446 0.227845 0.332477 0.616455 0.288515 0.172143 0.44979 0.939806 0.905594 0.664954 0.728642 0.354599 0.156899 -0.419635 -0.0158908 -0.331831 0.025095 -0.24745 -0.629127 0.525007 0.387375 0.906243 0.848481 0.877141 1.24685 1.30876 1.3862 1.11227 -0.0849468 -0.839275 -1.25878 -1.06084 -1.29243 -1.08265 -1.17811 -1.33857 -1.60922 -1.49817 -1.42874 -1.38169 -1.58433 -1.87373 -1.57159 -1.93328 -1.93177 -1.6636 -1.51292 -1.09632 -0.779314 -1.16961 -0.0444262 0.738584 0.258068 0.773044 1.8305 
-0.47382 0.695457 0.748519 0.280174 0.407576 0.0531041 -0.444661 -0.270252 -0.386779 -0.322893 0.0447804 -0.13961 0.271401 0.0852824 -0.373757 -0.73086 -1.2164 -1.47242 -1.57404 -1.62014 -1.96106 -2.0791 -1.43578 -1.27413 -0.801578 -0.87165 -0.814055 -0.370074 -0.227131 0.285308 0.328196 0.336656 0.117821 0.212379 0.374832 0.0807721 -0.176155 -0.200447 -0.400695 -0.388051 -0.980358 -0.702802 -0.434329 -0.503913 -0.13111 -0.195755 0.189916 0.173253 0.402427 1.20121 1.85046 1.77737 1.93706 1.94295 1.93944 1.9287 1.9337 1.48656 1.92745 1.38212 1.21039 1.09544 0.833814 0.386189 0.309049 -0.0245191 -0.136041 -1.03854 -0.98933 -1.08034 -0.975874 -0.913697 -0.0976032 
-0.500572 -0.777309 -1.07655 -1.64883 -1.45578 -1.08725 -0.980042 -1.01692 -1.51797 -1.01638 -0.832546 -0.946113 -0.737042 -0.982852 -0.685025 -0.874674 -0.843342 -0.892353 -1.46132 -1.42227 -1.3845 -1.8994 -1.83098 -1.36021 -0.467565 -0.998926 -0.848586 -0.817597 -0.92592 -0.804012 -0.481647 -0.211846 -0.0642845 -0.0272354 0.178772 0.10166 0.477101 0.282181 1.11699 1.09747 0.797413 1.26503 1.75608 1.61991 1.26728 0.976219 0.336512 0.505943 0.877568 0.765266 0.745658 0.559642 0.31148 0.49814 0.771749 0.79744 0.851634 0.821597 1.23496 1.31428 1.06027 1.14926 1.26373 0.984423 1.0127 0.797303 0.961926 1.16278 0.592251 0.404547 0.422057 1.21347 0.525154 
-0.556757 0.327786 0.0474854 0.738142 1.1867 1.48137 1.37152 1.74277 1.90362 1.88716 2.13418 1.91084 1.39118 1.31268 1.19508 0.654593 -0.0339605 -0.161021 -0.0533086 0.179098 0.182342 0.393423 0.288911 0.219568 0.100309 -0.964356 -0.789402 -1.1763 -1.28591 -1.48992 -1.446 -0.764374 -0.947337 -1.02834 -1.38387 -0.860896 -1.40085 -0.956275 -1.04524 -0.228305 -0.387255 -0.144143 0.42164 -0.781664 0.915509 0.755748 0.0909853 -0.156204 -0.646706 -1.26335 -1.28464 -1.57134 -0.976272 -0.457296 -0.611059 -0.982816 -1.11427 -0.872538 -1.04882 -0.411228 -0.373227 -0.0443499 0.528238 0.000811575 0.697975 -0.180212 0.665386 0.0359826 0.249731 0.462254 0.898721 2.04415 1.46392 
1.65698 1.92566 2.12369 2.5249 1.88462 1.43853 1.68502 0.832503 1.02341 1.13882 0.61582 0.319093 0.15398 0.586386 0.207009 -0.00502318 -0.153394 -0.777886 -0.312308 -0.0361002 -0.234478 0.271977 0.472658 -0.488445 -0.406594 -0.0989986 -0.244907 -0.380389 -0.136554 -0.375621 -0.552025 -0.593874 -0.292992 0.493086 -0.412932 -0.0153084 -0.790354 0.344615 -0.698545 -0.801596 -1.3255 -1.34761 -1.22382 -2.05035 0.00183111 -1.70662 -1.5892 -2.51275 -2.23635 -1.1871 -1.4539 -0.312791 -0.398815 -0.442058 -0.145397 -0.240049 0.00651209 0.127656 -0.345401 -0.147223 0.157071 0.837718 0.376853 0.456058 1.27604 1.14558 1.06912 0.839053 0.797983 0.345776 0.232534 -0.263068 -0.63221 
-0.757673 -1.1926 -1.68971 -1.81728 -1.63191 -1.42747 -1.59751 -1.6043 -1.56021 -1.91671 -1.89072 -1.37155 -1.10247 -1.18926 -1.19789 -1.37428 -1.12984 -0.823111 -0.703237 -0.328368 0.257184 0.436327 0.905245 0.879808 0.67415 1.0482 1.19897 1.27689 1.25403 1.31467 1.26774 1.04954 1.2323 0.991294 0.955015 1.08051 1.00246 1.29213 1.25996 0.975891 1.36034 1.39357 1.48087 1.06431 0.609386 -0.880718 -1.02376 -0.860791 -0.333441 0.356576 0.443992 0.400013 0.25652 0.156849 -0.0102066 -0.00706964 -0.140135 0.0516949 -0.0376264 -0.237356 -0.0611097 -0.2456 -0.00535907 0.271638 0.43016 0.268336 -0.0251871 -0.108167 0.278996 0.186216 0.166569 0.469764 0.284521 
-1.65347 -2.00948 -0.056378 -0.205153 0.148142 0.813846 1.05999 1.66852 0.853162 0.99205 -0.170821 -0.331827 -0.403246 -0.95404 -1.72717 -1.45057 -1.62862 -2.12953 -1.83671 -0.91397 -0.880656 -0.0302451 0.448527 0.450397 0.0860426 0.0782443 -0.0748334 0.609868 0.467675 0.381043 0.411012 0.692457 0.708877 1.07303 1.5295 1.81536 1.79456 1.5716 0.622004 1.04835 0.48077 -0.043319 -0.264026 -0.0738103 -0.245421 -1.23099 0.059894 1.83315 2.51326 1.32398 1.13957 0.187201 0.598789 0.32666 0.112195 -0.171408 0.113693 -0.716424 0.0977963 -0.379399 -0.255978 -0.543675 -0.439437 -1.02771 -0.571491 -0.825357 -1.55279 -0.98079 -0.977237 -0.863546 -0.6781 -0.159244 0.34567 
-2.59594 -1.93088 -1.42373 0.108345 -0.136607 1.12223 0.659734 0.599328 0.398695 -0.439238 1.28596 1.89487 1.0162 0.825013 0.944036 0.0945134 0.241126 0.810831 -0.170771 0.0163019 -0.824702 -1.1376 -1.22959 -0.764238 -1.01784 -1.4407 -1.05069 -0.506069 0.179562 0.480003 0.312876 -0.142972 -0.393431 -0.748783 -0.132476 -0.39713 -0.115986 -1.14152 -0.929558 -0.870159 -1.20553 -1.5809 -0.641483 0.564304 0.299791 1.08435 2.46573 2.58006 0.0558336 -1.21547 1.01424 0.781499 0.419641 0.546514 0.521258 1.36567 0.935242 0.457957 0.923399 0.923427 0.973405 0.462866 1.36345 0.324933 -0.151528 -0.615908 -0.756007 -1.18934 -0.833452 0.832757 -0.590484 -0.911303 -0.653928 
-0.214116 -0.214116 -0.397948 -0.44174 -0.306627 -0.133882 -0.172735 -0.074414 0.165271 -0.0111852 0.308313 0.647198 0.774052 1.35408 1.47019 0.844938 0.931202 1.04297 0.369058 0.355227 0.856021 0.616434 -0.205124 -0.412987 -0.24692 0.0789161 0.298456 0.0730603 -0.0772768 -0.589958 -1.17465 -1.2681 -1.20146 -0.748656 -1.01948 -1.10316 -1.49866 -0.525322 0.657369 0.131628 -0.0219379 -0.434437 -0.483657 0.0600905 3.60828 3.77892 1.70822 1.99869 1.14912 0.574161 0.449364 0.651615 0.521442 0.0515891 0.00109012 -0.0406293 -0.387706 -0.613429 -0.680282 -0.850353 -1.33212 -1.60711 -0.899544 -0.952169 -0.507038 -0.378425 -0.230402 -0.779835 -1.93885 -0.100198 0.379249 -0.814776 -0.814776 
0.554226 0.554226 -0.175724 -0.0513553 -0.0825422 -0.0461407 0.452099 0.540337 0.206 -0.335906 -0.529529 0.124393 0.559665 0.300589 0.142212 0.577622 0.182357 -0.0245327 0.658301 0.493804 0.353717 0.077545 0.00920161 -0.123804 0.591853 0.680156 -0.0337965 0.40541 0.641915 1.13731 1.01644 0.532457 -0.0690864 -0.840277 -0.271127 -0.133688 -1.2493 -0.905657 -0.40522 -0.0768962 -0.430955 -1.09713 -0.634192 -0.587119 2.00344 4.54981 1.432 -1.44256 -1.13299 -0.83222 -0.210062 -0.17782 -0.671412 -0.471016 -0.223689 0.0675123 0.515726 0.758078 0.332725 -0.0815001 0.269764 0.428165 0.0304952 -0.317369 -2.22447 -1.35247 -0.333787 -3.01642 -1.87215 1.63391 1.54607 -0.947801 -0.947801 
-0.116397 -0.116397 1.74141 0.739572 -1.11689 -0.416745 0.563577 -0.207964 -0.551458 -0.14177 -0.676144 -1.45339 -1.61025 -1.36085 -0.939727 -0.410358 -0.377163 0.0570306 -0.633376 -0.891289 0.0706222 -0.149511 -0.424884 -0.222028 -0.8535 -0.873105 0.0556238 -0.420522 -0.304723 0.342437 0.534361 0.706713 0.716249 1.15325 1.63209 -0.544218 0.878697 1.24397 -0.158998 1.0357 -0.461836 0.597565 0.783595 0.741254 1.45486 -2.64336 -3.76093 -1.94738 -1.43036 0.0560967 0.388969 0.293231 0.779547 1.11309 0.840188 0.541699 0.461672 0.743728 1.03891 0.175816 0.474748 1.26518 0.595924 0.538822 0.246945 0.307529 1.60341 1.52114 0.245609 -0.790773 -0.902703 -0.685925 -0.685925 
1.88477 1.88477 0.787254 0.741654 0.676561 0.0733347 0.391547 1.12687 1.18706 0.173476 0.590485 0.629236 -0.406455 -0.259765 -0.592278 -1.82922 -1.27215 -0.337202 -0.974608 -1.03196 -2.00484 -2.52955 -0.368459 0.826734 0.939572 0.385043 0.0495893 0.272243 -0.424045 -0.681597 -0.254862 -0.959588 -1.05983 -0.255752 -0.389481 -1.29458 -1.4889 0.122978 0.38383 -0.243433 0.231674 0.551774 -0.503657 -0.349756 -0.244618 -0.769331 0.778462 2.69636 2.51442 0.670483 -0.0614314 0.163099 0.443674 0.14836 -0.22976 -0.21002 -0.0696706 0.300692 0.540937 0.600643 0.022511 -0.0381219 -0.0354968 -0.677485 0.452832 0.747594 -1.82813 -1.70237 0.536614 2.29396 0.586825 -1.01476 -1.01476 
0.0297731 0.0297731 0.331633 -1.07743 -2.02897 -1.38394 0.0960659 1.56355 1.01683 0.326815 0.150661 0.0304407 -0.445713 0.174484 0.584479 -0.245912 -0.428388 -0.782207 -1.74847 -1.62621 0.166098 -0.0134076 -0.886089 -0.47609 0.252691 0.202231 -0.0710621 0.0812965 0.505343 0.0180199 -0.0720572 1.24151 0.986678 0.471574 0.284325 -0.194697 0.950963 1.46313 1.23887 0.709393 -0.217375 -1.42234 -0.527091 1.67125 0.640464 0.612903 0.454447 -1.6908 -2.04432 -2.25642 -1.74977 0.00573373 0.176975 0.0986817 -0.166692 -0.372791 -0.0517252 -1.09234 -0.481292 0.290427 -0.443736 -0.428808 0.448138 0.835227 0.2216 0.748851 -0.80068 0.491134 3.89619 1.67728 -0.705268 0.378096 0.378096 
0.143912 0.143912 -0.366418 -0.939538 -0.412737 1.26022 0.463362 -1.55417 -0.792671 1.11483 1.1808 -0.40304 0.0590989 -0.873825 -2.09936 -0.136403 0.714731 -0.135044 -0.360399 0.148669 0.554221 -0.121605 -0.74709 0.199045 1.14643 0.659201 -0.482334 -0.329381 -0.537802 -0.94618 -1.26254 -0.322879 0.0842582 0.0111124 0.0789111 -1.07504 1.15392 1.5352 0.542699 0.667486 -0.0983888 0.569459 0.621414 0.1648 -0.359902 -2.35136 -3.10191 -1.88685 -0.39908 -0.105486 -0.0869974 0.125685 -0.452751 -0.726474 -0.302278 0.229051 0.129066 -0.296001 -0.821669 -0.0330118 -0.145951 -0.615647 0.368413 0.601469 0.833361 1.09322 -0.167421 1.09523 2.92833 0.419679 0.000916793 2.40376 2.40376 
2.24406 2.24406 -0.791927 -0.654109 -0.443001 -1.602 -0.621506 0.0852705 -0.119625 0.778034 0.317752 0.398096 0.394894 -1.21809 -1.53508 -1.58421 -1.39682 -0.685067 -0.295892 -0.739531 -0.872895 0.951787 1.47029 1.15371 0.724128 -0.0451665 0.907837 1.06606 1.19298 1.00748 0.0731583 -0.412049 -0.252434 0.454437 -0.266021 -1.04351 -0.543388 -0.438311 -0.369835 -1.09667 -0.605552 0.990248 0.346684 0.540103 0.549259 0.573115 0.662069 0.371939 1.8837 2.66247 1.04611 0.138522 0.284933 -0.0176218 -0.0484442 -0.0326766 -0.84173 -0.0336343 -0.215651 -1.3514 -0.553523 -0.720162 -1.33691 -0.994898 -0.783447 -0.847187 -1.90192 -1.60395 -0.0995414 0.00290961 0.286911 1.60619 1.60619 
-1.36445 -1.36445 -2.02461 -0.924939 1.1766 0.984858 0.0792785 -1.27945 -0.0766408 1.45326 0.0791317 0.135501 -0.159901 0.0383593 0.163811 -0.431476 -0.117323 -1.45825 -1.26155 0.09375 -1.14364 -1.07516 1.1266 2.96773 0.729188 -0.928947 0.327213 -0.25058 -0.0474885 0.914572 1.24493 0.854458 0.334543 0.465098 0.21009 0.588566 0.325408 1.35153 1.74335 -0.791691 0.296454 2.06361 0.714872 -1.1697 -1.51569 -2.15696 -1.12832 1.13076 0.501434 -0.372491 -0.53715 -1.04769 -0.215215 0.950303 0.590734 0.100611 -0.0238722 0.778437 1.02271 -0.468065 -0.44645 0.376646 -0.446047 -0.638574 -0.495818 -0.191247 0.738568 -0.903602 -1.77156 -0.458009 1.72911 0.152462 0.152462 
0.883191 0.883191 0.56433 1.763 1.11176 0.193414 0.31936 0.764556 0.126926 0.26863 -0.071587 -1.33247 -1.09426 -0.433033 -1.19282 -2.1318 -1.45188 -0.142356 0.448819 0.27701 0.241939 0.0647259 -0.396456 -0.420707 -2.0576 -1.57374 -0.459103 -0.927089 -0.626307 -0.373809 1.08269 0.709552 -0.544652 -0.828459 0.164842 -0.13845 -0.267394 0.474296 1.08667 0.971572 0.0278768 1.21976 -1.15899 0.701674 2.41787 -1.46654 -1.61032 -1.32373 -1.93134 -1.15967 -0.617051 0.396594 1.72161 0.490087 -0.974798 -0.938102 0.070824 -0.00290901 0.648127 1.00054 0.492827 1.372 -0.0362642 0.16861 -0.408244 -0.164131 0.245014 -0.794116 0.590504 0.956783 2.49103 0.818986 0.818986 
0.863847 0.863847 1.07843 -0.278948 -1.65088 -0.215048 -0.873112 -0.963103 0.604136 -0.551812 -1.21914 -0.639651 0.540946 0.194014 -0.849446 -0.475406 -1.14325 -0.149158 1.30923 0.234171 0.606982 1.25313 -1.12311 -1.31551 0.738733 0.369952 -0.34747 0.283593 0.115871 -0.56457 -0.24524 0.527571 1.86813 -0.0860528 -0.71503 -0.502962 0.690931 0.256805 -1.74777 -0.906994 -0.775945 0.272788 -1.02972 2.09269 0.664719 -2.46801 -1.19712 -0.939693 2.25462 1.37507 1.52381 1.81652 -0.101156 0.51848 0.435239 0.354119 0.703531 -0.461659 -0.336927 0.921743 1.70295 0.464017 -0.509824 1.56409 1.22461 -0.226886 -0.388173 -0.330865 -0.690552 -0.807411 -0.877677 -1.29202 -1.29202 
-1.88394 -1.88394 -1.27946 0.0627431 0.715686 0.0167131 -0.398687 0.0224415 -0.665338 -0.700946 1.02121 1.4993 0.307586 -0.238599 -0.414804 0.0829023 1.03303 0.788063 0.922065 1.8379 1.45297 1.22359 0.82125 -0.505419 0.280235 0.981209 0.398829 0.0573662 0.0233722 -0.0239718 -0.572356 -0.120623 -0.165477 -0.596266 0.124528 0.0423764 0.365256 0.45549 -0.67287 0.146485 0.770511 0.186106 -0.69848 -1.76485 -3.87616 -3.2628 -0.0117422 1.30671 2.34323 1.47802 0.0344952 -0.419625 -0.529155 -0.575495 -0.373305 -0.306458 0.0646397 0.150671 -0.619398 -0.0971147 -0.0671439 0.0587123 0.966305 0.805593 -0.0574251 -0.94645 -0.791388 0.547298 0.528024 -0.272039 0.506715 0.181043 0.181043 
1.74408 1.74408 1.98368 0.133989 1.07569 0.951799 0.885691 -0.341611 -0.884606 -1.28641 -1.63314 -0.371207 -0.821879 -1.6332 -0.676568 0.0114671 -0.887487 -0.343069 1.30295 1.00291 0.919284 1.43432 0.45324 -0.521582 -0.532761 -0.288483 0.512185 0.524771 -0.367045 -0.167992 0.257579 0.241914 0.337539 0.846327 0.755803 0.203986 -0.384316 -1.45819 -0.707457 -0.265773 -1.36466 -0.96361 -0.137732 -0.0809668 -1.44041 0.250528 3.44028 2.7341 -0.691184 -1.69074 -1.41682 -0.727724 0.0587646 -0.665078 -0.678343 -0.100746 -0.732626 -0.120857 0.287191 -0.511512 -0.292413 -0.314593 -0.662124 -0.255158 0.131488 -1.23706 -0.282189 0.562981 0.0330796 0.243385 0.711836 1.0812 1.0812 
1.04381 1.04381 1.85442 1.15125 0.895787 0.692399 -0.54101 -0.296186 -1.02312 0.777405 2.13011 -0.304341 -1.05238 -0.119596 -0.735102 -0.709308 0.617581 -0.437229 -0.794965 -0.663515 -1.13096 -0.430679 0.29694 0.14585 -0.684585 -0.0828444 0.821696 1.09807 0.869785 0.0725096 -0.634574 -0.712483 -0.618526 0.191846 0.276643 -0.0367135 -0.748088 -0.81277 0.201575 -0.31015 -0.716626 0.475222 1.9535 0.827901 0.434084 1.97289 1.34626 -2.30524 -3.60071 0.843919 1.81491 -0.608043 -0.271827 0.0428742 0.713725 0.334919 -0.900782 -0.063203 0.383055 -0.00537802 -0.482727 0.312538 -0.181089 -1.46854 -0.931758 -0.617281 -0.588257 -0.124536 1.83841 0.175029 -1.68272 -0.111447 -0.111447 
-0.148707 -0.148707 -0.192559 0.126828 0.343665 0.169458 0.0949306 0.373855 0.0986967 0.17862 0.694677 0.501765 0.743241 0.732481 -0.474466 -0.504352 0.233685 -0.527543 -0.653314 0.523018 0.296949 -1.02724 -0.995469 -0.00647358 0.527966 0.581513 0.0295163 -0.340874 -0.628558 -1.06352 -0.643701 0.00853068 0.555544 0.217614 -0.319618 -0.44446 0.614022 2.1944 0.69324 -0.644869 -0.53147 -0.42698 0.530594 4.13299 3.75936 -1.86732 -1.74732 -0.524497 -1.39112 -0.665342 0.112942 0.107558 -0.565478 -0.485693 -0.0569661 -0.353955 -0.538214 -0.257601 -0.201872 -0.617361 -0.722424 0.468555 0.691227 0.42843 0.60992 0.3124 -0.366587 -1.67544 0.71596 2.35669 -0.680189 -1.1603 -1.1603 
-0.42552 -0.42552 -0.343425 0.117824 0.0597568 0.409228 0.443444 -0.106134 -0.522086 -0.429202 0.360154 0.775283 0.17262 -0.219243 0.239182 0.0828144 -0.341163 0.370482 0.398465 -0.144739 -0.218455 -0.171097 -0.0765941 0.440918 0.587003 -0.356672 -0.125043 0.502347 0.539438 0.303535 -0.342946 -0.660233 -0.849816 -0.0770508 0.522729 -0.589372 -0.453256 0.613488 0.603373 0.0393272 -0.617136 -0.0778404 0.392971 1.7974 3.44716 -0.320887 -3.8992 -1.63682 0.459194 0.665534 0.488279 -0.248219 -0.137222 0.351853 0.411793 0.544397 0.512152 -0.0644829 -0.497884 0.0147547 0.39274 -0.101625 -0.435806 -1.43217 -0.62695 1.30434 -1.04205 -0.959147 3.12596 2.31266 -1.64785 -1.58987 -1.58987 
1.48968 1.48968 0.680777 -2.31819 -0.943978 1.34649 0.158226 -0.910646 0.0430992 -0.111021 -1.06937 -0.764558 0.0643705 0.531042 0.757097 0.443877 0.36703 -0.217219 -0.776038 0.558074 0.588577 -0.410428 -0.0688986 -0.35642 -0.536039 0.723695 0.355077 -0.301298 0.605679 0.667144 0.283775 0.136512 0.350191 0.729123 -1.38091 -0.618654 1.43347 -0.8482 -0.178512 -0.254865 -0.364104 0.995236 0.10567 0.531641 -2.74314 -4.22167 0.551596 1.8714 1.60729 1.45861 0.181119 0.305012 0.651623 0.0386157 -0.471701 -0.315969 0.152774 0.455725 -0.46889 -0.465862 0.869226 0.0874925 -0.596823 -0.29212 -0.197098 1.08489 0.969545 -1.10666 -1.87703 -0.937515 0.0743087 0.164683 0.164683 
-0.736215 -0.736215 -0.770433 0.00429203 -0.414148 -0.126517 0.877921 0.684304 -0.628064 -0.36031 0.429356 -0.660744 -0.579746 -0.0520846 -1.09036 -0.422817 1.20696 0.310629 -0.433988 -0.685723 -1.03643 1.31529 2.6059 1.0689 -0.244087 -0.580483 0.00271112 -0.268057 -0.628401 0.21431 -0.121248 -0.516686 0.615511 0.590379 -0.692175 -0.737642 1.15108 1.49264 -0.187597 -0.0268218 0.684075 -0.464433 -0.589148 0.281737 -0.227492 0.85507 2.68799 1.39001 -1.43285 -1.84555 -0.293383 0.466385 0.076296 -0.417986 -0.181571 0.207486 0.470591 0.545553 0.312438 -0.301669 -0.39197 0.0438269 -0.392419 0.453795 1.15673 -1.62427 -1.75109 1.86185 3.08618 0.125034 -2.39549 -1.11446 -1.11446 
0.194423 0.194423 -0.807818 -1.69934 -0.238305 1.49122 2.07622 0.634638 -0.899953 -0.636375 -0.231091 -0.444476 0.0821705 0.712474 -0.319306 -0.740721 -0.401743 -0.959239 -0.620613 1.34152 1.12688 -0.768688 -0.349383 0.78971 0.462193 -0.250565 -0.106303 0.389702 -0.0652925 -0.43098 0.849963 0.732775 -0.567927 -0.519856 -0.494192 0.453884 1.1589 0.1845 -0.556407 -1.05609 -1.53655 -0.240581 2.18014 0.810177 -0.77307 -0.152596 -1.65887 -1.79762 -0.4226 0.189224 1.58875 1.35018 0.0458274 -0.26473 -0.355636 0.0614889 -0.532088 -0.325829 0.963255 0.00642859 -0.531865 0.61409 0.878802 -0.181418 -0.081723 -0.747416 -0.203595 3.32052 0.823398 -3.29322 -0.94437 0.750294 0.750294 
-0.433457 -0.433457 -0.848763 -0.0972162 1.53038 0.571206 -2.10307 -0.973824 1.87041 1.36641 -1.16356 -0.87648 -0.404801 -1.62775 0.470715 1.97555 -0.0626662 -0.842734 0.141939 0.599119 -0.259503 -1.00663 0.168705 1.30847 0.269797 -1.24392 -0.780018 -0.103846 -0.510609 -0.588826 0.388018 0.912294 0.178372 -0.0675261 -0.850722 0.715345 1.82784 -0.506568 -0.692434 -0.52821 -0.134685 0.457947 -0.356884 -0.774753 -1.88696 -2.05062 0.272948 1.89493 1.2272 0.162497 0.103865 -0.328691 -0.68116 0.0453881 0.628761 0.248918 -0.444125 -0.752592 0.126921 0.426001 -0.485853 0.309078 0.81832 0.273269 0.292688 -0.788858 -0.0621948 2.17966 -0.55318 -2.18497 1.37409 1.67755 1.67755 
-2.56937 -2.56937 -2.45113 0.334506 -0.778014 -0.117971 1.48265 0.465724 0.629479 0.410386 -0.290777 0.101346 -1.35134 -1.62053 -0.278918 0.153778 0.806529 0.97964 -0.0115575 -0.459837 1.48613 2.04536 0.20839 -0.604958 -0.99333 0.192768 0.988477 0.279787 -0.0150873 -0.925513 -1.18263 -0.244154 0.778513 0.0235107 -1.2499 -0.202783 0.554359 0.184056 -0.529633 -0.167052 1.82551 0.852077 -0.351006 0.208953 0.0634868 0.131945 -0.137419 1.08318 2.00018 -0.683392 -2.13009 -0.617833 -0.0987871 -0.250833 0.0222515 -0.645382 0.0343452 0.572271 -1.09532 -0.254689 0.576694 -0.636888 -0.200526 0.509974 0.161887 -0.924359 -0.614049 1.58141 1.41367 0.366699 1.4106 1.16696 1.16696 
-0.43747 -0.43747 0.279394 2.07972 1.23786 -0.722452 -1.4832 -0.10876 1.77431 0.0944293 -0.866149 -0.162941 -0.070443 0.203907 -0.313399 -0.190386 -0.676462 -0.753025 1.00462 0.0697476 -0.76912 1.47283 2.6284 -0.266186 -2.54732 -0.26916 0.435103 -0.251382 0.752434 0.835398 -0.0463049 -0.600589 -0.260937 -0.0882472 0.0733703 0.0680574 0.490249 0.917223 -1.40426 -0.950332 1.85423 0.265645 -2.11488 -1.4612 -0.650708 0.245401 2.13612 1.0553 -0.987074 -0.68416 -0.447272 0.202749 1.29535 0.518273 -0.561023 -0.407773 0.434751 0.675141 -0.8197 -0.96485 0.543541 -0.00685515 -0.668929 -0.039562 0.284491 0.797567 -0.471495 -1.64345 0.283361 2.27494 0.390843 -1.03492 -1.03492 
-0.229042 -0.229042 0.718224 0.455561 -1.21745 -0.603267 0.474297 -0.129132 -0.368971 -0.133935 -1.24235 -0.785243 0.733734 -0.054944 -1.31953 -0.181785 1.59513 1.525 0.354353 -0.140547 -0.144818 -0.481559 -0.360678 -1.2898 -0.88826 1.28618 0.53397 -0.109193 0.460181 1.3735 0.879086 -1.26309 -1.19249 0.583631 0.568234 -0.318638 0.507174 1.09301 0.415923 -0.813786 0.219077 -0.915001 -0.386482 2.84962 -1.69052 -3.1604 0.135796 -0.230748 0.152598 1.06158 1.2528 1.87111 0.0968267 -2.10793 -1.10571 0.849262 0.761993 0.479166 0.815932 -0.099786 0.316497 -0.39518 -0.928055 -0.27102 -0.240011 0.53919 -0.474912 0.295971 1.40662 1.52486 -0.0859534 -1.29841 -1.29841 
0.190118 0.190118 -0.743583 -1.8349 0.0864665 0.577512 -0.472054 1.05867 0.325426 -1.21166 -0.0179105 1.25322 0.615965 -0.913898 -0.417963 -0.159589 0.266928 1.7295 0.306192 -0.440547 0.743422 -1.14757 -1.72438 1.32322 1.20189 -0.704655 -0.0168923 0.36123 -0.540915 -0.205887 0.793763 1.49624 -0.379582 -1.73437 -0.244268 1.00963 0.565132 -1.635 -0.758031 0.710999 0.854048 -0.13205 1.29437 1.20806 -3.09466 -1.23819 1.0938 2.41686 1.63477 -0.460189 0.346176 -1.07525 -0.850374 0.411481 -0.0705481 0.227061 -0.518638 -0.673188 0.994112 1.44568 -0.272345 -1.47959 0.799217 1.23558 -1.18945 -1.06687 -0.0290124 -0.165486 -0.28529 -0.0862066 -0.290839 -0.242505 -0.242505 
0.422174 0.422174 1.46362 1.50122 -0.0825772 -0.91153 -0.0424165 -0.253763 -0.608156 1.26177 1.66037 -0.600579 -1.39534 -0.607382 0.2026 1.07655 0.50029 -0.132962 0.767734 0.365084 -0.523518 -0.537031 -1.38844 -0.466649 1.10665 0.0451591 -0.763694 -0.338188 -0.109974 -0.509102 -0.121855 0.268847 -0.415924 0.178161 0.448677 0.139925 0.273683 -0.852369 -0.286626 1.07309 -0.0161186 -1.18669 -1.56066 -2.5125 -1.20916 2.95164 3.49873 1.78042 0.0860686 -1.83827 -1.51929 -0.484211 -0.167805 0.0740663 0.161891 0.292951 0.307836 -0.577623 -0.239124 0.381646 0.0740486 0.755017 0.532662 -0.841199 -1.40631 -0.616361 1.11217 0.976903 -0.682605 -0.063396 0.304696 -0.299558 -0.299558 
0.190756 0.190756 -1.22387 -0.686914 0.632963 -0.137798 -0.981679 -1.3464 -0.715061 -0.564966 0.707446 0.627958 -0.957649 0.118642 1.26533 -0.1538 -0.263637 1.68274 1.0369 -0.285916 0.337453 -0.348917 -1.48835 -0.746576 0.185782 0.806675 0.629478 -0.664918 -0.52231 0.485216 0.321002 0.068662 0.469759 0.327394 -0.483748 -0.864444 -1.26371 -0.239627 0.919457 -0.495114 -0.52619 0.945854 0.682547 -0.988768 0.261033 3.74022 1.90693 -3.1522 -3.37658 -0.547448 0.744018 1.13602 0.0554204 -0.556224 0.439106 -0.0340058 -0.00787178 0.787456 -0.29126 -0.435767 0.158111 -0.275242 0.0529645 0.614457 -0.74344 -0.308868 1.38416 0.248624 -0.236915 0.526616 0.648266 0.289999 0.289999 
0.505235 0.505235 0.0664343 -0.598828 -0.286949 -0.89722 -0.61752 -0.301466 0.669347 1.96712 -0.675656 -1.98659 0.114677 0.19738 -0.36861 0.843511 0.169177 -0.882087 -0.14182 -0.21028 0.144688 0.890446 0.359164 -0.613115 -0.143323 0.939361 0.736323 0.0293994 -0.640597 -0.939381 -0.490472 0.00940419 0.563722 0.558006 -0.143239 -0.640077 -0.484896 0.592012 0.313042 -0.573599 0.489489 1.66564 0.219474 -0.948776 0.713902 0.568621 -2.67031 -3.08769 1.96457 3.37892 -0.906684 -1.3028 0.405584 0.614408 0.181636 -1.00812 -0.249051 0.800548 0.0354748 -0.540887 0.197781 0.187622 -1.11206 -0.469053 0.530605 0.213746 0.30688 1.51371 0.186328 -2.19791 -0.17938 0.979916 0.979916 
