48
1.08374 1.15914 1.16506 1.037 0.898905 0.917848 0.848923 0.696193 0.676737 0.590094 0.671526 0.630446 0.710223 0.58699 0.634093 0.722356 0.75102 0.750394 0.766884 0.840313 0.837236 0.782776 0.822154 0.773031 0.683002 0.547631 0.431602 0.374301 0.245192 0.0216671 -0.185512 -0.422318 -0.615073 -0.805216 -0.85796 -1.01987 -1.13233 -1.24203 -1.32447 -1.44647 -1.47679 -1.53861 -1.56721 -1.47995 -1.54846 -1.74654 -1.6405 -1.60717 
0.769149 1.06628 0.88332 0.949347 1.06183 0.998488 0.971046 1.14349 1.12692 1.11214 1.02864 1.02378 0.891116 1.00653 0.78285 0.603518 0.582729 0.422599 0.153556 0.0220953 0.116277 0.0251478 0.0889235 0.024287 0.125185 -0.00292676 -0.0818135 -0.15452 -0.256243 -0.262992 -0.126542 0.140161 0.112603 0.182795 0.198694 -0.0539977 -0.0784932 -0.135192 -0.587447 -0.782148 -1.08878 -1.40758 -1.68108 -1.94026 -2.05831 -2.38332 -2.37356 -2.1583 
-2.67516 -2.6296 -2.25244 -1.86714 -1.36619 -0.816763 -0.0299034 0.597216 0.841158 1.09987 0.48387 0.809656 1.15417 1.20604 0.465154 0.783261 0.667171 0.671797 1.06079 1.129 0.837577 0.960919 0.35262 0.391982 0.0851088 0.584232 0.468214 0.420497 0.261545 0.389306 0.493562 0.481197 0.682293 0.775789 0.360907 0.564214 0.375444 0.04094 -0.608984 -0.850966 -0.794753 -0.495515 -0.495566 -1.09325 -0.556794 -1.06747 -1.16984 -0.725185 
-0.0867119 -0.223959 -0.259186 -0.821264 -0.590011 -0.973552 -1.4723 -1.95202 -1.74045 -1.37123 -0.265786 -0.450749 -0.611214 -0.595504 -0.0531123 0.517033 0.892201 1.16642 1.33912 1.42225 1.17126 1.24675 1.07464 1.18654 1.18412 1.32903 1.39818 1.16168 1.21459 1.28643 1.17608 0.53564 0.318695 -0.0386504 -0.145319 0.0207277 0.430793 0.0736662 -0.270669 -0.516796 -0.131503 -0.225317 -0.911491 -1.04487 -1.44601 -1.42293 -1.4355 -1.08975 
-0.836378 -0.672387 -0.818443 -0.695304 -0.781889 -0.67817 -0.678051 -0.557763 -0.597052 -0.717701 -0.792947 -0.64376 -0.715923 -0.840584 -0.693156 -0.786184 -0.631399 -0.677409 -0.72873 -0.828188 -0.767989 -0.810563 -0.705233 -0.842369 -0.891072 -0.78313 -0.649666 -0.534125 -0.478415 -0.443568 -0.415411 -0.112859 0.504532 0.801485 0.958862 1.39703 1.28441 1.36191 1.55809 1.61282 1.48544 1.46971 1.6845 1.617 1.43528 1.67212 1.51197 1.45066 
-0.768509 -1.1149 -0.74794 -0.755481 -0.885658 -0.81539 -0.659438 -0.776646 -0.612867 -0.408177 -0.642605 -0.621782 -0.625772 -0.842836 -0.887062 -0.964893 -1.04981 -1.14995 -1.30071 -1.07141 -0.902287 -0.947776 -0.803526 -0.718894 -0.414258 -0.407939 -0.20845 0.0662958 0.146657 0.181817 0.304122 0.391702 0.235073 0.627322 0.748726 0.931431 0.886861 1.02281 1.58824 1.29914 1.67146 1.49099 1.19951 1.71954 1.95598 1.90292 1.51585 1.21852 
0.932046 1.17427 0.764964 1.02353 0.883087 0.857889 0.795652 1.08807 0.614908 0.680527 0.926957 1.2858 0.931161 0.878776 0.554622 0.81089 0.797236 0.707477 0.508438 0.464784 0.456653 0.268618 0.66227 0.617703 0.566038 0.273232 -0.373225 0.0938367 0.190665 0.555841 0.0712384 -0.115922 -1.43968 -1.92348 -2.01386 -1.97378 -2.29711 -1.69092 -0.878699 -0.379793 -1.04236 -1.15743 -0.650602 -0.753527 -0.678338 -0.674338 -0.853536 -1.54057 
0.930163 0.77628 0.824033 0.338788 0.692618 0.44207 0.0055657 0.00186059 0.0197944 -0.0483508 -0.116971 -0.782603 -1.00381 -0.936313 -1.2935 -1.21358 -1.28424 -1.4448 -1.22743 -1.1647 -1.23102 -0.930074 -1.33061 -0.910966 -1.06877 -0.802391 -0.69034 -0.898902 -0.574721 -0.477127 -0.338094 -0.469963 0.160032 0.068346 0.37171 0.641873 0.519548 0.880926 0.542776 0.967905 1.72827 1.63303 2.0411 1.96128 1.76531 1.44353 0.876254 0.6062 
-1.86222 -1.37355 -1.73477 -1.54132 -1.08609 -0.421572 -0.0892414 0.0573671 -0.104022 -0.713604 -0.715039 -0.4131 -0.320826 -0.496724 -0.291768 -0.706957 -0.761195 -0.192847 0.0821289 0.035779 -0.072869 0.196673 0.58332 0.288522 0.721533 1.46224 1.77064 1.86629 1.7093 1.76576 1.76892 1.42072 1.8697 1.11306 1.19504 -0.245424 0.257711 -0.217446 -0.476974 -0.332716 -0.0533172 0.478451 -0.440393 -0.264468 -0.358438 -1.08508 -1.40349 -0.867687 
-1.06715 -1.02332 -1.15641 -1.37292 -1.55817 -1.72416 -0.314437 -0.876779 -0.413574 -0.370077 0.210899 0.529489 0.371749 -0.459433 -0.864857 0.183085 0.426739 0.340821 0.110152 -0.159733 -0.222844 -0.316632 -0.527054 -0.425292 -0.655202 -1.53871 -1.41435 -1.52205 -0.801223 -0.797711 -0.459694 1.16539 0.183038 0.711558 0.64532 2.24282 2.02486 0.873788 1.23562 1.40268 0.649701 0.909326 0.495568 0.841363 1.86285 0.962115 0.426079 1.23676 
0.128076 -0.268006 -0.525076 -0.509441 -0.864665 -0.406169 -1.16219 -0.923302 -1.02694 -0.911202 -1.42112 -1.53084 -1.31959 -0.983591 -0.866705 -1.09674 -1.07976 -1.06022 -1.23713 -0.476272 -0.00616537 -0.18856 0.119638 0.0267009 0.19643 0.0545226 -0.512657 -0.183316 -0.63385 -0.203013 -0.439695 0.129936 0.875789 1.23462 1.45405 1.34687 0.977867 2.05742 1.62933 1.74301 1.81018 0.3344 1.56692 1.13276 0.915035 1.39406 0.33653 0.372066 
0.146914 0.400565 -0.441413 -0.368311 -0.216058 -1.60404 -1.34293 -1.12494 -1.46838 -1.27786 -1.48017 -1.54426 -1.28229 -0.601941 -0.907799 -0.976281 -0.935656 -1.11845 -0.796497 -0.870775 -0.648185 -0.352237 0.0261513 0.257489 0.219173 0.97976 1.64101 1.94437 1.62613 1.23662 1.53851 0.180755 0.138205 0.341521 0.531972 1.0152 1.57086 0.699901 0.879864 1.74032 0.672211 0.128475 0.858914 0.448574 0.07228 0.550936 0.21438 -0.702592 
1.78312 1.6334 1.63196 2.27559 2.05112 2.14132 2.00376 0.966341 0.767956 0.806076 0.783317 0.236972 -0.283528 -0.605171 -0.559746 -0.438948 -0.0706255 -0.154615 -0.0818016 -0.441218 -1.02185 -1.09275 -1.57937 -1.20303 -1.22225 -1.02163 -0.798536 -0.737519 -0.306248 -0.815041 -0.692724 -0.331399 -0.0587105 0.19496 -0.897516 0.234786 0.0699746 -0.0916877 -0.417556 -1.51882 -0.776085 -0.383543 -0.48117 -0.171358 0.383497 -0.517473 0.60703 0.200734 
1.19882 1.19882 -0.0775228 -0.980866 -0.0587153 0.375157 -0.701727 -0.39141 0.0231443 0.656006 0.941816 0.931435 0.416098 0.211137 1.53783 1.42217 0.864576 0.788205 1.25275 1.13001 0.327771 0.59409 0.627566 -0.184196 -0.725219 -0.888318 -0.398592 -0.480636 -1.52335 -2.01307 -2.09638 -2.00591 -1.7132 -0.834914 -0.657823 -1.03239 -0.704883 -0.516608 -0.593751 -0.266791 0.11072 0.1215 1.05668 0.80629 -0.983604 0.111376 1.56296 1.56296 
0.950389 0.950389 0.0342852 1.20542 0.692613 0.13796 1.07262 1.1157 0.373522 0.108213 0.147579 -0.0473089 0.429446 0.0686552 -1.09973 -0.295461 -0.219342 -1.20341 -1.08977 0.350045 0.509917 0.389388 0.494405 0.641556 0.389942 -0.32272 -0.103095 -0.193618 0.0678351 1.01195 2.09591 1.44578 0.666819 0.839078 -0.440825 -0.600944 0.175964 -1.51966 -2.0667 -1.48947 -1.98137 -1.85002 -1.61373 -0.997527 -1.25847 -0.751818 1.38981 1.38981 
0.621746 0.621746 1.25085 1.48009 1.78403 2.31347 2.45734 1.45197 0.769759 -0.822682 -0.698482 1.0802 0.572972 -1.43698 -0.943965 0.213036 -0.367467 0.567849 0.685583 -0.574409 -0.472305 -1.0591 -1.21461 -0.656433 0.194948 0.548374 -0.464261 -0.543766 -0.218818 0.268588 0.0091066 0.188433 0.384465 -0.756198 -0.55285 -0.134139 -1.13005 -1.98401 -1.81268 -0.505063 0.497165 0.392974 -1.26793 -0.274439 -0.113334 -1.29629 0.472789 0.472789 
-0.236062 -0.236062 -1.00937 -0.524306 -0.199319 -1.52813 -1.7032 -0.410214 1.13509 2.76219 1.75341 -0.550889 -0.185606 1.09379 2.10301 1.79862 1.25995 0.891409 0.543586 -0.22767 -0.241581 -0.0979839 -0.0317125 0.277166 0.337265 0.467549 -0.226729 -0.256313 0.304954 0.00780099 -1.28875 -1.48279 -0.967481 -0.766746 0.185973 1.12657 0.174251 -1.19897 -0.996917 0.331208 0.60846 -1.34191 -1.41392 -0.895076 -0.610296 0.0970182 0.684365 0.684365 
-0.286672 -0.286672 -0.451669 -0.211475 -0.289906 0.0602789 0.127196 -0.031968 -1.00508 -1.1503 -0.0604723 -0.048019 -1.15405 -0.267158 -0.139397 -0.109684 0.080217 -0.752211 -0.968082 -0.517672 -0.287928 -0.105648 -0.487567 -1.10968 -0.119852 0.61589 0.646582 0.332547 0.00663701 -0.104645 0.976571 3.3564 3.33379 1.47586 2.0462 0.955718 -0.50096 0.74626 0.654295 -0.652521 -0.937122 0.444847 0.235768 -1.36566 -0.136472 -0.049371 -1.25357 -1.25357 
-0.203076 -0.203076 0.910296 -0.723156 -0.4675 0.472635 -0.143357 -0.117641 0.940023 -0.368367 -0.9725 -0.215348 -0.996979 -1.12918 -0.6717 -0.80539 -0.878689 -1.09504 -0.0126018 1.03843 0.135561 0.0538415 0.481382 1.00837 0.751051 0.405566 1.28754 0.896121 0.108912 0.246726 0.418963 -0.497531 0.503523 1.41706 0.728554 0.183211 0.0295764 2.03386 0.637287 0.00279218 0.359708 -1.82135 0.480284 2.21487 0.331881 -1.71679 -2.51938 -2.51938 
-0.0909782 -0.0909782 -0.0622768 0.40998 -0.0884403 0.0489195 0.606814 -0.114976 -0.51335 0.750611 1.26565 0.209883 -0.512428 -0.458889 0.0832563 0.628648 0.0208559 -0.304772 -0.22379 0.11154 -0.142065 0.563663 0.815664 0.0334692 -0.402562 -1.44731 -0.112607 1.19297 1.01401 -0.00727322 -0.977448 -2.45142 -2.97247 -0.806046 0.11416 -0.295021 0.699335 2.69392 2.50548 -0.084969 -1.16342 0.890617 0.911959 0.15378 0.341595 -0.105235 -1.31903 -1.31903 
-0.190358 -0.190358 -0.961405 -0.249194 0.296922 -1.54211 -0.96773 0.0897037 -0.0602422 -0.261644 -1.65194 -2.00699 -0.301075 -0.617478 -0.588568 0.0781453 -0.481431 0.188763 0.708355 0.0482426 0.60254 -0.175125 0.101059 0.665874 0.309237 0.937155 -0.167976 0.325629 1.03802 0.607201 0.073264 1.21569 1.30919 0.549148 1.39114 0.4006 0.612848 0.110644 0.258985 2.81513 1.60427 0.784511 0.820401 -0.585148 -1.14814 -2.01214 -1.8918 -1.8918 
0.171858 0.171858 -0.334649 1.06616 1.87436 1.6635 0.774921 -0.0721633 -1.36957 -1.09514 0.468777 0.629556 -0.19028 0.00305034 -0.407506 -0.852208 0.835266 1.4001 0.345454 -0.312737 0.229245 1.07903 0.110783 0.190331 1.96697 1.75316 0.646432 -0.152041 -0.219293 0.0554798 -0.638792 0.126106 -0.574665 -1.20433 -2.37758 -1.65499 0.00119841 -1.30732 -0.244576 0.680072 1.34493 -0.710919 -1.32145 0.0938087 -1.45475 -1.83983 0.326183 0.326183 
-0.220637 -0.220637 -0.555937 -0.623113 -0.558037 1.49613 0.985658 -0.233359 0.546903 0.698579 1.05287 0.101479 -1.37931 -1.69831 0.72182 1.55777 0.0974686 -0.513413 -0.750345 -0.534546 -0.307751 -0.497474 -0.245623 -0.270722 -1.53965 -1.08339 -0.0842243 0.683965 0.827197 0.334176 2.42261 0.722095 -0.690176 0.489694 1.86644 1.67103 -1.86886 -1.12214 0.575476 -0.860286 -0.741067 -0.304189 -0.19321 1.65525 0.0498366 -1.9561 0.248035 0.248035 
-1.10916 -1.10916 -0.391062 -0.562259 0.210158 -0.488897 -0.871922 0.265943 0.0511404 -0.657486 -1.0507 0.207129 0.984515 0.819937 -0.167319 -0.341558 0.093736 -0.244439 1.04853 2.17702 0.53185 0.249456 0.405484 0.163974 0.0785619 -1.20672 -0.38479 -0.181342 -0.00431771 0.368673 0.61075 2.32444 1.95677 1.03862 0.225826 -0.800502 1.26933 1.16628 -0.518343 0.345478 -2.42679 -0.394253 1.4225 -1.10695 0.485789 -0.978964 -1.75248 -1.75248 
-0.743069 -0.743069 -0.99698 0.401229 -1.65353 -1.50044 0.758083 -0.0921205 -0.130757 0.0677329 -0.29033 0.362596 1.40951 0.610957 -0.442135 0.0451304 -0.11563 0.28001 0.43262 0.292882 0.813538 1.03264 0.941778 0.355758 1.10005 2.08387 1.44086 0.0633778 -0.911023 -0.0389104 -1.40058 -1.88498 0.310396 0.638071 1.03171 1.54532 -0.359102 -0.887454 1.54748 -0.20772 -2.18247 0.346872 0.53447 -1.02195 0.228261 0.284145 -1.67856 -1.67856 
-0.180295 -0.180295 1.13647 0.766302 -0.152258 -0.00800881 -1.87956 -1.98051 -0.195399 0.0960929 -0.873963 -1.70008 -1.32714 -0.387851 0.346485 0.882407 0.542514 0.0520484 -0.405086 -1.48964 -1.01077 -0.854738 -0.112447 0.663332 0.371678 0.773846 0.542149 0.887665 -0.0580693 -0.570849 0.873316 1.12289 0.944213 -1.3216 0.136699 1.67637 -0.471261 -0.738573 -2.29806 -0.524463 1.95485 0.560078 0.422768 1.50571 -0.50386 0.441604 1.26263 1.26263 
-1.2984 -1.2984 -2.204 -1.59889e-005 1.34054 -0.66349 -0.787353 0.707813 1.03116 0.902097 0.257246 -0.545902 -0.740968 1.10567 1.19519 -0.693811 -0.654419 0.370269 0.323784 -0.946157 -0.556125 0.281673 -0.799102 -1.37504 -0.724752 0.308572 0.389831 -1.14644 -1.55514 -0.59334 -0.0116854 0.365275 1.15505 1.03914 -0.216839 -0.0660474 0.498199 0.0925385 0.23157 0.687362 0.370391 0.929451 0.667631 -2.06425 -0.715522 2.53406 1.43634 1.43634 
-0.911011 -0.911011 0.200422 0.583163 -1.05465 0.319025 0.886297 -0.705063 -0.99774 -0.256032 -0.189201 0.225892 0.0684464 -1.49283 -0.387162 0.793906 -0.903275 -0.867662 1.43266 1.47653 -0.00426827 -0.0563281 0.197707 -0.140744 -0.956728 -0.509511 0.0809146 0.12061 1.10251 1.88308 0.370108 -1.39785 -0.617381 -1.09279 -1.40822 0.543742 -0.913492 -2.16995 -0.0129513 0.0393798 -0.38378 0.307286 0.767432 0.295543 0.191577 2.47168 1.99085 1.99085 
0.483869 0.483869 0.673365 0.404574 0.652734 0.520416 -0.748317 -1.43119 -1.91648 -1.24987 1.53683 1.01486 -2.11696 -1.29013 1.32779 0.440385 0.257132 0.83432 -0.980403 -0.993323 -0.436832 -0.649787 0.296688 1.12902 0.959768 -0.581096 -0.938974 0.166722 0.635352 0.152241 -0.102429 0.274115 -0.817037 -0.81099 0.478047 -0.513307 -1.56534 -0.600458 1.18639 1.87324 0.706181 -1.49526 -0.587878 0.918262 -0.880867 0.448341 1.42621 1.42621 
-0.594971 -0.594971 -0.237699 0.571247 -0.764752 -1.13307 0.797999 2.06513 2.31122 0.430028 -2.46562 -1.45357 1.18598 1.66028 0.493747 -0.646351 -0.693596 -0.553025 -0.849646 -0.603704 0.0701259 0.129184 0.250921 0.246374 0.114832 -0.4408 -0.55855 0.366215 0.169138 -1.19923 -1.12328 0.211237 0.502007 0.824176 1.36912 -0.0340275 -1.73826 -0.888011 1.10165 1.15704 -1.25772 -1.51497 0.303716 0.566513 0.705328 0.928182 0.407214 0.407214 
-0.083141 -0.083141 0.124481 0.199307 0.294382 0.42002 -0.0202565 -0.919245 -0.907196 0.875988 1.01228 -0.885798 -0.129941 0.936538 0.1956 0.249314 -0.495914 -0.84666 0.262214 0.6474 0.415631 -0.113086 -0.808399 0.377331 1.55105 0.72198 -0.185438 -0.493682 -0.318425 0.897884 3.05118 2.09704 -1.56604 -1.0535 -0.390123 -2.14226 -0.121573 1.05807 -1.14961 -1.31613 1.00804 1.07332 -1.5055 -0.26228 1.19727 -0.906131 -0.98142 -0.98142 
0.915305 0.915305 -0.327087 -0.97946 0.977992 0.315023 -0.380478 0.892493 -0.122219 -1.38617 0.184867 0.0498637 -0.626574 0.315887 0.314756 -0.088953 -0.15182 0.727222 1.69118 0.181173 -0.680388 0.331511 0.794487 0.27359 -0.390003 0.476531 0.441595 -0.827973 -0.425444 0.304305 -0.497594 0.132798 1.5247 0.239639 -0.869972 -0.463155 1.47607 0.530702 -1.47634 -0.142642 -1.31895 0.160191 3.1384 -0.0443923 -2.92191 -2.10016 -0.541957 -0.541957 
0.0719635 0.0719635 0.396996 0.0342025 -0.196291 0.530721 -0.0605922 -0.718747 0.647953 1.27661 -0.319948 -1.17156 -0.408075 0.462192 0.80071 0.00926238 -0.59022 -0.116168 0.338737 0.108457 0.363385 0.71137 -0.312698 -0.786239 -0.966942 0.251772 1.86939 0.827606 -0.773861 -1.31842 -1.62998 -1.32087 1.18464 2.17659 0.403924 0.454958 2.10936 1.2953 -1.86037 -2.47293 0.723661 1.4806 -0.454921 -0.340346 -0.126059 -1.09072 -0.783188 -0.783188 
-0.663723 -0.663723 0.0247604 1.29804 -1.16821 -1.14088 1.65909 0.958891 -0.258007 -1.45703 -1.60557 1.3875 1.42486 -0.19628 0.754085 0.185205 0.188569 1.23179 -0.0542028 -0.020654 -0.134289 -0.403138 0.894618 0.28288 0.34388 -0.379679 -0.509516 1.24746 0.353828 -0.850983 0.669849 1.27639 -0.562695 0.160855 -0.0619627 -0.670723 -0.19866 -0.260438 2.69602 1.3821 -1.88133 -0.676117 -1.24239 -1.82133 -1.29782 -0.637248 0.197966 0.197966 
-0.390015 -0.390015 0.607839 1.54437 0.396307 -0.812389 -1.2656 -1.55683 -0.757919 1.28033 1.19937 -0.498683 -0.475495 -0.183948 -0.638446 0.856072 1.57521 -0.378123 -1.24934 -0.111989 0.962209 -0.113594 -0.662269 1.29303 1.08407 -0.969886 -1.38637 -0.645902 0.118617 -0.328035 0.0211018 0.016472 -0.976935 -1.3135 -0.350237 1.6653 0.218456 -0.204284 1.3865 1.10307 -1.02007 -1.92858 0.544034 -0.124164 -1.40662 1.23942 1.51374 1.51374 
-0.239239 -0.239239 -0.280053 -0.0367961 1.25207 0.902385 -1.08631 -0.302095 0.530699 0.271893 -0.398301 -1.51325 -1.12902 1.24107 1.94278 -0.414858 -1.29391 -0.550627 -0.0483598 0.233388 -0.0129959 0.00222702 0.102248 -0.821735 -0.529272 0.848757 1.03827 0.518234 -0.248042 0.933805 0.200169 -1.92676 -0.17672 1.51781 0.682227 -2.30498 -1.73257 1.44959 0.123576 -0.835414 0.302349 0.297343 1.15498 0.112148 -2.22967 0.0848999 1.30365 1.30365 
0.577995 0.577995 0.445364 0.487446 0.078497 -0.816661 0.606459 0.736787 -0.693748 -0.831969 0.691506 1.59841 0.496423 -0.870702 -0.878186 0.223909 0.0969019 0.761374 1.89764 -0.378631 -1.47168 -0.0762384 -0.0445648 -0.231616 -1.04026 -0.337313 0.816054 0.316425 0.447775 0.498174 1.53686 1.06447 -0.974509 -1.31936 -1.40316 0.830099 1.54539 -1.36331 -0.614243 -1.45687 -0.551432 3.00383 -0.530488 -0.704036 0.120816 -1.7124 -0.577606 -0.577606 
-0.116988 -0.116988 0.852319 -0.396116 -1.25929 1.73088 1.03535 -0.557151 0.169854 -0.0515887 0.263449 1.23745 0.231212 -1.22462 -0.333223 0.285385 0.221866 0.43911 0.0679592 0.323107 0.571873 0.147938 -0.410213 0.168759 1.25705 0.295304 -1.34167 -1.57141 -0.0118755 -0.280348 -1.22075 1.24517 1.80814 0.559088 0.687982 -0.905146 -1.62748 1.38077 0.530261 -2.52675 0.443505 1.94255 -0.8899 -0.153244 0.964486 -1.26286 -1.3016 -1.3016 
0.836365 0.836365 0.580945 -0.961451 -0.606497 -1.26407 -1.43326 1.08987 1.36066 -0.540431 -1.31159 -0.384909 0.833233 1.0826 0.804274 0.063046 -0.645171 -0.726068 -1.13599 -0.490142 0.36587 0.547633 0.975266 0.261835 0.00404014 0.0454105 0.00631992 -0.486372 -1.0786 0.570448 1.09648 -0.0232962 -1.75893 -0.629408 1.99641 -0.491714 -1.73855 -1.33272 0.0755221 2.86233 0.676127 -1.12937 0.580281 -0.711597 -0.806461 1.14668 0.4943 0.4943 
