43
0.872753 0.935919 1.05581 1.12559 1.12073 1.23428 1.24058 1.18792 1.15521 1.07517 1.04262 0.997293 0.999398 0.926037 0.813332 0.758804 0.62203 0.511754 0.502245 0.425583 0.320301 0.273033 0.205918 0.00459545 -0.165298 -0.280178 -0.356213 -0.553515 -0.743914 -0.649978 -0.85571 -0.990595 -1.15191 -1.18578 -1.2625 -1.31552 -1.37374 -1.45626 -1.37336 -1.45487 -1.38729 -1.43795 -1.41232 
0.429202 0.459532 0.3404 0.359969 0.56703 0.437959 0.391386 0.432793 0.409482 0.487224 0.627851 0.721734 0.793929 0.763883 0.863516 0.839492 1.08401 1.19756 0.950383 0.952756 0.877859 0.561508 0.48209 0.64717 0.575065 0.448874 0.247517 0.130864 0.210015 0.187446 -0.00502881 -0.257513 -0.553192 -0.907804 -1.0148 -1.38333 -1.73902 -1.95652 -1.88441 -1.97194 -1.96025 -1.98851 -1.85618 
-0.384401 -0.371842 -0.924444 -0.99359 -0.908906 -1.06687 -0.565872 -0.251588 -0.201782 -0.163501 -0.11359 0.353931 0.193663 -0.432754 -0.531145 -0.831548 -1.10266 -1.13586 -0.339946 0.28103 -0.152049 -0.192248 -0.0464691 0.400191 0.628469 0.69186 0.860558 1.62037 2.55314 2.27479 1.99193 2.0244 1.66028 0.787542 0.255476 -0.139566 -0.0871181 -0.995307 -0.590473 -0.62413 -1.20432 -1.30427 -0.921384 
-1.7737 -1.31935 -0.754549 -0.317827 -0.331631 -0.275756 -0.338229 -0.486837 -0.538672 -0.410312 -0.0189324 -0.105709 -0.0976687 0.266065 0.206232 0.941744 0.303508 0.711788 1.08789 0.961853 1.2105 1.68059 1.8819 1.5746 1.03143 1.2595 0.687991 0.981085 0.94068 0.72928 0.146271 0.452232 0.42888 0.237931 -0.336675 -1.00883 -0.700209 -0.942161 -1.4659 -1.56698 -1.29939 -1.95548 -1.67714 
-0.519291 -0.684368 -0.658847 -0.881735 -0.838434 -0.865134 -0.855657 -0.720538 -0.486316 -0.481965 -0.718575 -0.7018 -0.774891 -0.866428 -0.898505 -0.757497 -0.461601 -0.497237 -0.807202 -0.991644 -0.959253 -0.848132 -0.824956 -0.558505 -0.3838 -0.582569 -0.317431 -0.253505 0.339293 0.289127 0.7713 1.22363 1.85039 1.79231 1.80718 1.39845 1.34524 1.26604 1.32601 1.24522 1.49477 1.44393 1.60294 
-0.490493 -0.587761 -0.971625 -1.03225 -0.976446 -0.8914 -0.862987 -0.823971 -1.08893 -0.830786 -0.654455 -1.15335 -0.891929 -0.904837 -0.939232 -0.832102 -1.03589 -0.916093 -0.488653 -0.459708 -0.645903 -0.617164 -0.530703 -0.303256 -0.213017 -0.211587 0.104813 0.436622 0.516751 1.06225 0.914822 0.87926 1.49874 1.28071 0.938065 1.06724 1.53001 1.07147 1.45493 1.36292 1.56264 1.93905 1.73422 
1.07931 1.49514 1.65338 1.65877 1.59586 1.51004 1.36629 1.12988 1.42922 1.36421 0.656587 0.861569 0.711546 0.806024 0.340194 0.192267 0.244094 -0.00488164 -0.240846 -0.33262 -0.32799 -0.0485357 -0.322072 -0.390422 -0.603637 -0.735883 -1.11875 -1.03779 -1.19229 -1.17114 -1.61494 -1.77822 -1.64377 -0.867878 -0.762329 -1.02517 -0.313229 -0.524727 -0.285316 -0.388797 -0.319892 -0.406752 -0.636489 
-0.671636 -1.05631 -0.774177 -0.445507 -0.495953 -1.44299 -1.67436 -1.3699 -1.67093 -1.38922 -1.03932 -1.13359 -0.59189 -0.237258 -0.0796129 -0.0812514 -0.288227 -0.0252024 0.319146 0.0471837 0.166265 0.290957 0.0446108 -0.115099 -0.29267 0.0960919 -0.311496 -0.306658 -0.751752 -0.357249 0.303442 0.35428 0.95497 0.756076 0.576908 1.23677 1.06415 2.55188 1.98897 1.7243 1.45377 1.38308 1.2894 
0.743209 0.504334 1.0638 0.0807072 -0.641083 -0.0715418 0.0324323 -0.562877 -0.0197121 -0.284983 -0.802514 -1.14745 -1.05036 -1.28952 -1.59168 -1.59887 -1.69046 -1.91548 -0.742357 0.0893547 -0.059228 0.439481 0.199728 0.11887 0.283546 0.988621 1.02684 0.62278 0.274671 2.08879 1.54649 0.00988333 -0.571928 -0.8417 -0.841216 -0.306537 -0.934962 0.656898 1.15267 2.41142 1.18404 0.82876 0.617147 
-1.87129 -1.1019 -1.58031 -1.32093 -0.90573 -0.764631 -0.850854 -0.519399 -0.791279 -0.909157 -0.588572 -0.682942 -0.971177 -0.772803 -0.355973 0.204182 1.7221 1.10446 0.989748 0.384447 0.32998 0.416412 1.13819 0.811031 1.09601 1.42734 1.73981 0.694075 0.254816 -1.00783 0.582967 -0.488516 0.500267 -0.0424639 -0.403647 0.247745 -0.0385147 -0.339712 1.78358 2.37287 0.00454023 -0.441313 -1.05562 
0.264478 0.337501 -0.331173 0.0915772 -0.0197123 0.96487 1.24494 0.8177 0.0875932 0.0336364 0.600805 -0.389511 -0.523424 -2.79003 -2.90694 -1.13876 -0.868512 -0.329105 0.48555 -0.64875 -0.388911 -1.01462 -0.708248 -0.0386268 -0.770979 -0.402132 0.323817 0.740997 -0.45201 -0.187117 2.15816 1.03476 0.641296 1.05429 0.607516 0.874992 0.0393368 0.274552 1.55858 1.67573 -0.444129 -0.422957 -1.13701 
1.46534 0.408721 0.446239 0.6592 0.874552 0.331803 -0.0266568 -0.378904 -0.0738578 -1.06053 -1.12271 -0.385502 -2.35736 -1.6717 -2.14825 -1.00823 -0.0817865 0.256407 0.142775 1.53756 0.618553 1.21956 1.39883 0.632487 0.490951 0.781558 -0.629519 0.28488 0.545006 0.0283049 0.447377 0.499129 0.741389 1.15479 1.14213 0.978376 -0.251454 -1.51006 -0.499928 0.224235 -1.55977 -1.65474 -0.889196 
1.25781 1.63057 1.81452 1.7375 1.64059 1.5512 1.64761 1.68642 1.11526 0.893418 0.781559 0.601074 0.576349 0.0114377 0.068767 0.205599 0.215718 0.233574 0.291366 -0.219469 -0.381833 -0.802991 -1.1662 -1.12198 -0.976432 -0.965984 -1.29307 -0.848546 -0.0751316 -0.946276 -1.01731 -0.222397 -0.0633835 -0.927518 -0.898272 -0.918372 -1.16163 -0.958539 -1.27978 -0.241568 -0.495586 -0.868082 -0.109998 
2.03384 2.03384 2.08055 1.19872 1.50814 1.58701 0.412176 0.136494 -0.0570914 -0.0560251 0.189429 0.434393 0.236203 -0.575324 -0.442208 -0.612344 -1.00639 -0.10682 0.130775 -0.546192 -0.338419 -0.0686323 -1.15757 -1.88406 -1.27304 -0.609599 -1.1922 -2.00059 0.0580335 -0.0503499 -1.66777 -1.35378 -0.639767 -0.0418774 -0.177172 -0.0464003 -0.25497 0.742535 0.749727 0.641465 0.859444 0.562898 0.562898 
0.0797755 0.0797755 0.0387472 1.28247 0.715728 -0.25134 0.398668 0.48736 0.625898 1.25097 1.31252 1.0516 0.579073 0.683687 0.706648 1.25907 1.78363 -0.0911254 -0.515038 0.14184 -1.07341 -1.09064 0.744983 0.772864 -0.33771 -0.830529 -0.794163 0.275371 0.634103 -0.401565 -1.2782 -1.6717 -2.0611 -1.34169 -1.39475 -2.34296 -1.76713 -0.136013 0.35957 0.129228 0.355192 0.815152 0.815152 
-0.743771 -0.743771 -0.865336 0.0828589 -0.0492941 0.570127 1.27277 0.601456 0.190801 0.190957 0.829607 0.51689 -1.11074 -1.01867 -0.533611 -0.790599 -0.393027 1.19456 2.16787 0.339306 -0.644432 0.216828 0.941208 1.06396 0.493703 0.405057 1.44123 2.57807 1.03344 -0.775258 -0.312819 -0.433711 -1.78053 -2.03042 -1.31967 -0.449994 -1.21349 -0.689183 0.612 -0.853587 -0.952211 0.480716 0.480716 
1.91519 1.91519 1.88199 0.792136 0.0747831 -0.0168871 -0.402047 -0.382011 0.13968 0.974508 0.56928 -0.152766 0.695803 0.567959 1.26823 0.178766 -0.437599 1.47297 0.466554 0.226483 1.34934 1.26017 -0.204096 -1.60638 -0.59798 -0.651353 -0.528878 0.471498 -0.478755 -1.50079 -0.526301 0.527853 -0.408113 -1.44644 -2.35283 -0.689204 0.121119 -1.44669 -1.18135 0.309164 -0.736222 -0.715984 -0.715984 
-0.695823 -0.695823 -0.865074 -0.81302 -0.238656 -0.337681 0.136067 0.794033 0.411192 -0.967225 -0.930851 -0.452129 -0.769225 -0.649152 0.0316524 0.991834 0.474684 -1.29905 -1.73469 -0.732404 0.132892 0.105914 0.560661 1.00428 -0.357708 -0.0929553 0.676119 1.63538 1.30136 0.977495 2.44861 2.8719 1.37762 -0.413746 -1.44032 -1.63964 -0.674901 -0.343572 -0.348224 0.206825 0.294504 0.0294213 0.0294213 
-1.78884 -1.78884 -1.67669 -0.330945 0.114927 0.0310914 -0.1098 -1.00775 -0.337047 1.01365 -1.3035 -1.04305 0.44447 -0.460973 -0.0935618 -0.612036 -0.573266 1.3588 1.08072 -0.7975 -0.79813 0.0364166 0.644628 0.656193 -0.0356073 0.656631 1.66786 0.944681 1.59875 0.902233 -0.876291 1.47108 0.912593 -2.03231 -0.969599 1.49564 -0.303241 -0.545994 0.575903 0.0135058 1.44723 0.208985 0.208985 
1.71123 1.71123 0.634349 0.0541194 -0.185209 -0.397309 -0.792403 0.37014 0.819852 -1.82214 -1.11376 0.34923 0.0592959 -0.769299 -1.40531 -0.0471096 -0.312233 -1.06732 -0.654867 -0.023612 0.950393 0.220558 -0.691986 -0.533721 -0.701368 -1.1465 -0.587094 0.0120821 -0.144832 -0.903877 -1.38779 0.129382 2.59352 2.5177 -0.207671 1.38335 1.51807 0.278266 0.561676 0.114315 0.15792 -0.625637 -0.625637 
-0.37226 -0.37226 0.964386 0.341206 -2.04918 -2.38818 -0.0431724 -0.173694 -0.216318 1.00337 0.298866 0.658255 1.4994 0.779766 0.112198 -0.571018 -0.0750995 0.957956 -0.0444873 -0.466587 0.276653 -0.408074 -0.940979 -0.81211 0.215602 -0.215397 -0.934783 -1.00506 -0.274918 1.79707 1.15312 1.04069 0.572752 -0.888525 0.720593 0.732859 2.28408 1.55277 -1.73082 -1.18295 -0.819477 -0.488122 -0.488122 
0.334269 0.334269 -0.439013 -1.7703 -0.157036 0.700977 -0.509365 -0.0530224 0.289905 -0.812214 -0.894994 -0.256369 -0.146459 -0.561303 -0.320275 -0.101479 -0.327815 0.986291 2.08429 0.710966 0.364958 0.270228 -0.331973 0.0882494 0.904876 0.77348 -0.37897 -0.780384 1.52442 1.32265 -2.15893 -2.19999 -0.883682 -0.278646 0.557221 -0.0962483 1.00222 2.17032 1.8242 0.0337535 -1.64331 -0.587876 -0.587876 
0.272571 0.272571 -0.2338 0.653437 0.536005 0.038159 0.227154 0.0428227 -0.403301 0.184934 0.208274 -0.396199 -0.105545 0.594485 0.953682 2.0469 0.877521 -0.743446 -0.731195 -0.671382 0.0154105 0.78611 0.375475 -0.058198 0.59558 0.622873 -0.744353 -1.49072 -1.70608 0.309482 0.499283 -0.098436 0.426541 -0.913785 0.271811 0.346199 -0.599588 1.79276 2.67688 -1.78266 -2.81041 -1.06891 -1.06891 
-0.436417 -0.436417 -0.140288 0.331673 0.8074 1.13878 -0.0566698 -0.912031 -0.595954 0.502504 -0.290351 -0.883986 -1.96468 -1.95028 1.46614 1.79397 0.753518 1.21449 -0.202711 -0.672498 -0.241856 -0.20245 0.894365 0.0148289 -0.239849 0.994956 1.03588 -0.58898 -0.717928 2.27809 1.10256 -1.21645 0.0844796 0.039343 -0.083871 -0.413156 -0.440472 1.35435 1.25438 -1.62783 -1.7091 -0.518749 -0.518749 
-0.93968 -0.93968 0.373833 0.557821 -0.224043 -0.817712 -0.620617 0.0658509 -0.590531 -0.970461 0.813076 -1.1627 -1.21602 0.331038 0.801115 2.25266 1.42309 0.347019 1.44018 0.606928 -0.214323 0.921968 -0.492706 -0.824615 0.268916 -1.04456 -0.399181 1.32986 -0.15077 0.0136782 0.601804 0.418872 0.793038 0.529291 -0.067835 -1.32712 -2.45987 -0.142388 1.909 -0.981838 -1.82932 0.808468 0.808468 
1.21294 1.21294 0.339656 -0.205674 -0.229683 0.145673 0.394566 -0.901578 -1.40765 -0.515879 -0.435579 -0.266402 -1.01281 -0.853487 0.509021 0.417357 0.186354 0.278916 -0.747595 -1.17505 -1.00093 -1.3909 -0.487307 0.500493 0.434913 -0.482745 0.360056 2.49679 -0.0577168 -1.69731 1.53753 1.98419 -1.23703 -1.48899 0.149794 -0.379302 0.0540503 -0.0973695 1.52411 1.65464 -1.08441 0.880697 0.880697 
0.140262 0.140262 -0.882502 -0.577804 0.536433 -1.18504 -1.59626 -0.458179 -0.137199 0.37201 0.65489 0.14034 -1.08501 -0.700749 0.0431525 -0.568264 0.672409 1.405 -0.423505 -0.458094 0.639975 -0.86398 -2.01949 -0.0478394 1.56424 0.179851 -1.52721 1.53614 2.34802 -1.91554 -1.42566 1.27839 1.60767 0.622619 0.0808437 -0.0041427 1.00112 1.25136 -0.0311343 0.213342 -0.00503452 -0.257853 -0.257853 
-0.0782499 -0.0782499 1.06705 0.582938 -1.4529 -0.332437 0.639774 0.16878 0.662715 0.591816 -0.224066 -0.715873 -0.379264 0.0770113 0.489378 0.951284 -1.28381 -2.15723 0.174061 -0.554654 -1.17542 1.63402 1.67557 -1.03748 -1.51697 -0.460799 0.977915 1.27477 -0.663835 -1.80144 -1.21009 -0.761415 0.263429 0.573154 -0.962501 -0.383385 1.99183 1.91794 0.203783 -0.0445003 0.591175 0.383092 0.383092 
-0.159006 -0.159006 0.562323 0.554268 0.304158 0.939219 -0.0426933 -0.889622 -0.378808 0.419438 0.181423 -1.54262 -1.23469 0.372518 0.10698 0.040421 1.44366 1.88165 -0.717148 -2.20595 -0.1597 1.13973 0.577916 -0.40696 -0.567776 0.654294 1.58657 -0.37675 -2.61753 -1.09068 0.193301 -1.18307 -1.2812 0.284066 1.13576 0.0142528 -0.248487 1.32219 -0.191595 -1.25648 0.948529 1.02356 1.02356 
0.0747005 0.0747005 -0.835101 -1.40623 -0.572954 -0.295641 -0.20239 0.554644 1.23483 0.461041 -0.838627 0.208034 0.70407 0.580272 -0.222482 -1.3216 1.18281 0.857195 -0.938149 0.839354 0.965329 -1.19438 -2.29056 -0.226399 0.899661 0.1601 1.03976 0.144256 -1.54404 0.0627227 1.79591 0.201076 -1.54571 -1.52102 0.734548 2.16765 -0.529931 -0.984881 1.56819 0.474005 -0.753373 0.119309 0.119309 
-0.157443 -0.157443 -0.114954 0.492033 0.368713 0.286584 0.904488 0.205285 -1.45694 -1.11475 0.401165 0.11264 -0.180113 0.634438 1.32019 0.342341 -1.88926 -1.82272 0.443243 1.50515 0.664999 0.329882 0.714015 -0.768921 -0.914924 0.824587 1.39149 0.491075 -0.556301 0.917163 1.52705 -0.893498 -2.70124 -2.31947 -1.01994 0.605494 1.03864 0.247364 0.42998 0.505347 -0.164098 -0.235667 -0.235667 
0.0312831 0.0312831 0.958056 1.18787 0.203366 -0.200721 -0.761379 -0.202457 1.34612 -0.711526 -1.46235 1.15782 0.354901 -0.416485 -0.149991 -0.376317 1.3113 1.0931 -1.53094 -1.33987 0.528337 0.947629 0.380864 -0.514417 -0.0456563 1.12717 0.152414 -0.0935565 -0.0751906 -1.75045 0.345791 1.186 -2.45864 -1.34217 2.38364 0.412944 -1.45198 0.559483 0.339353 0.554097 0.0886627 -0.8987 -0.8987 
-0.672066 -0.672066 -1.09367 -0.48509 -0.217601 -0.330783 0.668057 1.28191 -1.48254 -1.29458 1.68817 0.962778 -0.702328 -0.95379 0.63517 0.90466 -0.630888 -0.138549 0.868792 1.27682 0.287833 -1.08297 -0.437658 0.103598 -0.334838 0.193449 0.952258 0.43177 -0.555137 -0.792739 0.861199 3.0033 1.84581 -1.92498 -0.713823 1.36437 -0.692558 -0.584517 -0.00871523 -0.182961 -0.427247 -0.458931 -0.458931 
0.879809 0.879809 0.459106 -2.05698 -1.86513 1.33169 1.47243 -0.139438 0.772074 0.325247 -0.255531 0.787921 0.0594824 -0.959038 -0.934452 -0.148992 1.00965 -0.00188325 -0.984247 0.19425 0.0169528 -0.844562 -0.295311 0.758248 0.380287 -0.799164 -0.555645 0.42292 1.86914 0.941506 -0.533171 -0.41435 -1.32495 0.0772568 1.07203 1.03295 0.530965 -2.73298 -1.86941 0.592692 0.446523 0.201146 0.201146 
-0.478216 -0.478216 -1.3421 0.206551 1.62721 -0.205056 -0.465704 0.542229 -0.469073 -0.745319 0.384268 0.509306 -0.174301 -0.089217 0.321959 0.018681 0.729439 1.58881 -0.155087 -1.09212 -0.262426 -0.428672 -0.0945137 0.826178 0.468227 -0.809527 -0.984744 1.2587 1.38825 -2.36659 -2.2623 0.851098 1.27035 0.95859 0.141934 0.312338 1.49437 0.556968 -1.36287 -2.22653 -0.379807 0.708459 0.708459 
-0.302831 -0.302831 0.265569 0.514739 -0.372601 -0.176291 0.0245587 -0.382324 0.112613 0.413371 -0.350726 -0.179474 0.656243 0.700155 0.95205 -0.0272207 -1.76604 -1.00904 0.0677379 0.499877 0.955299 0.252243 -0.519327 0.162579 0.457892 -0.836844 -1.33248 -0.594551 1.17485 1.43442 -0.239758 -0.0250309 -0.500774 -0.0775553 0.828767 -0.536682 0.948294 2.12061 -2.26899 -3.49381 0.478826 1.13724 1.13724 
0.162474 0.162474 0.451414 0.561366 0.475303 -0.547813 -1.27435 -0.348975 0.847175 0.168274 -0.867644 -1.04386 -0.671615 2.08157 2.27345 -0.455097 -0.373585 -0.604233 -1.17405 -0.0427845 0.268949 0.676788 0.114201 -0.713198 0.581225 0.762198 -0.988522 -1.09252 1.73643 1.0957 -2.15821 -0.6421 0.749989 -0.121885 -0.295844 -0.237134 1.06327 1.01879 -1.84454 -1.83309 0.660172 0.709925 0.709925 
0.716706 0.716706 0.832346 -0.484634 -0.973405 -0.358113 0.446476 -0.0899499 -0.760199 0.773332 -0.229685 -1.38418 0.829982 1.15895 1.09891 0.282063 -1.30659 -0.0981175 0.0544986 -1.14874 0.089149 -0.283827 -1.20662 0.369833 -0.247099 -0.52877 1.3835 0.0472721 -0.936101 0.364146 0.145812 0.0113354 -0.0394588 -0.649933 -1.27565 -1.61229 0.635767 2.63705 -0.636468 -2.45845 1.01638 1.54903 1.54903 
-0.547084 -0.547084 -0.884871 -0.358814 0.211475 0.380515 -0.65484 -1.12248 0.232753 0.595963 0.148375 -0.363699 -0.369806 0.936489 0.781026 -0.206021 -0.0919081 -0.584659 -0.906767 -0.163077 -0.139854 0.311992 1.1654 0.565083 -0.615189 -0.0525231 1.83942 -0.264931 -2.60405 0.981964 2.27422 -1.72476 -2.1575 0.852867 0.681203 -0.065461 0.168478 0.904424 1.07907 -1.62191 -0.485549 1.21106 1.21106 
