48
-0.206165 -0.828689 -0.165604 -0.19579 0.400791 0.71228 1.39377 1.17861 0.240873 -0.77856 -0.399077 -0.355854 -0.0450522 -0.163316 -0.528152 -0.524233 -0.424062 -1.52086 -0.859446 -1.19542 -1.75773 -0.59047 -0.0980669 -1.09245 0.558302 -0.33534 -0.0670669 -0.093719 -0.644523 0.216014 -0.200578 -0.322287 -0.222132 1.3653 0.839786 1.98245 3.71074 -0.0651991 0.407371 0.936559 1.6689 0.997217 0.624389 -0.713381 -0.0167048 0.0298514 -1.10146 -1.75182 
0.232755 0.764063 0.541622 0.759168 0.213435 -3.53859 -0.758938 -0.388085 0.515176 0.198807 0.326384 0.409935 0.372052 -0.117958 0.819106 -0.847127 0.201823 0.589823 0.0970469 0.403512 -0.668253 0.156817 0.396383 -0.402044 -0.102704 -0.67489 -0.764294 0.496559 0.749671 1.62773 0.784802 1.11084 0.850832 1.62398 0.266655 -2.86286 -1.16693 -1.30594 0.0404821 -1.29642 -1.31543 -0.684436 0.365717 0.891465 1.20688 0.927525 -0.518057 -0.528115 
-0.271423 1.12936 0.119738 0.469536 -0.384276 -0.664159 0.41835 -1.72996 -0.772395 0.408674 0.766292 -0.6266 -0.563471 1.31986 0.422243 -1.06708 -0.0928452 2.28096 -0.533305 -0.203558 -0.591617 -0.308372 -0.708533 -1.23558 -0.82852 -1.3091 -1.10826 -0.768645 0.701923 1.44009 0.715546 0.958237 0.216798 0.907179 0.126331 0.84343 0.687324 -2.97987 -0.0616167 1.41045 1.16827 -0.551594 -0.680534 0.519848 1.44131 -0.0820355 1.01381 -1.36221 
1.15611 2.08367 0.848873 0.764015 -0.822147 2.22738 1.06359 1.16459 0.141693 0.0576289 0.188356 -1.06684 -1.15427 0.915558 -0.32774 -0.536107 -0.848574 1.30834 -0.0606766 -1.07549 -0.809263 -0.445272 0.139077 -0.854781 -1.08384 0.0183251 0.57959 -0.0209978 -0.570385 1.00965 1.56925 0.0846914 -0.0383857 0.655736 0.121719 -0.582636 -1.14339 -2.00605 -1.52491 1.53599 -0.69998 -1.44245 -0.884776 0.105849 -0.299269 -0.434958 1.65223 -0.658729 
-0.14399 1.95772 0.0591361 0.98926 -0.375962 -0.863378 -2.43098 -0.400953 0.382032 1.21501 -0.276319 0.0713096 -0.556891 0.251338 -0.663458 -0.942526 -1.91067 0.69462 1.8694 0.799867 -1.2374 0.918621 0.578702 -0.43277 -0.53804 0.391489 -0.0224025 0.606741 -0.0632181 1.1033 2.48138 0.539605 0.0189496 -0.464798 0.771834 0.549922 0.176043 -1.78064 -1.93126 1.25403 -0.75791 -0.469221 -0.773884 -0.236737 -0.428191 -0.741039 0.561129 0.201212 
0.18647 0.371696 -1.19433 -1.33274 -0.590329 1.71393 -1.64975 1.51824 0.0798954 1.59091 0.519274 0.323525 -0.934551 -1.05257 -0.376218 0.147443 -1.911 0.850849 0.546032 0.331002 -0.355272 -0.339851 -0.751887 -1.01366 -1.29042 1.19304 1.28822 1.27364 -0.179292 -0.0111357 1.24378 0.334733 0.214506 0.0221712 0.224868 1.43704 0.489055 -1.43747 -1.30741 -0.0396715 -0.286496 -1.18507 -1.40621 -0.974418 0.706551 0.0380906 1.31639 1.65841 
0.756441 -1.24065 -0.248009 -0.350789 0.772231 1.4383 -1.12081 -0.368704 0.0473314 2.25443 0.466708 -0.599017 -1.21497 -0.745494 -0.60417 -0.28597 -0.722965 0.934708 -0.24328 -0.82679 -1.61534 -0.0776923 0.434588 0.906469 -2.25381 0.00737382 1.57482 1.19885 0.862695 -1.08189 -1.12346 -0.439184 -0.306578 -1.06183 1.27498 1.21711 1.29627 -0.475596 0.0152739 0.346879 0.549689 0.828014 -0.944323 -0.0542969 -0.325873 -1.54289 1.46607 1.22514 
-0.652033 -0.00666494 0.355381 0.280487 0.266631 -0.0306783 -0.719445 0.0838257 -0.241927 1.76944 1.73699 1.05977 0.419518 0.0530082 -0.158282 -0.536953 -1.05526 0.898975 -0.909729 0.298888 0.201436 -1.1765 -0.324773 -0.11462 -1.08932 -1.01275 1.02514 -1.23792 0.837482 0.144503 0.533482 1.6277 1.52731 -0.356021 1.50045 -0.162299 -0.521918 -1.61483 -1.5264 -2.56198 -0.327614 1.24615 -0.0274597 1.75293 0.275463 -0.505399 0.716117 -1.7403 
0.206802 -1.63641 0.379469 0.616401 -0.123372 -0.164231 0.0787912 0.695974 -0.184126 1.32734 0.065041 1.38583 0.451671 -0.200072 1.16456 -0.548081 0.338677 0.743248 -2.32377 0.106615 -0.0812981 -0.951958 -0.00604773 -0.472983 -1.85004 -0.0722154 0.851519 0.483642 1.0192 -0.0216019 0.877348 2.74573 0.146827 -0.0839466 -0.0597832 1.00442 0.13366 -0.657637 -1.06321 -2.43398 1.62376 -0.104651 -0.739559 0.237986 -0.116823 -0.784803 0.0509177 -2.05483 
-0.562036 -1.18431 -1.09327 0.839181 -0.227151 -0.782468 -0.291592 -0.428278 0.564992 0.944656 -0.0936893 -0.0332192 -0.0748572 -0.991061 -0.768943 0.176039 0.38049 -0.147793 -0.980437 -0.200768 0.89714 -1.57879 -0.203927 -1.08954 -0.561638 1.68207 3.07815 2.57001 0.641793 -1.29251 1.18889 0.129828 0.651016 0.557339 -1.15628 -1.55865 -0.149499 -1.28623 -0.161738 -0.86045 -0.4565 0.527618 0.399929 1.19791 0.677003 1.29539 -0.0311921 -0.152623 
-0.0842806 0.374505 -0.876596 0.649428 -1.01821 -1.29367 -1.36259 0.0120355 -0.912733 0.825485 -1.8772 0.266746 -0.731869 -0.632537 -1.67517 0.477496 -0.870502 0.32137 -0.192411 0.15727 0.708756 0.263964 -1.08705 -1.96752 -0.833533 0.930797 1.82755 1.45565 1.85686 0.00847548 0.202344 0.431382 0.289309 -0.6609 -1.6249 1.89932 0.928632 -0.348368 0.609336 1.00217 -0.304621 1.20584 0.871918 -0.278171 1.49407 0.593167 -0.245822 -0.785231 
-1.53876 -0.506641 0.360309 0.144597 -1.02504 0.631137 -0.0934292 -0.379732 -0.666312 -0.566686 -0.0270661 -0.241023 -0.389577 -0.0392531 1.41847 0.654373 -2.19759 -1.78116 0.884758 -0.383087 1.48838 0.975042 -0.336664 -0.249362 -0.336954 1.01226 1.6432 -0.232318 1.34944 2.59032 1.20539 0.966593 -0.325813 -0.192137 0.935473 0.833924 -1.14267 -0.381437 -0.159063 0.297588 -2.16067 0.159897 -1.17304 0.521344 0.421832 -0.047229 -0.47345 -1.44816 
0.190399 -0.0893904 0.580593 -0.394569 -2.20856 1.19049 -0.83223 -0.107034 0.0312749 -0.436217 1.07176 -0.205334 2.28401 0.327606 0.76656 0.173842 -1.21819 -2.25696 -0.0856012 -0.0707502 0.715226 -1.69858 0.183821 -0.851877 -0.926629 1.56767 -0.405721 0.763949 -0.237549 2.06993 1.10582 -0.232124 0.140417 0.593186 0.98419 1.3352 0.309614 -0.536933 0.552818 -0.114589 -0.715921 1.28254 -0.0883806 -1.7456 -0.25128 -1.06217 -0.259469 -1.18927 
0.102026 0.102026 0.628832 0.569686 0.873561 0.949072 0.48069 -0.959393 -1.67469 -0.503198 0.441893 0.380811 0.23719 -0.3637 -0.255035 0.158527 -0.820415 -0.321264 0.355388 -0.732954 0.603975 1.542 -0.38049 0.649706 0.7393 -0.49023 0.280843 -0.447618 0.341419 0.460783 -0.412795 0.0467834 1.56683 1.01039 0.614827 2.61929 -1.75516 -2.87196 0.956883 1.18792 0.119901 -0.863005 -1.4554 -0.504216 0.726959 -0.89879 -1.5186 -1.5186 
0.278811 0.278811 0.0457298 -0.194432 -3.14328 -0.672974 2.38976 0.995857 0.485345 -0.0908804 0.206205 0.0832907 -0.342786 0.381466 -0.492307 -0.409191 1.11682 -0.0284688 -0.0890372 -0.519147 -0.133895 0.840244 -0.365791 -0.321387 -0.153321 -0.442105 0.919592 1.17403 0.889674 0.0754635 -0.334614 0.0984169 0.430559 -0.384597 -3.28375 -1.01559 1.20595 0.946304 0.0564376 -0.957891 0.503982 1.29823 1.22004 0.674235 0.0761536 -1.23203 -1.03197 -1.03197 
0.288965 0.288965 -0.40949 -0.305941 -0.724408 0.562411 -0.679288 -0.762322 1.45028 1.05157 -0.659001 -0.854709 1.32257 0.684086 -1.55728 -0.313301 2.25402 -0.263705 -1.62213 -0.00974156 -0.0406454 -0.0486881 -0.587183 -0.0507294 -0.0198466 -0.156897 0.388178 1.232 1.49687 0.0380642 -0.291213 -0.302442 -0.00492078 -0.0311112 -0.0133553 0.401829 -2.51184 -0.468712 2.94668 0.846356 -1.2749 -1.19965 0.741059 1.43912 -0.370983 -0.255094 -0.821757 -0.821757 
-0.184988 -0.184988 -0.935994 -1.19663 1.12843 1.44175 -0.745447 -0.640936 -0.778219 0.0775354 -0.791205 -0.953034 1.51345 0.656037 -1.03392 -0.343431 1.41112 0.627378 -1.72539 -0.512376 0.510409 0.746393 -0.260851 -0.86423 0.690585 1.27684 0.013751 -0.810124 0.807446 1.63009 -0.643206 -1.14961 0.466518 0.161685 -0.875696 -0.895529 -1.01296 -0.240089 2.67039 0.654847 -2.16647 -0.09416 1.19144 0.477246 -0.358247 1.49053 -0.123071 -0.123071 
0.137139 0.137139 -0.661547 -0.297947 -1.26431 -1.40227 0.313907 1.91634 1.10029 -0.450143 -0.78101 -0.192605 0.121393 -0.0739832 -0.81521 -0.851581 1.11473 2.5756 0.0704137 -2.11929 0.0796213 1.23673 -0.922598 -0.762634 0.560575 0.350183 0.145406 -0.0291595 0.337179 1.73335 -0.385616 -1.68001 -0.686051 0.511918 0.690415 -0.407494 -1.59011 -1.43791 2.06744 0.798556 -1.1761 -0.012225 0.157152 0.234329 -0.345125 0.673099 0.641011 0.641011 
-1.04856 -1.04856 -1.28485 0.400596 2.18404 -0.81391 -0.183282 1.22245 0.0126608 0.280398 -0.965752 -1.10187 -1.04512 0.36725 0.835755 -1.16098 0.473171 1.75354 -0.419955 -0.698466 -0.530207 -0.32998 -0.53237 -0.433595 1.57077 1.84232 0.0184426 -1.11187 -0.978447 0.998613 0.212125 -0.791897 -0.268611 -0.0328364 0.992625 0.152486 -2.13915 -1.35204 0.980164 0.70499 -0.876682 -0.857935 0.113397 1.50218 0.698854 0.404857 1.14263 1.14263 
-0.697046 -0.697046 0.495372 0.577444 1.06142 -1.25639 -1.20223 0.670542 1.58642 0.199217 -1.86094 -1.12334 -0.156974 0.319714 0.224489 -0.139549 0.703615 0.237179 -1.17359 -0.928444 0.406767 1.2256 0.554734 -1.75705 -0.630728 2.34526 0.685234 -0.513033 -1.50044 -1.315 0.339795 0.449435 -0.456709 0.930783 1.36976 -0.0513716 -1.13028 -0.871125 0.452957 0.27163 0.238092 -1.00521 -0.620163 0.324528 -1.0018 1.06321 1.67764 1.67764 
0.834894 0.834894 0.245208 -0.0625463 -0.24464 -0.797196 0.10386 0.401063 1.39014 1.63027 -0.570897 -1.06851 -0.814135 -0.462937 -0.472893 -0.724255 1.18572 0.129266 -0.481184 0.919836 -1.1978 -0.420699 0.879487 -0.615825 -0.725197 1.74124 -0.174229 -0.143525 1.14191 -0.238774 1.22442 0.823769 -1.61398 -0.0118727 0.168716 -1.64562 -1.17909 -0.812267 -0.765331 0.991574 3.12787 0.255853 0.425022 0.25812 -1.8388 0.370881 -1.00091 -1.00091 
0.153307 0.153307 1.69022 -0.345793 -0.551037 0.1751 0.661293 -0.168524 0.492216 0.209828 0.0689485 0.311393 -1.14601 0.552447 -0.231395 -0.58447 0.979829 -1.94141 -0.444645 1.68258 -0.756394 0.0813302 0.379622 -1.3367 0.321839 2.02178 0.436426 0.149621 -0.347568 -0.0790745 2.07037 -0.514014 -2.06497 -0.126922 0.829872 0.168657 -1.20228 -0.858577 -1.28672 2.011 1.74675 -1.72041 0.278889 0.48584 -0.729955 0.149666 -0.912629 -0.912629 
-0.382805 -0.382805 1.48871 0.640852 -1.18161 -0.0408476 0.265829 0.633869 1.01213 -0.476172 -0.710005 0.0201557 -0.695329 -0.502108 0.861345 0.848403 -0.23087 -0.990617 -0.0324484 1.38182 -1.00314 -0.800251 0.36477 -0.255689 2.03677 2.67277 0.656837 -1.77845 -2.82321 0.407145 1.04832 -0.387669 0.319542 -1.31762 -1.54375 0.743902 0.205927 -0.00260654 0.318273 -0.209575 1.02322 0.633756 0.497396 0.209336 0.0777698 -0.512444 -1.05441 -1.05441 
-0.546708 -0.546708 0.264153 -0.0523214 -1.42105 -0.206379 1.04732 0.397064 0.673312 -0.677507 -0.369243 0.925469 -0.627979 -0.661422 0.898649 0.666639 -0.0633468 0.57047 -0.0694053 0.739957 0.136337 -1.30913 -1.64015 0.247888 2.25734 2.07709 0.454044 0.0775486 -1.04425 -1.20179 0.376587 0.121347 -0.774615 -1.39909 2.00046 1.99538 -1.65246 -0.187319 1.08138 -0.639128 0.210017 0.949178 -1.07224 0.527973 0.717295 -1.26666 -0.991999 -0.991999 
1.30598 1.30598 0.441959 -0.968216 0.327919 0.636096 -0.708919 -0.405647 -0.138422 0.433656 0.216525 -0.259981 0.130738 1.24296 0.47131 -2.51281 -1.69538 2.12531 0.959081 0.408988 0.931426 -1.27267 -0.856775 -0.00917221 0.864604 1.36213 -0.870745 -0.21238 1.94548 -0.108714 -1.13328 -1.06921 -0.811301 0.86437 0.701495 -1.44792 -0.850513 0.672102 0.461199 -1.39493 -0.104311 0.67489 0.241302 1.09535 -0.402663 -0.628884 -0.979008 -0.979008 
0.32355 0.32355 -0.21599 -2.14331 1.25065 1.0887 -0.985952 0.690793 -0.234615 0.828115 0.199941 0.961384 0.434306 -1.15659 -0.0985068 -1.51917 -1.86526 0.899577 1.71708 0.64216 -1.24224 -0.391519 0.677758 -0.840801 1.89813 0.424972 -0.602809 0.151283 1.03411 1.06312 -1.76537 -0.728257 0.661157 0.675482 0.596528 -0.502606 -1.43179 0.2095 0.348495 -0.963617 1.10484 0.507707 -2.32874 -0.105595 0.551072 0.0144448 -0.0778233 -0.0778233 
0.380522 0.380522 0.342776 0.200508 0.286443 -0.206389 -1.1736 -1.33117 0.33546 1.39507 0.608478 -0.0863059 -0.430795 -0.269793 0.3776 -0.316479 -0.261859 0.794693 -0.218398 0.20297 1.49614 -0.583927 -0.525109 0.758946 -0.683144 -0.248244 0.0715235 0.0829879 0.624045 -0.436987 -0.219873 1.30767 0.659274 -0.563213 1.07108 -1.46812 -3.46002 1.77507 2.63522 -0.489808 -1.26451 -0.960979 0.273298 1.43705 -0.207476 -1.38872 -0.351217 -0.351217 
-0.111 -0.111 -0.260952 -1.95662 -0.264261 3.48924 1.07651 -1.15454 -0.644005 -0.139759 0.14328 -0.308247 0.220705 -0.0588272 -0.459138 1.03924 0.272245 -0.718382 -0.271839 0.00652232 0.883306 -0.11026 -0.690767 0.167192 -0.0408426 0.704435 1.04361 0.0158511 -0.651394 -0.729889 0.0488624 0.512288 -0.267053 -2.2846 -0.359446 2.8378 1.25949 -0.683201 -1.15441 0.313968 1.4432 0.481624 -0.355077 -0.67969 -1.1557 -0.657361 0.159439 0.159439 
-0.347029 -0.347029 -0.289609 -0.134351 0.521799 0.0652986 -0.694314 1.22117 1.04612 -1.12936 -1.0168 1.1391 0.893573 -1.55666 -0.512794 2.15372 0.0677806 -2.10913 0.181107 0.917244 0.0186819 -0.262788 0.0391466 0.354879 -0.0185934 0.266537 0.810454 0.655071 -0.621786 -0.95125 -0.148539 0.199034 0.190737 0.0356015 0.280353 -1.34518 -0.442455 3.06714 0.769512 -2.30068 -1.09427 1.15817 1.50353 -0.576372 -0.899201 -0.209685 -0.273948 -0.273948 
-0.384665 -0.384665 -0.527012 1.15298 1.46644 -0.997922 -1.11196 0.00759738 0.417888 0.0184034 -0.537348 1.28418 0.904287 -1.36575 -0.520362 1.36085 0.555702 -1.6875 -0.59698 1.24657 0.712971 -0.395727 -0.854144 0.545121 1.19484 -0.344156 -1.1143 0.458971 1.35821 -0.766776 -1.49263 0.63157 0.741659 -0.707553 -0.5519 -0.049471 0.383463 2.03715 0.514264 -2.61615 -0.383573 1.85941 0.337568 -0.820863 0.5789 0.153937 -0.855771 -0.855771 
-0.450134 -0.450134 -0.246153 -0.340218 -0.621596 0.883314 1.85968 0.439094 -1.32967 -1.05748 0.142411 0.504183 0.0644787 -0.527506 -0.438303 1.08064 1.92059 -0.587934 -2.63591 0.00309717 1.88067 -0.564317 -1.12372 0.829996 0.622226 -0.234979 -0.214881 0.105517 0.986706 -0.407558 -1.91697 -0.170614 1.22761 0.770133 -0.517861 -1.28145 -0.580138 2.04983 1.2526 -1.82171 -0.456919 0.74589 0.136249 -0.283848 0.244083 0.551157 -0.0200699 -0.0200699 
-0.205683 -0.205683 0.819844 2.04877 -0.800887 -1.50233 1.17714 0.0573144 -0.635111 -0.657234 -0.902966 -0.110202 0.831994 1.08253 -0.991778 -0.282527 1.71146 -0.60534 -1.55385 -0.128993 0.1623 -0.0632247 -0.124954 1.21777 1.3229 -1.00644 -1.85942 -0.668476 1.22223 0.662506 -1.15136 -0.354418 0.399949 0.705503 0.0508525 -1.96747 -0.977355 1.83607 1.18971 -1.19173 -1.01289 0.540514 1.37412 0.294318 -0.729584 0.20811 0.386995 0.386995 
0.627316 0.627316 0.676078 0.255159 -1.17071 -1.42609 1.06372 1.57571 -0.361188 -2.12938 -0.866945 0.931249 0.776232 0.145491 -0.354021 0.203517 0.142678 -1.19648 -0.773701 0.857806 1.19866 0.00676076 -1.85328 -0.785488 2.35621 0.700719 -1.77939 -1.37976 -0.557639 1.01221 0.967178 -0.554391 0.204837 1.00403 -0.664694 -1.56654 -0.568204 0.85952 0.597808 -0.208813 -0.839782 -0.59108 0.708905 -0.307903 0.357732 1.51082 0.283905 0.283905 
-0.324401 -0.324401 -0.53577 -0.255831 -0.423964 0.319955 0.903579 0.964035 0.924836 -1.26626 -1.77295 -0.0864574 0.496518 0.31497 -0.0988745 1.21976 0.666809 -1.06425 0.623574 -0.411579 -0.840093 1.50731 -0.0534132 -1.02151 1.69946 0.459013 -1.21388 0.984543 0.0151834 0.137269 0.810368 -1.86884 -0.493326 1.30498 -1.04147 -0.845085 0.652958 0.364774 1.3195 2.75449 -0.4247 -1.77574 0.0821584 -1.47422 0.158047 0.656074 -0.861561 -0.861561 
0.929028 0.929028 -0.274654 -1.30461 0.328361 0.737136 -0.182737 -0.0795459 0.244092 -0.229822 0.0804565 -0.697868 0.162922 0.561129 -0.651728 0.736482 -0.781806 -0.821731 2.1629 -0.163893 -0.926238 0.692019 -0.817922 -0.0137495 2.00593 0.0881553 -1.0864 -0.443082 -0.114792 1.44989 -0.236722 -2.42439 0.249258 1.73183 0.195157 -1.18099 -0.586884 -0.0295083 1.71689 1.81379 -2.18558 -0.847383 1.32474 -0.576012 -0.178333 -0.0875844 -0.607612 -0.607612 
1.13223 1.13223 0.619371 -1.61508 -0.41218 0.875714 0.4083 0.451603 -0.671278 -1.04153 0.300395 0.00904944 -0.315739 0.941786 0.81708 -0.660496 -1.11223 0.120195 1.43523 -0.586988 -1.31974 0.827606 0.329571 1.01154 1.77156 -0.834531 -2.69231 -2.10487 1.32221 2.34202 -0.480601 -0.440659 -0.562343 -1.12691 1.24716 1.05853 -0.451382 0.0681288 -0.12502 0.426586 0.510293 -0.317892 -0.256555 -0.253655 -0.436424 -0.684671 -0.327658 -0.327658 
0.485154 0.485154 0.294848 -1.01581 -0.0950816 1.48186 0.360427 -0.227344 -0.648616 -0.629363 0.961478 -0.158028 -0.95669 0.915567 0.796163 -0.58092 -0.0602719 -0.00608525 0.0994762 0.121277 -1.23462 -1.0707 0.933844 2.34125 1.09752 -1.08682 -1.20483 -0.903416 -0.771749 0.851954 0.793202 -0.694696 -0.916729 1.6663 2.03876 -2.19906 -1.31497 1.6415 -0.274129 -0.526421 0.952656 -0.773505 -0.255726 1.07366 -1.08161 -1.03029 0.162718 0.162718 
-0.439393 -0.439393 -1.27276 0.00381918 1.0193 -0.541522 -0.544421 0.408356 0.567211 0.280974 -0.338702 0.0205157 0.959398 0.272479 -2.14831 -1.20923 2.81218 1.63991 -0.943073 0.0548697 -0.922587 -0.985551 0.817895 1.08849 0.881604 -0.954317 -0.859267 1.7355 0.132476 -1.74823 -0.496405 0.261489 1.21389 0.965222 -1.29527 -0.845969 1.32407 0.846388 -1.15033 -0.262984 1.2944 0.275458 0.31969 -0.309348 -0.947748 -0.269387 -0.135698 -0.135698 
-0.304424 -0.304424 -1.45564 0.893896 1.94838 -1.3181 -0.219822 0.466636 0.0998762 0.277418 0.097455 0.157842 -1.24725 -0.300405 -0.198721 -1.03746 1.46261 2.15763 -0.135907 -1.74979 -0.59958 1.16469 -0.250511 0.746795 0.773916 -1.47599 -0.145627 0.995609 0.562505 -1.65432 -1.05216 1.46725 0.856326 -0.0207521 -0.685838 -1.19369 0.443203 1.08124 -0.682868 0.469625 0.896695 -2.03307 -0.348483 1.73801 0.0895533 -0.357797 -0.0372614 -0.0372614 
