19
0.757567 0.951355 0.995591 1.04851 0.968878 0.963021 0.962628 0.924161 0.649635 0.328313 -0.0232769 -0.331543 -0.69519 -0.920335 -1.09281 -1.20027 -1.2447 -1.47966 -1.56187 
0.340656 0.0199279 -0.175382 -0.0849538 0.359426 0.47784 0.497682 0.488985 0.555885 1.14508 1.64736 1.43374 0.65622 -0.330287 -1.10361 -1.54436 -1.66025 -1.3978 -1.32615 
1.73426 1.35356 0.726542 0.315057 -0.718162 -0.980875 -1.39984 -1.34089 -1.26388 -1.18389 -0.954422 -0.394999 0.0893743 0.170517 0.388776 0.915069 0.939098 0.937823 0.66689 
1.62762 0.597804 -0.207912 -1.31203 -1.34134 -0.505963 0.785022 0.0323412 0.674264 1.15945 1.07845 1.38587 0.695673 -1.49447 -0.450844 0.122789 -0.883295 -1.10466 -0.858767 
-1.50411 -1.59705 -0.936967 -0.766987 -1.17462 -1.08245 -0.935593 -0.177984 -0.220823 0.0664195 0.421044 0.768735 0.984345 0.746278 1.21012 1.12479 0.919704 0.984085 1.17106 
-1.91044 -1.60796 -1.47017 -1.00722 -0.774842 -0.494836 -0.30981 -0.361971 -0.395952 0.413926 0.624382 0.986571 1.07245 0.950645 0.726363 1.08474 0.953816 0.78894 0.731384 
0.947593 0.895348 1.02885 0.827602 1.40238 1.36026 0.871107 0.562891 -0.157534 -0.451602 -0.655539 -0.111435 -0.0503449 -0.616779 -0.853261 -0.283937 -1.50955 -2.041 -1.16506 
-1.66895 0.426358 2.13096 1.90611 0.941904 0.502639 0.597512 -0.287332 -0.194279 0.0139352 -0.815718 -1.43522 -0.77465 0.27382 0.214979 0.227247 -0.885465 -0.954403 -0.219446 
-1.26822 -1.92114 -1.59053 -1.97827 -0.717668 0.197957 0.266737 0.951163 1.08014 0.820143 0.985446 0.248492 0.129677 0.538757 0.615437 0.208149 0.641097 0.844057 -0.051433 
0.502114 1.29652 2.1305 1.76936 0.633377 -0.316379 -0.12275 -0.321887 -1.26822 -1.00998 -1.08821 -1.60979 -0.775031 0.0890218 0.557411 -0.49866 -0.325544 0.311666 0.0464709 
-0.909225 -1.25581 -1.63272 -0.787091 1.22943 2.08331 0.534049 0.835671 0.339157 -1.10397 -1.64269 0.581108 0.875546 -0.111962 0.148796 -0.0262309 0.356707 0.414076 0.0718578 
-1.32679 -1.29856 -0.944943 -0.47612 -0.162818 -0.23336 1.06409 1.7792 1.61111 0.998488 0.686164 0.537334 0.733606 0.727621 -0.600421 0.0218154 -0.992916 -0.932053 -1.19146 
1.2863 1.39375 1.0201 1.22014 1.37511 0.883906 -0.41153 -1.19315 -1.11678 -1.77416 -1.12145 -0.786963 -0.403075 0.12119 -0.498563 -0.790049 0.224188 0.0939929 0.477044 
1.65986 1.65986 1.18481 0.767104 0.568907 0.83611 0.726143 -0.198298 -1.15215 -1.41203 -1.368 -1.40866 -1.12836 -0.483681 -0.0868288 0.34498 -0.0849758 -0.212387 -0.212387 
-0.42992 -0.42992 0.0837531 0.882943 0.917907 0.387514 0.228709 0.287501 1.03447 1.57841 0.575419 -1.02348 -1.98908 -1.98384 -1.302 -0.480639 0.397892 0.632186 0.632186 
-1.13801 -1.13801 -1.17862 -1.71471 -1.51837 -0.707715 -0.283206 0.371347 0.399115 0.600328 1.23305 1.56945 0.93825 0.587051 1.17453 0.918198 0.22195 -0.167322 -0.167322 
-1.16177 -1.16177 -1.21857 -0.625052 0.857594 1.8669 0.652905 0.15673 1.10302 0.550375 0.414489 -0.0512111 -1.96047 -0.635055 1.47771 -0.0891873 -0.696924 0.260149 0.260149 
0.646091 0.646091 1.33266 -1.45551 -1.65869 -0.210732 1.52695 1.03159 -0.196694 0.841221 0.999073 0.636056 -0.893557 -0.245335 0.153515 -1.59329 -1.20235 -0.178548 -0.178548 
0.412572 0.412572 0.817216 1.05576 0.594431 0.475018 -0.362613 -0.914883 1.25893 1.87532 0.746385 0.43223 -0.788253 -1.57038 -0.359521 -0.124088 -1.44357 -1.25857 -1.25857 
0.49253 0.49253 0.266429 0.936024 1.17748 -0.436932 -0.840698 -1.19163 -1.17017 -0.386447 0.885397 1.28755 -0.397583 -0.849118 0.874282 -0.626626 -2.29694 0.891962 0.891962 
2.2595 2.2595 0.78743 -0.905848 -1.04189 -0.369934 -0.652641 -0.653795 0.0397183 -0.545712 -1.07087 -0.12537 0.932908 0.476463 -0.180977 -0.849626 -0.901149 0.271142 0.271142 
-0.631835 -0.631835 -0.281657 0.946406 2.66752 1.0937 0.788401 0.867891 -0.379232 -0.331262 -0.961092 -1.33628 0.17708 0.435236 -0.642792 -0.172335 0.633509 -1.12072 -1.12072 
1.45727 1.45727 0.404093 -1.39135 -1.92782 -0.715998 -0.0318785 -1.07085 -0.653986 0.137208 -0.573533 0.258572 1.52145 1.18754 -0.562475 -0.83159 0.711678 0.312199 0.312199 
-0.558035 -0.558035 0.263371 1.91238 1.91806 -0.538661 -0.919155 -0.193839 -1.39592 -1.425 1.10141 1.67543 -0.53707 -0.560275 -0.000498166 0.0836808 0.243795 -0.255818 -0.255818 
0.413199 0.413199 0.93969 0.891521 0.246999 1.42302 2.36184 0.610577 -0.97601 -1.14837 -0.594152 0.0136022 0.184295 -1.6372 -0.886501 -0.512107 -1.18293 -0.280341 -0.280341 
-0.181084 -0.181084 -0.0725674 0.547038 -0.263175 -1.96323 -2.30363 -0.69571 -0.550085 0.125457 1.28804 0.972951 1.1954 0.019006 -0.937153 0.978081 1.16713 0.427308 0.427308 
-0.333619 -0.333619 -0.899483 -0.524423 0.403424 0.522948 -1.09138 -2.2346 -1.33431 0.0175282 0.314504 0.634588 1.56302 1.72091 1.43253 0.31245 -0.445129 0.137335 0.137335 
0.29594 0.29594 0.948379 0.557572 -0.527865 -0.686053 -0.205057 0.534393 0.930452 -0.498166 -2.24752 -2.217 -0.907426 0.437502 1.10377 1.26434 0.785073 0.0678622 0.0678622 
-0.162909 -0.162909 -0.889662 -0.568426 1.25731 1.56662 1.35501 0.817157 0.202577 1.0227 1.20597 -0.5075 -1.43966 0.212474 0.341081 -1.39923 -1.57945 -0.63557 -0.63557 
-0.172417 -0.172417 0.230693 1.27626 1.55866 -0.272862 -1.29536 0.17187 0.133519 -0.601479 -0.54243 -1.74689 -0.530379 2.20133 0.236907 -1.61082 0.103425 0.516193 0.516193 
0.431062 0.431062 -1.32772 -1.88898 0.783178 2.00748 0.781634 -1.08931 -0.122116 0.752265 -0.131447 -1.1959 -0.558012 0.658468 -0.852323 -0.857312 0.890396 0.643789 0.643789 
0.444513 0.444513 0.637478 -0.0630219 -0.352582 -0.656973 -1.00712 1.42887 2.37422 -0.297409 -1.05014 -1.1242 -1.50274 0.463998 1.28712 -0.759707 -0.800502 0.266841 0.266841 
-0.242002 -0.242002 0.140101 0.406912 -0.896454 -1.26465 -0.543647 -0.300989 0.3465 1.06003 0.842285 -0.845109 -1.33226 0.612809 0.0139864 -1.92263 0.753602 1.70676 1.70676 
-0.949329 -0.949329 -2.23841 -1.22129 0.579339 0.467681 -0.0447505 0.69844 0.253635 -0.674134 0.491355 1.69682 0.629523 -0.676642 -0.838192 -0.376911 1.02459 1.06381 1.06381 
0.350957 0.350957 1.2573 2.26908 0.201228 -1.29432 -0.0741382 -0.769225 -0.792487 -0.336909 -0.649208 0.932517 1.39994 -0.512568 -0.355885 1.03446 -0.607411 -1.20214 -1.20214 
-0.589266 -0.589266 -1.82497 -1.46935 0.600386 1.44045 -0.108647 -0.292586 0.967016 0.190949 0.219105 1.57744 0.774935 -1.29868 -1.25408 1.01251 0.922785 -0.139363 -0.139363 
0.459145 0.459145 1.43905 0.954319 -1.48548 -1.71496 0.175939 -0.312285 -0.760578 1.45505 1.81344 -1.00262 -1.35752 0.289885 0.353697 0.116201 -0.230713 -0.325859 -0.325859 
0.406623 0.406623 0.369264 -0.538955 0.41051 1.63853 -0.631835 -2.5905 -1.36592 0.294448 0.899491 0.602037 -1.28205 -0.832207 0.870892 -0.231618 0.17804 0.698318 0.698318 
0.0576479 0.0576479 0.517338 -0.164274 -1.88525 -1.53669 0.917519 1.27811 0.586369 1.34086 0.6059 -0.0915974 -0.7306 -1.60501 0.688683 1.53832 -0.431484 -0.571743 -0.571743 
