39
-0.188589 0.0348396 0.348907 0.517223 0.624862 0.621536 0.703512 0.805329 0.811371 0.810382 0.778417 0.868499 0.912937 0.914623 0.910748 0.922604 1.01063 1.04822 1.07563 1.08153 0.942058 0.774189 0.268407 -0.0760914 -0.123521 -0.169177 -0.226405 -0.402747 -0.652109 -0.913315 -1.20538 -1.43464 -1.5423 -1.67859 -1.6045 -1.57213 -1.55552 -1.6721 -1.76934 
1.86232 1.63473 1.07549 0.491413 0.471721 0.434579 0.11292 -0.548788 -0.678237 -0.540911 -0.319152 -0.234304 0.32284 0.77057 0.80546 1.12472 0.712952 0.488372 0.114459 -0.441122 -0.797767 -0.570458 0.344446 0.610562 0.723819 0.659452 0.739262 0.418777 0.759603 0.910465 0.185459 -0.393621 -0.879443 -0.855988 -1.2469 -1.85198 -2.13115 -1.74241 -2.54216 
1.17468 0.723257 0.259018 0.194963 -0.304532 -0.833268 -1.02902 -0.95819 -0.887318 -0.968063 -1.10831 -1.36084 -1.28857 -1.15561 -1.09663 -1.38033 -1.35345 -1.2956 -1.04675 -0.86009 -0.518757 -0.431806 -0.055994 0.508851 0.669848 0.900662 0.86318 1.12996 1.21693 1.29709 1.47072 1.05668 1.3079 1.32684 1.04503 0.816858 0.60564 0.715967 0.649055 
0.208108 -0.698263 -0.947866 -1.29871 -1.28564 -1.02628 -1.04928 -0.929283 -1.41894 -1.47234 -1.2363 -0.998493 -0.702673 -0.501003 -0.230773 -0.865551 -0.818328 -0.411556 -0.370242 -0.097715 0.597897 0.736952 1.11401 1.48436 1.15827 1.10782 1.31714 1.37118 1.56225 1.13348 1.13841 1.27829 1.38547 0.268815 0.836456 0.737274 -0.408954 -0.620691 -0.0472776 
-1.34085 -1.26218 -1.32378 -1.35738 -1.17659 -1.1535 -1.24386 -1.36056 -1.21303 -1.0687 -1.10375 -1.03143 -0.856525 -0.914392 -0.815953 -0.418285 -0.208987 -0.0944022 0.116843 0.349121 0.447912 0.71237 1.0984 1.20382 1.23247 1.25265 1.18233 1.1442 1.15831 1.17381 0.921007 0.905214 1.06713 0.724865 0.689514 0.72117 0.400758 0.727501 0.714758 
-1.61726 -1.38604 -1.01793 -0.768257 -0.462608 0.146994 0.741191 1.27545 1.70243 1.54959 1.68645 1.22046 0.552073 -0.113495 -0.400976 -0.299471 -0.0182862 -0.494231 -0.844825 -1.02341 -0.759954 0.11528 0.272372 -1.35289 -1.51004 -1.27747 -1.32684 -0.658716 -0.977529 -0.232218 0.703393 1.13779 1.67634 1.17954 0.819332 0.532952 0.179696 0.720654 0.330465 
-1.30512 -0.979477 -0.659964 -0.215136 -0.0480638 0.0761019 -0.0198841 -0.292461 -0.472546 -0.369234 -0.331295 -0.716053 -0.759822 -0.653031 -0.898744 -0.380739 -0.347788 -0.297613 -0.413635 -0.756932 -1.64227 -2.24458 -1.65525 -0.367898 0.6822 1.19725 1.60688 1.6539 1.15063 0.649777 1.22392 1.53639 1.45188 1.13033 1.41628 1.15615 0.811336 -0.11266 0.197171 
0.301788 1.00374 1.43089 1.55032 1.55872 1.59856 1.31031 1.45644 1.42227 1.33732 1.13552 1.12596 0.664748 0.661002 0.442272 0.276245 0.154552 -0.542416 -0.930018 -0.790653 -0.325955 -0.365152 -0.200028 -0.761315 -0.627337 -0.946863 -1.20055 -0.977356 -0.760018 -0.742767 -0.932542 -0.672167 -1.11471 -1.34148 -0.603314 -0.490859 -0.496354 -1.24543 -1.36338 
2.28953 1.42756 0.519832 0.0206164 -0.304052 -0.665765 -0.363541 -0.832022 -0.910543 -1.05071 -0.558226 -0.34714 0.313954 0.45549 1.09379 0.96207 0.982283 1.32321 1.18541 1.85344 2.10683 0.898455 -0.510949 -0.316101 -0.798482 -0.420359 -0.338273 -0.63176 -0.506253 -0.392193 -0.44264 0.306819 -0.0108964 -0.443143 -0.296284 -0.959953 -0.861879 -1.7909 -1.98723 
-0.88104 -0.947822 -0.737619 -0.784846 -0.577808 -0.766706 -0.57537 0.159043 0.38897 0.501844 -0.217192 0.404511 0.0117569 -0.202771 -0.648785 -0.498721 -0.910135 -0.621974 -0.368489 -0.325821 -1.00022 -1.20779 -1.83155 -0.0665095 -0.405319 0.622217 0.733506 0.893165 1.08211 1.15211 0.492846 1.82353 1.72185 3.07284 1.86621 0.45623 -0.593298 -0.878326 -0.334615 
-0.615872 -0.76679 -0.762693 -0.719021 -0.957348 -0.977219 -0.773086 -0.667925 -0.494822 -0.961119 0.164228 0.117669 0.60386 1.08673 1.79408 1.62341 1.48786 0.980886 0.945719 1.15458 1.19212 1.34996 1.21638 0.0672508 0.355052 -0.434793 -0.519086 -1.14696 -1.10792 -0.760491 -0.734552 0.481029 -0.861222 1.56754 1.29392 -1.12348 -0.880486 -1.57388 -0.643515 
-0.195388 0.450151 0.859594 1.21705 1.14876 0.764413 0.85834 0.958088 0.794179 0.598965 0.49209 0.505957 0.145061 0.029737 -0.0688753 -0.52349 -0.878492 -0.922927 -0.94889 -1.75504 -1.917 -2.34798 -2.40611 -1.15715 -1.06409 -0.770931 -0.571789 -0.29111 -0.170866 0.196983 0.545617 0.553201 0.855701 1.48437 0.817406 0.740837 0.742331 0.613868 0.617427 
-0.237343 -0.364427 -0.332157 -0.34676 -0.633156 -1.01354 -1.09471 -1.257 -1.39161 -1.45728 -1.23755 -1.04815 -1.09123 -0.860421 -1.02279 -0.884844 -1.24649 -1.17098 -0.765908 -0.098451 0.345017 0.447274 0.349294 1.03401 1.52183 0.997984 1.09515 0.832361 1.15393 1.15154 1.24867 0.884088 1.61909 1.62181 0.765231 0.658944 0.713901 0.935971 0.178701 
1.99097 1.99097 1.81212 1.1422 0.585172 0.501886 0.843104 0.596677 0.26304 0.139697 0.435253 0.683202 0.396327 0.239538 0.272544 0.570778 0.654297 0.457601 0.354745 -0.186839 -0.750764 -1.93955 -2.51277 -1.02528 -0.0554467 -0.0872457 -0.511361 -1.13489 -1.4103 -1.54887 -1.44521 -0.846775 -0.545032 0.0447918 0.592141 0.405581 -0.077799 -0.447251 -0.447251 
-0.862137 -0.862137 -1.41432 -0.578569 0.268603 -0.199132 -1.16656 -0.868831 0.368837 0.912844 0.831557 1.35105 1.91314 1.10419 0.905202 0.213345 -0.629042 -0.570403 -1.08311 -1.05636 0.1563 2.12587 2.18599 0.944269 0.432365 0.380556 -0.0161596 0.388144 1.11824 -0.532689 -1.66334 -1.29285 -0.35955 -0.21254 -1.18611 -1.01302 0.526353 -0.280003 -0.280003 
-1.94088 -1.94088 -1.08617 -1.16396 -2.18926 -1.51905 -0.196137 0.392148 0.0577152 -0.408122 -0.787153 -0.318232 0.532327 0.503014 -0.416345 -0.48716 0.266457 0.756204 1.04045 1.24451 1.02449 1.10057 2.15503 1.68105 0.944019 0.506079 0.585448 0.860037 0.448251 0.639469 -0.450951 -0.279742 0.675606 -0.500517 -1.04577 -0.890007 -0.143115 0.175291 0.175291 
-1.86591 -1.86591 -0.949442 -0.516116 0.490543 0.431059 0.201143 -0.568719 -0.854772 0.342418 0.822837 0.921462 0.86184 0.819624 -0.56028 -0.92818 0.790085 0.780336 0.558871 1.63828 1.41809 0.892556 1.27413 0.114147 -0.580069 0.303209 0.475599 0.44548 -0.351028 -0.658098 0.280017 0.4487 -1.62422 -0.864593 0.813948 -2.01346 -2.19914 0.637785 0.637785 
-0.380535 -0.380535 -0.829614 0.139874 0.366643 -0.717876 -1.27701 -0.325539 0.718552 -0.0117178 -0.29976 0.540004 0.0192729 -0.286556 1.53548 1.97889 0.846626 0.854411 1.32516 0.875367 1.00408 2.15297 1.51685 0.0874176 -0.253506 -0.649371 -0.882635 -0.544898 -0.330372 -1.39801 -1.52317 0.135616 -1.17019 -1.9592 -0.463611 -1.60379 -0.423512 0.807096 0.807096 
0.571652 0.571652 0.593808 0.51881 0.950947 1.29738 1.20692 1.00616 0.181227 -0.167092 -0.543059 -1.50984 -1.74945 -1.29214 -0.371188 0.311553 -0.381736 -1.14025 -0.783238 -0.0460092 1.21921 1.09151 -1.91059 -2.28788 -0.0573584 0.0720486 0.59497 0.27148 0.364149 1.87021 1.49693 1.02021 -0.097785 -1.17683 -0.9242 -0.915855 0.0774508 0.0331081 0.0331081 
0.731308 0.731308 0.880652 0.689634 0.287825 -0.0418039 -0.538948 -0.644329 -0.173315 0.0998813 -0.511702 -0.614086 0.00185646 -0.251193 0.264084 0.613267 0.0270475 -0.159625 -0.652671 -1.61667 -1.94123 -0.0933772 2.27448 2.85186 1.88411 1.08157 0.495106 -0.648828 -1.33535 0.01472 1.03386 0.208534 -0.585926 -0.121723 -0.0447576 -0.835146 -1.66702 -0.846703 -0.846703 
2.32762 2.32762 1.21874 0.421612 0.270107 -0.294609 -0.0922727 0.391391 -0.0484977 -0.367578 -0.224076 -0.717901 -0.706823 -0.245236 -0.554154 -0.369434 -1.38013 -1.88632 -0.294276 1.32816 0.988251 0.417983 -0.575867 -0.635157 -0.174941 -0.912894 0.120222 1.01686 0.62483 -0.150148 0.312662 -0.168509 -1.09583 1.15176 1.79751 0.381877 -1.25813 -1.47221 -1.47221 
-1.81686 -1.81686 -1.37843 -0.67375 -0.507565 0.250092 0.121052 -0.339113 0.0576873 0.747797 1.17232 1.3761 1.29204 1.2645 0.934239 0.187218 0.758466 0.567491 0.962812 1.43561 -0.832193 -2.84184 -1.14591 -0.0255211 0.195984 0.878195 0.0664925 0.11897 0.611528 0.398873 1.16681 0.843792 -0.584409 -0.0229281 -0.302623 -0.361584 -0.682287 -1.0381 -1.0381 
0.132709 0.132709 0.15483 0.151249 -0.00900776 -0.0267702 1.01767 1.06133 0.358245 -0.715214 -0.13963 0.229458 -0.71648 -0.776727 -0.364304 -0.325165 -0.168951 0.583178 0.305479 -0.744142 -1.02721 -0.969917 1.26148 1.58381 0.749555 1.2587 0.276966 0.364809 0.263388 -0.696097 0.729973 1.36071 1.38369 0.133777 -2.98942 -2.81171 -1.53917 0.263093 0.263093 
-0.143736 -0.143736 0.07524 -0.197566 -0.269072 0.228839 0.369541 0.334622 -0.308454 0.763129 1.23547 0.516213 1.112 1.36087 0.625414 -0.323113 -0.701559 -0.588598 0.216949 0.298761 0.241346 0.04879 -1.42198 -0.94779 -0.543477 -0.962205 -0.779934 -0.641139 0.456386 0.44164 1.4186 -0.12106 1.24416 2.44671 -3.00678 -2.42542 -0.485357 0.288154 0.288154 
1.68458 1.68458 1.20223 0.402324 -0.839744 -0.568136 0.242429 -0.189285 -0.683164 -0.587668 -0.237586 -0.662914 -0.879229 -0.440066 -1.00817 -1.43746 -0.750664 -0.19973 -1.47512 -1.70284 -1.07467 -0.900817 1.91203 2.1652 0.564829 0.742443 0.721546 0.589441 0.735397 1.11781 0.514588 0.437341 1.47727 -0.145976 -1.3268 -0.20756 -0.29445 -0.290993 -0.290993 
-0.247598 -0.247598 -0.0205676 -0.663761 -1.40206 -0.987826 -0.547619 -0.655489 -0.460461 0.254722 0.769562 0.239122 0.322675 0.0819079 -0.105523 -0.50775 -0.63377 0.913781 2.10857 2.18606 1.04526 -0.0475933 1.12804 2.31041 -0.128945 -0.917437 -0.39052 0.0624254 0.588001 0.134997 -0.596049 0.691424 1.43278 -1.77965 -1.99966 -0.15983 0.502924 -1.13647 -1.13647 
-0.0478034 -0.0478034 -0.853251 -1.30793 -0.602614 0.477348 0.281203 -0.530176 -0.382193 0.374288 0.820695 0.120435 -0.366183 0.0184109 0.565487 0.626219 0.0311632 -0.192916 -0.607577 -1.16192 -1.94006 -1.95123 1.26647 3.12168 1.29504 -0.380912 -1.09236 -0.913562 -0.330493 0.125261 1.01137 1.24953 1.23917 1.53446 0.601015 -0.638235 -0.858127 -0.276957 -0.276957 
-0.440097 -0.440097 0.232071 1.35753 0.309177 -1.15025 -0.534613 1.23888 1.43695 0.376159 0.356446 0.873893 -0.194537 -0.80665 -0.712476 -1.22994 -0.626339 -0.361187 -0.386837 1.00083 2.56339 1.63642 -0.946325 -1.40638 -0.449371 -0.356729 0.0101088 0.91637 -0.736592 -2.23313 -0.607369 1.0526 0.872868 -0.660773 -0.639797 1.38129 0.593551 -0.644522 -0.644522 
0.781602 0.781602 0.696694 -1.35525 -0.53884 2.02412 1.9347 0.12579 -1.02473 -1.07341 -0.0531671 1.28887 0.745071 -1.1867 -1.232 0.593966 1.20579 0.693491 0.381681 -0.168686 -0.308375 1.08264 0.482283 -1.47303 -1.43369 -0.542638 0.23505 -0.30102 -0.392015 -1.13271 -1.15455 1.0783 -0.392241 -2.03007 -0.576384 0.833925 1.01144 0.196247 0.196247 
0.488632 0.488632 0.794683 0.858382 0.510318 -0.363056 -0.864784 -0.904432 0.484865 1.02621 0.250313 -0.13111 -0.230583 -1.16308 -1.3931 0.795084 1.04804 -0.321959 0.447296 0.448194 -0.68535 -0.260328 -0.708434 -1.46825 -0.0251254 0.586945 -0.0581729 -0.74249 -0.938096 0.287041 0.623057 -1.50359 -1.08621 1.56338 -0.970081 -2.28675 1.71387 1.84502 1.84502 
-0.461211 -0.461211 0.382412 0.970516 -0.816827 -1.50069 0.270967 1.66605 0.202644 -0.956543 0.409659 0.20718 -0.789685 1.24893 1.9009 -0.669857 -1.04893 0.345969 -0.0521994 -0.349825 1.0413 0.375761 -1.86782 -1.61095 -0.711569 -0.617886 0.020475 0.41013 -0.812786 -1.10837 1.26408 0.236716 -1.89329 0.544411 0.238835 -0.0355417 2.02745 1.00041 1.00041 
0.0382901 0.0382901 -0.0187526 0.293078 0.613616 0.21613 -0.200061 -0.7587 -0.870935 -0.529451 -0.999852 -0.896142 0.187021 1.06974 1.2412 0.0134162 -1.0828 -0.283943 0.853715 1.54449 0.886631 -2.35908 -2.54892 1.431 1.81639 0.517598 0.173126 -0.154124 1.23743 0.883032 -0.625071 -1.1915 -1.64962 -0.607131 0.219933 0.783292 0.743218 -0.0122883 -0.0122883 
0.159261 0.159261 0.0111548 -0.416184 -0.523656 -0.597573 -0.423703 0.326961 0.620492 -0.218902 -0.51011 0.441656 0.324837 0.246786 0.713728 -0.14032 -0.555797 -0.483555 -1.08626 -0.955618 1.22456 3.31213 2.32706 -0.259208 -1.32913 -1.0335 -1.2982 -1.37578 0.55795 1.88044 0.193741 -1.21244 -0.212599 0.463063 -0.509688 -1.21436 0.0345063 0.679501 0.679501 
-0.705493 -0.705493 -1.34448 -0.577037 -0.390733 -0.107091 0.7333 0.218487 -0.425 0.042651 -0.0974264 -0.203578 0.562289 0.305777 0.0838383 -0.478714 -1.03255 1.05383 2.76015 1.21148 -0.546211 -1.07042 -0.660811 0.504783 -0.0392399 0.420002 1.73031 0.587895 -0.752089 -0.0668409 0.168678 -0.945668 1.24174 2.50273 -0.433751 -2.26603 -1.30286 0.0117861 0.0117861 
0.35418 0.35418 0.983846 0.740583 0.787923 0.524124 -0.564063 -0.0941976 0.933633 0.958401 0.523844 0.0694034 -0.1373 -0.357294 -1.00018 -0.194641 0.302216 0.145016 0.738127 -1.64151 -3.85969 -0.317905 2.47895 1.16148 0.769939 -0.153285 -0.715985 0.44944 0.21253 0.458596 0.35998 -1.60238 -0.812037 0.214213 -0.340184 -0.376828 -0.64208 -0.355515 -0.355515 
-0.0216326 -0.0216326 -0.0241044 -0.149974 -0.159761 0.671674 0.714062 -0.49201 -1.263 -0.380514 0.615076 -0.435019 -0.731329 0.206159 0.274751 0.0979247 0.590003 0.290533 -0.952963 -0.956668 -0.19272 1.54267 1.72558 -0.390213 -0.261278 -0.363062 -0.653829 -0.0462706 -0.769095 0.285119 1.38263 0.414269 -0.883679 -3.05504 -2.06976 0.964006 2.08521 1.20695 1.20695 
0.115871 0.115871 -0.0685749 -0.264973 0.256115 0.399592 0.0393401 -0.490579 0.257537 1.01168 -0.199122 -0.115662 0.538897 -0.361164 -1.17073 -0.929359 -0.211678 0.588831 0.567771 -0.015686 -0.201188 -1.15677 -0.705977 0.561782 -0.0419265 -0.192051 0.184895 0.803707 0.699896 0.618378 -0.412627 -0.150118 1.70391 -2.90628 -3.32628 1.67258 1.80249 0.490798 0.490798 
-0.324362 -0.324362 -1.02794 -1.69618 -0.753691 1.05178 0.433146 -0.714226 -0.250499 0.491838 0.0337274 -0.464467 0.295927 -0.0134996 -0.777381 0.326411 1.1886 -0.537309 -1.2222 0.452145 0.80536 2.72698 2.79674 -1.08507 -1.15152 0.23776 -0.0346654 0.112096 0.564658 -0.0943068 -0.498616 0.946672 -0.413165 -2.36651 0.0457445 1.00796 0.0265267 0.102953 0.102953 
0.210206 0.210206 -0.227588 -0.884645 -0.164901 0.637257 0.281883 0.115001 0.675217 0.892898 0.0450576 -0.2485 -0.0513325 -0.23578 -0.345678 -0.303878 1.02325 1.92226 0.921659 -0.668069 -1.46467 0.11202 1.66066 -0.799899 -2.14138 -0.122367 0.722625 0.721713 0.105073 -0.750255 0.434412 1.43661 -1.62628 -2.28063 1.15822 1.75908 -0.60908 -1.06019 -1.06019 
