46
-0.378915 -0.116668 0.0869181 0.319916 0.414625 0.611342 0.723805 0.802095 0.856066 0.84443 0.836568 0.873923 0.866669 0.884257 0.918381 0.920463 0.913813 0.974265 0.970207 0.934433 0.931973 0.861315 0.801051 0.745647 0.678854 0.623163 0.519146 0.458694 0.314681 0.154544 -0.23221 -0.499544 -0.563232 -0.793156 -0.851218 -0.918501 -0.973818 -1.03685 -1.11942 -1.16869 -1.33402 -1.50184 -1.88892 -2.00152 -2.2159 -2.24682 
3.19445 2.82356 2.2109 1.43871 1.23568 0.787337 0.696764 0.308072 0.333683 0.430337 0.586524 0.499234 0.634623 0.464072 0.269303 0.0772645 0.11641 -0.36094 -0.35337 -0.29152 -0.458274 -0.247043 -0.123914 -0.161639 -0.240246 -0.38639 -0.459837 -1.05118 -1.14179 -1.06413 -0.751473 -0.894463 -1.16721 -0.41059 -0.113153 -0.278503 -0.155488 -0.174474 -0.372195 -0.497403 -0.393994 0.024013 -0.559153 -0.319204 -1.66294 -2.04042 
1.296 0.743447 0.427065 0.255283 0.202848 -0.0208332 -0.451895 -0.482031 -0.477063 -0.778764 -0.870352 -0.939853 -0.992797 -1.08968 -1.0833 -1.01256 -1.15137 -1.12354 -1.16641 -1.12723 -1.16602 -1.24626 -1.24671 -1.12204 -0.948799 -0.788237 -0.647821 -0.267868 -0.0313888 0.0126223 -0.165864 0.390185 1.23108 1.19922 0.882244 0.928977 0.932928 0.9052 1.12463 1.25814 1.04295 1.41938 1.96942 1.62024 1.43471 1.12211 
-1.2123 -0.0822001 0.357042 0.204469 -0.229936 -0.490287 -0.692579 -0.72514 -1.18421 -1.12628 -1.50883 -1.43796 -1.54721 -1.2062 -1.07882 -0.953899 -0.799403 -0.545507 -0.710122 -0.644369 -0.570546 -0.515328 -0.36991 -0.521536 -0.281535 -0.516569 -0.287562 -0.0115878 0.321419 0.487886 0.58796 1.35487 1.07806 1.75122 1.90205 2.19061 1.29625 1.44961 1.48416 1.10758 0.945948 0.802786 1.09333 0.146159 0.824084 -0.135644 
-0.983148 -1.04857 -1.27713 -1.16325 -1.06362 -0.953979 -0.930403 -1.10959 -0.963629 -0.915183 -0.689565 -0.727163 -0.721484 -0.85327 -0.929981 -0.901758 -0.865889 -0.860128 -0.817147 -0.787541 -0.66242 -0.603496 -0.562515 -0.36956 -0.303218 -0.0462798 0.0375359 0.211024 0.400724 0.542772 0.911488 1.14495 1.52346 1.49958 1.39416 1.41503 1.40138 1.3823 1.30331 1.30036 1.38857 1.32597 0.906109 1.06515 1.04603 0.910018 
-1.44325 -2.24089 -1.96868 -1.49709 -1.76074 -1.4066 -1.16543 -0.293496 0.0145237 0.490126 0.163914 0.798997 0.854856 0.849211 0.95832 0.675651 1.07722 0.650076 0.341426 0.79261 0.648771 0.823779 0.806124 0.470122 0.380241 -0.28528 -0.33684 -0.300898 -0.745086 -0.539687 -0.285231 0.845524 -0.0404519 -1.29275 -0.460514 -0.255752 0.212284 -0.284801 0.185029 -0.0316034 -0.584063 -0.176839 -0.224426 0.892128 1.70202 2.98744 
-0.201877 -0.166298 -0.290314 -0.108072 0.439921 0.896561 0.735808 0.186143 0.101196 0.0281347 0.410506 0.219734 0.00637617 -0.0413663 -0.0736774 0.068622 -0.551833 -0.347615 -0.259444 -0.507661 -0.896187 -0.846305 -1.01306 -1.03583 -0.986366 -1.05795 -0.957609 -1.30905 -1.58032 -1.47458 -1.44381 -0.521696 -0.0577767 -0.435055 -0.432512 -0.542293 0.304977 0.448399 0.89894 0.894214 1.19922 1.55037 1.52473 2.37483 1.80867 3.0412 
-0.0874077 0.0257324 0.449881 0.591743 -0.117797 -0.365098 0.00908179 0.629613 0.261294 0.669134 0.601973 1.02414 1.52287 1.51514 1.20042 1.18558 1.28681 1.22599 1.13447 0.844443 0.979447 0.764458 0.570516 0.490118 0.0740681 0.00649381 -0.0490006 -0.387528 -0.271981 -0.0747578 -0.192305 -1.09944 -1.94207 -0.895896 -0.23895 -0.404567 -0.439663 -0.0942731 -0.56367 -0.440383 -0.425458 -0.0877551 -2.00861 -1.87828 -2.53319 -2.46532 
2.42132 2.19618 2.63174 1.21332 1.3092 0.589825 0.156625 0.257098 0.474452 0.606752 0.21402 -0.0966894 -0.602373 -0.243682 -0.107826 0.0544734 -0.155763 -0.375375 -0.6794 -0.569985 -0.255198 -0.193331 0.0741849 0.393444 0.304803 0.395014 -0.0848921 0.440302 0.951288 0.818488 1.13997 -0.226896 -0.584522 -0.995524 -2.03785 -1.38335 -1.91978 -1.05755 -0.00806659 -1.01517 -0.928172 -0.749506 0.377027 -0.970922 -1.50759 -0.270106 
-1.76496 -1.95422 -2.79515 -2.30259 -1.92753 -1.39053 -1.16641 -0.932093 -0.770927 -0.746433 -0.432226 -0.281249 -0.252844 -0.334258 0.0493991 0.111257 0.50759 0.562565 0.591069 0.535076 0.702921 0.82824 0.892615 0.809579 1.02569 1.29337 1.39964 0.972808 0.283401 0.126773 0.0824475 0.363053 0.159951 0.740193 0.43391 0.269598 0.240084 0.509695 0.356914 0.778491 0.644379 0.422278 1.60846 0.46686 -0.687738 -0.0291478 
-1.70373 -0.535797 -0.0135883 0.134233 0.562387 0.846747 1.3027 1.64626 1.25569 1.55876 0.75561 0.579732 0.700952 1.06235 0.621008 0.754261 0.281759 0.804441 0.70686 0.762828 0.302886 0.56454 0.41747 0.388035 0.145773 -0.365134 -0.174074 0.335055 0.805612 1.05808 0.89845 -0.454752 -1.43384 -2.06084 -1.10147 -1.25894 -0.388761 -1.22351 -1.89129 -1.54773 -1.25595 -1.21496 -1.07974 -1.41081 -0.455811 0.318247 
-0.282709 -0.311379 -0.0339986 0.668018 1.28317 1.38522 1.30779 1.10005 0.826993 0.441416 0.7971 0.607715 0.73143 0.702265 0.670042 0.998045 0.861067 0.778123 0.7121 0.368738 0.636057 0.301792 0.314157 0.302734 0.614657 0.717482 -0.0709678 -0.76286 -1.36483 -1.62662 -1.79496 0.110937 -0.332214 -1.20133 -1.17925 -1.00838 -1.45613 -1.312 -1.73846 -1.77392 -1.91761 -0.691628 -0.830641 0.559963 1.54338 0.349414 
0.061094 0.823927 1.06742 1.207 0.249368 0.191248 0.0331634 -0.0407158 -0.280786 -0.391606 -0.418849 -0.343636 -0.818623 -0.785643 -0.800317 -0.756364 -0.955642 -1.38946 -1.44669 -1.20477 -1.43245 -1.39714 -1.43291 -1.3803 -1.40862 -1.17822 -0.473876 0.0665825 0.355664 0.57351 0.17418 -0.741418 -0.461276 0.477919 1.38562 1.07705 1.49457 1.41339 1.3611 1.43637 1.79844 0.968948 0.868624 1.4051 1.01742 0.0316086 
2.13317 2.13317 2.01917 1.59479 1.45338 1.52257 1.06098 0.832988 0.482476 0.241469 0.432424 0.434792 0.357745 0.519027 0.45859 0.299658 0.527172 0.53728 0.162211 0.168437 0.0324654 -0.192837 -0.133379 -0.15883 -0.15995 -0.30504 -0.323596 -0.479491 -0.868039 -1.81419 -2.23202 -0.97278 -0.826968 -0.805035 -0.1711 -0.160402 -0.143847 -0.250054 -0.196413 -0.51898 -0.981066 -1.84543 -1.63016 -0.957014 -0.638677 -0.638677 
-1.28239 -1.28239 -2.00374 -1.2674 -0.685283 -0.48315 -0.375918 -0.167075 0.705345 0.940059 0.609415 0.572029 0.422367 -0.1711 -0.209725 0.210744 -0.302111 -0.358869 0.610354 0.297003 0.565521 1.08659 0.639085 0.276463 0.0815771 0.0908512 -0.709412 -0.740258 0.462294 1.18718 0.790557 -0.261728 1.35534 2.38026 0.723001 0.409472 0.672565 0.0960368 -0.0949007 0.446385 1.42283 0.188695 -0.131369 -1.49851 -2.60835 -2.60835 
-1.93039 -1.93039 -1.06612 -0.467004 -0.584805 -1.44422 -1.00491 -0.0151997 -0.6316 -0.850768 -0.323716 -0.235999 -0.298144 -0.163492 0.216967 -0.112597 -0.209985 0.00780709 0.0335688 0.0428109 -0.228263 -0.141226 0.323877 0.718124 0.799608 0.725093 1.22307 1.44111 0.678589 -0.263308 0.898924 3.21274 1.87829 -0.749878 -0.571476 0.156969 -0.0120405 0.477066 0.843043 -0.143493 0.40791 2.14485 0.497838 -1.17176 -1.08875 -1.08875 
2.86988 2.86988 0.412926 -1.26054 -1.46699 -1.02238 -0.586046 -1.07791 -0.904569 -0.757991 -0.733217 -0.209701 0.307751 0.761018 0.3471 0.39903 0.646086 0.0348314 -0.325556 0.131169 0.11099 0.248131 -0.148077 0.0330952 -0.126674 -0.147731 0.831104 1.03031 0.820554 0.374373 1.52451 0.802597 0.623027 1.44216 0.70546 -1.29659 -1.55557 0.223749 -0.791339 -1.16713 -0.720019 0.146117 -1.39395 -0.65192 -0.675979 -0.675979 
-1.56402 -1.56402 -0.807949 0.575942 0.558048 0.237343 -0.980577 -0.464493 0.495404 0.831282 0.468453 -0.458981 -0.85615 -1.20357 -0.528846 -0.054124 -0.148839 -0.118848 -0.0183027 0.328062 0.451689 0.0968928 0.662073 0.769009 1.03881 1.1125 0.760607 1.2071 1.07452 1.82939 2.21485 2.25616 1.17101 -0.869606 -0.680897 -0.293929 -0.462415 -0.73795 -0.669894 0.0351418 -0.216399 -2.3588 -1.42419 0.265613 -0.97854 -0.97854 
-0.93241 -0.93241 0.663398 -0.010329 -0.158014 0.476701 1.12772 1.21177 0.713466 -0.0839527 0.116563 0.59694 -0.208647 -0.141696 -0.489997 -0.122294 -0.303935 -1.19689 -0.0925728 0.114643 -0.232593 -0.0739411 -0.716433 -0.807242 -1.22155 -1.17337 -0.291416 -0.785067 -0.57201 0.306394 1.46984 0.0359796 -2.96023 -0.799924 1.03204 0.574127 -0.308305 -0.306048 0.0465645 -1.23876 -0.454385 0.180391 1.07223 2.15034 2.36265 2.36265 
-0.430683 -0.430683 -0.136119 1.21357 1.76468 0.341208 -1.67989 -1.52764 -0.570412 0.368166 0.131752 -1.06473 -0.777464 -0.413845 -0.0321578 -1.21341 -1.08905 0.334182 -0.574504 -1.53192 -0.933206 -0.48779 -0.633712 -0.199452 -0.297489 -0.195307 -0.757376 -1.50373 -0.585521 0.0211176 1.66075 2.53069 -0.0790489 -1.00569 -0.468444 1.22813 1.73668 0.939876 0.642329 0.350029 1.06478 0.400707 1.40282 0.317206 1.0853 1.0853 
0.972142 0.972142 1.01538 -0.691474 -1.27739 0.354238 1.66083 0.542936 0.222714 0.676131 0.697699 1.54969 0.90245 -0.322253 -0.332966 0.293272 0.224055 -0.0661417 -0.411243 -0.0701926 0.0427877 -0.452468 -0.24983 -0.584231 -0.564924 -0.0220786 -0.43002 -0.172504 0.634111 0.283169 -1.37954 -2.4712 0.469669 2.7274 0.902946 -0.138979 0.630383 -0.0234913 -0.357885 0.3713 0.694121 -2.22035 -2.53257 -0.62658 -0.720627 -0.720627 
0.430219 0.430219 -1.12716 -1.57049 -0.658137 -1.34865 -0.278655 0.570393 0.61193 -0.184303 -0.762481 -0.909896 -0.0362508 0.801032 0.544718 0.0930284 -0.40541 -0.527817 -0.0983984 0.709224 0.647169 0.585474 0.921401 0.456575 0.157641 -0.353007 0.214697 1.50793 0.649168 0.401846 -1.20876 -2.09508 -0.847557 -1.74117 -0.350564 0.309691 0.580796 2.6506 0.210898 -1.04525 0.502317 1.85903 -0.133383 -2.30405 1.07024 1.07024 
-1.77832 -1.77832 -0.636903 1.39874 1.47312 1.22043 0.713727 0.608344 0.257086 0.513285 0.725024 0.246576 -0.142458 0.452253 0.692097 0.713317 0.701796 0.0860296 -0.0997372 0.133528 0.437053 0.26384 -0.0849571 0.169057 0.756172 0.572297 -0.590355 -1.92236 -1.47003 -0.390125 0.341828 0.0760271 0.577633 0.404903 -0.841519 -0.378193 0.348216 0.141861 0.396261 0.427513 -0.650038 1.5602 0.0209139 -3.89767 -0.884061 -0.884061 
1.8269 1.8269 0.639955 0.530517 0.689386 0.721736 0.790612 -0.194352 -0.241462 -0.721524 -1.2788 -0.203251 0.421893 -0.232673 -0.498129 -0.534385 -0.0812676 0.354969 -0.188073 -0.609696 -0.370372 -0.00633137 -0.345026 -0.455786 -1.016 -0.51181 0.675046 1.00025 0.701611 -0.031633 -1.8999 -2.85337 -2.00841 0.247064 0.793385 0.689616 -0.09843 -1.88791 -0.51689 0.599585 0.247531 0.0653839 -0.367536 0.586308 1.87218 1.87218 
0.246748 0.246748 1.17698 1.607 0.843188 -0.0385417 -0.432937 -0.681984 -0.908387 -0.10794 0.141831 -0.153487 0.0504888 -0.148037 0.306673 0.173311 -0.349865 -0.259533 -0.591068 -0.166693 -0.155112 -0.479692 -0.068684 0.312682 0.458131 -0.942749 -1.9545 -1.71709 -1.16953 -0.617478 2.14219 1.79233 -1.74052 -1.14824 0.175762 -0.422376 -0.456423 -0.429314 -0.657952 -0.297965 1.30798 1.31393 1.52351 2.95247 -0.337932 -0.337932 
1.46073 1.46073 0.559999 -1.17587 -1.46159 -0.306079 -0.328854 -0.44734 -0.500727 -0.193148 0.0757099 -0.571374 -0.63241 0.032839 0.0486972 -0.218094 -0.90857 -0.703289 0.273296 0.0269608 -0.271627 0.00572035 0.0307138 0.0414844 0.298433 1.35729 1.80538 1.20524 0.739001 -0.255899 -1.89397 -0.911986 1.76858 2.67554 0.872248 0.163832 0.492472 -0.1865 0.0395968 0.638431 -0.669145 -1.3374 0.636719 0.221423 -1.97861 -1.97861 
0.00365446 0.00365446 -0.74702 -0.795503 0.0775762 -0.488794 -1.01449 -0.817985 -0.841013 0.116786 0.547288 0.0732211 0.354325 0.383706 -0.18272 0.326636 0.625651 -0.440256 -0.447123 -0.0241853 -0.433734 -0.0880394 0.265476 0.158321 -0.0533085 -0.0841522 -0.103264 -0.75774 -2.15562 -2.20741 1.69369 2.69071 0.502046 1.36548 1.34561 0.253531 0.046736 0.112337 -0.27038 -1.18265 -2.14102 -0.942862 1.77683 1.95915 0.768427 0.768427 
-0.608585 -0.608585 0.109696 1.38119 0.860082 0.396846 0.403392 1.14981 1.17505 0.00149029 -0.263936 -0.0873921 -0.629836 -0.521522 0.467547 0.00494794 -0.460575 0.985155 0.734855 0.0513346 0.865292 0.166829 -0.695191 -0.448767 -0.0859914 -0.676522 -0.715658 1.23804 1.97523 0.41528 -1.3183 0.646005 2.67227 -0.521767 -1.82739 0.0458691 -0.21068 -0.653575 0.436824 1.57557 -0.156302 -1.42101 -1.55076 -2.32116 -0.987549 -0.987549 
0.646597 0.646597 1.12658 0.339788 -0.828711 -0.382381 1.09904 0.253261 -0.715231 0.200848 0.446708 -0.0253279 0.0122749 0.366867 -0.00504013 -0.387868 0.0506469 0.149309 -0.0177714 -0.255582 -0.193256 0.396533 0.642655 0.335319 -0.0402316 0.293441 0.527827 -0.482025 -1.41131 0.130707 2.73903 0.738804 -3.22048 -2.00845 0.680707 0.402378 0.210631 0.639237 -0.542976 -0.394423 1.78749 0.0262314 -2.70292 -1.31691 0.0206909 0.0206909 
-1.92911 -1.92911 -3.36465 -1.43411 0.382815 0.934206 0.130879 -0.0947208 0.452949 0.325505 0.648849 1.07148 1.01122 0.212269 -0.132005 0.434991 -0.133902 -0.654979 0.261156 0.552993 0.278847 -0.0437179 -0.00594733 0.196875 0.0233988 1.00012 1.18906 0.169465 -0.384163 0.782383 0.545854 -0.594796 0.727144 0.249228 -2.17084 -1.76104 1.48269 0.834089 -1.01461 0.239695 1.30504 -0.3996 -0.506057 0.794409 0.157877 0.157877 
0.6624 0.6624 1.89912 1.20746 -0.315855 -1.38826 -0.640464 1.30575 1.1447 -0.0373512 -1.16631 -1.197 -0.678666 0.279229 1.01393 0.326327 -0.0711072 0.103388 0.386116 0.406742 -0.219852 0.174743 0.587371 0.323407 0.293692 -0.261885 0.0712734 0.267261 0.542844 1.00579 0.368116 -0.946095 -2.80661 -1.66823 0.501188 0.18198 -0.410067 -0.19868 0.677609 0.392 -2.15262 -1.09261 2.33204 0.384992 -1.12511 -1.12511 
1.10532 1.10532 0.578385 -0.785232 0.238123 0.862807 0.43212 -0.46679 -1.1562 -0.609639 0.389747 -0.397144 -0.720491 -0.36284 -0.127617 0.00273111 -0.98325 0.0225188 0.882979 -0.252304 -0.290286 -0.521211 -0.716319 -0.537849 -0.429144 0.58468 0.160904 -0.362249 0.710859 1.45418 -0.354287 -3.60763 -0.796566 2.97963 0.931878 -1.1911 -0.831192 0.134758 -0.872281 -0.534593 0.967151 1.0512 1.39794 0.866467 0.0232566 0.0232566 
0.149389 0.149389 1.1303 1.31676 -0.6987 -2.56811 -1.42292 0.741647 1.31313 0.445621 -1.10608 -0.725487 0.408353 0.476976 -0.645793 -0.832812 1.06005 0.309263 -1.42093 -0.325388 0.694152 0.152971 0.144863 0.179665 -0.0616803 -0.398926 -1.01562 0.0602062 1.04353 1.56783 1.7592 -1.32913 -2.63484 -0.347695 1.55879 1.53793 -0.274192 -0.860036 -0.493378 0.242335 -0.0278614 0.180981 -0.125379 -0.295452 0.49354 0.49354 
0.0772353 0.0772353 -1.04048 -1.45248 0.733693 1.97298 0.172486 -0.892816 0.13614 0.359958 0.620959 0.182998 -1.1769 -0.760081 0.451989 0.413678 -0.18644 -0.3671 0.0462659 0.346236 -0.201411 -0.142699 -0.0373649 -0.157418 0.417038 0.137259 -0.049586 0.745754 0.347312 -1.2697 -1.75476 1.25985 3.45317 0.332645 -1.8281 -0.129566 0.124544 -0.598239 0.307444 0.737814 -1.6482 -2.06405 1.09258 1.23545 -0.0126669 -0.0126669 
-1.01403 -1.01403 -1.29073 0.250712 0.0964373 0.194827 1.15572 0.513825 -0.513052 -0.899836 -0.494887 0.411245 1.02583 0.320583 -0.483909 -0.635027 -0.42951 0.149597 0.73006 0.423314 -0.119256 0.129138 -0.12247 -0.518708 -0.547307 -0.00640943 1.11945 0.229149 -0.732363 -1.20161 -1.60043 0.183417 0.178862 0.26817 1.23799 0.539273 1.41902 -0.272886 -2.34873 0.139865 1.77064 -0.438782 -2.64034 0.7092 2.06399 2.06399 
0.705065 0.705065 2.12301 1.37975 -0.214205 -0.618961 -0.516351 -0.408077 -0.156214 0.235945 -0.275779 -0.694252 0.0532654 0.491315 0.0918452 -0.0832448 -0.526942 -0.648315 -0.0569154 0.283905 0.000769134 -0.453611 -0.156022 0.495894 0.190879 -1.02793 -1.82768 -0.702743 0.977293 1.17206 0.234701 0.0742516 0.13908 -1.07852 -0.635472 0.738719 0.272247 -0.0565346 0.108973 -0.818809 0.698979 0.377356 -3.89172 -0.720368 2.00915 2.00915 
-0.909819 -0.909819 -0.993415 0.0346122 0.14292 0.074177 -0.702922 -0.79152 -0.405839 -0.79554 0.392748 1.29596 -0.0256221 -0.705927 -0.233617 0.315282 0.676207 -0.0847327 -0.740029 -0.1424 0.457747 0.0162146 -0.346473 -0.515685 -0.0459425 1.2886 1.15188 0.0171455 -0.791376 -1.99037 -2.1586 -0.0860351 2.36519 2.13706 0.334906 -0.68438 -1.97205 -0.322797 1.89698 0.580773 -0.411209 -0.47298 0.394773 1.70771 0.979098 0.979098 
0.671527 0.671527 0.9583 -0.171432 -1.04622 -0.799857 -0.377932 -0.2659 0.43399 0.751542 0.0207945 -0.00974554 0.0548041 0.222014 0.26547 -0.386665 -0.237487 -0.109685 0.113083 0.341901 -0.157565 0.108807 0.57959 0.402494 -0.786057 -1.55777 -0.465225 0.574649 0.784481 2.25971 1.65823 -2.53815 -1.90984 1.32911 0.535235 -0.370424 0.0465419 -0.0832273 0.138764 1.36221 1.12612 0.194907 1.14388 -1.1902 -2.14315 -2.14315 
-0.477363 -0.477363 -1.6892 -1.25985 0.758665 0.94223 0.0528353 0.0314648 0.328907 0.553871 -0.112594 -0.342897 0.573262 0.626943 -0.0237283 -0.51683 -0.187269 0.976529 0.66125 -0.228966 0.136624 0.362521 0.176419 0.338351 1.07004 1.20348 0.0453055 -0.593005 -0.868593 -1.68666 -0.306572 2.70833 2.65595 -0.474293 -1.60201 -0.113675 -0.0931198 -0.164706 0.727348 -0.343331 -1.2279 1.06309 1.23969 -1.67434 -1.38442 -1.38442 
