27
0.286688 0.59329 0.468904 0.780763 0.866806 0.905855 1.0158 1.01089 1.02261 0.988684 0.992076 0.910611 0.722049 0.562432 0.426873 0.126832 -0.0869302 -0.322576 -0.478036 -0.687214 -0.954981 -1.05975 -1.25089 -1.49306 -1.58108 -1.84439 -1.92224 
1.03056 0.901022 1.65812 0.674393 0.626739 0.790539 0.038769 -0.143232 -0.322094 0.144305 -0.0905647 0.0890675 0.447612 0.826243 0.523479 -0.355056 -0.704677 -0.618928 -0.335016 0.975219 0.848063 0.542214 -0.307303 -0.760292 -1.44359 -2.70109 -2.3345 
0.690948 0.248077 0.547195 -0.207806 -0.32224 -0.556162 -0.773779 -0.839531 -0.841351 -1.1965 -1.19475 -1.13844 -1.08446 -1.44443 -1.35009 -0.77893 -0.276044 0.331466 0.486287 0.579534 1.13114 1.10215 1.53282 1.3232 1.56732 1.21245 1.25192 
0.0900039 -0.287111 -1.23785 -0.725666 -0.638488 -1.33925 -1.02895 -1.03707 -0.642451 -0.878133 -0.432308 -0.613129 0.0417133 0.0773755 0.00269949 0.149113 0.690897 1.44113 2.29681 1.48717 2.10901 1.19174 0.571258 0.253625 -0.025258 -0.379429 -1.13745 
-1.14246 -1.21465 -1.13204 -1.10092 -1.1262 -0.854634 -0.878055 -0.889795 -0.97992 -0.845415 -0.667565 -0.508436 -0.489406 -0.267136 -0.0963342 0.3265 0.355112 0.994293 1.27871 1.50654 1.76566 1.36069 1.14613 0.991925 0.950843 0.854268 0.662292 
-1.91932 0.0792136 -0.822626 0.212316 -0.0543166 -0.0394513 0.931035 0.574874 1.5882 1.19565 1.11382 1.24387 0.229978 0.313993 0.15991 0.800876 1.51405 -0.50749 -0.0243681 -0.92988 -1.97888 -0.150014 -2.07521 -0.896811 -0.102417 -0.58122 0.124218 
-0.0890116 -0.168187 0.315485 0.374726 0.281559 0.668951 0.527798 0.182589 -0.208852 -0.425446 -0.79526 -0.469292 -1.22643 -1.53679 -0.69298 -1.30127 -1.00066 -0.921148 -0.564847 -0.300582 -0.888134 0.518874 0.304093 1.31278 1.96694 1.73821 2.39689 
0.787742 1.24879 1.05797 1.41492 1.22904 1.36507 1.21869 1.14296 0.892051 0.0950435 -0.119394 -0.546062 -0.198234 -0.963203 -0.391684 -0.783916 -0.942187 0.224937 -0.071153 0.186674 0.0366571 -0.468154 -0.155672 -1.62143 -0.900675 -1.75008 -1.98871 
2.1839 1.52364 0.518566 0.746426 1.30774 -0.0937883 -0.253796 -0.523834 -0.641922 -0.0899416 -0.00864883 -0.27041 0.337244 0.775852 0.670713 1.01087 1.15994 0.647161 -1.20097 -1.04525 -0.626731 -0.402961 -0.721761 -0.168176 -1.29595 -1.72964 -1.80827 
-1.85321 -2.26152 -1.016 -1.28383 -1.37557 -0.779154 -0.898803 -0.356629 0.145366 -0.0879187 0.15329 0.0948975 0.53603 1.15133 0.727876 -0.409937 -0.676375 -0.0221097 0.517563 0.840363 1.21975 0.873589 0.313239 0.83312 0.922385 1.26208 1.43017 
-1.66476 -1.25765 -0.887768 -0.887009 -0.524637 -0.62018 0.557991 0.0690844 -0.408575 0.203466 0.195373 0.707102 0.687286 1.73492 0.634806 0.760393 0.1769 -0.582669 -0.59113 0.420399 -0.0858653 -0.10661 -1.90898 -0.0339425 -0.63773 1.42576 2.62402 
1.47259 0.824946 1.1305 0.637355 1.13759 1.25993 1.01646 1.2384 0.560075 0.193009 0.0888427 -0.454607 0.164877 -0.117339 0.26039 -1.41071 -1.82835 -1.56182 -1.66716 -1.05632 -1.10665 -0.798824 -0.56708 -0.446736 -0.424841 0.565012 0.890465 
0.133917 0.427529 0.280492 -0.12997 0.188048 -0.0561279 -0.56155 -0.806358 -0.704572 -1.24068 -1.38538 -1.11237 -1.29518 -0.657952 -0.650867 -0.821187 -0.542806 -0.744734 -0.193136 0.483904 1.31891 1.43263 1.15853 1.41666 0.0732562 2.18913 1.79986 
1.3725 1.3725 1.39253 2.19435 1.15484 1.24592 1.07841 0.704122 0.593579 0.561854 0.380702 -0.35072 -0.648512 -0.446551 -0.981625 -1.27961 -1.03423 -0.812079 -0.711229 -1.13916 -0.74131 -0.449363 -0.972909 -0.579961 -0.660534 -0.621761 -0.621761 
1.04134 1.04134 0.0478808 -0.88808 0.446543 -0.372375 -0.774557 -0.108239 0.645878 0.580739 0.247217 0.937383 1.16883 0.399697 -1.06244 -1.11694 0.00456486 0.741392 2.16552 1.68743 -0.192144 -1.03228 -1.20341 -1.01009 -1.94577 -0.724715 -0.724715 
-0.369658 -0.369658 -0.999326 -1.83359 -0.782409 -0.990563 -0.651311 -0.215978 -0.79979 -0.792588 0.0374679 0.142843 -0.696942 -0.615537 1.26287 2.08704 2.16037 1.45821 0.420773 1.22122 0.97462 0.730638 0.366279 -0.0100551 -0.303082 -0.715916 -0.715916 
-1.49233 -1.49233 -0.375784 0.927358 -0.595533 -0.315405 0.554227 0.660102 0.374389 0.438677 0.507557 0.769985 1.04179 0.125853 0.264905 1.03889 1.79701 2.19112 0.232635 -0.0609591 -0.196091 -1.75586 -1.00299 -0.574109 -0.619984 -1.22156 -1.22156 
-0.34744 -0.34744 -0.0550147 -0.360397 0.320185 0.32543 -0.476461 -0.665266 -0.251317 0.507192 0.576893 0.127348 0.306068 0.735665 1.30337 0.900894 1.51327 2.23732 1.07299 1.00141 -0.789756 -2.13055 -1.42075 -0.92969 -0.766577 -1.19369 -1.19369 
1.07676 1.07676 0.0355123 0.721911 -0.380374 0.956445 0.555518 0.601807 0.562493 -0.620924 -0.056221 -1.06339 -1.11313 -0.184032 0.417804 1.35495 -1.52212 -1.77071 -0.564747 -2.22034 0.734399 -0.212406 -0.915299 2.02346 0.232709 0.136583 0.136583 
0.342209 0.342209 0.56679 -0.369136 0.163292 0.0854347 -1.10322 -1.50931 -1.30063 -1.26554 -0.38523 -1.01367 -2.04612 0.551442 0.0680443 -0.813307 0.302665 0.393023 0.692782 -0.838626 1.01548 1.62031 0.974031 2.38389 0.376171 0.383511 0.383511 
0.907135 0.907135 0.723552 0.732273 0.342702 0.412352 0.038931 -0.145398 -1.41729 -1.35299 -0.699926 0.29158 -0.304983 0.0894742 0.746761 -0.540155 2.20963 1.96659 0.363132 0.620719 -0.724123 0.0914503 -1.60309 -0.883137 0.20375 -1.48804 -1.48804 
-1.43504 -1.43504 -0.466832 1.24082 -0.535509 -1.32188 -0.0883504 -0.0426496 0.853499 1.07086 0.183734 0.757564 1.52109 0.74402 0.636685 0.913823 -0.0160272 -2.19335 -1.46456 1.00651 1.08069 0.276878 0.636436 -0.245492 -1.3218 -0.178042 -0.178042 
0.778278 0.778278 0.982531 -0.96177 0.294785 0.254203 0.175346 1.07918 -0.0482934 -0.427462 -0.173178 0.117501 1.09702 -0.160051 -2.70899 -2.48069 0.124897 1.29694 0.815007 0.581966 -0.390675 -1.75701 -0.497822 0.446682 0.184694 0.299315 0.299315 
0.318089 0.318089 -0.0320299 -0.0384973 -0.121473 0.58143 0.242503 -1.18418 -0.235592 0.168994 0.0825636 0.0724623 0.534203 -0.396594 -1.19104 -0.745915 -1.50858 -1.01312 0.512881 0.0839667 -0.805455 -1.9222 -0.288765 0.743949 0.906327 2.45899 2.45899 
-0.466488 -0.466488 -0.258756 0.00299435 0.830544 -0.169396 -0.0354787 -0.620158 -1.4121 -0.640125 -0.877281 0.0957002 0.446941 0.121891 -1.74552 -2.81493 -0.209718 0.210186 0.673147 0.7471 0.339681 0.718951 0.466867 0.184716 1.35381 1.76196 1.76196 
-0.0668567 -0.0668567 -1.01306 -0.388075 -0.164602 -1.27123 -1.27208 -0.456047 -0.847527 -1.17877 -0.0913992 -0.142627 0.346852 0.602058 -0.483212 -0.118617 -0.161094 0.206084 1.38733 1.7682 1.01116 -0.479372 -0.285299 -1.72234 0.774289 2.05655 2.05655 
0.361676 0.361676 2.11317 -0.201282 -1.75383 0.15097 -0.865565 -0.741129 0.00715876 -0.147079 -1.67549 -1.93028 0.108596 -0.40972 -1.50179 0.203013 1.33919 1.02349 -0.396547 0.252221 1.82472 -0.187974 0.0326512 1.00028 0.226622 0.402625 0.402625 
-0.653296 -0.653296 -1.35526 0.390785 0.478566 -0.824024 0.28989 1.1571 0.608519 -0.207201 0.359271 0.782991 -0.311469 -1.58164 -1.04567 0.892037 1.48552 1.71249 0.801313 -1.67644 -1.94797 -0.666651 0.108437 -0.464973 0.305817 1.00757 1.00757 
-0.571755 -0.571755 -1.41539 0.284333 0.917478 0.197551 0.848262 -0.0851652 -0.518102 0.911639 1.01091 -0.677674 -0.701914 2.04679 2.7979 0.972557 -0.57091 -1.69414 -0.174664 0.625046 -0.431111 -0.550189 -0.684028 -0.611895 -0.648805 -0.352487 -0.352487 
0.969543 0.969543 2.14221 -0.232959 -1.15355 0.999432 0.842626 -0.197045 -0.234468 0.0846234 0.262924 0.445529 -0.614853 -0.734312 0.78641 1.3435 1.00165 -1.44296 -2.06181 -0.421014 -1.56042 -0.761325 1.02822 0.309448 -0.617838 -0.576557 -0.576557 
0.363407 0.363407 0.0552189 0.446942 0.760423 -0.73567 -0.931503 0.295508 1.25153 0.904113 -0.315039 -0.205018 0.6822 1.07476 0.235043 0.280127 1.417 -0.376031 -1.17898 -1.81156 -3.09244 -0.568491 1.28019 0.728473 -0.198128 -0.36274 -0.36274 
-0.707682 -0.707682 -0.185076 -0.231547 0.263665 0.797659 -0.184915 0.0904078 -0.845858 -0.385975 -0.251783 -0.719603 0.754615 1.25071 1.25684 -1.39191 -2.2947 0.814018 -0.257239 1.07423 1.61389 -1.17094 1.78743 0.959159 -1.35152 0.0119094 0.0119094 
0.192133 0.192133 -0.652373 -0.374596 0.399658 -1.15331 -1.44948 -0.188645 0.209448 0.815475 0.216755 -1.50917 1.40172 1.89714 -1.24195 0.201192 1.07799 0.3415 -1.12185 0.280668 2.20823 -0.0479145 0.678486 -0.549973 -1.81549 -0.00388834 -0.00388834 
0.0555267 0.0555267 0.0631771 -0.117527 -0.0640767 -0.0499094 -0.272714 -1.0609 -0.842788 0.845887 1.65928 0.56304 0.0392774 1.13922 -0.33577 1.49988 2.41563 -1.40327 -0.9641 -0.737225 -0.247728 -0.554503 -0.638386 1.80164 -0.314078 -1.26756 -1.26756 
0.532256 0.532256 1.67285 -0.16031 -1.82614 0.184234 0.739999 0.514653 0.62931 -0.561794 -0.323698 0.778826 -0.123484 -0.705162 -0.00102083 -0.550404 -2.18981 -1.08195 2.02285 1.58561 -0.60178 -0.411167 -0.463345 -1.42241 -0.0693861 0.649515 0.649515 
0.143565 0.143565 -1.08112 -0.418293 0.780833 -0.0603245 0.534552 -0.125959 -0.934106 -0.0637547 0.358173 0.814988 -0.159917 -2.38244 -1.44683 1.79993 2.39438 0.449599 -0.435442 -0.744533 -1.45838 -0.052582 1.40298 0.444816 -0.0779155 0.0871068 0.0871068 
-0.467675 -0.467675 -0.473143 -0.247317 0.352339 0.135974 -1.66424 -0.575858 0.97218 0.09724 -0.253309 0.210079 -0.568217 -1.63012 -0.467001 -0.440133 -0.397588 1.5371 0.7557 -1.28614 -1.86759 0.265069 2.08208 0.838545 1.27808 1.14081 1.14081 
0.0168632 0.0168632 0.239213 0.76573 -0.30604 -0.89526 -0.542508 -1.329 -0.17656 0.294716 0.465463 0.965288 -0.13735 -2.02203 -2.65434 1.14502 2.41015 0.590369 0.296494 -0.442868 -0.183511 -0.0515586 -0.613416 0.593834 1.18022 0.18711 0.18711 
-0.889024 -0.889024 -0.391121 0.540713 -0.83879 -1.0175 0.514198 0.202999 -0.710986 0.467153 0.690233 0.213915 0.458037 -0.796497 -0.709351 0.121397 0.123454 1.09834 1.10925 -0.434903 -1.92577 -1.16805 -1.12544 0.708907 2.87526 0.886298 0.886298 
