30
0.224605 0.269749 0.738619 1.25025 1.29545 1.19242 1.17945 1.06856 0.979913 0.899738 0.860444 0.803514 0.770674 0.650033 0.459738 0.319735 0.123164 -0.120763 -0.281675 -0.361385 -0.586754 -0.720923 -0.990742 -1.12743 -1.21996 -1.42388 -1.51508 -1.561 -1.58678 -1.58969 
-3.28839 -2.34467 -0.312982 0.332082 0.503708 0.875857 0.734561 0.408389 0.68742 0.721473 0.616957 0.689423 0.721678 0.614985 0.699185 0.697841 0.624542 0.426923 0.207212 0.296371 0.552006 0.471405 0.32662 0.0888288 -0.221251 -0.688139 -0.812488 -0.949527 -1.27074 -1.40927 
-1.81107 -0.979501 0.551706 -1.08643 -1.55669 -1.54408 -1.14186 -1.34332 -1.02529 -0.435853 -0.127252 0.45935 0.352522 0.23781 0.231419 0.622822 0.712525 1.16445 0.899397 0.683478 1.42177 1.44713 1.30252 1.22042 0.908159 0.534561 0.291958 -0.209138 -0.861577 -0.919929 
-2.2856 -1.60174 -0.878379 -0.740344 -0.282974 0.298913 0.266008 -0.0656416 -0.0028563 0.197005 0.745809 0.561998 0.782609 0.919099 1.34012 1.33037 1.35825 1.44849 1.27621 0.956119 0.502519 -0.0837339 0.0307446 -0.166414 -0.480007 -0.796873 -0.479035 -1.17912 -1.62392 -1.34762 
0.198061 0.661048 0.667032 0.429329 0.417297 0.0824275 -0.350043 -0.817358 -0.969808 -0.814169 -1.17219 -1.29521 -1.14131 -1.21638 -1.45072 -0.844739 -0.988494 -0.971412 -0.51229 -0.395473 -0.171629 0.345222 0.560972 0.940261 1.51879 1.59623 1.53759 1.41161 1.35516 1.39021 
0.952865 2.07725 1.50726 0.911604 0.34366 -0.227079 -0.734752 -1.18165 -1.37256 -1.41398 -1.3659 -1.18826 -0.897702 -0.532262 -0.529405 -0.789789 -0.517599 -0.627657 -0.564741 -0.359 -0.467704 0.113587 -0.138245 0.310556 0.871877 1.13113 1.59564 1.34081 1.01594 0.736104 
-1.54294 0.272789 0.203917 0.279576 0.600093 0.742868 1.14948 2.07483 2.08212 1.35553 1.42862 1.17044 0.694492 -0.0124335 0.179876 -0.0134289 -0.125028 -0.251486 -0.679731 -0.443582 -0.468886 -1.26948 -1.21129 -0.756 -1.11187 -0.766307 -0.5795 -0.915333 -0.993925 -1.0934 
-1.22804 1.66419 1.84007 1.8893 1.20934 0.652731 0.276082 0.370956 0.107333 0.944034 0.827524 1.14219 0.181953 -0.0771997 0.694772 0.393332 -0.247843 -1.10906 -0.541848 -0.575065 -1.44798 -1.05147 -0.519813 -1.71361 -0.908702 -1.02347 -0.691748 0.47381 -0.660971 -0.870805 
-2.01768 -1.29873 -1.9726 -1.30078 -1.0288 -1.10658 -1.51792 -0.846274 0.151263 0.944695 1.31753 0.967127 -0.0515371 -0.237373 -0.230926 0.181972 0.619283 0.714012 1.7077 1.27789 0.282496 0.16737 0.572948 1.26608 0.419771 -0.109711 -0.399588 0.59469 0.515797 0.417868 
-0.977761 -0.543784 -0.239769 -0.504294 -0.739169 -1.15677 -0.179431 -0.501723 -1.2765 -0.334735 0.14043 -0.194782 0.803802 -1.57201 -0.83024 0.422913 0.0198885 0.649436 0.530406 -0.647219 -1.01812 -0.203829 1.04589 3.05956 0.931488 0.788716 -0.971957 1.59163 0.811982 1.09596 
2.08392 1.03887 -0.0787751 -0.343615 -0.826518 -1.36687 -1.50226 -1.90057 -2.42522 -1.62657 -0.453015 -0.0550042 -0.0787238 0.243188 1.44461 0.420589 0.690358 0.267305 0.892495 0.706362 -0.0899087 1.03082 0.538011 0.554588 0.385837 0.307578 -0.255497 0.211994 0.300703 -0.114688 
0.861664 1.46817 1.08781 1.79863 1.83901 1.6942 1.62268 1.13384 0.201979 -0.736696 -0.838324 -0.0616786 -0.271306 -0.269152 0.279625 -0.178065 -1.12502 -0.997822 -0.917816 -0.347645 -0.0898434 0.00538028 -0.31382 -0.390642 -0.431833 -0.468748 -0.638834 -1.58658 -0.696164 -1.633 
1.29059 1.62665 1.56868 1.46618 1.55894 2.00007 1.26296 0.936113 0.581395 0.518552 0.0162485 -0.0930296 -0.124463 -0.363391 -0.45929 -0.489022 -1.14695 -1.23042 -0.931455 -0.771677 -1.06734 -0.643633 -0.733996 -0.854268 -0.883341 -0.385319 -0.634515 -0.664795 -0.388323 -0.961162 
1.88001 1.88001 3.29407 2.0098 0.14658 -0.0297568 -0.053578 -0.282988 -0.18989 -0.0402729 0.0301912 0.0497529 -0.143376 -0.620668 -0.679357 -0.698384 -1.01341 -0.905314 -0.407525 -0.602914 -0.767993 -0.902735 -0.910386 -0.372955 -0.57675 -0.572728 -0.0937651 0.104542 0.234902 0.234902 
2.85224 2.85224 2.54726 0.647829 0.369136 0.0495904 -0.663513 -0.234288 0.133562 -0.258103 -0.218877 -0.0792115 -0.262163 -0.209119 -0.101539 -0.262371 -0.462801 -0.612313 -0.319465 0.165944 -0.00741019 -0.416306 -0.576823 -0.745617 -0.979564 -0.789901 -0.453069 -0.654104 -0.655628 -0.655628 
2.48389 2.48389 -0.213685 -2.39981 -0.596756 0.356219 0.122394 0.0304455 0.894311 0.884007 0.880913 0.427154 -0.338866 -0.229162 0.323649 0.428609 0.494711 0.107228 -0.622229 0.473687 0.737227 -0.227139 -0.344518 -0.527634 -0.846023 -0.769939 -0.9092 -1.35685 -0.873257 -0.873257 
2.05844 2.05844 1.21709 0.807077 1.49125 0.73552 -0.672642 -0.52514 0.294152 1.04332 0.451911 -0.0539768 0.439747 0.748659 0.523244 -0.0827551 0.0713705 -0.237154 -0.869659 -1.3033 -1.71357 -0.837914 -0.238149 -0.897995 -1.08252 -0.109204 -0.699914 -1.87547 -0.37043 -0.37043 
0.82306 0.82306 -0.651234 -0.689142 -0.893584 -1.77821 -2.05689 -1.46771 -0.156971 -0.589513 -1.17583 -0.0987068 0.00217516 -0.814689 0.618282 0.80886 -0.430211 0.838279 1.04813 0.553088 1.39478 1.37775 1.08831 1.85162 1.21651 -0.124117 -0.552128 -0.547542 -0.208724 -0.208724 
0.938038 0.938038 -1.75702 -1.75382 -1.71477 -1.62034 -1.4263 -0.929975 -0.294638 0.0798206 0.423047 0.802973 1.09723 0.646449 -0.334128 0.0878767 0.323417 -0.00448438 0.490326 0.221422 0.809857 0.585595 0.378002 1.6521 1.3551 1.20341 0.397921 -0.838929 -0.87811 -0.87811 
2.38064 2.38064 -0.0252561 0.51313 0.605927 0.724963 1.807 1.25487 -1.02918 -0.938204 -0.290563 -1.04967 -1.67013 -0.746172 -0.036017 -0.456215 -0.363789 -0.801599 -0.300241 0.256884 -1.17657 -1.06113 0.675322 0.102821 -0.048892 0.701445 -0.24069 -0.607644 -0.280839 -0.280839 
2.7069 2.7069 0.205256 -0.547826 -1.08093 -0.814039 -0.240773 -0.141319 0.511439 0.64089 0.181532 -0.56089 -1.06581 0.458415 0.421206 -0.822268 -1.31483 -0.251534 0.477047 -0.790169 -0.412034 0.823897 -0.575474 -0.335027 0.614453 0.198074 1.32467 0.0342509 -1.176 -1.176 
-0.104416 -0.104416 -0.157795 0.913402 0.064463 -0.709404 0.139334 1.7349 1.87283 1.16535 -0.130063 -1.70596 -1.51958 -0.358628 0.319444 0.807403 0.447074 1.07718 0.483135 -1.76953 -1.41315 0.173472 1.08883 -0.328944 -1.71356 -1.0834 0.642274 0.881216 -0.355722 -0.355722 
0.480318 0.480318 -0.0646847 -0.485151 -0.604588 0.341236 0.4156 -0.951476 0.0347953 1.01005 0.0137004 0.422096 -1.17007 -1.37045 1.46104 0.567812 0.0812462 0.302832 -1.10721 -1.30373 0.250456 1.51494 2.45075 -0.18476 -1.86731 -1.58065 0.53097 1.29641 -0.482242 -0.482242 
-2.09126 -2.09126 -1.26796 -0.598173 -0.888898 -0.522195 -0.37231 -0.783067 0.479986 2.27197 1.84921 0.585819 0.505518 1.79832 0.378056 -0.605047 0.0291117 0.404159 0.654161 -0.845791 0.533232 0.853453 -0.311667 0.0302819 -0.0697907 -0.485888 0.0899975 0.777772 -0.153861 -0.153861 
0.547093 0.547093 0.699088 1.31218 0.0653944 -0.0976591 -0.598961 -1.85261 -2.50808 -1.29831 1.20117 1.04379 -0.0847535 1.02035 0.350292 -1.82921 -0.976942 0.519488 1.16497 1.42404 0.731975 -0.108802 -0.359498 0.0456033 0.103754 -0.0840657 -1.41128 0.134027 0.149928 0.149928 
1.04397 1.04397 -0.0437397 0.330073 1.67838 -0.379805 -2.28454 -1.33615 -0.681368 -1.0474 -1.16257 0.00526239 -0.316291 -0.476174 0.0426648 -1.35127 -1.48454 0.888721 1.49201 0.0172403 0.67182 1.18099 -0.168158 -0.0161498 1.51732 0.97138 -0.338896 0.964845 -0.380789 -0.380789 
1.72555 1.72555 0.220329 -3.6208 -2.32225 -0.166391 -0.228595 -0.0915596 0.352679 0.326151 0.173719 -0.135224 -0.717561 -0.559992 -0.0228826 -0.323321 -0.174327 0.778331 0.422632 -0.354282 -0.283199 -0.0986868 0.689133 0.459242 -0.16594 0.634287 0.861998 0.453419 0.220994 0.220994 
-0.0924136 -0.0924136 -2.9745 -2.93462 -0.537387 -1.19654 -0.0603959 1.57978 0.33421 -0.164426 0.641784 0.304665 0.173231 0.614066 0.289543 -0.177813 -0.160636 0.587835 1.55123 0.843838 -0.513127 -0.493648 -0.129332 -0.24075 0.303151 1.16922 0.576395 0.0629943 0.368032 0.368032 
-1.74782 -1.74782 -3.33991 -0.0622398 2.22387 0.740473 -0.020511 0.778902 0.838361 0.206981 -0.115972 -0.671587 -0.261235 0.699228 0.695773 0.341318 -0.0173123 -0.596693 0.483619 1.20679 -0.29365 -0.571061 -0.00210245 -0.148491 0.0402762 0.170729 -0.21069 0.242916 0.568925 0.568925 
-0.697789 -0.697789 -1.10561 0.411741 0.0678792 -2.01325 -1.11486 1.10067 1.69911 0.295967 -0.952366 0.126954 0.937391 0.222102 -0.687909 -0.3104 -0.0145191 -0.796936 -0.921385 -0.700341 0.601949 1.60657 0.0792934 -0.700792 0.92362 0.519606 -1.61775 0.466772 1.63603 1.63603 
-1.3097 -1.3097 -1.346 -0.129964 -0.940802 -1.01189 0.399463 1.92152 0.943093 -0.873563 0.572123 1.2302 -0.583524 0.692113 1.65686 -0.901943 0.130287 1.5178 -0.170989 0.434083 0.891834 -0.191367 0.555903 0.224882 -1.7899 -1.59157 -0.303365 0.430967 0.426576 0.426576 
-2.19417 -2.19417 -2.19135 0.224876 0.305504 0.442478 0.797644 1.18764 1.07994 0.821788 0.826621 0.783345 0.0492186 -1.0774 -0.306086 0.768641 0.105922 0.335048 0.387186 0.469926 0.509378 -0.194102 1.13005 1.05104 -0.208977 -0.658349 -1.61734 -0.94013 0.152918 0.152918 
-1.73226 -1.73226 -1.30032 0.70434 0.367902 1.16155 0.623089 -2.07747 -1.56152 0.790535 0.108522 -0.908853 0.441446 1.50897 0.43058 -0.0650148 -0.0791444 0.248935 1.04716 -0.505111 -0.859469 1.68369 1.13177 -0.383074 0.678219 0.044075 -0.85231 0.165741 0.460142 0.460142 
-1.5558 -1.5558 -2.10871 -0.663416 0.0854438 0.897735 0.774803 0.833166 0.855189 0.0386793 -0.601445 -0.634897 1.02926 1.37266 -0.659376 -0.993695 0.699925 1.59648 -0.114567 -0.371863 1.46593 0.160899 -0.569981 1.15453 0.672296 0.802334 0.160617 -1.55509 -0.607666 -0.607666 
0.00390265 0.00390265 0.658592 0.172365 -0.955292 0.0822858 1.53042 1.09599 -0.311569 -1.18759 -1.71834 -0.812711 0.85998 1.16049 0.749176 0.114531 0.201408 0.0585662 -1.70331 -1.12244 1.22404 1.56567 -0.270538 -1.67623 -0.42458 1.47636 1.23725 -0.573424 -0.719459 -0.719459 
-0.229349 -0.229349 -0.468415 -0.22645 0.550386 0.660576 -0.654477 -0.13599 1.1958 0.0685307 -0.253772 -0.592538 -0.938669 1.5765 1.18257 -0.703986 -0.0701358 -0.595197 -0.832923 0.852455 1.68315 1.33155 -0.885879 -2.37461 -0.713141 1.44412 1.71635 -0.495561 -0.930771 -0.930771 
0.605014 0.605014 1.18578 0.219823 -0.0429821 0.339067 -0.335063 0.630157 2.54014 1.07838 -1.57091 -1.27397 0.942484 -0.219384 -2.1928 -0.411429 0.766212 0.433114 -1.19269 -0.21372 1.36454 -0.841468 -0.822628 0.100867 -0.55643 0.0296886 0.986848 -0.320311 -0.916675 -0.916675 
0.119065 0.119065 0.541316 -0.422062 -0.956613 -0.44318 -1.1943 -1.30048 0.396141 2.56905 1.62746 -0.871268 -0.00176257 0.31401 -1.94819 -0.899723 1.632 1.48958 0.637376 -0.283834 -1.04133 -0.737348 0.120725 0.333436 -0.0749254 -1.02907 0.164588 1.08963 0.0253329 0.0253329 
-0.634353 -0.634353 -0.374232 1.32089 -0.371438 -2.6351 -0.542946 1.23812 0.323466 -0.212312 0.855044 0.711429 -0.212475 0.37232 -0.486402 -0.940182 1.68125 2.1938 -0.48389 -0.448199 0.932341 -0.461969 -0.710502 1.29539 0.809718 -1.16913 0.11799 0.0933857 -0.813834 -0.813834 
