37
0.602471 0.536722 0.603804 0.941829 1.33542 1.23148 1.24873 1.27603 1.27374 1.26319 1.23263 1.24075 1.11292 0.959131 0.837478 0.622618 0.389963 0.246254 0.0724307 -0.179429 -0.343225 -0.485858 -0.754741 -0.898972 -0.959023 -1.02256 -1.0392 -1.09315 -1.13128 -1.09498 -0.754164 -1.19519 -1.23641 -1.20566 -1.24991 -1.21772 -1.16615 
-2.64062 -2.48912 -1.70713 0.0327859 0.608635 0.737348 0.790984 0.914075 0.811541 0.925285 1.07315 0.888569 0.752678 0.789551 0.821934 0.696645 0.653572 0.498923 0.658747 0.879898 0.852134 0.808152 0.597159 0.326356 0.0229439 -0.122259 -0.0677754 -0.239567 -0.171111 -0.557058 -0.607938 -0.870832 -1.14591 -0.982133 -1.25372 -1.15426 -1.13164 
-1.5114 -1.38989 -0.693928 0.620772 -0.860162 -1.24867 -0.999175 -1.21298 -1.655 -0.999728 -0.796982 -0.380639 -0.149756 -0.0837918 0.190877 0.991454 1.19637 1.06063 0.581287 1.21403 1.86434 1.86887 1.54314 1.53662 1.19014 0.64963 0.36371 0.177316 0.381522 -0.184561 -0.0998682 -0.0149309 -0.639058 -0.42437 -0.959233 -0.851964 -0.274637 
-1.9736 -2.22558 -1.6647 -1.31885 -0.73879 0.361102 0.0365894 0.0796652 -0.285579 0.133536 0.346462 0.475959 0.808822 1.11681 1.4387 1.60233 1.44554 1.42246 1.26753 1.11323 1.45169 0.739179 0.326304 0.489183 0.18999 -0.327385 -0.762854 -1.26199 -1.05727 -0.79558 -0.447051 -0.464622 -0.304351 -0.446632 -0.0966564 -0.363136 -0.31044 
0.171424 0.405265 0.648314 0.379234 0.381977 0.389061 0.322031 -0.467974 -0.649441 -0.888939 -1.13444 -1.16427 -1.39197 -1.34987 -1.28841 -1.38885 -1.42811 -1.28537 -0.812864 -1.03737 -1.3162 -0.89544 -0.23765 0.3391 0.644034 0.579803 0.807766 0.915018 1.03334 1.33716 0.94221 1.05229 1.40523 1.21357 1.24236 1.32371 1.20428 
0.320192 0.566965 1.18507 1.8448 0.389353 -0.232189 -1.13704 -1.34112 -1.66749 -1.71126 -1.37376 -0.911418 -1.14098 -1.17482 -0.559927 -0.604894 -1.02341 -0.559156 -0.342588 -0.568053 -0.74555 -0.701905 -0.229406 -0.0350441 0.105085 0.26328 0.66556 0.693152 1.19762 1.35097 0.516667 1.07727 1.16971 1.25362 0.853325 1.19675 1.41063 
-2.48002 -1.4935 -0.243174 0.593105 1.14822 1.13702 1.86918 2.13881 2.07673 1.56042 1.27133 0.253687 0.234702 0.279831 -0.135242 0.281407 -0.0303472 0.22553 -0.406432 -0.792792 -0.370623 -1.24903 -0.825946 -1.24776 -0.433367 -0.993258 -0.864627 -0.603958 0.125729 0.11744 -0.365977 -0.469751 0.0471331 0.429568 -0.186849 -0.388836 -0.208359 
-0.892814 1.2714 2.56196 1.74136 0.539938 0.359008 0.0635865 -0.333758 0.602597 1.51301 1.75323 1.23609 0.391277 0.184909 -0.574748 0.194304 -0.690075 0.365618 -0.088821 -1.36207 0.784167 -0.348748 -1.12942 -1.36307 -0.398939 -2.11875 -0.823202 -0.848042 -0.362594 -0.470886 -0.780934 0.983874 -0.304534 -0.589735 -0.926246 0.0248087 -0.163753 
-0.777411 -1.33665 -0.870171 -2.46309 -1.22817 -0.85867 -1.31927 -1.11102 -0.603809 -0.161775 -0.280179 -0.731649 -0.67868 0.145526 -0.0969076 -0.410848 -0.391774 0.848445 1.28761 2.15338 1.92592 1.13188 1.48328 0.87552 0.306009 0.107812 -0.0284121 -0.695023 -0.362567 0.348228 0.0259766 0.884529 -0.310572 1.15532 1.12634 0.587625 0.323247 
-0.138195 -0.0220042 -0.429183 -0.795287 -0.559965 -0.0852707 -0.743159 -1.55946 -1.01693 -0.413665 0.180075 -0.513475 -0.954315 -0.742655 -0.485004 -1.77876 -1.46195 -1.74479 -0.713174 -0.0484558 -0.749547 0.36668 2.2483 1.31021 0.573343 1.29514 0.397739 0.118426 0.131065 0.79223 0.782114 1.16914 0.21766 1.62021 1.25882 1.53554 0.95857 
0.268429 0.493189 1.47556 0.983314 -0.180529 -0.544523 -1.55707 -1.17547 -1.9837 -1.36842 -1.15562 -0.0319948 -0.25423 0.516325 0.858166 0.00662225 -0.174342 -0.0323642 -0.0551237 -1.04389 0.608933 0.754908 0.989828 -1.12839 -1.32765 -1.83146 0.102498 0.00351029 -0.0556789 0.833548 0.593681 0.438326 0.082464 2.56541 0.831585 0.00221667 1.49195 
-1.08791 0.0652122 0.542281 0.256284 1.40836 1.80507 2.73973 1.84602 0.444191 -0.372212 -0.144882 -0.622548 -0.876717 -0.495893 0.438946 -0.0594622 -0.420065 -0.154698 0.561507 -0.381241 -0.358533 0.498096 0.947083 -1.1646 -1.2194 -1.9989 -0.63875 -1.39149 -0.717721 -0.365971 -1.05353 -0.45598 1.1084 1.29474 0.00569204 -0.41003 0.428918 
1.07027 2.11731 2.29212 2.32715 1.38479 0.518444 1.17601 0.754102 0.518508 -0.375113 -0.848182 -0.907801 -0.167023 -0.238025 -0.488867 -1.1018 -1.00274 -1.56635 -1.16811 -1.43886 -1.21247 -0.763168 -0.360505 -0.788294 0.0702978 -0.862022 -0.2378 -0.399816 -0.641562 0.136257 0.0206702 0.579337 0.170786 0.156982 0.59113 0.404298 0.280026 
0.360127 0.360127 1.90291 3.15045 1.46177 0.0238329 0.525257 0.450589 0.305956 0.197935 0.269273 -0.102356 -0.720993 -0.697418 -0.930755 -1.35488 -1.08302 -0.858228 -1.27147 -1.23315 -0.815805 -1.21733 -1.22344 -0.42551 -0.117179 0.0486989 0.0853121 0.00318624 0.348048 1.79595 -0.0278811 -1.4876 0.315035 0.303471 0.308963 0.675064 0.675064 
1.25434 1.25434 3.66033 3.34808 0.907576 0.116573 0.108056 -0.128497 -0.142655 0.236622 -0.215249 -0.645052 -0.309619 -0.0547324 -0.30036 -0.414654 -0.459128 -0.151797 0.417433 0.133292 -0.268309 -0.545849 -0.889419 -1.02941 -0.839158 -0.297049 -0.337323 -0.316159 -0.640544 -0.821302 -0.634914 -0.974507 -0.328223 -0.322939 -0.420357 0.02528 0.02528 
0.987796 0.987796 2.60475 -0.345287 -2.65341 -0.3084 -0.0716446 -1.00876 0.168972 1.04274 0.71895 0.757081 0.282261 0.341597 1.33712 1.24259 -0.026266 -0.953553 0.0878662 1.61873 0.767393 -0.555289 -0.570258 -0.59839 -1.32203 -1.23996 -0.760076 -0.0958774 -0.610416 -0.772375 0.109861 -0.850703 -0.67487 -0.553904 -0.699473 0.807724 0.807724 
0.365881 0.365881 1.40238 1.43563 2.74294 1.17465 -0.657597 -0.728215 -0.0762604 0.926136 0.424014 0.631952 0.941411 0.922393 0.672104 -0.157807 -0.481509 -0.478286 -0.705787 0.149623 -0.818157 -2.12078 -0.603087 -0.405991 -1.58537 -1.82164 -1.79002 -0.680103 0.638977 0.888306 0.404137 0.0777444 -0.138469 0.190431 -0.0248987 -0.540304 -0.540304 
0.893723 0.893723 -0.196454 -0.717364 -0.118726 -0.26997 -1.99782 -2.24588 -1.05255 -1.19135 -0.73685 -0.698282 -0.542365 0.0844736 -0.224514 -0.442872 0.0842714 1.19365 0.397577 -1.23111 0.167625 2.19794 2.53608 1.77119 0.381741 0.214893 0.586617 0.348946 0.775045 -0.337568 -0.757532 0.863659 0.209565 -0.49308 0.0987216 -0.222576 -0.222576 
1.10279 1.10279 1.68668 -1.24517 -3.05679 -2.27829 -1.68804 -0.870104 -0.643429 0.29523 1.01083 0.209045 -0.492517 0.701484 0.68575 -0.775417 -0.0554144 0.84255 -0.132664 -0.689845 -0.309341 0.609705 0.822809 0.352862 0.301724 0.672387 0.487725 0.632214 0.81002 -1.08291 -0.507079 0.803276 0.12926 -0.567436 -0.200493 0.667908 0.667908 
2.4006 2.4006 2.22767 1.42751 0.452088 0.655861 0.979088 0.0649372 -0.839652 -1.10093 -1.67795 -1.36706 -0.14385 -0.599736 -0.172127 -0.0532103 -0.238254 -0.606803 -1.346 -0.132726 -0.699053 -0.698003 -0.172487 0.277904 0.118986 -0.670306 0.27413 0.965925 0.656363 -0.739878 -0.849778 0.301534 0.861145 -0.443247 -1.1159 -0.198698 -0.198698 
2.61022 2.61022 0.287859 -1.65106 -1.15336 -0.448431 -0.616814 0.341582 1.35909 0.817463 -0.293263 -1.13748 -0.895679 -0.829426 -0.0704907 -0.167531 0.0554923 0.390011 -1.42205 0.601437 0.710628 -1.56668 -0.867001 0.490555 -0.665771 -0.407903 0.91089 0.28058 0.21565 -0.403294 1.05409 0.292868 -1.30216 -0.56153 0.400351 0.515465 0.515465 
-0.186035 -0.186035 -1.46545 -0.51433 1.91462 -0.183982 -0.38357 0.814329 1.1037 0.329346 -0.776576 -0.564461 1.01449 0.648857 -0.759867 -0.436189 1.48745 2.0074 1.54394 0.718841 -1.33557 -0.619092 -0.388534 -1.52837 -1.02144 -0.485147 -1.06492 -0.484818 1.22004 0.409692 0.592575 -0.48778 0.26395 1.70729 -0.773882 -1.06524 -1.06524 
-0.377368 -0.377368 -0.902255 -0.203015 0.712036 -0.260054 -1.66506 -0.35863 1.1863 1.24203 -0.169308 -1.29525 -0.310102 0.450074 -1.18829 -1.12391 -0.02371 0.754224 1.78546 -0.100268 0.391114 3.2019 0.966168 -1.88355 -0.0770805 -0.251795 -1.34131 -0.350907 0.672626 0.647861 0.349514 -0.674984 0.430226 1.07242 -0.152837 -0.387444 -0.387444 
0.960109 0.960109 0.354577 -1.45796 -1.34964 -1.22187 -0.592193 -0.419646 -0.222303 0.639986 1.0693 0.701903 0.403724 0.8801 -0.489803 -0.931325 -0.0922709 0.0413372 -0.913608 0.501467 1.45979 0.262329 -1.64984 -2.01652 -0.653105 1.14845 1.49033 -0.19293 0.641642 0.489055 -0.393121 -0.491082 1.73703 0.573306 -2.22403 0.498345 0.498345 
1.30663 1.30663 0.0907595 0.661054 1.23786 1.05417 -0.0360765 -2.01012 -1.9448 -0.568367 -0.282176 -0.688982 0.036335 1.0409 0.298057 -0.796431 -0.151135 0.758634 -0.262073 -0.847993 0.672258 1.03241 -1.47545 -1.90109 -0.775549 0.419907 0.442508 -0.137393 0.795767 -0.354386 -0.146719 1.75589 1.40847 -1.00232 -1.511 0.286901 0.286901 
1.85703 1.85703 0.371264 -1.2689 -2.59224 -0.243321 0.409168 -0.902116 -1.59465 -1.94329 -0.718867 1.06322 1.04651 -0.40932 -1.20494 -0.691244 -0.618839 -0.179596 0.25037 -0.00193437 1.05519 1.31399 0.0263016 0.695665 -0.0450542 -0.389139 0.74177 -0.529587 0.850217 1.03544 0.71369 0.283579 -0.556883 0.680311 0.426282 -0.393552 -0.393552 
1.3 1.3 2.40014 -0.449526 -2.81772 -0.886375 0.315828 -0.253899 -0.283312 -0.0928574 -0.325321 -0.933778 -0.585266 -0.245487 -0.640296 -0.194783 0.377468 -0.226691 -0.391133 0.341317 -0.046563 -0.419982 0.637765 0.91505 0.357674 0.118059 -0.100644 0.171186 1.52045 -0.392023 -2.95612 0.241893 1.51895 -0.0658627 0.267182 0.262339 0.262339 
2.24881 2.24881 1.95567 -2.59433 -3.04379 -0.760591 -0.240062 -0.245357 0.332797 -0.0781383 -0.837719 -0.0985812 0.544219 -0.00129226 -0.347887 -0.159039 0.236791 0.812948 0.257662 -0.653773 -0.647577 -0.593096 -0.463959 0.0372013 0.677568 0.461148 -0.0279264 -0.294655 -0.484223 -0.00469934 -0.153817 0.277942 0.601721 -0.0964819 0.31693 0.408388 0.408388 
1.03754 1.03754 -0.947081 -3.58766 -0.0254399 1.68661 -0.521423 0.111618 1.32988 0.319739 -0.242431 -0.344036 -0.329771 0.659393 0.555884 -0.967465 -1.5277 0.0265258 1.68023 0.406892 -1.51282 -0.950154 -0.0792517 -0.556009 -0.481869 0.327798 0.71942 0.0504274 -0.505367 0.434307 -0.10295 -0.57818 0.149414 -0.0668069 0.865772 0.963703 0.963703 
0.908161 0.908161 0.936353 1.16591 -0.191642 -2.85286 -1.58337 0.522349 1.43188 0.453637 -0.219782 0.468151 0.275773 -0.198694 -0.886043 -0.948272 -0.24207 -0.160525 0.561826 -0.0656677 -1.89491 0.211886 1.48311 -0.803048 -1.17039 -0.143887 0.9972 2.08851 1.35904 -0.169478 -0.657486 -0.430355 0.1251 0.125849 -0.589821 -0.407298 -0.407298 
-0.791756 -0.791756 -1.20765 0.140689 0.435828 -1.42162 -1.49892 0.833324 0.920557 0.330685 0.472296 0.233908 0.703578 0.332401 -0.342396 0.325164 1.38522 0.328773 -1.85728 -0.104959 2.81636 1.96958 -0.262084 -1.64137 -1.1639 0.242203 0.185659 0.229072 -0.469475 -1.14496 1.03768 0.850754 -1.00458 -0.00986423 0.2946 -0.177889 -0.177889 
0.414488 0.414488 -1.72443 -3.47207 -0.765198 0.987085 1.01585 0.750604 0.838679 1.19537 -0.0743615 -1.10825 0.347771 0.848114 -1.08895 -0.552199 1.1689 -0.0678433 -1.12944 -0.14038 0.936595 0.814469 -0.198865 -0.391641 0.221623 0.12421 -0.0407945 0.223643 -1.26275 -0.97237 1.36457 0.452753 -1.01148 -0.252056 0.889754 0.622052 0.622052 
-0.0521927 -0.0521927 -0.847009 -1.64414 -0.646916 0.643065 -0.467395 -1.68701 -1.0385 -0.713115 -0.144771 1.64344 0.881789 0.0914956 0.66246 0.0538977 -0.430313 -0.980763 0.590495 0.762208 -0.441919 0.642634 1.08898 0.409111 -0.822296 0.273692 1.74489 0.499265 -1.57483 -1.3765 1.15404 1.81909 -0.620226 -1.84426 0.3625 1.03066 1.03066 
-1.4476 -1.4476 -2.7534 -0.854179 0.926362 0.477776 0.648481 1.44714 0.436923 -0.996377 -1.20016 -0.289275 0.3239 0.672171 0.562198 0.201278 0.49192 -0.878644 0.258821 1.55272 -1.34373 -0.94605 1.50192 0.251955 -0.48865 1.17826 0.580104 -0.351789 -0.344134 0.681095 0.585276 -1.47043 -0.458977 1.26302 0.841754 0.193958 0.193958 
-0.779862 -0.779862 -0.156255 2.27516 0.275589 -1.44783 0.713543 1.03413 -0.258988 -1.17382 -0.527036 1.23332 0.854514 -1.10437 -0.652422 1.53246 1.66115 0.0960365 -0.785859 -1.82897 -0.81823 0.679923 -0.537181 -0.355975 0.742992 0.0304881 0.0592101 1.55715 0.645486 -0.352409 -0.529439 -0.156471 1.49821 -0.621467 -1.75883 -0.132035 -0.132035 
-0.30236 -0.30236 0.117282 0.981448 -0.0215856 -1.41395 -0.0465136 1.72387 0.973267 -0.800911 -1.51008 -0.0718502 1.06009 -0.514392 -0.931967 0.711559 1.13979 1.0984 -0.50017 -0.824157 1.99441 0.357759 -3.03934 -0.61345 0.99193 -0.746072 -0.0468353 1.22129 0.612048 -0.181267 -0.781248 0.0610845 1.06133 -0.337274 -0.863478 -0.128151 -0.128151 
-0.387429 -0.387429 -1.48847 -1.05484 0.123823 0.44053 0.467727 0.205102 0.624094 0.765008 0.0180208 -0.423904 0.0886563 -0.562375 -1.11996 0.221894 0.571263 -0.518522 0.259919 1.42215 -0.164859 -1.90857 -1.4039 0.585887 1.903 1.28246 -0.83443 -0.535139 0.394688 -0.64817 -0.614987 1.27439 0.626983 -2.42578 -0.0651274 1.63414 1.63414 
-0.72986 -0.72986 -0.376064 0.736067 0.268316 -0.765879 -1.87657 -1.15969 0.91886 1.05589 -0.0503897 0.222032 1.09761 0.186802 -1.11539 -0.25423 0.989158 -0.0443865 -0.972272 0.604071 1.19099 -1.30794 -1.79543 0.458635 1.46432 0.780087 -0.321297 0.243589 -0.11018 -0.560257 1.33359 0.989236 -1.68668 -1.78672 0.824237 1.1398 1.1398 
-0.915039 -0.915039 -2.06791 -1.95374 0.85019 2.239 -0.333758 -1.27918 -0.602536 0.7449 2.2426 1.3702 -0.905742 -1.45324 -0.0688548 0.541284 0.48895 0.74028 0.254189 0.69502 1.05427 -0.593898 -0.305308 0.0791545 -0.633201 0.682371 0.0305893 0.205539 1.22937 0.0333449 -0.39917 -0.763778 0.408174 0.82038 -0.62551 -0.446953 -0.446953 
