34
0.179766 0.228559 0.600097 1.05158 1.09885 1.05902 1.15111 1.17413 1.1982 1.1749 1.14714 1.11465 1.04406 0.948732 0.820782 0.651319 0.462756 0.131546 -0.033 -0.204986 -0.356751 -0.463453 -0.67903 -0.911247 -0.983297 -1.15981 -1.17884 -1.1649 -1.19754 -1.29572 -1.35257 -1.35766 -1.42058 -1.4778 
-3.17502 -2.87414 -0.806869 0.138508 0.298933 0.536642 0.654872 0.619367 0.310385 0.266115 0.219454 0.352456 0.573478 0.919646 0.802857 0.73899 0.918445 0.941821 0.765933 0.583648 0.773878 0.726324 0.738899 0.636915 0.397988 0.147174 -0.294898 -0.585415 -0.857084 -0.832212 -0.914162 -0.997116 -0.892147 -0.833667 
-1.1691 -0.853191 0.483634 -0.8978 -1.19406 -0.755507 -0.997128 -0.96973 -1.3353 -1.42525 -1.30079 -0.866604 -0.664655 -0.596097 -0.326217 -0.0347689 0.431492 1.10115 1.4179 0.704934 0.942985 1.37201 1.72185 1.77699 1.85506 1.4645 0.332572 0.151728 -0.276527 -0.195297 -0.158939 -0.156078 0.233325 0.182909 
-2.12758 -1.81427 -0.876126 -0.30766 0.518546 -0.180702 0.320512 0.0724745 -0.484532 -0.0220897 0.146014 0.594881 0.474836 0.768115 0.998854 1.0083 1.21127 1.37101 1.3395 2.0418 1.5143 0.964973 0.324899 -0.0586835 -0.209748 0.169509 -1.0591 -0.962623 -0.797138 -0.948595 -1.27384 -1.11846 -0.702742 -0.895902 
0.975861 1.11575 1.2291 0.9876 1.01825 0.959446 0.304825 -0.0665623 -0.346813 -0.784942 -0.895551 -1.12663 -1.00382 -1.22324 -1.41657 -1.02503 -0.810132 -1.08389 -1.31569 -1.31617 -1.00235 -1.0168 -0.791314 -0.253208 -0.226452 0.544708 0.862664 1.3673 0.713105 1.20117 1.07494 0.933222 1.27472 1.1425 
1.64662 1.65403 1.73684 1.02781 0.515022 -0.259732 -0.62558 -1.16541 -0.826499 -0.780089 -1.12315 -1.1402 -1.3399 -1.09017 -0.868315 -1.33825 -1.02963 -0.517791 -0.865714 -0.549746 -0.658214 -0.438147 -0.348992 0.0629667 -0.302422 0.562001 0.888104 1.3023 0.732855 1.23829 1.04835 1.21102 0.888471 0.753269 
-1.97797 -1.107 0.890903 0.496199 0.357089 0.973766 0.91068 1.47477 1.76684 1.68558 1.60399 0.940286 0.903148 0.669628 0.210964 0.300887 -0.151313 -0.22059 -0.0953183 -0.711628 -1.01258 -1.46262 -1.18974 -1.41827 -1.2221 -0.498727 -0.352632 -0.245227 -1.11371 -0.354947 0.0450224 0.786793 0.0286987 -0.910874 
-1.61352 0.0580107 -0.422037 -0.689021 -1.07092 -0.671777 -0.649277 -0.672215 -0.126823 1.18903 1.21566 1.96594 1.97685 0.409243 0.244507 -0.726722 0.0172503 -1.36009 -0.0343166 -0.0958447 0.482491 -0.604186 -0.870341 -1.19604 -0.696831 0.447874 -0.466907 0.170786 -1.0926 0.0334565 0.433248 2.72714 0.778632 0.909352 
-0.752318 0.0806377 -1.68113 -0.881396 -0.829154 -1.15148 -1.31931 -1.34644 -0.431842 -1.1178 -0.0645648 0.661376 0.947748 0.5765 -0.401314 0.0979912 0.156918 0.353292 0.193469 1.68169 2.24029 2.48689 0.754555 0.0666044 0.357629 0.652976 -0.559161 -0.403838 -0.8715 -1.1203 -0.496213 0.218934 1.09557 0.804675 
-0.497856 2.30819 0.196521 -0.521767 0.0552989 -0.523014 -1.11017 -0.590678 -1.52699 -1.11004 -1.33353 0.0623683 0.523344 0.189606 -0.653491 -0.630569 -1.19037 -0.740212 -2.06644 -0.605729 0.149968 0.137281 1.45287 1.60723 1.1867 1.43664 1.57717 0.382188 -0.0466734 0.688536 -0.0510874 0.535006 0.751701 -0.0420156 
2.39715 2.24087 0.601762 0.950401 0.0704315 -0.615767 -1.51724 -1.53002 -1.40333 -2.00752 -1.41088 -1.55318 -0.691654 -0.303978 -0.290533 -0.225864 0.525341 0.400837 -0.185204 0.58156 0.705404 0.106771 -0.251095 0.563783 0.297127 0.117865 -0.0254447 -0.630201 0.208776 1.01686 0.211623 0.414191 0.0769373 1.15421 
0.166176 0.492302 -0.0503552 0.791103 1.7535 2.24284 2.05199 1.85998 1.30958 0.541158 -0.0649097 -0.369512 -0.277726 -0.30265 -0.789939 0.0737911 -0.398145 -1.47187 -0.725132 0.353104 0.563356 -0.738747 -0.398491 -0.349983 0.440752 0.293545 -0.917389 -1.56375 -1.74372 -0.00586794 -0.750024 -0.756903 -1.23111 -0.0269423 
1.33277 1.98559 1.31368 1.40694 0.689673 1.14355 1.45412 0.667803 0.698751 1.08204 0.495494 -0.118798 -0.501423 -0.340869 0.28274 -0.437824 -0.410466 -1.23861 -1.56007 -0.828476 -0.941218 -1.80364 -0.811858 -1.12332 -0.994125 -1.37041 -1.00093 -0.27829 -0.693837 0.100402 0.710639 -0.172375 0.524355 0.737993 
1.77228 1.77228 3.17506 2.04546 0.333971 0.490095 0.709032 0.472062 0.310708 0.130183 0.0981388 -0.0510479 -0.269926 -0.469753 -0.728013 -0.939159 -1.50261 -1.41895 -0.864285 -0.819762 -0.59234 -0.814631 -1.25187 -0.751889 -0.557834 -0.373151 0.290312 0.242895 -0.147686 -0.23201 0.0922511 0.0711367 -0.110473 -0.110473 
2.57912 2.57912 3.34635 1.07637 0.233942 0.183711 -0.141532 -0.650101 -0.660535 -0.348258 -0.137227 0.181431 0.435192 0.0330505 -0.45507 -0.102411 0.00144691 -0.421566 -0.666393 -0.230553 -0.070164 -0.281651 -0.346446 -0.645843 -0.823016 -1.06485 -1.11211 -0.909256 -0.533805 -0.307959 -0.436318 -0.213802 -0.0454355 -0.0454355 
2.01529 2.01529 -0.231535 -2.3933 0.0158737 0.0882035 -0.456057 -0.620136 -0.775467 -0.126795 0.56701 0.669584 0.185595 0.275517 0.570562 0.830517 1.33117 1.13326 -0.696971 -0.801147 0.71055 0.858517 0.363589 0.003855 -0.586126 -2.18785 -1.91024 -0.978766 -0.631852 -0.0168296 -0.120569 0.346768 0.276244 0.276244 
1.61938 1.61938 1.98208 1.82296 0.0208779 -0.441106 0.2003 -1.30399 -0.294022 0.736741 0.717443 0.307832 0.0866594 0.585308 0.181836 0.142353 0.356008 0.0226875 0.793941 0.0888872 -1.69033 -1.85036 -1.61475 -0.919609 0.164785 -1.36696 -1.76895 0.212783 -0.139655 -0.837239 -0.401069 0.652233 0.156782 0.156782 
0.466739 0.466739 -0.307011 -0.474793 -0.104146 -1.49442 -2.12858 -1.36906 -1.50446 -1.1603 -0.740249 -0.26668 -0.243021 -0.884416 0.35511 1.18331 -0.166455 -1.0727 -0.518262 0.588667 0.56033 0.381124 1.50213 1.09896 1.57177 2.16255 1.62184 -0.35045 -0.384064 0.687055 -0.590643 0.358287 0.377548 0.377548 
0.269234 0.269234 -1.01826 -2.08858 -2.20669 -1.94264 -1.52046 -0.253958 0.799553 -0.425999 -0.54003 -0.282402 0.197008 0.954579 -0.338703 -0.182779 1.58153 0.40167 0.0496832 0.480001 0.307659 0.662801 1.00764 0.190798 1.00391 2.24657 1.43747 -0.171887 -0.0079189 0.674069 0.0581048 -0.180199 -0.715505 -0.715505 
2.68702 2.68702 1.4591 -0.614164 0.367045 0.440801 0.389784 0.734343 0.108246 -0.254263 -0.819337 -0.776212 -0.358859 -0.76781 -0.454015 -0.447744 -0.602195 -0.041951 -0.572664 -0.986177 -0.824864 -0.268144 -0.0532428 -0.127676 0.795831 0.747259 0.149663 -0.834648 -0.202722 1.02789 1.0114 -0.112112 -1.7433 -1.7433 
0.992924 0.992924 -0.734114 -0.646669 -0.0532165 0.307063 -0.0689688 0.396879 1.58962 1.12745 0.623576 0.609567 -1.45545 -1.61193 -1.08062 -0.271043 -0.632853 -0.11452 1.05775 0.391849 -0.521464 -1.27383 -0.595863 0.0860026 1.39599 0.136262 -0.315438 -0.626016 -0.190926 1.29081 2.33125 0.239126 -1.68806 -1.68806 
-0.978586 -0.978586 -1.01128 0.773941 -0.330311 -0.546891 -0.256382 0.80887 0.160501 0.296935 1.68643 0.931735 -0.148044 -1.39217 -0.53543 0.48486 0.186735 -0.0285441 1.24281 1.94983 0.727906 -1.52668 -2.4464 -0.455142 0.512553 -0.966758 -1.10456 -0.371897 -0.769604 0.304818 1.25347 1.50201 0.511933 0.511933 
0.717427 0.717427 -2.7783 -0.11139 0.0274487 -1.12732 -0.038429 -0.38475 -0.486464 0.220578 1.19158 1.87049 0.15489 -1.1386 -0.784832 -0.503832 -0.0800673 -0.840277 0.162077 2.2271 0.765665 1.32101 1.4867 -0.235321 -0.140517 0.415986 -1.01721 -1.58198 0.332547 0.0243074 -0.123598 0.824959 -0.543653 -0.543653 
-1.89475 -1.89475 -1.31986 -0.455529 -1.63377 -1.65825 -0.89151 0.279123 -0.394249 0.140834 0.666738 0.968317 1.57173 0.606135 0.238368 1.07836 0.862973 -0.659579 0.355194 1.16345 -0.391152 -0.939615 0.66977 0.773619 -0.358281 -0.217842 -0.702298 0.416106 2.02473 0.15267 -0.536758 -0.00392013 0.991995 0.991995 
-0.174043 -0.174043 0.337699 1.83226 1.4826 0.337396 -0.339212 -0.696256 -1.26865 -1.32393 -0.863344 -0.170353 0.107376 -0.467664 0.414799 0.430044 -1.49391 -0.283729 1.85324 1.32049 -1.04326 -0.914164 0.427036 0.874375 0.680023 -1.3077 -1.80337 -0.779593 1.58801 1.02775 -0.704822 -0.436756 0.765854 0.765854 
0.0223908 0.0223908 -0.803535 -0.87048 -0.338214 1.1789 -0.651643 -1.06437 0.661987 -0.249447 -1.7219 -1.4209 -0.277217 1.208 -0.0925441 -0.972621 -1.1314 -1.64627 0.655922 0.963995 -1.3888 0.241502 1.05473 -0.218466 -0.314148 0.0405264 1.66256 0.503832 0.60952 2.12359 -0.352059 -0.224395 1.39428 1.39428 
1.89549 1.89549 0.446431 -3.54855 -1.89922 0.577123 0.0728627 -0.414974 -0.342566 -0.176687 -0.136487 -0.376158 -0.441119 -0.491637 -0.506157 -0.897658 -0.519475 0.91484 0.864629 0.444847 0.102579 -0.750047 0.176481 0.986302 0.581841 1.184 0.886259 -0.465868 -0.513212 0.403788 0.484873 -0.164059 -0.136973 -0.136973 
1.17591 1.17591 -1.80955 -3.92656 -1.00717 -0.326965 -0.929769 -0.515734 0.563838 0.855108 0.863501 0.919699 -0.0282936 -1.00401 -0.011302 0.767265 -0.252895 -0.711484 0.418076 0.951014 0.0996517 -0.196508 -0.312127 -0.459926 -0.384215 -0.21336 0.371488 0.92744 0.957678 0.295071 0.290691 0.680943 0.388292 0.388292 
-1.47743 -1.47743 -3.01561 0.297327 1.88698 -0.214513 -0.382728 -0.105988 0.472318 1.07651 0.687942 -0.150107 -0.159109 0.395205 0.516191 0.662489 0.336698 -1.32182 -1.25512 1.12279 1.30221 -0.125592 -0.486842 -0.554476 -1.4382 -0.820879 0.981596 1.03091 0.805743 0.485084 0.38 0.403634 0.0711042 0.0711042 
0.393945 0.393945 0.25546 -1.62858 -1.89217 0.234428 -0.6727 -0.351938 1.85434 0.958563 -0.29501 -0.470703 0.319766 0.161108 -0.307234 0.229858 -0.0258714 0.459413 0.135889 -2.08381 -1.60947 0.144054 0.888314 1.62702 -0.311063 -1.60468 1.45315 1.49627 -0.83557 -0.149237 1.37458 0.563779 -0.352921 -0.352921 
-0.688029 -0.688029 -0.842708 0.212317 -0.9147 -1.84104 0.140862 0.600667 0.217752 0.729828 0.849125 0.48369 -0.544198 0.576714 1.93154 -0.455538 -2.05453 -0.299037 1.55691 1.01965 -0.16604 0.893541 0.687068 0.0894999 1.00583 0.0714486 -2.29145 -1.82395 0.981775 -0.165151 -0.277798 0.917874 0.0430515 0.0430515 
-0.993257 -0.993257 -1.89728 -0.909582 0.217477 0.673829 1.52053 2.05377 -0.0511038 -1.03725 0.215496 0.716737 1.13901 -0.358272 -0.866445 1.7161 0.587855 -1.19964 0.16037 0.312104 0.248608 0.685441 -0.304461 0.0910525 1.83058 0.460414 -1.9485 -1.12662 0.808733 0.149975 -0.627337 -0.559209 -0.357929 -0.357929 
-0.794951 -0.794951 -2.66101 -0.672661 1.25978 0.330715 0.574453 0.0568478 -0.579555 -0.524631 -0.159536 0.724705 0.31781 0.224602 0.598326 0.176878 0.675486 0.336827 -0.539611 0.0832534 0.956521 1.00475 0.436678 1.07446 1.09774 -0.271341 -1.11356 -0.00691868 1.98664 1.40303 -0.715819 -2.16914 -1.15791 -1.15791 
-0.963228 -0.963228 -0.90561 0.623379 0.803152 0.164351 0.233912 1.26759 0.656109 -0.461802 -0.166506 -1.19516 -1.28903 0.421711 1.05825 0.469766 0.277865 1.28868 0.508381 -0.865825 -0.922796 0.125708 1.07073 1.48718 0.207847 -0.952945 -0.32754 0.256773 1.43774 1.83661 -0.518234 -2.47362 -1.09511 -1.09511 
-0.0608745 -0.0608745 1.14271 0.420275 -0.929326 0.0110116 0.875213 0.242228 -0.383973 0.989937 0.389146 -1.27562 -1.60559 -0.300004 1.22665 0.448048 -0.384964 0.673167 1.29497 -0.385975 -2.38266 -2.17892 0.683589 1.95607 -0.383758 -1.12908 0.36222 0.186994 0.417405 1.32511 0.768306 -0.538767 -0.706332 -0.706332 
-2.08344 -2.08344 -0.388644 1.92109 -0.507555 0.0961955 0.609958 -0.146661 0.52274 1.20444 1.18656 -0.520746 -1.77418 -0.459124 0.541448 0.585931 -0.0757473 0.29194 2.08735 0.521634 -0.437751 0.596273 -0.850974 -0.896022 0.551958 -0.41907 -1.13163 0.995817 1.15884 -0.151816 0.646866 -0.12888 -0.731678 -0.731678 
0.294432 0.294432 1.00354 -0.43475 -1.16394 0.431741 1.41223 0.230743 -0.290671 0.693232 0.501662 0.565251 -0.474355 -1.27113 0.210204 0.335218 -1.60305 -0.593806 1.31842 -0.78953 -1.9026 0.693179 1.22834 -1.02064 -0.990625 -0.459453 0.342883 2.06008 -0.393343 -2.2787 -0.305685 1.07699 0.639846 0.639846 
0.243235 0.243235 1.13856 0.622532 -0.958832 -1.15469 -0.682539 -0.62011 -0.439339 0.179475 0.627731 0.518188 -0.241432 0.120837 0.47445 -1.20675 -0.490915 1.9418 0.897687 -1.79849 -1.402 0.817462 1.00811 0.0882272 -1.37051 -1.55102 0.253037 1.96829 1.01937 -1.43685 -0.940645 0.817688 0.657103 0.657103 
-0.591663 -0.591663 -0.634255 0.229876 1.23771 -0.265594 -1.49343 0.769601 0.452305 -1.58289 -0.811502 0.852979 1.60643 0.0513171 -1.45357 -0.727138 -0.494776 1.07098 1.59456 -1.36711 -0.525855 1.48848 -0.358827 -0.937109 0.098602 1.19147 0.228593 -0.73616 0.964373 -0.67797 -1.56005 1.04491 0.963682 0.963682 
