35
0.347669 0.257143 0.305484 0.568657 1.19264 1.32204 1.26474 1.17806 1.13254 1.10644 1.14812 1.02709 0.968354 0.946908 0.837613 0.681321 0.534677 0.393347 0.22901 0.0570743 -0.126209 -0.258661 -0.542842 -0.69309 -0.77436 -0.947552 -1.15736 -1.21557 -1.33518 -1.35605 -1.35712 -1.42051 -1.46202 -1.3874 -1.46501 
-2.86936 -2.69897 -2.06936 -0.522199 0.446045 0.443269 0.675055 0.879611 0.987551 0.88664 0.524438 0.275506 0.480714 0.794715 0.936364 0.728552 0.639423 0.692604 0.552091 0.455285 0.400444 0.529202 0.418773 0.592106 0.654234 0.621008 0.328322 -0.288219 -0.611758 -0.451263 -0.759114 -0.871768 -0.984205 -0.815187 -1.00055 
-1.6776 -2.03623 -1.79997 1.20963 -0.578808 -1.28054 -1.20449 -0.806609 -0.528508 -0.162487 -0.144236 -0.233457 0.0289295 0.195706 0.192957 0.581628 0.742367 1.24474 0.918085 1.01089 1.37644 1.08492 0.654893 1.08542 0.804078 1.56171 1.4426 0.263007 -0.320929 0.216711 -0.310535 -0.722107 -0.883235 -1.26584 -0.659118 
-1.55423 -2.11005 -1.71231 -0.647581 -0.972383 -0.531363 -0.350764 0.114631 0.585206 0.314849 0.100681 -0.069518 0.0675448 0.485501 0.84044 0.738411 0.742359 1.2097 1.18093 1.55167 1.63935 1.45868 1.05388 1.00247 0.914335 0.743815 0.220712 -0.987594 -0.927668 -0.615248 -1.0544 -0.887585 -0.764106 -0.886979 -0.893379 
-0.00721865 -0.215768 0.0465426 0.721319 0.823824 1.15601 1.05581 0.491283 -0.0488332 0.00110634 -0.469552 -0.550864 -0.899903 -1.10045 -1.24323 -1.55888 -1.27186 -1.13736 -1.28435 -1.1125 -1.3286 -1.03532 -1.02904 -0.488395 -0.180657 0.738232 0.954865 0.227494 0.727704 0.789901 1.61507 1.89451 1.46159 1.01201 1.24551 
1.22673 0.98633 1.12813 1.8053 -0.0125259 -0.637596 -1.11306 -0.999041 -0.830186 -0.941368 -1.03876 -1.0709 -1.38768 -1.41416 -1.08713 -0.881167 -0.545127 -0.685068 -0.726577 -0.964415 -0.626755 0.0348264 -0.00763213 -0.167162 0.0456739 0.402038 0.549056 0.831228 0.234506 0.893557 1.61539 1.67531 1.25107 1.28146 1.17569 
-1.81101 -1.37645 -0.95551 0.259843 0.796027 0.950109 1.41071 1.10449 0.677103 0.772968 1.58555 1.69749 1.24972 1.03257 0.581937 0.222788 0.254269 0.155554 0.0654547 0.444426 -0.44837 -0.533672 -1.54057 -1.80903 -1.8908 -1.04459 -0.669355 -0.177297 -0.848304 -0.396639 0.434273 0.688306 -0.711198 -0.0455684 -0.125217 
-0.46507 0.239105 0.6902 0.922737 1.80333 1.93692 1.52151 1.16931 0.114181 -0.413258 0.501268 0.486712 0.856771 1.09245 0.0766187 -0.205909 -0.0533245 -0.316729 -0.520678 -1.0429 -1.18823 -1.41229 -2.02125 -2.00649 -1.47844 -1.3483 -0.54316 0.757349 -0.268295 0.0938166 0.278484 0.570744 0.738485 -0.174429 -0.391245 
-0.837541 0.0535278 0.0244223 -1.6235 -1.15805 -0.958418 -1.15036 -1.91687 -1.44681 -1.37759 -1.05578 -0.407987 -0.398297 -0.565627 -0.555654 -0.213316 -0.0942576 0.562703 0.166874 0.267718 1.54046 1.89053 1.44122 0.94858 1.04654 1.02725 0.506245 1.70241 0.543038 -0.493001 -0.213118 0.559128 1.02165 0.695683 0.46819 
-2.1776 -0.567297 0.103272 -2.04014 -0.917761 -0.131863 -0.186892 -0.20325 -0.15638 0.919886 0.0227397 0.261783 1.51555 1.38685 0.357896 -0.810735 0.200731 -0.166973 -0.853019 -1.18885 -0.614543 -1.35266 -1.86683 -0.457578 1.0265 1.03668 0.451832 1.41445 0.281675 0.0713388 0.336765 0.672946 0.701733 1.42556 1.5042 
1.58882 1.65826 1.79438 0.541287 -0.59369 -1.75192 -2.00147 -1.87153 -1.06947 -0.722962 -0.90392 -1.35585 -1.28387 -0.706815 -0.456302 -0.507421 -0.106152 -0.462377 -0.35808 0.0956331 0.0121545 0.794331 0.837027 1.04631 0.991739 0.740257 0.513236 0.132106 -0.225215 0.755416 0.0492536 0.639227 0.45348 0.820151 0.913981 
-1.41125 -0.570109 -0.0534007 0.270221 1.00396 1.27771 2.05712 2.13139 1.17605 0.949785 0.57796 0.819121 0.590131 0.806542 0.563534 0.770805 0.561256 0.184469 -0.100198 0.0270242 -0.190987 0.305346 0.349023 -0.343402 -0.933567 -1.04216 -0.859769 -0.0842931 -1.65222 -1.24248 -1.06812 -1.25891 -0.826715 -1.37129 -1.41257 
1.11499 0.952418 1.47484 1.07662 1.2341 1.46272 1.2729 1.45149 1.16909 0.192057 -0.128359 -0.379574 -0.933538 -1.22584 -1.01663 -0.617891 -0.553363 -1.03442 -1.46133 -1.48042 -1.53755 -1.05484 -1.218 -0.903351 -0.639232 -0.0278753 0.709983 0.447559 -1.00989 0.0513182 0.156402 0.792664 1.16709 0.34354 0.152309 
0.206923 0.206923 1.47132 3.52914 3.05092 0.615458 -0.156982 -0.114857 0.101683 0.413408 0.0740832 -0.284905 0.0710828 -0.109648 -0.591692 -0.72521 -0.671722 -0.734972 -0.844382 -0.912108 -0.770963 -1.13165 -1.19527 -0.469906 -0.551924 -1.01141 -0.600391 -0.277961 -0.144464 0.279278 0.127294 -0.0172539 0.476091 0.347033 0.347033 
0.964069 0.964069 2.94399 3.43097 1.20203 0.142949 0.44111 0.263009 -0.176277 -0.852378 -1.06524 -0.249264 0.560279 0.468876 -0.281533 -0.61341 -0.238081 -0.311976 -0.527669 -0.404465 -0.0800863 -0.160026 -0.0959241 0.152226 -0.144823 -0.655072 -1.49392 -1.5383 -0.420855 -0.398295 -0.791106 -0.510083 -0.105017 -0.20989 -0.20989 
-0.19161 -0.19161 3.4674 1.2679 -2.76383 -0.738383 0.456166 0.675663 0.641047 0.358764 -0.135777 0.129434 0.407531 0.119506 0.360557 0.538159 0.66168 0.132207 -0.312722 0.43924 0.0217406 -0.842516 -0.0581432 0.103384 0.458732 0.634958 -1.4695 -1.97445 -0.108973 -0.0473894 -1.07855 -0.680822 -0.649359 0.184784 0.184784 
-0.338788 -0.338788 2.35651 1.15477 0.117426 0.958006 0.998548 1.48084 0.257132 -0.881729 -0.715147 -0.130981 0.847238 1.20961 0.344771 -0.238997 0.707973 0.653555 0.492896 0.686576 -0.230522 -1.04962 -0.834636 -0.307959 -0.506066 -1.2295 -2.95555 -1.98585 0.543417 -0.286646 -0.528819 0.406944 -0.0748609 -0.290875 -0.290875 
-0.0206548 -0.0206548 1.44211 1.17748 0.610149 0.274482 -1.21045 -1.93894 -0.921402 -0.806383 -1.02373 -0.822332 -1.01979 -0.678217 -0.86883 -0.157092 0.588341 -0.130371 -0.0685158 -0.182954 0.0181294 0.386367 0.796016 1.29523 1.92158 1.77072 -0.955453 -0.485855 0.821651 1.35978 1.71953 -0.363846 -1.57108 -0.467498 -0.467498 
-0.148442 -0.148442 1.20538 -1.68592 -3.60729 -1.62672 -0.536243 0.414408 0.082137 -0.310692 -0.194069 -0.517759 -0.50941 0.440482 0.783436 0.796733 0.286376 -0.270672 -0.415114 0.144325 1.47136 0.910521 -0.300976 0.0756943 0.836863 0.739753 0.630287 -0.467054 0.0890057 2.03445 1.15047 -0.540491 -0.584053 -0.114169 -0.114169 
0.863664 0.863664 1.78979 1.92649 0.667667 0.578021 0.0320326 -1.02125 -0.544319 0.926461 0.945526 -0.549432 -0.939774 -0.943169 -1.1116 -0.539747 -0.230836 -0.375047 0.191558 -0.760556 -1.31125 -1.44659 -1.66385 -0.566505 0.75565 1.29772 0.877651 -0.363346 -0.411257 1.37023 1.13581 -1.50978 -1.02157 0.54397 0.54397 
1.30395 1.30395 0.775719 1.25675 1.14593 -0.305578 -0.84967 -1.56616 -1.76241 0.443589 1.01802 0.408216 0.688478 -0.863716 -1.44411 -0.135483 -0.114065 -0.513382 -0.803252 -0.737604 -0.403669 -0.922929 -0.655449 0.618007 0.747228 1.05756 2.36837 0.317901 -0.733101 0.622445 0.544212 0.525254 -0.824539 -1.25524 -1.25524 
0.931089 0.931089 -2.03322 -1.45583 0.701221 -0.066293 -1.19427 -0.421372 0.554342 0.381264 1.05676 0.692356 -0.259315 -0.258985 0.336062 0.46342 0.830748 0.229608 -0.419668 1.52842 1.8194 -0.191135 -1.17501 -0.536069 0.0165814 -0.706068 0.712991 -0.0323113 -2.63845 -0.958093 1.15311 1.36635 0.0841627 -0.721447 -0.721447 
1.72152 1.72152 -1.46077 -1.07774 1.40565 0.407473 -0.272656 -0.186269 0.740026 -0.0602839 -0.770057 1.05343 0.74166 -1.19356 -2.07518 -0.345376 0.333627 -1.10548 -1.07846 -0.00996333 -0.35101 -1.27379 0.546691 2.24075 1.05465 -0.699324 0.108128 -0.356391 -1.35079 -0.165432 0.297889 0.0972729 0.425907 0.468173 0.468173 
0.28305 0.28305 -1.34622 -2.9121 -2.79523 -1.70446 -0.117538 1.17796 1.44475 0.233755 -0.749856 -0.438259 0.829365 1.0493 0.275444 0.461164 0.0852986 -0.280547 0.717231 0.485907 0.890546 1.04598 0.340219 0.2204 -0.347218 -0.559668 -0.719384 -0.879902 0.797675 0.367931 -0.113327 0.527781 0.252692 0.597108 0.597108 
1.83491 1.83491 1.13601 1.4291 1.36175 1.42343 1.15405 -1.18867 -1.59454 -0.806519 -0.175281 0.0176126 -0.0158108 -0.0347412 -0.0470848 -0.00190043 -0.790649 -0.892092 -0.211446 -0.12143 0.377039 0.73044 -0.874933 -1.73091 -0.942471 0.100838 1.29474 -1.069 -1.56291 0.789986 -0.0210082 0.327182 -0.150584 -0.789997 -0.789997 
0.568445 0.568445 0.252125 -0.237768 0.603675 0.137475 0.0703214 -0.0539537 -1.60523 -1.65627 -0.681948 -0.995456 -1.05061 -0.026148 0.901488 0.707272 -0.473737 -1.13343 -0.513309 -0.0169288 0.656677 0.514349 0.28875 0.862319 1.26061 1.89654 0.723604 -2.22331 -0.44651 1.65099 1.08056 1.44211 -0.517498 -1.27682 -1.27682 
1.11973 1.11973 3.00233 1.4081 -2.70258 -2.97175 -0.70513 0.199639 0.446282 -0.0622506 -0.675852 -0.0397456 0.123333 -0.64334 -0.600148 -0.110216 -0.0459313 -0.194959 -0.199054 0.0301668 -0.23785 -0.425178 0.568397 0.551564 -0.532392 -0.0813403 0.633991 0.380104 0.472789 0.211617 -0.308283 0.282097 0.296267 -0.155069 -0.155069 
1.76937 1.76937 2.20161 -1.53417 -2.90645 -0.663403 0.118556 -0.536 -0.978024 -0.777054 0.547315 1.4548 0.649413 -0.7352 -0.948645 0.0505604 0.279545 -0.245046 -0.070101 0.409266 0.228955 -0.00206561 0.289147 -0.0314106 -0.704565 -1.18547 -0.771957 0.964447 1.02386 -0.316642 -0.0872303 0.620964 0.278443 -0.081093 -0.081093 
1.96105 1.96105 0.731874 -3.56603 -1.20496 1.71571 0.706467 0.0195576 -0.260858 -0.517883 -0.211921 0.219862 -0.0893094 -0.110012 0.1502 0.084519 -0.310625 -0.628298 0.0878216 0.10315 -0.800061 -0.128404 0.444847 0.20509 0.213305 -1.16134 -1.54201 0.676559 0.99316 -0.6256 -0.43775 0.156087 0.399976 0.382393 0.382393 
1.86197 1.86197 1.00849 -1.64247 -0.192 0.573529 0.319066 -0.578815 -1.73017 -0.742776 0.480936 1.05737 0.899849 -0.40911 -1.08107 0.205696 0.581647 -0.205003 -0.0288021 -0.566032 -1.28532 -0.481301 0.47448 0.1811 -0.706743 -1.7919 -0.589422 2.43275 1.15454 -0.813767 0.440342 0.270152 -0.547852 -0.205669 -0.205669 
1.06651 1.06651 0.867043 -0.663093 -0.716633 -1.40826 -1.70434 0.181841 0.817621 -0.11315 -0.0480419 -0.0330468 0.072602 0.0777592 0.356765 1.06229 -0.0158809 -0.531112 -0.0756536 0.0292859 0.393092 0.550293 0.64901 0.81235 0.322368 -2.20452 -1.73686 1.30343 1.35508 0.640732 -1.33516 -2.51624 -0.114146 0.795782 0.795782 
0.859557 0.859557 -1.05251 -3.21847 0.00339156 1.99519 1.31408 0.373192 -0.515276 -0.218414 -0.172691 -0.244295 0.597949 0.819229 0.199841 -0.364469 -0.741649 -0.499662 0.238692 1.21181 0.470945 -1.20783 -0.58784 0.71672 0.4034 -0.172366 -0.833837 -0.393713 1.61854 0.666214 -1.73861 -1.18283 0.246181 0.274989 0.274989 
0.621105 0.621105 0.71834 -0.835803 -0.996803 -0.489768 -1.1752 -0.4476 1.34776 1.02208 -1.08744 -1.37865 -0.317707 -0.159865 0.24931 0.588844 0.0795073 0.262804 -0.311855 -1.10659 -0.52562 -0.288444 0.588361 1.68334 1.28837 0.0491357 -1.21915 -0.95444 1.19545 1.06278 -2.08619 -1.57218 1.42318 1.07592 1.07592 
-0.280757 -0.280757 0.10011 0.430604 -1.09952 -1.44257 -0.860602 -0.585199 1.72873 2.33893 0.109473 -0.123438 -0.869591 -1.55103 0.71407 1.19056 -0.161727 -0.408194 -0.0400508 0.453857 -0.00925344 -0.0618698 1.35754 1.24807 0.485503 1.42105 -0.448155 -2.31816 0.378607 1.14881 0.060528 -0.946249 -1.27225 -0.203535 -0.203535 
-1.57786 -1.57786 -1.24803 1.67749 0.909228 -0.967308 -0.0873634 1.11435 0.573969 0.402475 0.29318 -0.636325 -0.427972 0.455575 0.528138 0.398056 -0.0180913 -0.598815 0.857406 1.39451 -0.866807 -1.59505 -0.0815678 0.796157 0.0183618 0.513289 0.500348 -1.799 -0.413371 2.28136 1.44328 -0.495154 -1.07716 -0.344724 -0.344724 
-1.75099 -1.75099 -1.52898 1.75493 0.954364 -0.879258 -0.25063 0.680478 0.166535 -0.781755 0.739036 0.969727 -1.20888 -1.53917 0.585135 1.4897 -0.347053 -0.724953 0.728488 0.515151 -0.639023 0.613833 2.1306 0.387933 -1.6106 -0.455106 0.292282 -0.752097 0.204195 1.04911 0.24578 0.167713 0.308491 0.11801 0.11801 
-1.23504 -1.23504 -2.43586 -1.09681 0.940483 2.06782 2.22481 1.21245 -0.709684 -1.66857 -0.500954 1.22544 1.15515 -0.410393 -0.436633 -0.131426 -0.554402 0.498996 0.602155 0.147299 0.443892 -0.407637 -0.61872 -0.512781 -0.583817 -0.271011 -0.231187 1.17777 0.971308 -0.684225 0.136973 0.295076 0.0675534 0.278509 0.278509 
-0.40429 -0.40429 -0.172251 0.327737 0.144528 -0.0154112 -1.91896 -2.02703 0.451573 1.27265 0.801483 0.275274 0.107574 0.124263 0.175022 -0.439654 -0.555738 0.607574 0.759152 0.614923 0.823444 -0.842158 -1.79962 0.0955528 1.59921 1.92021 -0.777133 -2.11337 1.62077 1.36974 -0.217378 0.0464375 -0.735443 -0.357197 -0.357197 
-0.125155 -0.125155 -0.46551 0.338849 0.35531 -0.27594 -0.0383866 -1.06949 -1.0186 0.736063 0.55371 -0.161519 0.768038 1.45083 0.604154 -0.860832 -1.18423 0.0671164 0.870302 0.907459 0.463715 -0.161009 0.336362 0.769809 0.813138 -0.278476 -2.76767 -0.71833 2.78629 1.15554 -0.0505102 -1.01564 -1.79437 -0.43293 -0.43293 
