21
0.889852 0.880329 1.11821 1.26386 1.15577 0.870697 0.81189 0.685522 0.510636 0.39212 0.284724 0.0215716 -0.219402 -0.411303 -0.48982 -0.621577 -0.824849 -1.20726 -1.39308 -1.73066 -1.98723 
-0.307446 0.0702813 0.781117 0.891647 1.07635 1.49876 1.1196 0.731692 0.354962 -0.147907 -0.170958 -0.587577 -0.284526 -0.525549 -0.561371 0.333704 1.01398 -0.490594 -0.400461 -1.52506 -2.87065 
-1.60779 -1.34416 -1.52193 -1.6016 -1.07307 -0.934126 -0.91059 -0.0987744 0.170675 0.0915627 0.46421 0.457266 0.54809 0.693223 0.903378 1.19024 1.19296 0.915695 0.997737 0.899115 0.567898 
1.80706 2.23622 1.18677 1.37149 1.01258 0.613665 0.394473 -0.502671 -0.142125 -0.201442 -0.678801 -0.344092 -0.141448 -0.54392 -0.962579 -0.541389 -0.463577 -0.903379 -0.947552 -1.11214 -1.13714 
2.67332 0.909791 0.995058 0.982044 0.715617 0.408374 0.707755 -0.165766 -0.267874 -1.21269 -0.571799 -0.856252 -1.17001 -1.39399 -1.40748 -0.646225 0.0144847 -0.331347 0.120181 -0.14066 0.637457 
-1.75793 -0.933487 0.173214 0.188026 -0.63465 -1.0016 -0.140222 -0.0737054 0.759466 0.204309 -0.0446632 0.170046 0.847665 1.94822 1.67619 1.61778 0.334719 -0.56744 -1.42661 -0.128662 -1.21065 
0.305938 0.809702 0.573447 0.559485 0.269628 0.850446 0.873486 2.13872 0.70184 0.0881178 0.210454 -0.530193 -0.375752 -0.117756 -0.86929 -0.503614 -0.974186 -1.24803 -1.49374 0.937772 -2.20647 
-1.39063 -1.63486 -1.55562 -1.28656 -0.957415 -0.718623 -0.797092 -0.55025 -0.0550254 -0.00145049 0.274788 0.530162 0.943156 1.18171 1.11257 1.19842 1.23288 1.21718 0.672599 0.253832 0.330225 
0.3548 0.403268 1.18324 1.35386 -0.244834 0.336135 0.714612 -0.467718 -1.33212 -1.34201 -1.96522 -1.30189 0.329285 -0.28997 -1.20463 -0.860072 0.627951 1.05268 1.04858 1.09508 0.508974 
1.94905 1.43826 1.27458 0.221516 0.385857 -0.104434 0.137318 -0.308011 -1.42565 -1.59177 -1.33193 -0.73193 -0.878004 -0.952318 -0.711909 -0.579299 -0.051693 0.832343 0.626614 0.702355 1.09904 
0.283848 1.39222 1.08276 0.630135 0.240855 -0.216899 0.765166 1.31872 0.598933 0.417134 0.437141 0.0224394 0.32023 0.0592141 -0.115963 0.173155 -0.604659 -1.01885 -1.99201 -1.37668 -2.41688 
0.313506 0.738246 0.610219 1.1143 1.08132 1.10647 1.01893 1.15452 0.87033 0.640294 0.595075 0.0245607 -0.532391 -0.313448 -0.696266 -1.2186 -1.12499 -0.969752 -1.08622 -1.35724 -1.96886 
-0.702427 -1.34924 -1.20804 -1.16893 -1.55911 -1.46296 -0.902348 -0.414701 -0.0169706 0.134473 0.462752 0.519373 1.19304 0.957328 1.10037 1.16391 1.18382 1.38578 0.716093 0.157653 -0.18987 
1.78716 1.78716 2.33404 1.11478 -0.403204 -0.229522 0.329799 -0.0792892 -0.05162 0.18623 -0.323497 -0.794254 -0.543149 0.029385 0.241341 -0.198323 -1.08167 -1.02018 -0.862203 -1.1115 -1.1115 
1.24169 1.24169 0.996365 0.513298 0.79965 0.281929 -0.462062 -0.459827 -0.565382 -0.24065 -0.16146 0.137952 0.299177 -0.0119608 1.03115 1.68864 -0.514606 -1.05645 -0.70757 -2.02579 -2.02579 
-0.275244 -0.275244 -1.14867 0.648273 1.20448 -0.080298 1.63159 2.25723 -0.00943778 0.253114 0.436722 -0.280282 0.106627 0.410225 0.770796 0.243047 -1.19216 -0.990357 -0.535869 -1.58727 -1.58727 
-0.649896 -0.649896 -1.21306 0.377911 -0.966772 -0.644866 -1.79276 -0.457071 1.47323 -0.457252 0.450562 2.01725 0.318827 -1.11262 0.785052 1.92889 -0.0547846 -0.335831 0.29825 0.342416 0.342416 
-1.9257 -1.9257 0.358137 -0.100704 -0.484574 0.253614 -0.485186 -1.00899 -1.10201 -0.132647 0.728897 -0.516595 -0.437691 -0.0459393 1.23945 2.11905 0.67468 0.401769 0.512654 0.938742 0.938742 
1.50321 1.50321 0.813473 -0.830178 -1.15541 0.279254 0.64853 0.624499 0.0948897 -0.826997 -0.171141 0.618229 1.37289 0.563872 -0.423457 -1.28476 -2.00356 -1.64245 0.231846 0.042027 0.042027 
0.473745 0.473745 -0.136002 -0.199131 0.501366 0.869877 1.67593 -0.043466 -2.25638 -0.420035 -0.56952 -0.531709 0.644432 -0.42257 -0.29575 0.0351485 -0.718038 -0.453214 2.73299 -0.680713 -0.680713 
-0.691796 -0.691796 0.443715 0.996568 0.929628 0.0278742 0.0456819 1.31483 0.88728 0.402829 0.849256 1.15179 1.11459 0.0479845 -0.28984 -0.0606355 -0.285286 -1.56628 -2.45796 -1.08421 -1.08421 
0.643578 0.643578 0.745097 -1.23173 -0.890708 0.752452 -0.712965 -1.74588 -0.771501 -0.571059 -0.0115685 1.86198 0.79606 -1.31969 -0.518702 1.47808 1.54471 0.304658 -0.00967229 -0.493356 -0.493356 
-0.765632 -0.765632 -1.47013 -1.04398 -0.312848 -0.212279 -0.153868 -1.91992 -1.55719 0.232367 1.22768 0.700329 -0.175707 0.326395 0.595223 0.968336 1.94456 0.991839 -0.0582625 0.724366 0.724366 
1.4734 1.4734 -0.734798 -0.847721 -0.854972 1.08494 2.51555 0.108096 -0.932138 0.114378 -0.215089 0.177867 0.395272 -0.273792 0.504432 -0.348063 -1.34297 -1.61931 -0.162937 -0.257774 -0.257774 
1.14956 1.14956 1.32065 1.52562 0.492827 0.375161 0.613333 0.18928 -0.599171 -0.0838507 -0.81807 -1.92159 -0.219176 0.156331 -1.44219 -0.414789 1.04635 0.593321 -0.325872 -1.39364 -1.39364 
-0.848878 -0.848878 0.240371 -0.603473 -0.512886 0.996975 1.61866 1.36001 0.826118 0.715831 0.565254 1.11373 0.649504 -0.193129 0.282085 0.0865576 0.30636 -0.788723 -1.99623 -1.48463 -1.48463 
0.942689 0.942689 -0.478469 -2.88523 -1.26163 1.15963 0.480367 -0.139318 0.614743 -0.0116377 -0.83758 0.0492349 1.26528 1.21965 0.0398449 -1.23682 -0.652683 0.561062 0.198816 0.0146837 0.0146837 
0.147224 0.147224 -0.359627 0.198231 0.16187 -0.919204 -0.373646 0.296225 0.6346 0.828441 0.801875 0.887947 0.247337 1.17265 2.18897 -1.21723 -2.47562 0.202166 -0.612434 -0.978493 -0.978493 
-0.538729 -0.538729 0.935159 2.10778 -0.419918 0.52799 2.09496 -1.16833 -1.46615 0.543621 -0.259832 -0.0930801 0.744039 0.722436 0.0405482 -1.43239 -0.833993 0.715978 -0.311931 -0.684712 -0.684712 
-0.413105 -0.413105 0.625255 0.115195 -0.713072 -0.584633 0.0770156 2.08602 -0.0456678 -0.713003 1.56945 -0.131527 -2.08828 0.258735 1.93951 -0.593674 -1.52363 0.184861 0.397112 -0.016725 -0.016725 
1.52455 1.52455 1.15286 -1.00819 -0.0385027 -0.326024 -1.34834 -0.825199 0.384381 1.15764 -0.636555 -1.27055 0.0557395 1.03308 1.42828 -0.783034 -1.71666 -0.456781 0.109461 0.019636 0.019636 
-0.36748 -0.36748 -1.55486 -1.29154 0.932246 1.43396 0.380193 -0.269166 -0.917781 -0.0613954 1.17482 1.2462 0.0915192 -1.1669 -1.20467 -1.01069 -0.127608 1.74565 1.34766 -0.00633954 -0.00633954 
-0.178275 -0.178275 -0.21479 0.543091 0.792764 0.853824 -0.353883 -2.10014 -0.0433982 1.15015 0.109825 0.876604 0.237549 -0.369408 0.439177 -0.0698428 -0.108063 2.17059 0.0428281 -1.80016 -1.80016 
0.937147 0.937147 1.42899 0.359235 -0.934845 -0.85945 1.07188 0.675669 -0.884412 -0.106881 0.593257 0.162995 -1.05505 -1.32249 -0.169686 -0.0690019 -1.41254 -2.00596 0.355815 1.14909 1.14909 
0.13946 0.13946 -1.06972 -0.923216 1.29104 0.186084 -1.4508 0.0415578 0.79597 0.542194 1.56559 0.571369 -1.86878 -0.726843 1.78869 1.3395 -0.64039 -0.873412 -0.410761 -0.218493 -0.218493 
-0.689337 -0.689337 -0.343786 0.820319 0.556317 0.0108295 -1.50275 -1.25599 1.62714 2.14007 0.261372 -1.25604 -0.421293 0.507038 0.402446 0.976045 -0.0990246 -1.7421 -0.334967 0.516524 0.516524 
-1.21193 -1.21193 -1.28271 0.0967513 1.38338 2.28457 -0.440175 -1.98879 0.176009 0.621487 0.211863 0.554619 -0.111009 0.240488 0.125522 -0.985804 -0.624693 0.911668 1.02542 0.112632 0.112632 
0.390002 0.390002 0.565304 -0.464337 -0.740274 0.346736 0.084694 -0.793338 0.0100734 0.0564547 -1.32808 0.755884 2.02084 -0.802329 -0.244787 2.37203 1.10587 -0.92994 -1.4557 -0.669553 -0.669553 
1.06024 1.06024 0.226871 -0.759391 1.56509 2.08959 0.343039 -0.79819 -0.651668 -0.273112 0.377471 0.0677152 -1.30612 -0.378343 0.260726 0.00848507 -0.879899 -2.28948 -0.702756 0.489753 0.489753 
