26
-0.0332864 -0.213416 -0.169189 -0.0774152 0.0595334 0.362946 0.67446 0.860895 0.954164 0.980272 0.969435 0.974175 0.923354 0.824914 0.801242 0.753882 0.655546 0.382744 0.061194 -0.36766 -0.761847 -1.1216 -1.44781 -1.66239 -2.01852 -2.36562 
1.1482 1.3821 1.41954 1.41544 1.38753 1.28767 1.01106 0.842155 0.731914 0.559635 0.401672 0.236945 -0.105903 -0.261559 -0.573308 -0.784128 -1.05693 -1.18369 -1.02162 -0.992963 -0.934885 -0.757438 -0.910994 -1.09152 -0.967988 -1.18093 
0.763874 1.09372 1.21144 1.08783 0.669836 -0.00236243 -0.413968 -0.68073 -0.883456 -1.11407 -1.0771 -1.25914 -1.20399 -1.31907 -1.07127 -0.828219 -0.678021 -0.464166 -0.476384 0.0115058 0.188029 0.802852 1.16662 1.48569 1.68686 1.30369 
-1.4163 -1.5832 -1.76608 -1.57013 -1.50982 -1.22194 -0.772232 -0.448802 -0.212449 0.205026 0.420747 0.627659 0.683049 0.842839 1.0188 1.06929 1.21715 1.24095 1.14934 1.06398 0.747147 0.410926 0.194992 -0.105017 -0.0313692 -0.254549 
0.627083 0.788293 0.482057 -0.231096 1.10587 1.66845 1.86817 1.09886 0.698895 0.305348 -0.183192 -0.537098 -0.156524 -0.5952 -1.33365 -1.30875 -1.60446 -1.81566 -1.37793 -1.01 -0.573598 0.0166689 0.415427 0.66554 0.50631 0.480175 
0.395342 -0.619695 -0.399682 0.0862083 -0.417569 -1.01435 -1.86028 -1.24524 -0.80355 -1.00346 -0.86592 -0.49947 -0.421699 -0.323078 0.073388 0.130657 0.429981 -0.271122 -0.205851 0.337886 0.264763 1.26104 1.58899 2.5466 1.50268 1.33344 
1.14089 1.13257 1.46675 1.66626 1.67527 1.88209 0.664224 -0.465706 -1.14265 -1.50219 -1.25527 -0.555484 -0.113536 -0.54315 -1.01845 -0.881232 -0.681015 -0.838241 -1.01957 0.117761 0.104635 -0.582025 -0.179991 0.392374 0.1859 0.349787 
1.57103 1.64406 1.88221 2.04166 1.57997 -0.0629849 -0.0888753 0.0342585 -0.25478 -0.23064 -0.38063 -0.808739 -1.30784 -0.263112 -0.281244 -0.0294957 0.824975 0.46092 -0.481514 -1.04113 -0.952874 -1.17774 -1.17807 -0.850349 -0.267952 -0.381095 
-0.641911 0.213018 0.135188 0.0735844 -1.05981 -2.15861 -1.87668 -1.24237 -0.100574 1.13665 1.54415 0.692928 1.0954 0.959599 0.430564 -0.212119 -0.107742 -0.208682 -0.0102738 -0.272399 2.13815 0.796713 0.0917327 -0.891638 0.399345 -0.924216 
-2.30112 -1.19578 -1.14231 -1.55817 -1.57799 -0.891687 -0.194609 0.300331 0.234932 -0.183073 -0.561208 -0.106829 0.11771 0.191045 1.23118 0.806129 -0.24664 -0.463599 1.03992 0.377111 0.600594 1.02505 1.62023 1.25357 0.999448 0.625754 
1.24844 1.52726 0.418047 0.181883 0.223404 0.7433 1.4379 1.35589 0.926019 0.0635037 -0.136358 -0.513918 -1.30178 -0.466579 0.0853091 -0.466345 -2.01551 -2.7382 -0.931129 -0.22958 -0.086321 -0.330702 0.57618 0.378104 -0.113147 0.164329 
1.54272 -0.604528 -1.13165 -1.88715 0.349897 1.37226 0.0461581 -1.33383 -1.68784 -1.25028 -0.57566 -0.592537 0.547511 1.51769 0.791126 0.0904592 0.689904 0.278306 0.799948 1.40705 0.672581 0.0891641 0.490934 -0.212893 -0.26808 -1.14126 
0.369736 -1.116 -0.214934 0.715145 0.63997 -0.241464 -1.03593 -2.00471 -1.96038 -1.33139 -1.48279 -0.759092 -0.301201 0.651476 0.835525 0.57262 0.815191 1.60794 1.27924 0.635841 0.648756 0.875776 0.647265 0.154203 0.568483 -0.569276 
0.130662 0.130662 0.770745 0.989017 1.48723 1.89817 1.6228 1.10903 0.731611 0.486536 0.436232 0.342108 0.0992137 0.163125 0.283372 0.107606 -0.423103 -0.948567 -1.31593 -1.48692 -1.32425 -1.16423 -0.822484 -0.89291 -1.20487 -1.20487 
1.69285 1.69285 0.786054 0.537064 0.172226 -0.775335 -1.03838 -0.404522 -0.417376 -0.5992 -0.570428 -1.27484 -1.24028 -1.12179 -1.33197 -1.18357 -0.863319 0.793545 1.38571 0.989497 1.55639 0.750054 -0.613813 0.441884 0.318345 0.318345 
0.715617 0.715617 -0.108453 -1.08202 -2.07898 -2.06737 -1.33056 -0.950964 -0.885274 -0.449671 -0.361383 -0.328357 -0.206666 0.143446 0.794272 0.616909 0.563849 0.268685 0.766695 1.1097 1.34038 1.68066 1.14318 0.847695 -0.428498 -0.428498 
-1.04336 -1.04336 -0.17294 0.410427 0.630951 1.56505 1.65035 1.13853 1.36413 1.31464 0.809533 0.424925 0.311889 0.601115 0.338928 0.271506 0.207484 -0.366959 -0.628815 -1.16908 -1.77087 -1.52883 -1.44196 -0.747299 -0.562997 -0.562997 
-0.146843 -0.146843 -1.25538 0.827907 2.4453 1.00349 -0.685103 -1.44541 -0.969012 -1.0813 -1.03105 0.0708345 -0.0366376 -1.45536 -0.867626 -0.306309 -0.605649 0.324221 1.05845 1.05677 1.33866 1.29093 0.859677 0.152248 -0.197985 -0.197985 
-1.0552 -1.0552 0.840414 -0.0737056 -1.44108 -1.87321 -0.342716 1.2835 0.254235 -0.129887 0.585411 0.509919 0.171662 0.574162 0.521936 0.399249 -0.558548 -0.854148 0.71804 0.543253 1.11479 1.62134 1.57249 -0.160126 -1.58329 -1.58329 
0.442751 0.442751 0.683754 0.306673 0.315155 -1.10757 -2.6577 -2.03043 -1.13707 -0.0657263 1.1627 1.38886 0.079175 -0.98449 -0.327177 0.45617 0.114725 -0.327731 1.17348 1.36854 -0.74662 -0.265188 1.19481 0.489171 0.0154869 0.0154869 
0.519514 0.519514 0.623979 -0.22198 -2.40069 -1.8739 0.260912 -0.0571761 -0.176838 -0.00875943 -0.55543 -0.977433 0.802911 1.3843 0.425757 1.48054 0.736172 -1.43589 -1.67229 -0.426404 -0.0217609 -0.128845 0.539109 1.2435 0.710592 0.710592 
0.625673 0.625673 -0.136736 -1.0148 -1.87758 -0.700251 0.741415 1.45669 1.95821 1.3474 -0.389856 -0.394034 0.201078 -0.573788 -0.995432 -0.468534 -0.0178902 0.0603287 -0.0737517 1.76639 0.868582 -1.72304 -1.42519 0.235135 -0.0478497 -0.0478497 
1.11506 1.11506 -0.686782 -0.773598 0.531898 1.38105 1.15439 0.251247 -0.830125 -1.20056 -0.16723 0.546631 0.0952887 1.06136 0.471019 -2.008 -1.76152 1.26638 0.738272 -0.777922 0.509935 0.950208 0.0131407 -0.992849 -1.00118 -1.00118 
-0.617535 -0.617535 -1.0815 -0.0447701 0.636386 1.22476 0.682488 -0.330578 -1.03376 -0.826536 -0.389626 -0.919371 0.173238 1.38026 0.1308 -1.76209 -1.91619 1.10753 2.39068 0.8917 0.039485 0.727454 0.769172 -0.490444 -0.0620073 -0.0620073 
-1.68237 -1.68237 -0.724929 1.17666 2.39972 -0.0515151 -1.70419 -1.03545 0.214915 0.922551 0.60993 0.930115 1.60915 0.325032 -0.824409 0.0878047 0.286667 0.233143 0.933951 0.0698187 -0.74919 0.0324766 -0.0503579 -0.364717 -0.481221 -0.481221 
-0.594841 -0.594841 1.95747 0.926073 -0.987795 -1.74773 -1.84001 -0.953817 0.73423 0.527436 0.6275 1.27122 1.51313 1.22382 -0.0604476 0.00138173 1.11668 0.513137 -1.00416 -0.643248 0.276356 0.0212895 -0.73948 -0.0603693 -0.741493 -0.741493 
1.26953 1.26953 1.64902 1.40237 1.73734 0.392368 -1.21534 -1.39276 -0.92561 -0.356876 -0.0944328 -0.429273 -0.15451 0.476853 0.0601469 -1.07161 -1.6796 -1.3956 -0.779313 0.142203 0.71771 1.02905 0.628385 -0.508152 -0.385709 -0.385709 
-0.801969 -0.801969 -1.06421 -0.493405 -1.22916 -1.12195 0.543648 0.807154 -0.0519434 -0.00810204 -0.558509 -0.552412 0.314295 0.0565291 0.0880344 0.646693 2.23545 2.52185 0.35948 0.332856 -0.0990914 -2.13262 -0.171477 1.13487 0.0229817 0.0229817 
-0.719113 -0.719113 -1.78751 -1.97724 -0.896107 1.00655 1.41039 0.673896 0.735354 0.760153 0.318361 0.355018 0.70299 1.28367 0.704813 -0.0676385 -0.196915 0.407835 1.10817 0.814794 0.811808 -0.0311752 -0.728874 -1.53955 -1.21528 -1.21528 
1.09812 1.09812 1.90605 1.00598 1.49172 1.30444 -0.698056 -0.503748 0.136539 -0.875441 -1.33956 -0.796563 0.136655 -0.0699085 -0.563843 -0.289399 -0.991589 -1.26558 -1.21824 -1.68902 -0.605583 0.348158 0.97501 1.10995 0.147889 0.147889 
-0.76875 -0.76875 0.758702 2.75734 0.172754 -2.25117 -1.75149 -0.164139 0.31098 -0.00146154 0.888762 0.773115 -1.07497 -0.565254 0.886496 0.236101 0.506323 1.26413 0.581121 0.249468 0.215707 -0.307166 -0.790854 -0.73145 -0.212768 -0.212768 
1.28172 1.28172 0.67087 -1.50957 -1.18748 0.748966 2.12442 0.413905 -0.929468 0.236306 0.442542 -0.261478 0.0579316 0.249067 -0.10188 -0.707012 -0.822559 0.86806 0.948792 0.280127 0.735413 0.320852 -1.17543 -2.0938 -0.936004 -0.936004 
0.196324 0.196324 -0.0654343 -0.226843 -0.952694 -2.03464 -0.6116 1.0846 1.39287 1.62546 1.03876 -0.723124 -1.61848 -0.25305 1.02909 0.335783 -0.515133 0.763983 1.20653 -1.30385 -1.10506 1.37671 0.55268 -0.789626 -0.29979 -0.29979 
0.0731675 0.0731675 -0.509417 -2.08176 -1.1364 1.83418 1.25234 -0.300239 0.034569 -0.259498 -0.665868 0.936671 1.62768 -0.258508 0.0675054 0.214999 -2.00723 -1.6574 0.696429 1.13789 0.206146 0.387479 0.946314 0.119321 -0.365769 -0.365769 
-0.438236 -0.438236 -1.01223 -1.07784 0.265772 1.77219 1.47014 0.855574 -0.0112912 -1.47478 -1.07822 0.446446 -0.057354 -0.722008 0.128956 0.699171 0.40587 0.0236348 1.17541 0.676155 -2.22089 -1.43929 1.34021 0.960519 -0.124836 -0.124836 
-0.93721 -0.93721 -0.989054 0.866539 1.42547 0.510518 -0.535893 -1.0463 -0.728179 0.534644 1.18215 0.295554 0.446162 0.36316 -1.69413 -1.1944 2.09413 1.63157 -1.082 0.00243276 1.17076 -0.157881 -1.02154 -0.46693 0.133812 0.133812 
-0.309969 -0.309969 0.325959 1.02837 0.753354 0.00290531 -0.979417 -1.07812 -0.329594 0.369735 -0.0823194 0.319886 1.38521 -0.0514053 -1.95289 -1.281 1.73485 2.61645 -0.157766 -1.46759 -0.126122 0.422215 -0.772431 -0.535218 0.237428 0.237428 
0.541603 0.541603 1.77843 1.9512 -0.87996 -2.7504 -0.7211 1.16709 1.19239 0.175793 -0.0762131 0.568778 -0.47469 -1.66397 -0.23543 0.641532 0.0133981 0.339873 -0.187362 -1.17588 -0.105421 0.373401 -0.339475 -0.361375 -0.156909 -0.156909 
1.63443 1.63443 0.957864 -1.97182 -1.79374 -0.598839 0.480973 1.64882 0.931848 -0.109821 0.448088 0.541139 -0.0709019 -1.07203 -0.84169 0.732352 0.295887 -1.43102 -0.798363 0.80017 0.396107 -0.706167 -0.0933751 -0.0411304 -0.486606 -0.486606 
