44
-0.257762 -0.190203 -0.21719 -0.253272 -0.0925301 0.0955866 0.720065 1.05461 1.26137 1.53834 1.6835 1.80165 1.79111 1.32048 0.562055 0.43136 0.343845 0.334353 0.211373 0.160413 0.206659 0.192764 0.134133 0.211812 0.152213 0.141088 0.00789005 0.0564057 -0.0995269 0.00255907 0.0902482 -0.0327721 -0.124679 -0.202227 -0.306479 -0.414387 -0.634433 -0.788002 -1.02932 -1.17336 -1.27892 -1.57037 -2.60506 -3.2354 
1.61962 1.63541 1.61662 1.65475 1.74549 1.92563 1.61116 1.38147 1.35877 1.29303 1.25665 1.0393 0.393125 -0.0591068 -0.0322867 0.127737 -0.0445181 -0.24394 -0.210172 -0.341382 -0.500287 -0.349983 -0.464226 -0.42808 -0.507265 -0.512316 -0.642006 -0.729969 -0.627948 -0.636661 -0.734162 -0.787713 -0.957258 -1.10997 -0.988398 -1.04871 -1.03951 -0.86998 -1.0829 -1.20359 -0.824781 -0.50257 -0.521753 -0.657313 
0.983706 0.745961 0.877198 0.965824 0.666495 -0.0331592 -0.0969885 -0.322382 -0.815686 -1.5709 -2.53312 -3.11878 -2.47838 -1.79077 -1.06403 -0.802284 -0.405276 -0.0672315 -0.0793296 -0.160012 -0.134556 -0.216749 -0.092861 -0.12363 0.0999462 0.16412 0.380392 0.377865 0.473801 0.300953 0.34326 0.450434 0.549307 0.617871 0.310595 0.633485 0.797074 0.564777 0.726222 0.793737 0.939615 0.879337 0.97218 1.29198 
-2.07759 -1.90143 -1.91934 -1.77989 -1.72604 -1.56896 -1.73467 -1.55461 -1.37153 -1.00793 -0.498143 0.0949036 0.492319 0.698368 0.708764 0.499839 0.633569 0.600847 0.651366 0.82135 0.886532 0.829252 0.862111 0.721691 0.836731 0.793707 0.900803 0.765675 0.763913 0.60503 0.551723 0.625158 0.69626 0.813229 0.80979 0.790809 0.620247 0.320983 0.00702729 0.0314031 0.0483754 -0.0662374 -0.585719 -0.689686 
0.387822 -0.140172 0.262111 0.387276 0.023209 -0.270862 0.759232 1.37985 1.89778 1.76424 1.76174 1.46585 1.0952 1.2408 0.344084 0.649299 0.740069 0.279337 0.127751 0.171722 0.470294 0.232408 0.665211 0.710278 0.230263 -0.236992 -0.319528 -0.215024 -0.278362 -0.270478 -0.693159 -0.716649 -0.689044 -0.757665 -0.648861 -0.959857 -0.873757 -1.03493 -1.68449 -1.8287 -2.3744 -2.26058 -0.244259 -0.548055 
-0.659762 -0.42541 -0.931865 -1.59984 -1.01988 -0.357888 -0.178642 -0.755054 -0.872188 -0.164815 -0.116133 -0.0788245 -0.672922 -0.578383 0.581934 0.0220054 -0.293579 -0.314531 -0.4675 -0.843549 -0.84223 -0.770368 -0.894597 -0.768861 -1.14593 -0.953044 -0.807688 -0.158269 -0.461742 0.490286 0.268288 0.157028 0.0859216 -0.291244 0.827774 0.789824 1.31357 1.97253 2.03624 1.58443 1.2023 1.47054 2.19087 2.4312 
0.751901 0.859895 0.848104 1.19741 1.54125 1.57076 1.55142 0.960075 -0.192332 -1.78127 -2.26104 -2.69498 -2.18306 -1.00637 -0.449825 -0.244048 0.203669 -0.191656 0.195666 0.441517 -0.0962886 0.223437 -0.0897268 0.0990668 0.519956 0.890897 0.579878 0.619458 0.405426 0.0518427 0.172758 0.0432195 0.276666 0.234496 0.176979 -0.222273 -0.40149 -0.775957 -0.788854 -0.994545 -1.59212 -0.457125 0.883887 1.12333 
2.20101 1.8693 2.26288 2.18928 1.52749 1.34257 0.30257 -0.196584 -0.359987 0.0470112 -0.796021 -0.72392 0.465464 0.580368 -0.794894 -1.54347 -1.51092 -1.31158 -1.21811 -1.4591 -1.63342 -0.60221 -0.437876 -0.303141 0.0444929 0.337009 0.545084 0.170082 -0.233546 -0.409127 0.305261 0.337296 -0.004442 0.167435 -0.333139 -0.727197 -0.581769 -0.492899 -0.0995106 0.449109 0.489621 0.000900966 -0.958722 1.09736 
-1.03315 -1.22106 -1.07564 -0.371586 -0.397392 -1.82095 -2.78518 -2.79917 -2.15781 -0.891615 0.87184 1.43534 1.36922 0.769963 1.02942 0.457075 -0.236803 0.816131 0.593564 0.305279 0.284425 0.192721 0.472178 0.495516 0.165571 -0.0227066 -0.44995 -0.193542 0.549198 0.307959 0.432731 0.701149 0.196133 0.880717 0.22266 0.462825 0.985498 1.00752 0.77671 0.520634 0.58342 -0.484421 -0.383883 -0.560554 
-1.2795 -0.783392 -1.00887 -1.39004 -1.66393 -1.41634 -0.790729 -0.318152 -0.068304 -0.114168 -0.547406 -0.374744 -0.507945 -0.214204 1.05747 0.740151 0.871737 1.30728 1.3002 0.997998 1.54403 1.07805 0.942317 0.656453 0.569773 0.654255 0.889427 0.62165 0.800652 0.658645 0.657237 0.55562 0.134487 0.155303 -0.359957 -0.233839 -0.55845 -0.898914 -1.38269 -1.88891 -1.98556 -1.17333 1.12682 1.6398 
0.816024 0.783732 0.627128 0.144842 0.39591 0.231661 0.452485 0.172157 0.417443 0.329182 0.322486 -0.101454 -0.642937 -1.53575 -0.709842 -1.00098 -0.718724 -1.00263 -1.05298 -0.459845 -0.325829 -0.589301 -0.835711 -0.556631 -0.76322 -1.00214 -1.1892 -0.957887 -0.731112 -0.38711 -0.675605 -0.957687 -0.634097 -0.439632 0.063173 0.0183775 0.585478 0.841482 1.23648 1.01001 1.17044 1.81186 2.94348 2.89647 
-1.41856 -1.59278 -1.09673 -0.833262 -0.246246 0.471068 1.22616 1.92198 1.34901 0.452151 0.355289 0.785769 0.49255 0.132685 -0.199338 -0.0113727 -0.163222 -0.490706 0.02418 0.431077 0.412329 0.434659 0.0978396 -0.347109 -0.0225724 0.0881722 0.818966 0.455102 0.333671 0.220082 0.485123 0.268249 1.18305 0.568571 1.17189 1.10153 0.933787 -0.158207 0.0474899 -0.85464 -1.77696 -2.27129 -2.26228 -2.51715 
2.01068 1.74631 1.43359 2.2385 1.58835 1.66915 0.812126 -0.262856 -0.828641 -0.479374 -1.42799 -2.55636 -1.04524 0.343626 -0.141307 0.641758 0.381608 0.453906 0.717906 0.0492814 -0.331006 -0.436844 -0.790952 -0.54874 0.00968634 0.000545308 -0.483635 -0.411209 -0.636522 -0.832404 -0.910075 -0.88369 -0.735176 -0.654378 -0.691831 -0.530422 -1.07059 -0.552855 -0.0538187 0.531478 -0.153401 1.24069 1.0958 0.484336 
0.373302 0.373302 0.179902 0.530216 0.948584 1.81394 2.0872 1.3077 1.20026 1.08531 0.788946 0.4984 -0.600307 -1.9959 -1.36156 -0.109601 0.116572 0.0503908 -0.0269913 0.288795 0.357961 0.162255 0.333136 0.33133 0.165618 0.028276 0.13957 0.0971454 0.197111 0.651724 0.231662 -0.103476 -0.0186215 -0.0416565 -0.0983104 -0.31439 -0.399598 -0.439294 -0.421511 -0.168177 -0.443253 -2.17707 -2.80945 -2.80945 
0.348967 0.348967 0.425844 0.802954 1.29187 -0.10319 -1.51414 -0.50963 0.0548089 0.00773263 -0.514241 -2.61363 -3.42224 -1.1053 1.00254 0.317176 -0.920307 -0.211019 0.023819 -0.639509 0.329673 0.483436 0.0904173 0.211113 0.0692821 -0.104595 -0.390042 0.407683 0.680524 -0.00638287 -0.16075 -0.408779 -0.750175 0.252076 0.570189 0.183327 0.974618 0.209912 -0.789247 1.24791 2.77272 1.40253 -0.173457 -0.173457 
-0.204941 -0.204941 0.327543 -0.374938 -1.66104 -1.27682 -0.503045 -1.20374 -2.06817 -2.83322 -2.55658 0.0581436 2.13551 2.27639 1.58157 1.0436 1.16809 0.50062 -0.182545 -0.121273 -0.123738 0.0368557 0.120756 0.2834 0.438301 0.426385 0.317562 0.121229 -0.156655 -0.244152 0.212713 0.305001 0.242007 -0.420635 -0.00569606 0.762533 -0.143269 -0.146766 0.342383 0.316986 0.108489 0.0219596 0.642062 0.642062 
0.285461 0.285461 0.187842 0.37864 0.425508 -0.158179 -0.0970876 0.830136 1.31807 2.18662 2.79661 2.49786 1.46904 0.440166 -0.663023 -0.335147 0.133281 -0.0879306 0.450953 0.489934 -0.114237 -0.200167 -0.421191 -0.202716 0.0562082 0.0350892 -0.209764 -0.49916 -0.562312 -0.699341 -0.0817359 0.249003 0.364737 0.16657 -0.194847 -0.639137 -1.38426 -1.76546 -0.905079 -0.0253215 -0.394817 -1.82096 -1.79266 -1.79266 
-0.191795 -0.191795 0.715062 -0.348951 -0.931026 1.00465 2.27462 1.56353 0.516439 -0.206134 -0.431549 -0.942695 -0.32972 -1.06012 -0.838502 0.532537 -0.530917 -0.867408 -0.16667 0.458337 0.0670011 0.253369 0.646227 -0.621145 -1.33246 -0.780595 0.0132451 0.0399001 -0.094249 -0.593168 -0.636728 -0.0115415 -0.0742025 0.038534 -0.297983 -0.329506 -0.121492 -1.14289 -1.11934 -0.975146 -0.616881 2.94027 2.36044 2.36044 
-0.643896 -0.643896 -2.03566 -0.35996 1.69139 1.07333 -0.836794 -1.29393 0.686185 0.941942 -0.0915704 -1.083 -0.994726 1.7113 0.70184 -1.5746 -0.743279 -0.49246 -1.04016 -0.80219 -0.111329 -0.304974 -0.221878 -0.611866 -0.508288 0.297508 1.00166 0.309387 0.776131 0.901799 -0.738221 -0.505486 -0.915622 0.920035 1.44324 0.525097 1.60001 0.890445 -0.822805 -1.51049 -0.399871 1.30059 1.25753 1.25753 
0.0517222 0.0517222 0.305867 0.680407 0.3436 -0.038893 -0.692749 -1.88606 -2.9367 -2.2283 -1.0119 0.0325342 1.7288 1.7758 0.75326 0.638644 0.00558109 -0.0580246 0.617243 -0.357075 -0.279272 -0.0426859 -0.18058 0.592504 0.784337 0.013511 -0.335468 -0.233324 -0.647394 -0.294637 -0.0586783 0.0598364 0.151851 -0.154584 -0.530653 -0.658823 -0.632721 -0.457558 -0.279808 -0.895572 0.516399 2.55806 1.61489 1.61489 
0.152442 0.152442 0.467467 -0.820613 -0.956485 -1.41808 -1.80161 -0.731722 0.374236 -0.455251 -0.863993 1.61657 1.66881 -1.46134 -2.51521 -0.796981 0.359954 0.434303 -0.103127 -0.429961 1.12277 1.53609 0.441942 0.665659 0.858232 0.687899 -0.126807 -0.873388 -0.629995 0.734542 0.987936 -0.301064 -0.130386 -0.324246 -1.01497 -0.226525 0.362889 0.665525 1.22665 0.795963 -0.470109 -1.69077 1.41516 1.41516 
-0.0740341 -0.0740341 0.875237 0.693008 -1.57128 -2.56999 -1.06987 0.638854 2.00128 3.19547 2.44763 0.500519 -0.736934 -0.390433 -0.361798 -1.37638 0.353311 0.854899 -0.57248 -0.357808 -0.148599 0.171003 0.293436 -0.355113 -0.580324 -0.683873 -0.21062 1.03452 0.504907 -0.152759 0.389638 -0.280608 0.162293 -0.000578942 -0.473548 0.783032 0.550879 -0.251011 -0.546976 -0.234517 -1.09843 -1.05825 -0.109835 -0.109835 
0.0983746 0.0983746 -0.852218 -0.90468 -0.223375 0.751293 0.995082 0.58792 0.0261533 -0.714016 -0.477229 -0.152119 -0.0209211 1.50136 0.839232 -0.396134 0.419642 0.269394 -0.530002 0.069322 -0.108133 -0.846869 -0.651709 -0.598555 -0.197258 0.151491 -0.230208 -0.291071 -0.15479 -0.350278 -0.306512 -0.761312 -0.628647 -0.730641 -0.61654 -0.409958 -0.915531 -1.088 -1.2676 -0.848128 0.580494 3.1776 2.85335 2.85335 
-0.527674 -0.527674 -1.30462 -0.600747 -0.051635 -0.103852 -0.30427 -0.262036 0.0695804 -0.365483 -0.945055 -1.8684 -2.67794 -0.317049 0.72178 -0.216868 -0.204385 -0.778646 0.735623 1.05394 -0.425048 -1.08188 -0.145126 -0.0763718 -0.970734 -0.937012 -0.125128 0.589381 0.78395 -0.105697 -1.18667 -0.129867 0.692923 1.00235 0.58925 0.700261 1.21961 0.922472 0.089436 -0.315562 1.18292 2.85973 1.67111 1.67111 
0.477871 0.477871 1.05839 1.17905 1.78101 2.00393 1.97543 0.213955 -1.8985 -1.26702 0.493504 0.233064 -0.815212 -0.866679 -0.140064 0.0989095 -0.584758 0.29957 1.27362 0.565831 0.0557581 -0.366116 -0.985893 -0.108701 0.628345 1.16718 0.537686 -0.592664 -0.260712 0.251887 0.114894 0.976708 0.449341 0.0362096 0.757906 -0.264807 -1.61985 -1.12453 -0.872707 -2.36886 -1.82797 -0.592692 -0.27509 -0.27509 
-0.579774 -0.579774 0.666815 0.273435 -0.570755 -0.811932 -2.15937 -1.81983 -0.159412 -0.605725 -2.32839 0.539222 3.47388 1.14684 0.440577 0.702635 -0.125994 0.485072 -0.378711 -1.12984 -0.473728 -0.443207 -0.0374413 1.02641 0.733378 -0.482117 -0.387024 -0.0852296 -0.39803 -0.225906 0.0332181 0.296909 0.360346 0.143542 0.237519 -0.348556 0.0668564 1.27838 1.35715 -0.0230866 0.919821 1.54935 -0.788763 -0.788763 
-0.0355143 -0.0355143 0.379715 1.10485 1.71534 1.54333 -0.406334 -0.857569 -0.0698697 -0.29381 -0.501947 -1.45297 -2.76279 -0.7086 2.42957 1.94577 0.383364 0.023558 0.476306 0.650011 0.043736 0.164299 0.39413 -0.00483662 -0.165488 0.16285 0.275356 0.261928 0.851071 0.234678 -0.70142 -0.102938 0.267 0.0992687 -0.129549 -0.163394 0.045675 0.167751 0.515081 0.167955 -2.18743 -2.61094 -0.55584 -0.55584 
0.0908684 0.0908684 0.345275 0.623248 -0.572301 -1.854 -0.235189 1.09746 0.38803 -0.344889 -1.72943 -1.9228 1.05656 3.02407 0.99864 -1.25819 -0.317328 0.675934 -0.250064 0.245341 0.79657 -0.122403 -0.144711 0.0247466 -0.173979 -0.270866 0.384599 0.761234 -0.240333 -0.528538 -0.232461 -0.358635 0.484833 0.929753 -0.00737502 0.311841 0.0569399 -1.15094 0.739263 2.44199 0.143317 -1.94855 -1.02419 -1.02419 
0.405149 0.405149 -0.203266 -1.77833 -0.837143 0.946901 0.00725348 -1.41158 -1.46731 -0.47904 2.44816 4.00776 1.86518 -0.535797 -1.12374 -0.41415 -0.526306 -1.22581 -0.594651 -0.00510032 0.0809224 0.155723 0.157498 0.218992 0.0678063 -0.160604 -0.320326 -0.466749 -0.372486 0.263876 0.419586 -0.0306606 -0.684502 -0.270567 0.968703 -0.175184 -0.843571 0.364589 0.345621 -0.258607 -0.311553 0.406092 0.481035 0.481035 
-0.00175481 -0.00175481 0.209756 0.369928 -0.488635 -0.472869 1.20207 1.67525 1.61021 1.74551 0.451488 -1.36523 -2.17462 -2.25706 -0.753021 0.989214 0.380516 0.45862 0.74706 -0.520087 -0.658558 -0.233816 0.103635 0.635687 0.370083 -0.188386 -0.485787 -0.28436 -0.115452 0.63921 1.15776 0.601404 0.0150792 -0.513872 -0.786716 -1.21207 -1.14214 0.63766 2.03551 0.672118 -1.88411 -1.44313 0.137833 0.137833 
0.629653 0.629653 -0.225526 -1.42223 0.988716 2.47726 0.349972 -1.51232 -1.52155 -0.861142 -0.691212 -0.0173721 -0.193593 -0.508139 1.18085 0.148 -1.22439 0.193542 0.966327 0.0885937 -0.263954 0.366326 -0.802089 -1.68955 -0.22737 0.98237 0.560242 -0.185611 -0.608032 -0.535222 0.368256 0.352904 -0.0589679 -0.279075 -0.39502 0.0426365 -0.752955 -0.901216 0.035603 0.304626 3.04773 2.29375 -0.565242 -0.565242 
-0.907852 -0.907852 0.144518 2.30686 0.866337 -1.62155 -1.52049 0.922662 1.37038 -0.522246 -1.3055 -0.601 1.72107 1.03168 -2.09741 -0.941364 0.645807 -0.22025 -0.228316 0.549528 0.278462 -0.103227 -0.226534 -0.213671 0.537306 0.914481 -0.0263392 -0.175438 0.338248 -0.984844 -0.917603 -0.145211 0.861457 1.44762 -0.281828 0.0646502 0.195646 -1.55537 -1.54163 0.231812 1.73161 1.00708 -0.0608403 -0.0608403 
0.175959 0.175959 0.507547 -0.0156355 -0.685852 -0.966542 -1.68438 -2.03566 -0.352035 1.65503 1.95253 2.37736 1.4943 -0.912711 -1.05579 -0.710976 -0.665816 0.492476 -0.313797 -0.842744 0.229294 0.0383326 0.513306 0.80522 -0.561636 -1.04043 -0.267569 -0.325195 -0.103322 0.472161 0.264781 0.137345 -0.238872 -0.653276 -0.495454 -0.139404 0.129144 0.263401 -0.436824 0.655857 3.00853 0.923477 -0.884049 -0.884049 
0.110846 0.110846 -0.682895 -0.960747 -0.451453 -0.60406 0.339671 1.25752 0.0870877 -0.8463 1.19342 1.47749 -1.97995 -2.66156 0.326111 1.68846 0.675462 -0.368639 -0.615856 0.67214 1.12824 -0.502816 -0.619659 0.173247 -0.0695743 -0.69028 -1.04538 -0.393354 0.907559 0.913722 -0.72144 -0.772412 -0.0975644 -0.628377 -0.0230616 0.765785 0.46642 0.448986 -0.00290078 -1.12885 -1.61566 1.07846 1.83066 1.83066 
0.635033 0.635033 0.507554 -1.7405 -2.31167 0.321725 2.21573 2.11941 1.75946 0.283211 -1.9143 -2.25681 -0.652302 0.233395 -0.718755 0.471224 1.53187 -0.676673 -0.877387 0.267494 0.340899 0.280195 -0.39708 -0.640275 -0.259018 0.229595 1.17308 0.471517 -0.8596 -0.10967 -0.11847 -0.188073 0.166863 -0.473838 0.519145 0.687609 -0.752402 -0.797042 -0.0174942 -0.414805 -0.605281 0.662543 0.634437 0.634437 
-0.995195 -0.995195 -1.04507 0.506314 1.48276 1.06684 -0.246815 -1.01263 -1.3292 -0.570049 0.442671 0.342291 1.48039 0.726211 -1.89538 -0.490391 0.541188 -0.994292 -0.281704 0.309551 -0.962489 -0.60826 0.144559 0.340525 0.621536 -0.122827 -0.512229 -0.0198069 -0.147789 -0.235739 -0.482257 -0.397745 -0.0623458 -0.0799929 0.213358 -0.375743 -0.736086 -0.426201 0.136529 1.66541 3.7356 2.06921 -0.399759 -0.399759 
-0.661831 -0.661831 -0.102068 0.952495 0.351205 -0.244867 -0.169754 0.253353 -0.126223 -0.850857 -1.23917 -1.42205 1.18977 2.65971 0.0357139 -0.7805 -0.490717 0.703596 1.41343 -0.966994 -1.74249 0.178655 0.755686 -0.700531 -0.72839 0.628522 1.16993 0.678999 -0.596725 -1.61112 -0.0631781 1.45081 0.856452 -0.126403 -0.284195 0.457347 0.132759 -0.942742 -1.02852 0.82565 2.48124 0.344282 -0.989224 -0.989224 
0.472381 0.472381 0.568284 0.585321 0.666598 0.165505 -1.41171 -3.06805 -1.16611 1.91216 1.20325 -1.0292 -0.863105 0.547591 0.778436 -0.342467 0.170465 1.48803 0.222605 -0.956985 -0.729739 -0.816932 0.215575 1.29399 1.02506 -0.0610768 -1.38776 -0.623593 0.682234 0.309514 0.587072 0.276799 -0.736535 0.256229 -0.228271 -1.87888 -0.672339 0.604816 -0.978022 -0.74827 1.42269 1.24522 0.263411 0.263411 
0.84619 0.84619 0.586314 -0.794904 -0.694355 -1.02681 -0.643181 1.34388 0.824733 -1.41021 0.779043 3.85578 0.42407 -1.98121 -0.270788 -0.351626 -0.121063 -0.144287 -1.04418 -0.0401062 0.476267 0.310885 0.993528 0.531885 -0.973905 -0.7175 0.284857 0.0153932 -0.0702701 0.307557 0.368048 0.238772 -0.0786541 -0.0584783 -0.302427 -0.0900799 1.09746 0.875061 -0.837117 -0.266244 1.06145 -1.10607 -1.52195 -1.52195 
