22
0.206259 0.432363 0.559206 0.687323 0.720748 0.768074 0.825782 0.892218 0.972353 0.774532 0.709584 0.60458 0.464502 0.332781 0.0475006 -0.176469 -0.575702 -1.03605 -1.4542 -1.79034 -1.84456 -2.12048 
1.77672 1.68979 1.62469 1.28781 1.22198 1.08572 0.616836 0.232025 -0.298546 -0.270816 -0.618228 -0.760704 -0.843392 -0.997252 -0.887809 -0.732378 -0.521038 -0.262957 -0.436814 -0.778805 -0.940843 -1.18598 
-0.116252 0.00617198 -0.146386 0.0167777 -0.568772 -1.20596 -1.43184 -1.46061 -1.16425 -0.888607 -0.590332 -0.487716 -0.527875 -0.236956 0.106443 0.578056 0.872338 1.39144 1.8826 1.57165 1.19636 1.20372 
-1.50729 -1.62693 -1.4332 -1.11524 -0.745437 -0.173478 0.308781 0.727114 0.740124 1.02095 1.03482 1.08559 1.03302 0.984922 0.928033 0.789826 0.835125 0.379088 -0.10095 -0.941408 -1.14594 -1.07751 
0.536826 0.962468 1.53016 1.74973 1.21376 0.955447 0.988147 0.506405 0.297658 -0.0939503 -0.434392 -0.444481 -0.577048 -1.1789 -1.71172 -1.77207 -1.45929 -0.234897 -0.0986063 -0.0838885 -0.517025 -0.134333 
0.746832 0.927269 0.364538 -0.578783 0.425087 0.222517 -0.153377 -1.19073 -0.705768 -1.1349 -1.06201 -0.896697 -1.00199 -1.25947 -0.89876 -0.476906 0.16286 0.660243 2.25591 1.57626 1.12594 0.891946 
1.30653 0.668652 0.318927 -0.364415 -1.46978 -2.07581 -2.06242 -1.0608 -0.259799 0.385718 0.276426 0.0671984 0.455867 0.206226 0.0881707 0.0348721 -0.646463 -0.445724 1.2514 1.53305 0.71175 1.08042 
2.0363 1.51267 0.749093 0.289821 -0.241952 -0.415188 -0.503708 -0.600655 -0.831087 -0.794051 -0.23852 -0.715674 -1.07175 -1.17927 -0.869899 -0.748731 -0.529263 -0.590282 0.297261 1.60934 1.39832 1.43722 
-1.89141 -1.97447 -1.92963 -1.5105 -0.715619 0.179291 0.543912 0.840159 0.41658 0.681236 0.617664 0.990105 1.0342 0.852258 0.828194 0.803032 0.710449 0.302749 -0.408263 0.0279003 -0.154671 -0.24318 
-1.48579 -1.66966 -1.03419 -0.226023 -0.354386 -0.647695 -0.661465 -0.823854 0.134107 -0.141537 0.244751 0.605462 0.447562 -0.0664485 -0.623313 -0.439609 -0.242601 0.66495 0.987821 1.79963 2.47947 1.0528 
0.991007 0.712296 0.503822 0.24099 0.458267 0.0214499 -0.35101 -0.573606 -0.383643 -0.612096 -1.12028 -1.20935 -1.17163 -1.0763 -0.452518 -0.739386 -0.560226 -0.339766 0.247229 0.726105 2.39211 2.29654 
-0.876536 0.947119 1.4032 0.88402 -0.143429 -0.0132299 1.22013 0.945851 -0.324996 -0.815683 -1.13591 -1.03031 -0.299707 0.145157 0.627067 1.70853 1.18868 -1.12386 -0.45693 -0.0890904 -0.697268 -2.06281 
1.64077 1.09721 0.0612017 -0.846424 -1.73968 -1.60721 -1.6337 -0.358903 -0.321139 0.47908 0.694939 -0.295151 -0.721324 -0.316198 -0.165197 -0.703457 0.56209 1.08968 1.40394 1.41864 0.58339 -0.322542 
1.49518 1.49518 1.2341 0.985197 0.769938 0.834636 0.885554 0.945311 0.241222 -0.145339 0.101964 -0.098212 -0.169396 -0.556273 -0.802062 -1.10568 -1.73548 -1.78589 -1.45494 -0.485293 -0.324854 -0.324854 
0.362005 0.362005 -0.346916 -0.349007 0.219997 -0.92313 -1.62806 -1.80303 -0.632984 -0.11351 -0.596245 0.154562 0.122275 0.667197 1.5444 1.83341 2.12454 1.03205 -0.669873 -0.636351 -0.361666 -0.361666 
-0.213248 -0.213248 -0.144374 -0.876381 -2.22944 -1.62139 -0.592818 0.290082 0.804721 0.807953 0.515435 -0.0567145 0.261627 0.910062 1.21554 1.1325 1.21279 1.54563 0.142355 -1.32245 -0.784316 -0.784316 
0.0579904 0.0579904 0.772751 1.06036 1.47523 1.65891 1.40798 0.641526 0.416929 0.418339 0.0425594 -0.0659638 -0.227433 -0.23449 -0.381676 -0.214766 -0.733898 -1.59196 -2.21986 -1.76987 -0.285323 -0.285323 
1.40516 1.40516 1.12892 -0.350546 -0.991146 -0.228845 -0.528349 -0.852009 -0.731185 -0.907721 -0.396295 -0.11764 -0.910895 -1.44744 -0.721559 0.411981 2.13417 1.89758 0.276018 -0.487298 0.0059698 0.0059698 
-0.392817 -0.392817 -1.65608 0.105001 0.937706 -0.613339 -1.55175 -0.58403 0.0996951 -0.363532 0.304709 0.104408 -0.370877 0.152978 0.916649 1.23034 1.31525 2.38981 1.06666 -1.23331 -0.732329 -0.732329 
-0.831828 -0.831828 -0.87321 -1.56105 -1.49067 -0.472308 0.991093 1.70805 1.3839 0.555276 -0.222776 0.230504 0.193717 -0.267541 -0.088815 -0.601554 -0.37031 1.79474 1.86839 -0.424067 -0.344855 -0.344855 
-1.41815 -1.41815 -1.34135 -1.06474 -0.723423 -0.194498 -0.103463 -0.272804 -0.112926 0.824949 0.211377 -0.876425 -0.435346 0.358715 0.631601 0.524325 0.306926 1.10413 2.74261 1.43172 -0.0875331 -0.0875331 
-0.288579 -0.288579 0.508581 1.69917 2.4544 1.77143 0.821129 -0.430035 -0.48018 0.0912817 0.262377 0.43329 -0.446726 -0.554925 -0.306051 -0.414817 -1.02205 -2.00372 -0.664198 0.174631 -0.658217 -0.658217 
0.209949 0.209949 1.50335 0.507473 -0.928603 -0.779199 -0.608509 0.658413 0.510755 -0.23458 0.595085 -0.114416 -1.25486 -1.77502 -0.865355 0.117528 1.06126 1.22536 1.10054 1.56595 -1.35253 -1.35253 
-0.821741 -0.821741 -0.802327 -0.2818 -0.494516 -1.21553 -0.953625 -0.266002 -0.273163 -1.12673 -0.956318 -0.288882 -0.063429 0.653087 0.185808 -0.35779 0.262474 0.761097 1.07704 2.39625 1.69392 1.69392 
1.58997 1.58997 0.0343011 -0.950782 -0.519585 0.981618 0.713041 -0.949782 -1.09348 -0.462257 -0.0663123 0.631449 0.856721 0.691589 1.1143 0.449118 -1.80455 -1.01651 0.763302 -0.0833879 -1.23437 -1.23437 
-1.09287 -1.09287 -1.3952 -1.27666 -0.412933 0.306859 1.25549 1.30885 0.914742 1.06264 -0.424095 -0.95726 0.201374 0.680678 -0.102741 0.822816 1.70793 0.917953 0.492029 -0.46256 -1.22708 -1.22708 
-0.156922 -0.156922 -0.585936 -0.506967 0.0335603 0.492343 0.483827 -0.817506 -1.58678 0.0530409 0.374296 -0.17465 -0.49645 -0.797399 -0.653888 -1.31579 -0.879349 0.776613 2.53478 2.2409 0.569602 0.569602 
-0.559324 -0.559324 -0.5612 0.585383 -0.438381 -1.58139 -0.712727 0.969545 1.59261 0.109699 0.317257 0.72141 0.536684 1.3527 1.12309 0.597247 -0.642262 -2.43048 -1.42019 0.353267 0.32319 0.32319 
0.0812034 0.0812034 -0.55659 -1.79551 -0.627931 1.44717 1.68665 1.23886 0.472412 -0.23086 -0.732186 -0.199948 0.86354 0.852332 0.215004 0.0187991 0.381146 -0.911472 -2.47774 -0.786209 0.490064 0.490064 
0.702527 0.702527 1.0153 0.689175 0.576147 -0.14791 -1.18118 -1.15254 -0.317489 -0.4819 -0.601453 -0.368391 -0.258046 -0.242514 -0.0533254 -0.457815 -1.57248 -1.69076 -0.268244 2.02904 1.53967 1.53967 
-0.124135 -0.124135 -1.27984 -1.56447 0.186727 0.45318 -0.395139 -0.066791 0.0481376 0.353263 0.708845 -0.310332 -0.947143 0.239561 1.54418 2.32247 1.25217 -1.35988 -1.77134 -0.119296 0.476984 0.476984 
-0.851698 -0.851698 0.400576 1.89098 -0.464214 -1.72363 0.0674274 1.2209 0.203378 0.192368 0.379331 -0.433812 0.081123 0.962125 0.812682 0.330023 0.871064 -0.130178 -2.52976 -1.23265 0.402825 0.402825 
-0.0645969 -0.0645969 -0.573134 -0.490509 0.770935 1.80084 1.578 0.25641 -0.886279 -1.22186 -0.274115 0.273925 -0.402222 -0.242886 -0.280948 -0.24212 1.73765 1.62114 -1.67443 -1.67032 0.0245617 0.0245617 
0.0185223 0.0185223 0.257985 0.486986 0.705415 0.488741 -0.115749 -0.0561505 0.902369 0.232791 -1.52084 -0.607829 1.0213 0.875699 0.09541 -0.329031 0.453976 2.06062 0.235639 -2.49802 -1.36318 -1.36318 
0.696999 0.696999 1.69394 1.65883 0.0900046 -1.33813 -1.8139 -1.06016 0.466021 0.651278 0.315877 -0.564272 -0.797987 0.147291 0.146816 -0.570044 -1.30098 0.329142 1.85354 0.0345043 -0.667891 -0.667891 
0.956924 0.956924 0.325526 -1.405 -0.678877 0.339835 1.04836 0.846519 -0.429279 0.190357 0.213077 -1.036 -0.915956 0.383842 1.33679 1.35839 0.839273 0.161791 0.352827 -1.41839 -1.71347 -1.71347 
-0.229971 -0.229971 0.441626 0.142126 -1.45975 -0.847374 0.970092 0.622932 -1.36555 -1.13644 0.825987 0.897009 0.960334 0.0665527 -1.55928 -0.156102 1.1886 0.795954 1.8547 0.540895 -1.16118 -1.16118 
-0.770435 -0.770435 -1.41586 -0.114068 1.51494 1.05645 -1.01661 -0.934791 0.568261 0.921834 0.965429 0.853605 0.28824 0.417602 0.0899697 -1.66358 -0.711436 1.93128 0.860212 -1.06003 -0.505285 -0.505285 
-0.211437 -0.211437 -0.10771 0.91261 1.43871 1.513 0.929864 -0.245052 -0.16233 -1.11839 -1.71433 0.600403 1.48633 -0.212996 0.177481 1.63747 0.136354 -1.01083 -1.15486 -1.45114 -0.615859 -0.615859 
