52
-0.695216 -0.825159 -0.724533 -0.673542 -0.570611 -0.374361 -0.142945 0.148471 0.366616 0.670153 0.83488 0.952388 1.06921 1.21308 1.30269 1.20342 1.14328 1.14721 1.22171 1.22356 1.17447 1.18336 1.13675 1.04692 0.867889 0.736165 0.77166 0.700627 0.702914 0.666665 0.621224 0.368776 0.271903 0.224705 0.0994213 -0.0217518 -0.207467 -0.366894 -0.711915 -0.778573 -1.0401 -1.3192 -1.29798 -1.28031 -1.3621 -1.50464 -1.4235 -1.43555 -1.67007 -1.53533 -1.66239 -1.44595 
1.64907 1.82007 1.63484 1.53268 1.5875 1.5704 1.54759 1.58315 1.87749 1.87578 1.77335 1.50373 1.03837 0.408671 0.00434464 -0.149964 -0.275944 -0.502594 -0.529642 -0.68824 -0.661043 -0.685985 -0.80846 -0.899343 -0.986039 -1.24745 -1.21043 -0.985878 -1.145 -1.01382 -0.927622 -0.821372 -0.780717 -0.769214 -0.626008 -0.592597 -0.534516 -0.461372 -0.230353 -0.405658 -0.445063 -0.445406 -0.166116 -0.375495 -0.552625 -0.394976 -0.418314 -0.177332 -0.0941164 0.113351 -0.218724 -0.292949 
0.73976 0.93642 1.12244 1.1855 0.80703 0.638068 0.276082 -0.161858 -0.706703 -1.44185 -1.75287 -2.04609 -2.04868 -1.76466 -1.27333 -0.861732 -0.549156 -0.580309 -0.673352 -0.769963 -0.590721 -0.685727 -0.631074 -0.588758 -0.663143 -0.605633 -0.661668 -0.682204 -0.592807 -0.565357 -0.366437 -0.267934 -0.289091 -0.130776 -0.0984683 -0.196143 0.0254395 0.161778 0.711776 0.807204 1.13688 1.23562 0.953119 1.05182 1.2747 1.00978 1.1778 1.28815 1.36775 1.86903 1.48768 0.982654 
-2.04046 -1.93374 -1.73071 -1.93714 -1.94257 -2.01227 -1.93503 -1.77412 -1.68896 -1.31267 -1.06356 -0.471955 0.154698 0.49882 0.662563 0.727279 0.811704 0.819237 0.802157 0.779265 0.688887 0.817815 0.823462 0.775228 0.810483 0.807315 0.825198 0.782706 0.749566 0.677295 0.670511 0.792658 0.739683 0.671069 0.720464 0.68177 0.787042 0.687721 0.589283 0.66 0.481636 0.277453 0.260867 0.0532005 -0.0076032 0.186016 -0.0450039 0.00437347 -0.342528 -0.304181 -0.428736 -0.306195 
0.165586 0.15638 -0.0593353 0.93128 1.1608 1.34438 1.54597 1.55071 2.24025 1.55923 2.10905 2.23984 1.48512 0.391754 0.207522 -0.202137 -0.244786 0.104331 0.293187 0.551094 0.620678 -0.0476274 -0.171102 -0.649414 -1.49123 -1.87058 -1.33152 -0.505381 -0.384552 -0.852065 -0.82912 -1.24824 -1.1967 -1.24292 -1.30978 -0.854888 -0.678272 -0.13612 -0.319932 0.00148143 -0.218674 -0.0750464 0.365169 -0.254073 -0.0856399 0.695631 -0.36497 -0.370051 0.283996 -0.516927 -0.991644 -1.50072 
-0.420072 -1.0141 -1.35581 -1.61421 -1.57835 -1.49091 -1.24598 -0.828124 -0.111632 1.6121 2.20601 1.64809 1.59308 2.04722 0.646788 0.408943 -0.0830724 -0.0949434 -0.60644 0.201349 0.0347684 0.794108 -0.0587316 -0.648239 -1.22261 -1.19087 -0.443736 -0.808808 -0.190672 -0.327332 -0.495942 -1.13888 -0.887406 -0.93283 -0.312874 -0.220141 -0.353307 -0.057144 -0.717493 -0.0412823 0.350364 0.554242 0.897845 0.725047 1.15538 0.349586 -0.66683 0.636981 1.72114 1.0099 0.992858 1.57299 
-0.515375 -0.518128 -0.455517 -0.656855 0.0702532 0.231238 1.06327 1.57432 1.03192 -0.201583 -1.26883 -2.06624 -1.61681 -1.1694 0.0252926 0.492713 0.378273 0.600362 0.902569 0.762546 1.30028 1.23554 1.27215 1.20574 1.25115 0.633964 1.10546 0.763937 0.805222 0.866826 0.481907 0.767765 1.07963 0.943231 0.313757 0.161261 -0.307713 -0.313883 0.370105 -0.343543 0.211044 0.132716 -0.763861 -0.330202 -1.59045 -0.989267 -1.5398 -1.26549 -1.99022 -1.61178 -1.55163 -0.96785 
1.55245 1.79195 2.03047 2.09964 1.99371 2.07491 1.93732 1.50133 1.098 0.225501 -0.170976 -0.752047 -1.14058 -1.21849 -1.60468 -1.7055 -1.13164 -1.06679 -1.12996 -1.03723 -1.01246 -0.806375 -0.949893 -0.513659 -0.191567 -0.312019 -0.498221 -0.75033 -0.645881 -0.444693 -0.446214 -0.256453 -0.151799 -0.337912 -0.276081 -0.237367 -0.194688 -0.453193 0.162424 -0.203355 -0.0954914 0.0926466 0.0897769 0.18829 -0.254812 -0.137438 0.121693 0.688013 0.313411 1.01015 0.598098 0.557983 
-0.193916 -0.250766 -0.108758 -0.143131 0.454153 -0.451546 -1.13888 -2.0044 -2.91745 -2.35519 -1.953 -0.212152 0.910904 0.750105 0.536761 1.02474 0.926034 0.946961 1.0911 0.619616 0.295197 0.576144 1.25532 1.21632 1.08641 0.987219 0.9275 1.1198 1.37525 1.24624 0.393522 0.811987 0.552605 0.524022 0.373293 0.336866 0.000901654 -0.498034 -0.165707 -0.177614 -0.520224 -1.33843 -0.24722 -0.741162 -1.23935 -1.45325 -0.71608 -0.732998 -0.267987 -0.670416 0.323485 -0.16481 
0.193602 -0.756237 -0.383896 0.211521 -1.00255 -1.26188 -1.8462 -2.42657 -2.00132 -1.80415 -0.876184 -1.1397 -1.40771 -1.65453 -0.430194 0.125382 0.527552 0.538006 0.726606 0.946475 0.0264185 0.441148 0.441099 0.796471 0.254367 0.849995 0.798709 1.64608 2.04751 1.26366 1.65467 0.21367 0.392106 0.131399 0.716506 0.228252 0.503541 0.75148 -0.660152 0.375413 -0.209291 -0.2613 0.296277 0.597451 0.660373 0.589119 -0.218475 1.34453 0.564328 -1.08065 -0.218978 -1.21376 
0.832055 1.40491 1.11182 0.438071 0.646094 0.581007 0.468216 0.339721 0.252695 1.51791 1.6363 1.01029 -0.422851 -0.479199 -0.353405 -0.834052 -1.04774 -0.739346 -1.24011 -1.25792 -0.710726 -0.240048 -0.665243 -0.491578 -0.387319 0.280318 0.468076 0.259037 0.673828 0.915331 0.808386 0.196241 -0.383677 -0.123598 -0.64186 -0.801126 -1.1444 -0.671147 -2.04124 -0.783439 -1.28033 0.00198509 -1.46005 -0.622378 -0.0489168 -2.03724 -0.0190665 0.48527 0.274196 1.69106 2.43947 2.19573 
-0.79792 -0.843646 -0.690381 -1.14691 -0.54742 -0.283611 0.698931 1.31756 1.83681 0.359536 -0.0348244 0.186472 1.81499 1.10404 0.0849593 -1.42849 -1.28969 -1.29705 -0.880212 -0.758763 -0.268391 -0.325671 -0.520062 0.310458 1.45221 2.03799 1.54423 0.788491 0.848126 1.36616 0.791985 0.284288 1.09199 1.13929 0.919233 0.222965 -0.286806 0.126743 0.025451 -1.66294 -1.02845 1.08339 -0.859486 -0.427891 -0.825355 -0.920262 -0.0812184 -0.0141081 -0.300184 -0.417896 -1.86912 -1.62955 
-0.816064 -1.21322 -1.0739 -0.518165 -0.226068 0.638508 1.08722 1.66213 1.18999 0.0863594 -1.87108 -2.86585 -1.83398 -0.444929 -1.04018 -0.539272 -0.25174 -0.532798 -0.63386 -0.0573966 0.580006 -0.0125359 -0.411709 0.238452 0.875574 1.60859 1.19986 1.0742 1.01702 1.21819 0.65442 0.7348 0.652754 0.111572 0.697695 1.62095 1.13687 0.556043 0.258481 -0.23718 0.400375 -0.755758 -1.47864 -1.05114 -0.211384 -0.682232 0.799897 0.54208 0.600306 -0.013976 -1.05827 -1.41102 
0.000256217 0.000256217 0.701951 0.710888 1.27423 1.77252 2.14159 2.09013 2.13714 1.92997 1.20851 1.02273 1.12498 1.01941 0.076476 -0.504244 -0.104063 0.418096 0.410085 -0.0692561 -0.0419721 -0.0323383 -0.415197 -0.928728 -1.0912 -0.259244 -0.0238716 -0.152659 -0.0177625 -0.202855 -1.04132 -1.24078 -0.444784 -0.554967 -0.841854 -1.07622 -1.22458 -1.84239 -1.48262 -1.1588 -1.98271 -0.886191 0.264774 -0.134718 -0.756043 -0.124164 0.381888 -0.842289 -0.273019 0.143729 0.460605 0.460605 
0.224672 0.224672 -0.646971 0.119039 0.390443 0.142718 0.310779 1.32278 1.20385 -0.0622108 -0.917112 -2.07519 -3.22417 -3.02941 -1.51248 -0.624297 -0.85513 -0.539446 -0.322299 -0.149206 0.27728 -0.200313 -0.410724 -0.296557 -0.840712 -0.445929 1.10475 0.478854 0.180909 0.963733 0.884187 0.738848 0.436516 0.763746 0.833654 0.56203 0.688812 1.24064 0.447862 -0.415039 0.143253 1.16018 0.493164 -0.963236 0.207922 0.69866 0.964569 1.30457 1.19763 -0.127529 -1.02639 -1.02639 
0.78244 0.78244 0.505227 -0.66604 -1.14746 -1.11326 -1.67136 -2.05078 -2.66744 -2.18229 -1.26535 -0.625362 0.572354 1.59719 1.86191 1.491 0.572337 -0.269284 -0.405104 0.159861 0.163192 -0.095319 0.189611 -0.0781291 -0.0466033 -0.00853118 -0.170469 0.131292 0.230858 0.458106 0.605535 0.148895 0.272999 0.383935 -0.147219 0.245507 0.731062 1.41249 1.32761 0.870462 0.87733 -0.392877 -0.392951 0.655669 -0.0988189 -0.212648 0.566003 0.382537 1.19367 0.237237 -1.85073 -1.85073 
0.778696 0.778696 -0.230862 -0.902901 -0.46213 -0.195615 0.547868 0.573385 1.26775 1.79631 2.49043 3.70759 2.90974 1.41738 0.516616 0.260906 0.0765545 -0.250684 -0.348767 -0.585072 -0.0956258 0.213946 -0.357199 -0.261746 -0.116462 -0.172466 -0.29924 -0.463734 -0.559736 -0.474765 0.152009 0.00309333 -0.611892 -0.281862 -0.185407 -0.00526671 -0.20072 -0.857455 -0.309271 -0.566942 -1.45319 -0.931635 -0.942862 -1.08541 0.208272 -0.34048 -0.805494 -1.17908 -1.21464 -0.497829 -0.226399 -0.226399 
-0.207439 -0.207439 1.19815 1.82408 0.689512 0.65024 0.39883 1.08481 0.120743 -0.0756887 1.0656 -0.768377 -2.48935 -1.68732 -0.726148 -0.527107 0.539607 0.865066 0.736839 0.569162 -0.732939 -1.00435 -0.737248 -1.74712 -1.60799 0.333291 2.028 1.44004 -0.378616 -0.516226 -0.44819 -0.40799 0.116245 -0.0502152 0.654267 0.996565 1.11923 0.612531 0.302209 0.251115 0.00117859 0.929552 -0.142918 -0.524999 1.44389 -0.283928 -1.38941 1.0211 -0.0977197 -1.68457 -1.27428 -1.27428 
-1.13133 -1.13133 -0.753692 -0.328884 0.0602347 0.295485 0.667249 1.19782 2.66712 2.5292 -0.0379915 -0.768119 0.370594 -1.14321 -1.92179 -0.899688 -0.645434 -0.667354 0.254885 0.642968 0.588455 -0.183689 -1.70134 -1.38803 -0.689028 0.797864 0.351389 0.206247 0.463245 -0.421961 -0.991603 -0.518942 0.153354 0.567946 0.723394 -0.12398 0.104908 -0.48825 -0.0606404 1.12301 0.591566 0.537511 0.113694 0.211278 -0.500936 -2.12874 0.244874 2.60834 0.341098 -0.897916 0.555074 0.555074 
0.0973379 0.0973379 -0.160738 0.702828 1.17369 1.31004 1.76499 -0.0211918 -2.28838 -2.97045 -2.40372 -0.432672 1.18506 2.15358 2.17959 0.478274 0.159447 0.700911 0.230318 0.536405 0.634237 -0.017013 -0.0191746 -0.00774358 -0.72352 -0.169782 0.188458 -0.370636 0.15326 -0.400625 -0.109189 0.79633 0.24758 -0.975758 -0.996681 -0.7881 -0.597939 0.900425 -0.0189968 -0.187164 0.638483 -1.24742 -0.582049 -1.05466 -0.836958 0.0853668 -0.339427 -0.565805 -0.430486 0.589533 0.856391 0.856391 
1.09786 1.09786 0.737982 0.0102029 0.0356193 -0.0312857 -1.12404 -1.68551 -2.60782 -2.59333 -1.97758 -1.9608 -0.897664 -0.892707 -0.941133 1.08734 1.43738 0.0914119 0.150317 0.336144 0.575639 0.220054 0.706342 1.69012 0.513908 -0.560058 -0.838235 -0.224122 0.733643 0.509741 0.485595 0.709931 -0.0842477 -0.174727 0.300308 0.25984 -0.368149 0.842403 0.615744 -0.457079 0.713284 0.479317 0.289951 -0.640209 -0.600359 0.883377 1.83195 0.492945 0.768509 0.689376 -0.867514 -0.867514 
0.076556 0.076556 0.104223 0.664632 -0.4079 -1.98916 -1.9397 -2.21754 -0.46007 1.15889 2.60965 3.49697 1.15619 -0.488808 0.309782 0.450898 -0.124001 0.174921 -0.431203 -1.00797 -0.0817772 1.15357 0.759742 -0.236185 -0.310274 -0.223873 0.134931 0.52288 0.127373 -1.2367 -0.562799 0.167552 -0.38273 -0.248985 -0.25864 -0.486651 -1.05596 -0.233349 0.366145 -0.464648 -1.45713 0.30778 0.706919 -1.2495 -0.904795 0.615839 0.858311 0.5233 0.0487672 0.699789 0.594094 0.594094 
-0.680274 -0.680274 1.24112 -0.731445 -1.79425 -1.01121 -1.4104 -0.155087 0.811718 1.43681 0.86399 -0.623116 -0.60235 1.25326 2.25097 1.22868 0.550862 0.285304 0.545694 -0.832827 -0.590535 0.553419 0.479613 -0.194388 0.10435 0.714641 1.02767 1.59058 -0.437719 -0.450659 -1.26777 -1.5321 -0.0644992 0.441161 0.158226 -0.227007 0.688388 -1.40916 -0.42981 0.598406 -0.753902 0.66643 1.10558 0.490521 0.0274368 -1.05498 0.97709 1.01115 -2.97771 -0.936179 -0.127712 -0.127712 
0.253663 0.253663 -1.19318 -0.611568 0.094859 -0.277487 -0.351081 -0.321177 1.29641 1.53482 -0.660195 -2.46095 -1.79979 0.00956418 -0.48289 -0.876907 0.0388822 -0.294304 -0.67291 0.543384 1.11034 -0.0182477 -0.362971 0.25153 0.824849 0.921761 -0.0957359 0.167766 0.690679 0.0851362 -0.905635 -1.45458 -0.442251 -0.370691 -0.857396 -0.654305 0.0798207 -1.11193 -0.201366 0.812096 0.840551 -0.279621 -0.795691 1.56677 -1.71317 -0.0363914 2.85667 0.269333 1.32844 2.44205 0.514701 0.514701 
0.14832 0.14832 -0.222112 0.18026 0.829806 1.17521 1.49516 1.0774 -0.81252 -1.63634 -0.104706 1.71937 0.878742 -1.50866 -2.23229 -1.18819 0.169879 0.42058 0.536729 0.603041 0.441878 -0.175588 0.624959 1.82979 1.6091 0.134328 -1.07535 -0.576343 0.572242 0.000726384 -0.924192 0.321873 0.822325 -0.104431 -0.774922 -1.03616 -0.0354156 0.332918 -1.56245 -0.898975 2.52777 0.203709 -1.3114 0.0821268 -0.392632 0.722352 0.868447 -0.146096 -0.312754 -1.36339 -1.04122 -1.04122 
-0.199131 -0.199131 0.673074 0.81292 1.09561 1.23896 0.973828 0.130941 -1.40547 -2.765 -2.66537 0.0708303 2.25281 0.763466 -0.0494792 0.758552 0.0428005 -0.31289 0.472023 1.14796 0.0779373 -0.87087 0.266611 1.21516 1.291 0.333706 -0.452274 -0.130486 0.168674 -0.295022 -0.405583 0.0353497 -0.533583 0.0780111 1.41845 0.438868 -0.937859 -0.767143 -0.689184 0.166755 -0.437793 -1.68304 -0.233498 1.19683 0.374548 0.962529 1.15752 -0.145816 -0.472099 -1.48127 -1.24187 -1.24187 
0.880516 0.880516 0.89236 0.709011 1.35754 1.10007 0.371492 -0.0553293 -0.261678 -1.28011 -1.25177 -0.160126 -0.0538275 -1.43899 -2.06869 -0.288689 1.17293 0.631965 -0.695302 -0.648526 -0.000498084 -0.544051 -1.23739 -0.945321 0.837828 1.36509 0.0918303 -0.0413281 -0.115948 -1.40592 -1.42497 0.741151 0.859472 -0.575652 -0.74023 -0.55664 -1.06482 -0.3914 0.85653 -0.712182 0.311857 2.92911 0.946485 -1.40229 -0.035437 1.45865 -1.00114 -0.917358 1.25732 0.922831 0.370524 0.370524 
-0.719478 -0.719478 -0.0213858 1.02031 0.0964597 0.00227976 1.15031 0.88877 -1.18731 -1.85803 -1.75962 -2.02762 -0.794726 1.6348 2.26674 0.673946 0.152208 0.560469 0.430521 0.621298 0.0283044 -0.552122 -0.0128299 -0.316983 -0.0612471 1.84785 0.917668 -0.76705 0.516768 0.715803 -0.130065 -0.333098 0.0975716 0.436807 -0.108951 -0.0571197 0.693324 -0.144706 -1.434 -0.20272 1.51044 0.393767 -1.86027 -0.185071 1.58943 0.76444 0.62707 0.287278 -1.23025 -1.95195 -0.744282 -0.744282 
-0.125401 -0.125401 -1.2513 -1.4476 -0.288821 -0.362535 -0.760136 -0.81643 0.0146586 1.48887 1.6377 1.9076 2.27755 1.38068 0.0390001 -1.09855 -1.55103 -0.79851 0.553601 0.687363 -0.104221 0.166472 0.1576 -0.0859898 0.207978 0.0220073 0.275484 0.52686 0.455233 0.501242 -0.156159 -0.178581 0.367013 -0.262867 0.00800972 0.985342 1.26287 0.714521 -0.379964 -0.291765 -1.07333 -1.08001 1.14901 0.423816 -0.693611 0.78015 0.71321 0.744431 0.00140331 -2.78541 -1.86603 -1.86603 
-1.10683 -1.10683 -1.88433 -0.206413 0.879419 1.22963 0.950816 0.89399 1.47597 1.47569 2.27234 0.546252 -2.58844 -2.7075 -1.2768 -0.44797 -0.530722 -0.430917 -0.325715 0.35401 0.985545 -0.241473 -0.489191 0.33966 0.164435 -0.150314 -0.275827 -0.240227 0.0483836 0.884577 0.613989 -0.822627 -0.268524 0.554555 0.381144 0.0434298 -0.924767 -0.0644396 0.397245 -1.26227 -0.360774 0.651548 -0.116764 1.39292 0.922974 -1.1117 -0.909048 -0.412206 0.849299 1.20446 0.375169 0.375169 
1.02131 1.02131 1.47415 -0.363556 -0.844809 -0.205877 0.31882 -0.196764 -0.83516 0.687989 -0.496714 -2.56745 -0.660403 1.28003 0.843796 0.92015 1.01161 0.147113 -0.209654 -1.05891 -1.13396 0.00130422 -0.532946 -0.625528 1.50952 2.63493 0.805118 -1.73668 -1.41087 -0.0459122 0.082726 0.41277 0.263259 0.393661 0.76173 0.340809 -0.273413 -0.586667 -0.25705 -0.213363 0.495246 -0.099827 -1.04789 1.15242 0.178828 -2.04537 0.948565 0.938913 -1.95304 -0.84678 0.301253 0.301253 
0.191943 0.191943 0.485702 0.493641 0.36256 0.350559 0.554777 1.31374 0.851464 -1.93981 -2.34932 0.213344 -0.328574 -1.6544 0.0992001 0.813416 0.0914646 0.553382 0.836902 0.16147 -0.640837 -1.65261 -0.902007 0.630827 1.44237 0.650261 -0.478305 0.00815317 -0.503609 -1.07524 -0.13626 0.722551 0.682396 0.324991 -0.54767 -0.496885 -0.321093 -0.183675 1.045 0.38181 -0.474075 -0.39965 -0.294789 -0.494219 -1.68734 0.446538 3.20654 -0.00265688 -2.4938 0.0787696 0.935559 0.935559 
-0.222298 -0.222298 0.445561 1.00931 0.446897 0.434583 -1.05225 -3.15748 -2.30359 -0.111912 1.93994 2.75276 1.97743 0.746438 -1.31835 -1.58504 0.149473 0.0321017 -0.149934 0.289671 -0.450708 -0.52804 -0.0155401 -0.567431 -0.148025 0.682591 -0.178044 -0.0499298 -0.0459011 -0.225681 0.902985 0.253207 -1.3932 -0.984988 0.122421 0.285669 1.28315 0.42503 -0.863822 0.485769 -0.84268 -0.966637 0.12636 -0.219849 0.858962 0.362069 -0.526308 -0.093131 0.870799 0.972529 0.183673 0.183673 
-0.225525 -0.225525 -0.888885 -0.537694 0.0646823 -0.954513 -1.4053 -1.24995 -0.724968 0.676956 0.679042 1.08683 1.07605 0.0628765 1.90728 2.27048 -0.805273 -1.07064 0.325568 0.490173 -0.00331527 0.221633 1.44244 -0.0729021 -1.94851 -1.12996 0.4087 1.53524 0.771403 -0.123594 0.284969 -0.416904 -0.703854 0.453015 0.4986 -0.50679 0.633496 0.999302 -1.08196 0.191404 0.95601 -0.283363 -0.917933 -0.709005 1.49122 2.31951 -0.253374 -0.86681 0.281542 -1.38871 -1.31658 -1.31658 
0.00664653 0.00664653 0.408811 -0.380721 -1.91764 -1.11247 -0.177102 1.04861 2.40981 2.1897 1.66466 -1.05624 -2.87351 -0.620616 0.661149 -0.324502 -0.211255 -0.233663 -0.862078 0.237549 1.53797 0.590688 -1.01054 -0.781079 -0.00437194 0.306283 0.522682 -0.0186315 -1.27593 -0.508493 0.994519 0.116015 -0.312126 0.0758419 -0.183763 -0.585387 0.168569 1.00733 -0.179194 -1.32164 0.541107 1.53977 -1.13075 -1.16982 1.32541 1.25204 -0.0796166 -0.594157 0.113446 0.378133 -0.0890573 -0.0890573 
1.2173 1.2173 -0.0823027 -2.04841 -0.232907 0.204307 0.515456 1.41543 1.00022 -0.0141504 -1.40575 -1.01467 1.18764 1.83129 -0.0647874 -1.16869 -0.67012 -0.0519937 -0.785259 -0.797182 0.864725 0.656467 -0.541274 -0.295827 0.550315 0.559729 0.528513 -1.01404 -1.39344 -0.595462 -0.761086 0.744175 1.25147 0.0981507 -0.488805 0.300703 -0.827437 -0.785303 1.27407 -0.262114 -0.00377255 1.17651 -0.164485 -0.758915 -1.06682 0.57708 1.31266 -2.65417 -1.33157 1.8291 0.48406 0.48406 
-0.933437 -0.933437 -0.543422 0.900506 0.260806 -0.262256 0.00748263 1.14154 1.28136 -1.27527 -2.64268 -0.727402 1.69344 0.919858 -0.557665 0.386667 0.427458 -0.440529 0.598512 1.23258 -0.339836 -0.951182 0.217686 0.833301 0.486219 -0.580541 -0.46883 0.564129 -0.0186292 -1.03367 -0.995715 0.347513 0.763608 -0.241605 -0.153404 0.665253 -0.270094 -0.151777 1.32698 0.735462 -0.695297 -1.06044 1.27492 -0.57846 -1.03826 3.1012 0.241791 -0.988012 1.49375 -0.508891 -1.25565 -1.25565 
-0.201769 -0.201769 0.0489971 0.684666 0.649161 0.443751 -0.031866 -1.40909 -1.66216 0.470214 2.12043 0.641993 -1.98267 -1.90976 0.228809 1.52616 1.03171 0.257719 0.142804 -0.0300216 -0.456163 0.143191 1.27888 0.642425 -1.02755 -1.6439 -0.413811 1.0559 0.388732 -0.903512 0.229236 1.11755 -0.236589 -0.966342 -0.551579 0.489965 0.882325 -0.922581 -0.738646 2.57819 0.716303 -2.36355 -0.0466804 0.601686 0.428091 0.815018 -0.512141 -0.707054 -0.729551 -0.424901 0.229877 0.229877 
0.615282 0.615282 0.71186 0.304739 0.30716 -0.0711691 -0.75227 -1.63022 -1.98701 -0.857152 1.97137 3.40945 0.491271 -1.57704 0.0095404 0.0766627 -0.727008 0.309357 1.0218 -0.259223 -1.38128 0.143233 1.45355 0.720383 -0.595801 -1.19098 -0.307639 0.441763 -0.100695 -0.38365 0.24109 -0.0754637 0.0423961 1.36101 0.262143 -1.61434 -0.819941 0.18467 0.657887 0.186545 -1.26454 0.154021 2.00178 0.432853 -0.148876 0.553658 -0.752493 -1.11249 -0.909332 -0.518675 0.178259 0.178259 
