33
0.536554 0.709597 0.760537 0.490807 0.190587 0.356274 0.390493 0.3647 0.530484 0.836353 1.32016 1.59384 1.58213 1.50504 1.356 1.11167 0.552829 0.0146833 -0.195941 -0.462711 -0.673218 -0.606439 -0.510759 -0.614949 -0.772832 -0.877314 -0.810118 -1.1745 -1.23049 -1.41461 -1.55389 -1.54915 -1.75582 
-0.7655 -0.238705 0.421112 1.05821 1.86026 1.7816 1.76819 1.96398 1.67602 1.3251 0.584272 0.138994 0.0169692 -0.0713878 -0.340736 -0.102873 0.0855804 0.107833 -0.0431672 -0.511318 -0.716924 -0.836218 -1.06258 -1.42084 -1.27296 -1.13138 -1.25261 -1.0151 -0.875482 -0.109442 -0.0946088 -0.35339 -0.572899 
0.292843 -0.267213 -0.713261 -0.977882 -1.03653 -1.10364 -1.0354 -1.33985 -1.56433 -1.60736 -1.30223 -0.981642 -0.845808 -0.87451 -0.575351 -0.658765 -0.413996 0.312058 0.485389 0.996256 1.1163 0.855231 0.990397 1.24594 1.21844 0.96021 1.16422 0.987975 0.766723 1.04219 1.02734 1.16478 0.671471 
-1.20662 -0.655968 -0.412509 -1.06645 -1.22414 -0.951254 -1.29472 -0.964918 -0.421585 0.181224 0.160442 0.0920595 0.422826 0.984281 1.32651 1.7271 1.59617 0.992603 0.844099 1.39574 1.4582 0.766166 0.940513 0.796088 0.172178 -0.242251 0.0687228 -0.104065 -0.34128 -0.61117 -1.37286 -1.73949 -1.31565 
-0.161226 -0.596798 -0.570834 0.492471 1.11785 0.976267 1.47798 2.2415 2.55616 1.57988 0.78488 0.423784 0.624816 0.0363112 -0.357234 -0.483529 -0.216487 0.0438919 0.456874 -0.264358 -0.974961 -0.996195 -1.4421 -0.782374 -0.88941 -0.71757 -1.58846 -0.552724 -0.782574 0.3905 -0.430822 -0.836097 -0.559402 
0.626993 1.46435 1.10939 0.642386 0.126483 0.0674926 0.878141 1.57661 0.526251 0.269184 0.00605238 -0.525977 -1.10682 -0.874344 -1.49796 -2.0236 -1.93175 -1.52708 -1.50795 -0.586358 0.567524 0.584982 0.141033 1.11046 1.04318 0.511168 0.311767 0.837863 0.838599 -0.0448725 -1.16153 0.358742 -0.810415 
0.10233 -0.219178 -0.253847 -0.178136 -0.122645 -0.276117 -0.0122002 -0.578055 -0.357165 -0.299236 -1.36346 -1.7513 -2.31683 -2.0553 -0.801097 0.0126816 0.361368 0.362844 0.0912059 -0.424961 0.72797 1.05863 0.961812 0.0739472 -0.326115 -0.614988 0.18294 1.03784 0.799021 0.626311 1.59577 2.05925 1.8967 
-0.00712782 -1.05526 -1.67802 -0.851519 -0.799839 -0.332897 -0.768146 -0.91053 -0.56158 -1.47516 -1.44393 -1.08062 -0.144288 0.883537 0.733547 1.1672 1.24033 0.21947 0.55623 0.0782188 -1.49095 -0.189263 -0.31422 -0.115061 0.185247 1.25821 1.94518 1.83679 1.50584 0.127834 1.05045 0.533076 -0.102763 
-1.07651 -1.04625 0.127956 -0.0654725 0.477737 0.418336 -0.475293 -1.69033 -1.55957 -1.21101 0.617299 1.37228 1.79408 1.48491 1.19564 0.796553 1.33851 1.01167 0.599953 0.778027 -1.09537 -0.167707 0.361267 0.0263269 0.0904958 0.553091 0.294583 -0.251062 0.399436 -0.906678 -1.61055 -1.09688 -1.48547 
0.729875 0.647628 0.614309 1.48634 2.26889 1.34405 1.15938 0.46332 0.196186 0.439802 -0.147139 -1.04043 -1.49213 -1.25286 -1.04766 -0.856324 0.433806 0.343179 0.107151 -0.262911 -0.602485 -1.21034 -1.70341 -1.4938 -1.05157 -0.67834 -0.64591 -0.381669 0.279839 0.564794 0.638175 0.632229 1.51803 
-0.505862 0.711685 0.465183 0.376771 -0.371717 -0.755059 0.0698079 2.02033 1.38416 0.402782 -0.599176 -1.1619 -1.51318 -2.33551 -1.66113 0.520713 0.990523 0.195205 0.123923 -0.63167 -0.574251 -0.242481 -0.938241 0.00331884 1.61354 0.473637 1.38366 0.942172 0.545629 -0.0223033 -0.981302 -0.946019 1.01676 
0.214627 0.355764 0.216964 -0.447447 -1.25507 -0.576595 -0.0984071 0.554813 0.690825 0.148599 -0.343389 0.398641 0.164243 -1.22034 -1.5931 -1.72517 -2.57662 -1.46678 -0.580675 -0.630441 -0.270355 0.257265 -0.163461 0.934205 0.275283 0.985967 0.888275 0.618332 1.48866 1.46914 1.0576 0.486278 1.74237 
-0.989416 -1.39199 -1.02877 -0.0265412 0.236913 0.553059 0.36527 -0.133473 -0.795936 -1.09002 -1.47956 -1.87638 -2.11262 -0.565 -0.217961 -0.495293 -0.920842 0.40418 0.156472 0.308863 0.0191284 0.770547 1.70697 1.86003 0.857362 1.06133 0.831226 0.395031 0.656949 0.190727 1.38367 1.30816 0.0579138 
0.895303 0.895303 -0.202113 -1.07246 0.00672046 0.835629 0.361045 0.687128 1.50915 2.29738 2.2176 0.989456 0.120058 -0.220304 -0.634798 -1.65051 -2.37873 -1.51567 -0.843063 -0.842771 -0.0160698 0.742815 0.319069 -0.309388 -0.310113 0.247747 -0.396424 -0.701735 -0.254944 -0.461396 0.00670068 -0.160311 -0.160311 
1.72715 1.72715 1.89099 2.10226 1.0391 -0.17215 0.235518 -0.172295 -0.984353 -1.65702 -1.79718 -0.878034 -0.347881 -0.566708 -0.0821551 0.597842 0.277583 -0.226625 -0.955048 -1.03616 -0.517981 -0.548811 -0.903762 -0.347882 0.394565 -0.00516069 0.137326 0.524783 1.30983 1.12448 -0.397739 -0.74582 -0.74582 
-2.13244 -2.13244 -1.51461 -0.704462 -0.291425 -0.0260722 -0.522401 -1.13455 -0.587861 0.519693 1.2801 0.926048 0.195608 0.53716 0.422743 0.309002 2.0018 1.8524 1.40239 1.29096 -0.323349 -0.291725 0.788643 0.448466 -0.625969 -0.141822 0.0296323 -0.859692 0.0849357 0.516588 0.227951 -0.772647 -0.772647 
1.23354 1.23354 -0.613574 -1.2287 0.192495 -0.0923697 -0.00509689 1.35472 1.77335 0.908334 -0.120868 0.418195 1.38399 1.40156 1.15489 0.429358 -1.11042 -1.13737 0.634024 0.957516 -0.94953 -0.777964 0.0617386 -1.16231 -1.57633 -0.142781 0.22775 -0.612841 -0.761738 -1.56596 -1.7143 0.10358 0.10358 
-0.456221 -0.456221 1.37226 2.10349 0.633644 0.482788 1.58692 1.35873 -0.763652 -2.11733 -1.36686 -0.151802 -0.429218 -1.15454 -0.590693 0.215158 0.686862 0.864894 -0.332574 -1.70324 -0.849309 -0.526405 0.304301 0.71769 0.122515 -0.809315 0.244556 1.02657 1.1941 0.472563 -1.45287 -0.113395 -0.113395 
0.596332 0.596332 -0.859734 -1.03939 -0.583925 0.896902 1.74246 -0.334986 -1.40166 -0.52287 -0.829809 -1.18447 -0.331053 -0.3788 -1.22509 -0.426421 0.612096 0.530918 1.10796 2.37468 1.36539 -0.418263 0.644416 1.06489 -0.611159 -0.758644 0.422517 0.64593 -0.927569 -2.17491 0.508382 0.449774 0.449774 
-0.5393 -0.5393 -0.0910668 0.0106722 -0.247944 -0.01275 -0.478094 -0.526648 0.177248 -1.27291 -1.77593 -1.2132 -0.480418 1.57302 2.19619 1.17438 0.257754 -0.442239 -1.02636 0.581163 1.53675 0.126495 -1.24852 -1.59071 -0.914794 0.437053 1.72772 0.557823 -0.60176 0.761697 1.47959 0.2022 0.2022 
-1.59011 -1.59011 0.238032 0.895749 0.545107 0.0702514 -0.523964 0.240789 -0.51128 -0.821121 0.424102 1.30676 1.95479 0.895411 0.31597 0.533564 -0.884877 -0.627794 -0.0984037 -1.95707 -0.221503 1.1869 0.111706 0.526426 1.37856 1.75563 0.603576 -0.389092 -1.62723 -0.404754 0.434538 -1.08527 -1.08527 
1.09888 1.09888 0.890232 0.301668 0.426681 -0.913527 -1.99144 -1.03595 0.422496 2.00588 2.38496 1.07305 0.0804701 -0.582778 -0.666656 0.108668 0.176064 -0.713477 -0.242524 -1.6059 -0.906721 1.33408 0.156395 -0.277151 0.466748 0.165772 -0.774662 0.0732115 -0.636114 -1.8994 -0.202003 0.0920818 0.0920818 
-0.193596 -0.193596 0.945794 1.91992 -0.22551 -1.38035 -1.10718 -1.20564 -0.0836919 -0.465535 -1.82298 -1.6615 -0.309248 0.475076 0.417846 1.71322 1.37657 -0.445631 -0.77927 -0.902899 -1.18682 -1.37009 -0.394045 0.722674 0.918021 0.428736 0.298607 1.04971 1.07444 0.372232 0.0249039 0.994915 0.994915 
0.636112 0.636112 -0.302397 -0.663143 -0.87509 0.25558 1.93278 0.882824 -1.22414 -1.48701 -1.18615 -0.718551 -0.905116 -0.168038 1.99087 1.84386 -0.295638 -0.684486 -0.655938 -0.563449 0.217969 -0.323292 0.114925 1.77209 0.276271 -0.226919 0.274991 -0.663953 -0.754823 -1.15902 -0.725531 1.37416 1.37416 
-0.0787583 -0.0787583 -1.00177 -1.76812 -0.229416 1.24389 1.21496 0.822885 -0.546885 -1.26646 0.205069 0.50022 -1.93651 -2.09504 -0.659876 -1.20837 0.214625 2.20556 0.876866 0.274136 0.935719 0.0410462 0.694217 0.421287 -0.0221249 0.620945 -0.50268 0.606501 0.893444 -0.57536 -1.20763 0.703193 0.703193 
-0.121225 -0.121225 1.40546 1.29704 0.551432 0.0610379 -0.824554 -1.34041 -1.11799 -0.82139 -0.933047 -0.766444 1.34671 1.98059 -0.00270216 -0.84232 0.899057 1.09233 -0.182044 -0.227716 0.423285 1.75582 1.10555 -1.00178 -0.94645 -0.10686 -0.802568 -0.267854 -0.300486 0.711314 1.13592 -1.51924 -1.51924 
-0.930928 -0.930928 -1.74513 0.291055 1.88069 0.427161 -0.0432271 1.16974 1.60207 0.758436 -1.12786 -1.86653 -1.03602 -0.610466 -1.24225 -1.53573 0.221839 1.53229 0.725183 0.869338 1.57899 0.409213 -0.888632 -0.4929 0.616888 0.0149511 -0.792538 0.228046 0.320528 0.34046 0.377356 -0.0605445 -0.0605445 
0.337347 0.337347 0.560558 -0.735797 -2.23872 -0.684751 0.164094 -1.12457 -1.4044 -0.694522 0.987262 1.69546 0.49317 0.444992 1.39462 0.544318 -0.70682 -1.13805 -0.691041 0.626017 0.679138 -0.243339 0.376533 1.53596 0.526339 -0.107532 0.724143 1.40303 0.797844 -1.63984 -1.81177 -0.203508 -0.203508 
0.52011 0.52011 1.29042 1.0957 0.577695 -0.286945 -1.12129 -0.12957 1.50555 1.70876 0.31904 -1.09849 -0.437091 0.148634 -0.284267 1.43406 1.40016 -0.637252 -0.601162 -1.7082 -1.57217 0.989972 0.636456 -1.41237 -0.628586 0.556027 -0.749893 -0.0147464 1.24126 0.0686521 -1.29316 -1.01872 -1.01872 
-1.20786 -1.20786 -1.6258 0.594804 0.819194 -0.0871202 1.03034 1.25547 -0.256159 -1.23987 -0.285887 1.06958 0.715262 -0.108523 -0.613416 -1.49201 -1.01736 1.23237 1.47047 -1.02879 -1.13202 0.734224 -0.214005 -1.06583 0.739834 1.27289 -0.272245 -0.625163 -0.600455 -0.600074 1.18148 1.28226 1.28226 
1.11529 1.11529 1.59174 -0.557347 -1.13208 0.545035 0.494651 -1.60764 -2.34098 -0.469118 1.20459 0.534849 -0.729442 -0.181299 0.816367 0.756327 0.347261 -0.74032 -1.7494 -0.412776 0.6907 0.675569 0.734526 -0.194534 -1.07104 0.0034308 1.12011 0.542606 -0.437058 -1.80077 -0.45788 0.79667 0.79667 
-0.914336 -0.914336 -1.03156 0.21571 1.29917 1.55371 -0.768059 -2.01578 -0.0868492 0.408873 -0.395946 0.361182 0.561441 -0.547613 0.00467177 1.23451 0.660407 0.359293 1.2388 0.203722 -1.78665 -0.434692 1.0035 -0.783515 -1.15411 0.710216 0.952227 -0.845184 -1.80485 0.9727 1.74835 -0.00249705 -0.00249705 
0.282204 0.282204 0.34922 -0.116388 -0.0284796 -0.164653 -0.35156 0.418628 -0.504618 -1.29963 0.0262791 0.840314 1.82226 1.75005 -0.27564 -1.28991 -1.07793 -0.85891 0.661072 1.67529 -0.312545 -1.84773 -1.14419 0.206779 1.32266 1.72759 0.0665012 -1.5475 0.121243 1.35795 -0.381597 -0.854481 -0.854481 
1.25596 1.25596 1.71791 0.187624 -0.607847 -0.778923 0.0917265 -0.0191437 -0.773894 0.628922 1.46648 1.04704 -0.316963 -1.17909 -0.282198 -0.871477 -0.843742 0.524335 -0.96168 -0.114512 2.18014 0.20598 -0.491938 0.861736 0.83529 -0.572371 -1.53442 -1.59488 -0.0390523 1.42005 -0.50602 -1.0955 -1.0955 
-0.107656 -0.107656 -0.529465 -0.290341 -0.829024 -1.69113 -0.045864 1.77188 2.22188 1.44833 -0.626665 -1.6097 -1.14481 -0.493572 0.537416 0.64583 -0.547336 -0.258116 -0.597701 -0.434139 2.14888 0.803782 -1.11286 0.264297 0.359306 -0.847813 -0.0244616 0.141168 -1.37185 0.35299 1.46912 0.252638 0.252638 
0.749664 0.749664 1.47743 -0.976646 -2.56719 -0.760261 0.0289585 0.663074 0.451357 -1.40098 -0.995068 1.02933 1.49466 0.44164 0.823443 0.614686 -1.71444 -1.71219 -0.443193 -0.406051 -0.450609 0.490712 1.46193 0.87867 -0.32117 -0.564331 0.362358 0.478053 -0.60771 -0.885674 0.363635 0.623122 0.623122 
-0.646454 -0.646454 -0.875439 -0.414249 0.532437 1.73159 0.347419 -2.05461 -1.555 -0.0266126 0.437058 0.127661 0.298714 1.78752 1.22634 -1.5021 -1.65561 -0.279431 0.0261006 0.50399 0.101713 -0.116136 1.27933 0.0516875 -1.31961 -0.0515412 -0.328139 -0.70441 -0.364978 -0.0321351 1.55723 1.28207 1.28207 
-0.651176 -0.651176 -1.15003 0.452435 1.91035 0.889887 -0.324391 -1.19721 -1.41041 0.439154 1.0997 -1.4444 -1.73973 0.780693 0.526848 0.518926 2.17198 0.380754 -1.30761 -0.012024 -0.202066 -0.207542 0.197185 -0.516641 0.0796335 -0.363155 -0.0597372 0.858479 -0.819672 -1.41804 0.781945 1.19352 1.19352 
1.02493 1.02493 0.957406 -0.457842 -0.695748 -0.782935 -0.798794 -0.108693 0.397331 0.18926 0.108292 1.49397 1.785 -0.766381 -1.68412 0.635712 1.27902 -0.599272 -0.748092 0.451086 1.30948 0.499005 -1.64345 -1.20398 0.63145 0.163683 -0.0262021 0.386781 0.683924 0.968706 -1.31518 -1.57964 -1.57964 
