29
0.093108 0.0774066 0.0920266 0.147895 0.222411 0.319489 0.501222 0.75737 0.854051 0.940835 0.98947 0.996942 1.04632 1.02279 0.910441 0.809323 0.657657 0.43021 0.419817 0.220342 -0.0926285 -0.372284 -0.782233 -1.19354 -1.36382 -1.76238 -1.95789 -2.03377 -1.95058 
0.82192 1.011 1.1182 1.23549 1.22674 1.30524 1.2427 1.13922 1.07463 0.982058 0.899184 0.670812 0.326607 0.0676597 0.00567875 -0.182723 -0.376384 -0.501163 -0.952141 -1.04436 -1.08802 -0.907049 -1.06154 -1.04707 -0.821181 -1.12516 -1.38967 -1.33539 -1.29529 
-0.14103 0.266932 0.986481 1.21882 1.29888 1.03848 0.635859 0.205523 -0.29077 -1.08916 -1.54486 -1.40473 -1.23026 -1.101 -1.3875 -1.432 -1.03303 -0.659255 -0.433152 -0.362254 -0.230264 -0.280514 0.166138 0.9801 1.30333 0.890141 0.991615 1.23829 1.39919 
-0.397325 -0.733868 -1.28752 -1.51194 -1.48508 -1.45907 -1.38761 -1.33155 -1.11527 -0.567486 0.033166 0.30912 0.612127 0.796175 1.01433 1.0145 1.07201 1.19744 1.22563 1.31551 1.15191 1.22849 1.01423 0.42494 0.262473 -0.0184726 -0.539406 -0.304875 -0.532556 
0.498934 0.548324 0.623979 0.552678 0.313754 0.620589 1.10799 1.55312 2.05906 2.14971 1.16711 0.744555 0.381013 0.171657 -0.347881 -0.700934 -0.61298 -0.860045 -0.849142 -0.828242 -0.899891 -0.559529 -1.05814 -0.651625 -1.27902 -0.448518 -1.3655 -0.776826 -1.25421 
0.435645 -0.135751 -0.381736 -0.248049 -0.524684 -0.693928 -0.703698 -0.882628 -0.917638 -1.19588 -0.966678 -1.15653 -1.14546 -0.939161 -0.153626 -0.292346 -0.502573 -0.428371 0.187127 0.0571725 -0.311114 1.04935 0.538628 1.3242 1.58245 2.6676 0.684469 1.17993 1.87328 
0.596623 1.23688 1.21994 1.14484 1.1223 1.30137 0.973727 0.647231 -0.171282 -1.44369 -1.48751 -1.75607 -1.68734 -1.31427 -1.00616 -1.08518 -0.839815 -0.462586 -0.613219 -0.0822198 -0.293085 0.0128976 0.279963 0.322727 0.699821 1.29478 0.307804 0.0912136 0.990309 
2.38656 1.45577 1.88048 1.47721 0.69831 0.476497 0.572773 -0.0990822 -1.10722 -0.0747442 -0.217521 0.419451 0.0495559 -0.648535 0.361273 -0.23013 -0.235491 -1.01711 -0.37814 -0.406499 -0.367833 -1.44502 -0.977541 -1.49949 -1.85178 -0.302631 -0.270847 0.576857 0.774861 
-1.54085 -1.30668 -1.25632 -0.605193 -0.122526 -1.19565 -1.74323 -1.56129 -1.21074 -1.29516 -0.0950572 0.870273 1.17678 1.21091 0.833227 0.119092 0.714005 0.681148 0.953387 0.729855 1.00817 0.58147 1.18349 1.23029 -0.272766 -0.383319 0.255731 0.33245 0.708496 
-1.74336 -1.9098 -1.56232 -0.955275 -1.32839 -1.17794 -1.26584 -0.424296 0.669105 1.37365 0.598801 -0.390326 -0.468074 0.184077 0.155683 0.276042 0.0648785 0.00164724 0.600732 0.548355 0.461196 -0.288668 -0.289499 0.872852 0.614092 1.52102 0.845011 1.32902 1.68762 
1.04814 0.625493 0.250078 -0.0695057 0.0748312 0.455334 1.15399 1.0318 1.14381 1.56851 1.4185 0.956852 0.660262 0.102953 -0.897247 -1.19191 -0.759879 -0.116014 -0.532272 -0.84809 -1.70453 -2.49704 -1.75237 -0.556749 0.168215 -0.129456 -0.235699 0.157957 0.47404 
1.11898 0.759016 1.01167 -1.11404 -0.883615 0.878158 1.16822 1.16228 0.348293 -1.85025 -1.20382 0.136911 0.494172 -0.573301 -1.05329 -1.21108 -1.16339 0.633879 -0.363963 -0.921316 0.246782 -0.458508 -0.74844 -0.472142 1.11789 2.38858 0.824839 -0.221925 -0.0505986 
-1.42452 -0.915656 -1.06477 -0.182719 0.100223 0.463581 0.00534105 -1.587 -1.57118 -0.408419 -0.837669 -0.5432 -0.00568139 0.212844 0.382451 1.50515 2.31869 1.21952 0.976696 0.334172 1.31953 1.34425 1.06614 0.25738 0.053539 -0.632024 -0.558475 -0.731177 -1.097 
0.424262 0.424262 0.638134 0.817119 0.940266 1.26066 1.73601 1.48185 0.97574 0.832165 0.59516 0.597386 0.504739 0.0214391 -0.210414 -0.327898 -0.705406 -0.283243 -0.199654 -1.10384 -1.34345 -1.63325 -2.02666 -1.31046 -1.27236 -1.34777 -0.383519 0.449363 0.449363 
1.58829 1.58829 1.32719 0.905539 0.764462 0.56882 -0.0929958 -0.100483 -0.0608052 -0.127279 -0.62117 -1.57159 -1.68279 -0.656382 -0.399821 -0.878721 -0.647334 -1.58315 -1.46475 0.016593 1.01017 0.607108 0.00156039 1.38492 0.226784 -1.55673 -0.253824 0.854045 0.854045 
1.42299 1.42299 1.17004 0.248968 -0.460736 -1.15594 -1.4007 -1.53563 -2.06574 -2.00728 -0.655499 0.252147 0.236483 -0.427468 -0.677726 0.309573 0.912013 0.663033 0.226794 0.091241 -0.0832503 0.369963 1.61471 1.43694 -0.330553 -0.649951 0.300463 0.386061 0.386061 
-1.62616 -1.62616 -1.41655 -0.331311 0.13684 0.220221 0.276399 0.547116 1.46638 2.18494 1.67676 1.12034 0.948525 0.789896 0.446143 0.145841 0.380013 0.325185 0.25872 -0.0998081 -0.124668 -0.219384 -1.46418 -1.36735 -0.790925 -1.46106 -0.497404 0.0508124 0.0508124 
0.41433 0.41433 0.190132 -0.394235 0.308198 1.65743 1.91433 1.94878 1.29027 -1.47486 -2.42819 -1.27823 -0.882183 -1.17196 -1.4389 -0.31041 -0.113523 -0.256654 0.241123 0.0877723 0.681211 -0.111919 0.0109648 -0.228263 0.55934 0.0213942 -0.427827 0.388774 0.388774 
-1.28334 -1.28334 -0.305251 -0.347769 -0.767995 -0.397799 -0.411236 -0.446249 -0.584019 -0.217499 -0.0948762 -0.39748 0.152061 1.22641 0.747793 -0.63353 -0.338165 0.807282 0.524076 -0.840632 1.22688 1.02929 0.231811 1.29852 1.7141 -1.39515 -2.21317 1.49964 1.49964 
0.844721 0.844721 -0.155384 -0.16321 0.192143 -0.234404 -0.941214 -1.62746 -2.94989 -1.86684 -0.463408 -0.306064 0.59095 0.925617 0.293575 0.205854 0.843708 0.290089 0.505066 0.42086 0.106278 0.774442 0.406454 0.560277 1.33226 -0.574754 -1.70933 0.927467 0.927467 
-0.533412 -0.533412 0.107838 -1.35525 -1.13468 -0.0708213 -0.617888 -1.9604 0.111365 1.16328 0.682518 0.406436 -1.21645 0.4607 0.590388 -0.643641 -0.874859 -0.0916221 0.824025 0.0943082 -1.18063 -0.659375 0.0155563 -0.98093 1.53667 2.00354 1.15088 1.35293 1.35293 
0.146347 0.146347 0.634417 1.14045 -0.877873 -2.08383 -0.614711 0.436595 0.124796 1.11925 2.34804 1.30204 0.212023 -0.588859 -1.46475 -0.32627 0.471201 0.0934947 -0.1297 -0.122587 -0.360406 0.0185036 0.572764 -1.89133 -2.07553 0.431918 0.651131 0.343271 0.343271 
-0.106204 -0.106204 0.868852 -0.0395383 -0.615121 -0.25557 0.61562 2.10477 1.93207 -0.423053 -2.5581 -1.67934 0.389668 0.451884 -0.218496 -0.448896 -0.680331 0.341072 0.354755 -0.510327 -1.38958 -1.28076 1.12979 0.804644 0.48266 -0.04333 -0.576465 0.727764 0.727764 
-0.813017 -0.813017 -0.702638 -0.145964 0.603854 1.19755 0.659147 0.0308305 0.616567 0.335926 -0.613375 -0.770363 -0.872825 -1.62642 -1.34512 0.188858 1.19406 0.285506 -0.742349 -1.2138 -1.72435 -0.00951191 2.11985 2.09875 0.499378 -0.390875 0.349562 0.801888 0.801888 
0.000477376 0.000477376 -1.15408 -1.16861 1.37328 1.41227 0.256424 -0.465479 -1.89914 -0.944224 1.36998 1.1809 -0.393737 -0.941188 -0.346375 -0.00133941 1.277 0.593361 -0.946242 0.469991 0.37326 -0.580095 0.0617314 1.29098 1.94118 -0.120972 -1.63628 -0.501772 -0.501772 
0.362267 0.362267 0.750478 1.19992 0.660355 -0.110653 -2.14505 -1.65192 1.21405 0.751077 -0.152157 0.853514 0.774515 0.391798 1.33235 2.0022 -0.309077 -1.40795 -0.932923 0.344676 1.03877 -0.275542 -1.14255 -1.0653 -0.937147 -0.648594 -0.115096 -0.572145 -0.572145 
0.2618 0.2618 0.527972 0.393053 0.603348 1.12711 0.272677 -1.18686 -1.02241 -0.622217 -0.405395 -0.190717 -0.91275 -1.11977 -0.575756 -0.792362 0.0101546 0.69586 -1.27658 -1.7572 -0.843536 -1.07227 0.423762 1.06549 -0.111726 1.26555 2.61629 1.18234 1.18234 
-0.207518 -0.207518 -0.572612 -0.468685 -0.272991 -0.723883 -0.560965 0.0464363 -0.00463843 -0.466639 -1.23202 -0.900656 0.811012 1.12944 -0.173953 -0.19575 -0.591382 -0.689213 1.40373 2.16152 0.529871 -0.854758 0.692044 0.213577 -2.52851 -0.397579 2.10597 0.977832 0.977832 
-0.157897 -0.157897 -0.985781 -1.39632 -1.1933 -0.775402 -0.271805 -0.528291 -0.354466 1.33703 2.10029 0.8712 -0.541391 -0.752249 0.731935 1.49836 0.387163 -0.546428 -0.444477 -0.209211 0.319986 1.59563 1.02849 -1.67898 -1.80628 0.636637 1.00066 0.146402 0.146402 
0.08567 0.08567 1.45652 1.7831 0.517582 -0.00281178 0.233826 1.32405 1.88975 0.0866517 -1.52388 -1.09899 -0.596501 -0.813693 -0.992651 -0.262633 0.0474432 -0.332313 -0.715938 -0.663384 -0.330143 -1.87113 -1.62917 0.671332 -0.297471 0.191668 1.73065 0.513392 0.513392 
-0.196968 -0.196968 -0.670905 0.0806168 1.64881 1.28748 0.221158 -0.521268 -2.7918 -3.03091 0.144332 1.23872 0.0710496 -0.466649 0.683604 1.05978 0.0284593 0.272489 0.264201 0.341785 -0.177093 -0.558725 -0.109496 0.429609 0.18734 -0.815756 0.282816 0.647146 0.647146 
0.371813 0.371813 0.346495 -0.486155 -0.240399 0.00183023 -0.239458 -0.313494 -0.0743946 0.08066 -0.31778 -0.0635651 0.756359 0.14413 -1.31813 -0.857257 0.647345 0.302827 -1.19188 0.207886 0.902867 -0.803134 -0.0502923 0.672042 -1.81459 -2.54916 1.51314 2.00024 2.00024 
-0.79002 -0.79002 -0.795841 0.212246 -0.0991663 -0.889123 -1.08227 -1.54012 -0.224247 1.80303 1.11457 0.737933 0.869812 -0.267383 -0.581523 0.362929 0.0164296 -0.298074 0.0510389 -0.342806 0.21675 0.17703 -0.205498 0.642329 -0.890368 -2.30832 1.07102 1.91483 1.91483 
0.359164 0.359164 -0.730886 -1.0443 0.838354 0.266435 -1.52638 0.424729 2.20865 0.306939 -0.682464 -1.53338 -0.0781602 1.22757 -0.941358 -1.21025 0.292684 1.14714 0.0199358 -1.61212 -0.680107 0.772609 -0.358157 1.01469 2.10494 -0.40602 -0.603312 0.031949 0.031949 
0.303783 0.303783 0.632059 -0.993908 -2.10452 0.157879 1.62223 0.466898 0.430014 1.42944 0.105739 -1.39854 -1.23952 -1.10061 0.157508 1.24306 0.259472 -0.402664 -0.15302 -0.162508 0.0786878 0.592533 -1.25181 -1.73087 1.49432 1.75602 -0.0703497 -0.212559 -0.212559 
0.502003 0.502003 -0.0415542 -0.969416 -0.210713 0.654997 1.33092 0.706283 -1.59403 -2.76824 -0.833172 1.68242 1.19382 -0.445355 -0.620448 -0.357795 0.391251 0.537923 -0.5909 -1.12521 -0.542451 1.42608 1.1664 -0.468671 -0.588851 -0.715198 0.379957 0.698971 0.698971 
-0.0143246 -0.0143246 0.376626 0.825702 0.851704 -0.0530121 -0.911229 -0.121747 0.122424 -0.955629 -0.868788 -0.274055 -0.693048 -0.423532 1.18302 1.69141 -0.0239682 -1.45178 -1.1448 -0.7815 0.753921 2.60793 1.38878 -1.2299 -1.8403 -0.19706 0.745831 0.225823 0.225823 
-0.639265 -0.639265 -0.647564 1.46372 1.49429 -0.617729 -1.05233 -1.21101 -0.253264 1.88739 1.23398 -0.987198 -1.19189 0.0472305 0.556988 0.947395 0.359851 -1.24966 -0.0502855 0.773833 -0.579594 -0.157756 1.08887 1.09365 -0.786277 -2.02314 -0.197321 0.668168 0.668168 
0.299779 0.299779 0.595882 -0.015355 -0.819411 -1.80423 -0.971391 2.25705 1.62715 -0.856062 0.111507 0.654527 -0.260167 0.411532 1.10498 -1.03738 -2.20265 -0.366981 1.19868 1.343 -0.36459 -1.39307 -0.476285 0.179345 0.318551 0.585602 0.0943857 -0.257093 -0.257093 
