64
-0.531906 -0.433999 -0.330056 -0.135081 0.0773202 0.403442 0.669238 0.812225 1.08873 1.23949 1.25098 1.24481 1.25951 1.27108 1.25074 1.36385 1.22001 1.06464 0.952408 0.979899 1.02587 1.0704 1.04125 0.996546 0.876259 0.789614 0.719909 0.593122 0.574477 0.592866 0.515044 0.278127 0.0682069 0.0698787 0.0526928 -0.0919983 -0.253372 -0.348777 -0.315665 -0.315293 -0.313331 -0.24886 -0.257261 -0.328183 -0.224395 -0.23057 -0.22075 -0.268211 -0.266784 -0.289237 -0.415883 -0.626156 -0.700002 -0.82804 -0.903003 -1.09515 -1.13973 -1.28583 -1.73707 -1.88692 -2.0404 -2.34135 -2.4151 -2.59427 
1.61053 1.93106 2.18743 2.15887 2.07879 2.02728 1.9839 1.90838 1.71717 1.51612 1.3213 1.07827 0.808011 0.534009 0.476701 0.157685 0.130998 0.106295 0.192128 0.0731514 0.0713625 -0.114133 -0.170125 -0.327941 -0.0950756 0.0221383 -0.136302 -0.0426259 0.158306 0.0320369 -0.0546879 -0.185038 0.0209036 -0.0565057 -0.0648763 -0.156038 -0.0901814 -0.348262 -0.409599 -0.336285 -0.435483 -0.46072 -0.707811 -0.722463 -0.883491 -0.947804 -1.08658 -1.02646 -1.07514 -1.16966 -1.28456 -1.21588 -0.9913 -0.938796 -0.982764 -1.05495 -1.08374 -0.957915 -1.05425 -1.09017 -0.892506 -0.775691 -0.499591 -0.377433 
1.50275 1.35746 1.19903 0.886744 0.684344 0.328841 -0.173804 -0.484361 -1.09701 -1.43877 -1.54121 -1.46756 -1.27972 -1.10347 -1.45296 -1.30129 -1.10996 -0.835892 -0.791916 -0.764362 -0.902896 -0.96326 -1.08708 -0.786621 -0.741871 -0.973034 -1.18825 -1.0732 -0.820336 -0.739208 -0.886449 -0.865821 -0.300523 -0.151012 -0.202265 0.0368278 0.0186224 0.242184 0.269036 0.195565 0.15078 -0.00224701 0.234957 0.157623 0.0357465 0.226396 0.299499 0.428708 0.556026 0.597065 0.620719 0.597608 0.49253 0.628592 0.778745 1.14914 1.09689 0.632978 1.31854 1.34043 1.83797 2.19268 2.2174 2.21393 
-2.06657 -2.22261 -2.14674 -2.12558 -2.17038 -2.23226 -2.11661 -2.0209 -1.61133 -1.20894 -0.776839 -0.364809 -0.172846 -0.0426214 0.288134 0.322117 0.592169 0.539576 0.629737 0.563188 0.535352 0.506412 0.707593 0.835947 0.598219 0.653988 0.752479 0.692101 0.556854 0.556162 0.586128 0.460613 0.336872 0.270951 0.182247 0.259239 0.247076 0.376582 0.221944 0.379411 0.56882 0.763511 0.834279 0.901832 0.737324 0.819481 0.839752 0.820164 0.908711 0.882683 0.908354 0.971533 0.610857 0.579117 0.588787 0.689629 0.570258 0.064274 -0.0243147 -0.369794 -0.737553 -0.99773 -1.0179 -1.28414 
-0.0440386 0.0412678 -0.708659 -0.0592087 1.02533 1.76275 1.93751 3.05429 2.95569 2.36902 1.59877 1.24357 0.663558 0.184953 0.113214 0.158856 -0.806869 -0.252802 -0.398469 -0.0216251 0.230313 0.537817 0.229899 0.114669 0.665348 -0.000628772 -0.399013 0.0784797 0.0967886 0.13473 0.169261 0.138605 0.836844 0.981253 0.603845 0.0799822 0.324224 -0.135445 0.0167219 -0.437787 -0.392497 -0.628036 -0.239414 -0.347879 -0.380694 -0.409488 -0.519254 -0.786084 -0.731923 -0.404938 -0.702565 -0.922341 -0.672932 -0.468196 -0.492189 -0.842397 -1.05559 -1.32895 -1.85074 -1.72588 -2.0949 -1.56113 -0.00980526 -0.515193 
0.0769909 -0.258657 -0.0889159 -0.149419 -0.507115 -0.548992 -0.120793 -0.584912 -0.553161 -0.407071 0.0731934 -0.317019 -0.3608 -0.0624251 -0.147658 -0.00845925 -0.0351292 -0.393048 -0.319103 -0.490502 -0.287181 -0.655222 -0.620402 -0.571014 -0.565516 -0.370068 -0.981274 -0.781405 -1.0198 -0.951181 -1.38379 -2.06245 -1.98146 -1.5247 -1.0957 -0.759175 -0.740121 -0.483341 -0.300902 -0.0991694 -0.817393 -0.49711 0.0553086 -0.202772 0.236724 0.388662 0.410749 0.60188 0.483525 0.574814 0.555327 0.722365 1.65876 1.27574 1.12309 0.953254 1.08076 1.71287 0.778814 2.13932 2.01719 2.81965 2.1986 2.16673 
0.959498 1.0212 1.45891 1.54502 1.9053 2.09343 1.6063 0.846975 -0.337231 -1.37645 -2.53092 -2.77415 -2.57847 -1.69496 -1.30412 -0.74093 -0.579579 -0.751335 -1.0977 -1.20849 -0.954453 -0.278038 -0.622511 -0.989194 -0.579189 -0.340623 -0.0117644 0.544009 0.766414 0.00804506 0.185872 0.390671 0.588656 0.585522 0.0133839 -0.258064 0.415654 0.750617 0.373312 0.218441 0.807282 0.828843 0.215022 0.231075 0.402653 0.0401276 0.0967078 0.317881 0.309726 0.352724 0.506139 0.113827 0.823503 0.649832 0.0784781 0.00464837 -0.326553 0.775515 0.18024 -0.643295 -0.443347 -0.0118683 -1.58939 1.01116 
1.59715 1.30203 2.1878 1.61879 1.53893 1.26085 -0.226103 -1.03529 -0.681597 0.0790844 -0.451322 -0.239691 0.42114 -0.728565 -1.38914 -1.61178 -0.707595 -0.545151 -0.51122 -0.599747 -0.533345 -0.793522 -1.02528 -0.569347 -0.485374 -1.04069 0.000950121 0.0894096 -0.203877 0.0179796 0.418725 0.183797 0.333179 0.363854 1.4111 0.769111 0.294272 1.17968 0.964086 1.27984 0.752031 0.222588 0.398251 -0.449048 -0.583585 -0.250448 0.264081 0.335473 0.565965 0.40272 0.870653 1.65962 0.910518 0.288333 0.180215 0.725752 -0.175962 -0.99105 -0.818985 -1.09767 -2.74765 -2.94678 -1.41064 -0.0375103 
-0.636235 -0.687831 -1.2061 -0.922667 -1.98938 -3.35776 -2.76413 -2.03297 -1.52863 -1.28017 0.244388 1.57774 1.76627 1.49544 1.44192 0.92103 0.644718 1.08882 1.40288 0.906462 0.232527 0.235959 0.784416 0.650575 0.51027 0.543001 -0.0640589 -0.0100942 0.344539 0.80066 0.418396 -0.0785802 -0.245866 -0.12187 -0.417575 -0.339585 0.383773 0.220662 -0.0703422 -0.110878 0.413577 0.132319 -0.48281 0.0356366 -0.342204 -0.554009 -0.192113 0.591179 0.774193 0.60255 0.493195 0.669446 0.161013 0.379396 0.722404 0.661177 0.742622 -0.509502 0.610126 0.365857 -0.240559 -1.43747 -1.46942 -0.876324 
-1.53983 -1.517 -0.945103 -1.21514 -0.695387 -0.0708296 0.0644527 1.17096 1.10627 1.30054 0.615519 -0.0522351 -0.983216 0.869725 1.15128 0.879612 0.00234951 -0.415266 -0.464239 0.498675 0.66323 0.112611 0.228671 0.739316 -0.224122 -0.213707 -0.360807 -0.805494 0.05458 0.561528 -0.0940817 1.01036 1.43981 1.78867 1.7923 1.74918 1.19033 0.359562 0.537215 -0.0362103 -0.635701 -0.489299 -0.277512 -0.243047 -0.133661 0.38257 -0.619933 -1.26738 -0.994086 -0.977238 -0.8972 -0.767694 -1.19199 -1.26712 -1.15861 -2.03024 -0.823563 -1.7198 -1.11499 -0.277698 1.54198 1.20606 1.75548 1.74658 
0.378419 0.223379 -0.0526793 -0.0759337 -0.0912215 0.699793 1.46833 1.22538 1.59401 1.66495 2.40522 0.83608 0.0790653 -1.70862 -1.76947 -0.785307 0.20423 -0.0113397 -0.569111 -1.49764 -0.368367 0.0177359 0.485977 -0.119247 -0.763963 -1.06513 -1.22605 -1.04668 -1.81583 -1.9685 -0.240411 0.197395 -0.631383 -0.0430699 0.711002 1.22583 1.25918 0.994644 0.180245 -0.627833 -1.20272 -0.212833 0.186566 0.178136 0.0736332 -0.0867478 -0.306469 0.150504 0.0649134 0.364809 -0.168754 -1.18404 0.268596 0.746276 0.456618 -0.469202 -1.02765 -1.43511 -1.31392 -0.245 0.618471 1.12499 1.27016 2.77571 
-2.3293 -2.35522 -1.95915 -1.88586 -0.390885 1.2057 1.28456 1.50312 0.726142 -0.714551 -2.44091 -1.48758 0.111726 -0.155089 -0.773158 -1.17973 -0.791205 -0.610868 -0.592922 -0.501192 -0.603738 0.107557 0.000836975 -0.746304 -0.46627 -0.277909 0.916228 1.15024 1.06211 0.281828 0.691542 1.37075 2.08314 1.87731 1.13254 0.742482 0.73151 0.55965 0.854015 0.414761 0.225534 0.267066 0.779931 1.25368 -0.155476 0.459807 0.0294687 -0.137694 -0.207163 0.0851785 0.0077824 -0.723412 0.463006 -0.293932 0.159338 0.855238 -0.15947 -0.688561 -0.364048 1.02857 -0.0797863 0.328119 -1.32694 -0.352149 
-0.140122 0.0833741 -0.227128 0.577548 1.58843 0.93444 0.0703492 -1.33403 -0.769877 0.0475528 -0.848438 -0.784654 0.513616 1.58917 1.60674 1.13909 1.0199 0.201115 1.01532 0.750766 -0.125272 -0.973176 -0.720345 -0.457697 -0.00159494 0.492944 0.092611 -0.551248 0.470861 1.04112 0.84661 1.06842 1.65905 1.7708 1.73888 1.10066 0.0369794 0.412513 0.225433 1.13504 0.737585 -0.541608 -0.815132 -1.81531 -1.00601 -1.60004 -1.16809 -1.73327 -1.14355 -0.613781 -1.02735 -0.414934 -1.52253 -0.887062 -0.333706 0.340512 -1.36075 -1.17648 -1.70053 -1.0721 -0.248425 0.630703 1.12144 1.05468 
1.06409 1.06409 1.45265 1.8868 2.41177 2.6255 1.89243 1.93528 1.96639 0.905585 0.277412 0.290234 0.361272 0.220995 0.627413 0.133103 -0.941621 -0.815108 -0.0831026 0.55017 0.618372 0.317664 -0.0395421 -0.404364 -0.572239 -0.369765 -0.530446 -0.326056 0.255071 0.0181893 -1.00378 -1.53256 -0.57751 0.193994 -0.391886 -0.969061 -0.771774 0.00674241 0.390132 0.265437 0.522026 0.480542 -0.0614289 0.387655 0.646835 0.270688 0.105419 0.071827 0.171934 -0.340737 -1.09257 -0.881214 -0.552031 -0.556503 -0.813144 -0.691494 -0.507165 -2.13502 -2.15004 -0.958114 -1.56294 -1.24383 -0.756329 -0.756329 
2.53057 2.53057 1.12993 -0.220026 -0.312121 -0.164857 -0.261177 -0.854308 -1.35798 -1.37248 -1.54092 -1.84358 -1.96785 -1.11344 -1.29404 -1.17119 0.00968639 0.461148 0.0828943 -0.268667 -0.535563 -0.75304 -0.641981 0.516996 1.6205 0.0504644 -0.0439756 1.39793 0.515446 -0.638717 -0.655092 0.519172 0.731588 -0.128297 -0.183474 0.114346 -0.555383 -1.06572 0.263934 0.112023 -0.283395 -0.876782 -0.834312 -0.489002 -0.688253 -0.598982 -0.0997116 0.261785 -0.358688 -0.624387 0.0304347 1.39253 1.32762 0.250127 -0.250174 -0.189274 0.605219 0.334217 -0.314765 0.864831 1.47765 1.79237 1.81381 1.81381 
-0.829796 -0.829796 -1.2577 -1.37036 -1.48109 -2.2504 -2.13523 -2.4171 -2.49705 -1.18975 -0.125356 0.618425 0.881293 -0.495477 -0.558449 0.827249 1.14088 0.763327 0.131686 -0.335951 -0.561221 -0.523517 0.401004 0.832922 -0.529231 -1.19533 -0.308243 0.891097 0.804183 -0.220993 -0.376007 1.44971 1.77994 0.200173 0.429703 0.514379 0.474586 0.590034 -0.171044 -0.354595 -0.558438 0.164093 0.358038 -0.562023 0.124622 0.624212 0.466786 0.605699 0.379783 0.11417 -0.0501987 -0.380047 0.0277962 0.681767 1.2822 0.763574 -1.37415 0.516342 1.76109 1.27934 2.13208 0.92059 0.00287197 0.00287197 
-0.328834 -0.328834 0.22353 -0.152634 -0.411481 0.0886657 0.579936 1.49617 2.45216 2.52242 2.55246 1.80388 0.925414 1.35807 1.05806 0.86883 0.598945 0.0381748 -0.0053279 -0.373158 -0.25592 0.457988 0.948318 -0.419883 -0.64615 0.401937 0.0398744 -0.688751 -0.502692 0.0123223 -0.376789 -0.855934 -0.670161 -0.560945 -0.115445 0.123159 0.286858 -0.157278 -0.0701144 1.00238 1.11841 0.748576 0.35225 -0.381172 -0.335642 0.240364 -0.0768056 0.136031 0.115954 -0.0800466 0.198039 -1.00631 -1.30221 -0.147733 0.265563 -0.136693 -2.02834 -1.93238 -1.43204 -2.3023 -2.03639 -0.952857 -0.97174 -0.97174 
-0.929731 -0.929731 -0.137933 2.43681 2.56029 1.28338 1.81582 1.43213 -0.95872 -1.90139 -1.57652 -1.30952 -1.48272 -0.769338 -0.0335381 -1.28828 -0.574687 0.576295 0.327556 0.88561 0.788289 0.00250982 -0.590815 0.61426 -0.158734 -1.49078 0.114122 0.698967 0.0820403 0.104808 0.00852767 0.940068 1.18578 -0.323932 -1.26188 -0.389368 -0.29927 -0.428501 -0.421258 -0.571264 -0.263932 0.217948 0.396302 -0.195201 -0.0833806 -0.191384 -0.525477 -0.2954 0.538043 0.044295 -0.723105 0.0446816 0.6405 0.25677 -0.522116 -0.787661 -0.6798 -1.11294 -0.554016 -0.339593 0.234316 2.9296 1.47111 1.47111 
-0.485885 -0.485885 0.110514 -1.03275 -0.992375 0.711117 -0.204126 -1.06346 0.259217 1.23141 0.0689264 -1.06699 0.425587 0.335737 -0.00929244 0.117647 -0.959895 -0.741804 -0.337509 -0.0570749 -0.483311 -0.848553 0.0562591 -0.00729826 0.3093 -1.02746 -1.01787 -0.209778 -0.494272 -0.915248 -2.53503 -1.42175 1.03934 1.79369 1.53308 0.64447 0.471624 0.825775 0.706457 -1.2458 -0.988836 1.76538 0.511733 0.266965 1.15571 0.250945 0.335901 0.0314807 -0.184935 0.0293699 0.193561 2.26552 1.07321 -1.28738 -0.825276 -0.218029 1.52027 -0.780757 0.798105 2.55801 1.34839 0.266959 -1.54151 -1.54151 
0.643567 0.643567 0.674034 0.577397 0.704721 -0.352998 -1.53558 -2.40566 -2.75502 -2.71791 -1.72437 -0.0391289 1.36724 1.61083 1.21101 0.924566 0.00722712 -0.626494 -0.5504 0.199013 1.18159 0.434538 -0.867436 0.0742875 0.829749 0.728463 1.12439 0.991522 -0.648765 -0.704407 0.4978 0.522962 0.263425 -0.697829 -1.03273 0.52232 1.27923 -0.0326355 -0.644037 0.561887 0.782106 -0.719033 -0.725907 0.254411 -0.218123 -0.36166 0.366901 0.2861 0.0637049 0.265373 -0.277972 0.416342 0.689246 -0.909711 -0.785091 -0.485337 0.982395 0.652784 -1.75072 -0.758135 0.808349 -1.41025 1.29714 1.29714 
0.610613 0.610613 0.33367 -0.642702 -0.348534 -1.77128 -2.3083 -0.447172 1.14016 0.246224 -0.308933 0.895554 -0.480923 -1.81703 -0.879654 0.702518 1.09188 0.211947 -0.0418152 -0.00898394 -0.182542 -0.484015 0.240056 0.559296 -0.463198 0.505122 1.15606 -0.193717 -0.0588364 0.642916 0.18105 -0.0731096 0.195448 1.1033 0.423152 -1.11586 0.428526 0.690652 0.114656 -0.201026 -1.05562 -0.344327 -0.665719 -0.979369 0.214198 0.870482 0.605826 0.31863 0.0813835 0.321466 1.28427 0.0536965 -1.37316 -0.725038 0.455673 -0.34675 -1.72251 -0.636788 -0.094417 -1.93673 -1.85629 1.36526 2.95502 2.95502 
-0.64723 -0.64723 -0.255654 -0.896668 -2.82728 -0.886696 1.56721 1.46285 0.898676 2.09109 3.3591 1.79757 -0.0773773 -0.360285 -0.652542 -0.912935 0.214925 0.904948 -0.194317 -1.34908 -0.764855 0.663855 0.503414 -0.3016 -0.106914 -0.652448 -0.627631 0.49638 0.966413 0.10514 -1.00882 -0.75756 -0.0317787 -0.181873 -0.235644 0.955419 0.673624 -0.511944 -0.368681 0.584413 0.303062 -1.02886 -0.094183 0.183156 -0.67035 0.194241 1.35729 1.14822 0.0321076 -0.309608 0.0970049 -0.369431 -0.320188 0.674961 0.348158 0.0424478 -1.34945 -0.136041 1.04192 -0.975449 -2.08888 -1.41746 0.674674 0.674674 
0.5388 0.5388 0.20625 0.147042 1.16285 0.726285 1.27354 1.04647 0.0106211 -0.693754 -1.67258 -1.95187 0.910372 2.2872 -0.125284 -1.44112 -1.60684 -0.66632 0.901267 1.14373 -0.574886 -0.629951 0.575111 -0.650655 -1.21867 -0.291716 -0.808482 0.33516 1.41574 -0.305315 0.373137 1.60522 0.747258 0.263745 -0.181347 -0.820051 -1.71442 -0.878116 -0.585909 -1.46835 -0.650991 0.270213 0.143108 0.0268319 0.573875 -0.68867 -2.01002 -0.561361 0.192945 -0.0264961 0.101426 -0.471245 -0.703605 -0.0986103 -1.00304 0.243938 0.216002 -0.467421 1.50099 2.88047 1.54829 0.105917 0.477252 0.477252 
-0.450095 -0.450095 -0.332398 -0.0995025 0.627723 1.32776 0.404323 0.0471643 0.327497 0.659413 -0.805342 -2.14257 -2.33776 -1.71601 0.759536 1.69763 0.626152 -0.755753 -1.3925 0.114205 1.28831 0.697936 -0.18742 -1.1814 -0.909851 -0.477768 -0.048601 -0.591819 -0.888358 1.34193 1.86928 -0.414258 -0.27984 1.13381 1.06818 0.424497 -0.271553 -1.02868 -1.51412 -1.30021 0.305558 1.17569 0.284094 -0.165941 -0.301648 -0.40455 0.14681 0.266602 0.126316 -0.273769 -1.44836 0.325518 1.65889 0.102843 -1.15063 -1.39069 -0.927731 -0.320742 0.997805 1.66074 1.15846 0.516941 1.40918 1.40918 
0.313566 0.313566 0.408393 1.45881 2.91491 1.56127 0.24404 -0.574037 -2.16009 -3.06758 -0.779177 2.39976 1.23344 -0.8861 -1.01969 -0.0575071 0.503509 0.149278 0.0645808 -0.0505947 0.541635 0.537645 -0.856445 -0.486754 0.407473 1.28125 1.32488 0.0991921 -0.870351 -0.394478 1.00062 1.28994 0.443957 -0.948913 -1.12502 -0.423594 -0.215021 0.0768436 -0.178753 -0.641009 -0.181435 0.489681 0.902827 -0.934393 -0.799102 0.136528 -0.611396 -0.266448 0.172784 0.165206 -0.813172 0.394883 0.370275 -0.330526 1.05821 -0.344999 -1.51594 -0.235808 1.60111 0.231464 -0.7098 -1.23238 -0.690512 -0.690512 
-0.126975 -0.126975 0.453363 1.77284 0.316281 -1.55598 -2.30529 -0.879107 1.33949 -0.118544 -0.871099 1.31999 2.33029 1.05145 -0.489523 -0.626087 -0.976711 -0.0446753 0.50876 -1.17904 -1.76155 -0.634308 0.474638 0.677615 0.909171 0.0539739 -1.08278 0.337607 1.54997 0.33511 -0.0128362 0.771166 0.661263 0.0396261 -0.709266 -1.73954 -0.727245 0.148085 0.681385 0.471315 -1.71432 -1.59057 -1.31196 -0.230699 0.174866 -0.20194 -0.173135 -0.0155891 1.07778 0.0759309 0.158464 -0.534558 -0.511542 1.14701 1.1857 -1.06566 -1.55489 -0.379381 0.0641301 1.40991 1.66025 1.32779 0.383273 0.383273 
0.55143 0.55143 1.10592 1.28015 0.998638 -0.60812 -0.826364 0.149641 -1.25994 -2.10196 -0.730739 0.162278 -0.0332571 0.395084 -0.0570801 -1.94876 -1.15586 1.15166 1.79888 0.951083 -0.241779 -0.785101 -0.866985 -0.625176 0.0993632 0.108551 0.110998 1.05842 0.494837 -1.55261 -1.92542 0.599602 2.2603 0.292248 -1.43026 -0.430011 1.30145 1.53914 0.385574 0.223626 0.329902 -0.690003 -0.0634602 0.959754 -0.0942143 -0.636312 -0.198807 0.140126 -0.471745 -1.55983 -0.635112 0.745542 0.469889 -0.278315 -0.117235 0.445965 -1.78847 -2.04307 1.5583 0.805007 -0.309733 1.08536 0.677796 0.677796 
-1.30773 -1.30773 -2.60896 -1.34764 0.0955411 0.091468 -0.622206 -1.01485 -0.457104 -0.133976 -0.411742 -0.369162 0.746158 0.691855 -0.013303 1.29904 1.61578 0.112929 -0.661113 -0.553774 -0.424529 -0.0602143 1.26656 2.22319 -0.407332 -1.56204 1.3412 0.581595 -1.92078 -1.08593 1.15846 1.379 -0.581739 -0.839674 0.276248 -0.316123 -1.09511 0.83211 1.1776 -0.485213 -0.910756 -0.488672 0.416148 0.18315 -0.0636479 0.609664 0.872065 -0.207267 -0.811827 0.417442 1.98649 1.29273 -1.05881 -1.47848 -0.38118 0.866884 0.54696 -0.844418 0.553827 1.77009 0.936422 0.366384 0.0630307 0.0630307 
-0.376695 -0.376695 -0.47472 -0.198726 -0.770123 -0.573559 -0.149403 -0.319185 1.06364 2.05941 1.56905 0.8716 -0.973621 -1.25715 1.14664 1.47435 -0.0599693 -0.882511 -0.960895 -0.607288 -0.16756 0.832943 1.17597 -0.813801 -1.76925 0.187949 1.81118 0.963643 -0.972044 -1.0313 1.44943 1.87167 -1.09164 -1.17927 0.269063 0.0347082 0.0614848 -0.566148 -0.826326 -0.341442 0.446995 0.793134 -0.636184 -0.207457 1.02787 0.293391 -0.0204561 -0.080053 -0.432056 -0.3785 -0.434395 0.0635213 0.919602 1.08719 0.0668385 -2.3158 -0.219478 2.72382 0.659581 0.318469 -0.316514 -1.8571 -0.802909 -0.802909 
0.641475 0.641475 0.213729 -0.708721 0.287756 1.14074 1.61388 2.14233 1.18034 0.127413 -0.803695 -1.83679 -0.493582 0.1642 -0.542959 -0.508702 -0.931193 -0.673769 -0.45437 -0.271588 0.958486 1.38274 -0.984884 -1.79975 0.947881 0.793464 -1.22688 -0.6036 0.810576 0.156535 -0.97395 -0.320234 0.348807 0.64415 0.79128 0.470837 -0.305526 -0.392556 1.33204 1.36487 -0.275234 -0.857857 -1.2713 -0.768854 0.720132 0.307698 -0.105272 0.232559 -0.232341 0.106709 -1.03992 -1.6926 0.989682 1.79612 0.025921 -2.59509 -2.02856 0.691431 -0.407271 -0.673848 1.54785 1.22401 -0.0081051 -0.0081051 
0.580488 0.580488 2.63581 2.10231 -0.972313 -0.645858 0.0671714 -2.26638 -2.71261 -0.544746 0.420899 0.0233085 0.379628 1.10525 -0.465828 -0.483554 1.43685 0.668652 0.195339 0.316211 -0.756521 -1.15246 0.436762 0.293339 -1.73195 0.166236 1.69642 -0.0771845 -0.52587 -0.110257 0.615182 0.888181 -1.06058 -2.00545 -0.10381 0.716839 -0.0828137 -0.148954 -0.165537 0.0740132 0.578424 0.475465 -0.381377 -0.434488 -0.0485274 -0.404484 -0.134607 0.797393 0.219591 -1.0583 -0.0512663 1.03694 0.117727 -0.979648 -0.885305 -0.177448 -0.311235 0.0488336 0.565761 0.577721 2.5581 0.935708 -1.21584 -1.21584 
0.428648 0.428648 -0.327234 -0.694856 1.18731 0.555492 -1.13895 0.340677 1.55161 -0.0914805 -1.48528 0.270142 0.961758 -0.253193 -0.10986 -0.59417 -0.533904 0.44583 0.487049 -0.0620668 -0.488963 0.391075 0.590537 0.201633 -0.640158 -0.843145 0.57495 0.380518 -0.432098 -1.31494 -0.300551 2.39756 2.16026 0.360773 -0.72549 -0.667459 0.154204 0.189595 -1.33532 -1.08653 2.02521 1.02645 -0.956365 0.460109 0.02374 -0.507698 -0.110769 -0.310024 0.0329365 0.284579 1.51279 0.615922 -2.3147 -1.22087 0.741343 1.58511 -0.337723 -0.443133 2.2418 0.398156 -1.48042 -1.87636 -1.16136 -1.16136 
-0.023648 -0.023648 -0.0934553 -0.0234886 -0.717745 -1.66398 -1.52843 -0.926539 -0.271214 0.698853 1.88941 2.18762 1.14622 -0.158508 -0.541394 -0.915234 -1.16609 -0.448468 0.550664 1.20548 0.12448 -1.52581 -0.30589 1.18034 0.4269 0.167187 0.144369 -1.32653 -1.27074 0.782587 0.840957 -0.214961 -0.927517 -0.98196 0.835742 1.62443 -0.446539 -1.43496 0.383808 0.984545 -0.970952 -1.135 0.657529 0.321152 -0.490687 0.376947 0.422265 -0.264675 -0.0606285 -0.292473 0.0633992 0.653032 -1.00356 -1.11067 0.260898 1.23112 0.776487 -2.01997 -1.06486 1.80293 -0.516727 0.307431 1.91008 1.91008 
-0.256054 -0.256054 -0.93043 -0.535966 -0.844274 -1.41837 0.849786 2.31707 0.414156 -1.06565 0.38372 -0.183563 -1.93834 -0.340172 1.67547 1.29697 -0.403606 -0.847813 -0.217367 -0.16197 -0.392872 0.227117 0.655841 -0.550506 -0.102188 1.05364 -0.547456 -0.903894 0.513089 0.100919 -0.559326 -0.0548259 0.747769 0.0925046 -1.59753 -0.0610585 1.18298 -0.28156 -0.680649 -0.873075 -0.163748 0.204533 -0.503391 0.542985 1.21292 0.205726 -0.445933 -0.427001 -0.0628117 0.766061 -0.249717 -1.90025 -0.60264 1.1984 0.196512 -1.56923 -0.265098 1.05975 -0.962633 -1.28169 2.2159 3.25838 1.03327 1.03327 
0.208348 0.208348 -0.220454 -1.77387 -0.0469233 2.88607 1.51812 -0.500804 0.366659 1.59229 -0.249939 -2.35241 -1.49708 -0.438347 -0.423286 0.526693 1.16247 -0.327354 -1.56141 -0.435252 1.29294 0.794807 -0.69943 -0.461869 -0.288292 -0.401925 0.714908 1.01273 -0.315312 -1.37492 -0.630692 0.599995 0.331509 -0.189969 0.707191 0.554656 -1.03518 -0.750839 0.679808 0.395765 -1.13279 -0.319329 0.75718 -0.439018 -0.0461788 1.30279 0.584564 -0.94007 -1.0288 -0.0101814 -0.0936124 -0.332673 0.645046 0.393492 -0.47671 -1.1892 -0.172993 1.5461 -0.615111 -2.14793 -0.349273 1.79507 1.34593 1.34593 
-0.228159 -0.228159 -0.268943 0.65983 0.399902 0.0771561 0.221455 -0.869016 -1.19779 -1.15851 -0.865707 1.7801 2.92086 -0.712473 -2.56723 -1.01962 0.534604 1.72854 1.2477 -1.0159 -1.22084 0.793048 -0.0133543 -1.23468 0.248152 0.283449 0.432711 1.53299 -0.440264 -0.717257 1.31692 0.258609 -0.923124 -0.638734 -0.745633 -1.0551 -0.0390886 0.778249 -0.40566 -0.0439227 1.19847 0.547898 -0.166738 0.297628 -0.491945 -1.77893 0.0886009 1.51836 0.369333 -0.0621325 -0.305445 -0.553614 0.257586 -0.205347 0.236862 0.840605 -0.489091 0.88603 2.307 0.033492 -1.91026 -0.736846 0.25669 0.25669 
0.0293206 0.0293206 0.185172 0.593061 0.905666 -0.198939 -0.906401 -0.100853 0.360269 -0.807526 -1.9245 -1.07492 0.23601 2.02324 2.23493 -0.138701 -1.69122 -1.4003 0.532725 1.74453 0.341185 -1.03698 -1.30708 -0.532885 0.421425 0.526898 -0.125763 -0.611398 1.2446 1.79594 -1.22467 -1.48761 0.986508 0.852637 -0.524104 -0.945974 -1.02189 -0.880954 -0.231147 1.16827 1.60741 -0.0638048 -0.94725 -0.441414 -0.209116 0.250662 0.399687 -0.0631556 -0.411052 -1.1032 0.351595 2.0299 -0.198454 -1.92954 -1.0489 0.0997183 0.666556 1.23911 1.27655 0.0580654 -0.814859 0.118341 0.547637 0.547637 
0.0740033 0.0740033 0.742655 1.60918 0.0788597 -1.68652 -1.3456 -1.51672 -1.57364 0.892667 3.49391 1.29479 -2.07799 -1.42061 0.541087 0.983245 0.145271 -0.265762 -0.11359 0.317313 0.388089 -0.876317 -0.638447 0.818197 1.13907 0.597622 -0.738803 -1.38375 -0.300608 1.20462 1.08587 -0.340707 -1.41152 -0.985099 0.348036 0.592904 0.332198 0.036728 -0.443313 0.0119333 0.733389 0.703835 -0.892862 -1.06973 0.695343 0.133126 -0.242877 0.512815 0.288413 -0.613976 0.159843 0.766972 -0.448123 0.451552 0.00442795 -1.62495 0.0831473 1.99782 0.311085 -1.45739 -0.918179 0.0259191 0.358571 0.358571 
0.363782 0.363782 1.20577 -0.094019 -2.13073 -1.67942 0.425385 2.31926 0.478787 -1.41716 0.911412 2.03633 -0.177904 -1.80592 -1.07701 -0.317428 0.364467 0.941365 -0.730402 -1.45527 0.341057 1.42041 0.830621 0.27074 -0.404502 -1.27765 0.174448 1.67347 -0.00813739 -1.0038 0.271712 0.423612 -0.473354 -0.881106 -1.14187 -0.0180168 1.19799 0.892331 0.199716 -1.53529 -1.32227 0.250209 0.861215 0.942229 0.0118082 -0.22861 0.11237 0.791688 0.0518568 -0.593176 -0.396109 -0.434088 1.0665 1.0765 -1.41849 -1.75537 0.431382 1.02659 1.13524 1.01197 -0.0589467 -0.821407 -0.609257 -0.609257 
