65
-1.5116 -1.11976 -1.08803 -0.908542 -0.719058 -0.239258 0.376695 0.728975 1.31543 1.32481 0.67474 -0.399342 -0.481433 -0.768736 -0.447372 -0.588568 -0.54415 -0.155309 -0.188064 -0.485727 -0.306195 -0.402243 -0.052945 0.128513 0.275007 0.727811 1.19055 1.83103 2.38814 2.60637 2.42658 1.92102 1.32555 1.17827 0.831913 0.63493 0.436971 0.557132 0.526388 0.555594 0.495775 0.531331 0.273742 0.134004 0.24617 0.0393141 0.147926 -0.0181093 -0.258317 -0.267637 -0.29968 -0.343176 -0.496215 -0.736964 -0.859931 -1.03258 -0.891849 -1.10697 -1.15708 -1.01097 -0.946309 -1.17926 -1.46775 -1.62356 -1.72799 
-0.798648 -0.872306 -0.953588 -0.737098 -0.802282 -0.762012 -0.812499 -0.410258 -0.0576301 0.159145 0.346702 1.10323 1.05716 1.28973 0.975769 1.19826 1.39735 1.41985 1.5331 1.6807 1.57418 1.68613 1.63774 1.71993 1.73029 1.52693 1.37713 1.38976 1.12668 0.921846 0.726985 0.331073 0.320272 0.203332 0.0635181 0.147365 0.0756788 -0.117148 -0.305147 -0.438297 -0.451556 -0.494442 -0.820707 -0.774296 -0.830973 -1.00746 -1.01854 -1.04357 -1.14276 -1.36705 -1.17515 -1.06615 -1.15199 -0.831614 -0.767068 -0.724799 -0.996572 -0.787805 -0.517943 -0.870882 -1.01762 -0.901486 -0.640161 -0.696478 -0.555855 
0.883821 0.37295 -0.0961897 -0.146141 0.547504 0.531471 0.833304 -0.118955 -0.655381 -1.13676 -1.70337 -1.35564 -1.0025 -0.821634 -0.825366 -0.594613 -0.820974 -1.04941 -0.899962 -0.937577 -0.768758 -0.48347 -0.314322 -0.649971 -0.938892 -1.47011 -2.00716 -1.98831 -1.96435 -1.98906 -1.65584 -0.966925 -0.131428 0.148535 0.878186 1.05215 1.33676 1.19687 1.40187 1.1967 1.22382 1.10405 1.55954 1.47398 1.2383 1.18249 0.789707 0.954528 1.02322 0.709034 0.701965 0.491731 0.553894 0.149441 0.784963 0.402846 0.470185 0.825337 0.305128 0.158529 0.310081 0.633807 0.130896 -0.0774989 0.0129923 
-1.63416 -1.73791 -1.45771 -1.57318 -1.34795 -1.61786 -1.37527 -0.643575 -0.52255 -0.178395 -0.506056 -0.882338 -1.14902 -1.39308 -1.13639 -1.18919 -1.23468 -1.35117 -1.4623 -1.48315 -1.14438 -1.12844 -0.769143 -0.62762 -0.57392 -0.302266 0.329096 0.486669 0.556472 0.809315 1.05061 0.997297 1.28317 1.49991 1.43871 1.26407 1.10738 1.15754 1.07949 0.870451 0.863483 0.910857 1.1314 0.931283 0.967302 1.0347 0.698856 0.927985 0.869599 0.891814 1.05286 0.745565 0.760449 0.733526 0.253337 0.0852992 0.338276 0.400333 0.384672 0.526009 0.207559 0.268323 0.132697 -0.224723 -0.399942 
1.24411 0.815475 0.591552 0.407182 0.121126 0.0501925 0.766628 1.41551 0.876785 0.502545 1.01362 1.03819 1.23095 1.01258 0.675655 0.413818 0.590379 0.826663 0.935146 1.34127 0.895596 0.815893 0.779769 0.601469 0.803521 0.992041 1.10768 1.12461 1.70469 1.88487 1.41258 0.846644 0.55644 0.399053 0.173619 -0.2748 -0.411458 -0.476204 -0.876107 -1.0005 -0.980107 -1.23194 -0.735251 -1.35663 -1.59118 -1.4376 -1.14614 -0.869487 -1.11575 -1.28895 -1.26313 -0.973407 -0.854623 -1.21236 -1.23285 -1.14036 -0.778332 -1.16765 -0.862256 -0.802828 -1.12132 -0.916044 -1.09419 -0.915009 -0.841384 
-1.69354 -1.74392 -1.59164 -2.02476 -1.96944 -1.06359 -0.89608 -0.74055 -0.106227 -0.25121 -0.628772 -0.61419 -0.62803 0.11388 -0.0687248 -0.283182 0.0949821 0.299923 0.746421 0.882355 1.06135 0.907258 0.385909 0.232873 0.477753 0.968283 1.1294 0.375503 -0.754634 -1.5611 -1.72192 -0.966455 -1.4636 -1.46547 -0.930125 -0.820068 -0.602284 -0.781585 -0.983008 -0.53093 -0.572874 -0.205411 -0.48156 -0.045226 0.1599 0.811913 0.905806 0.825366 0.793407 1.29105 1.28796 1.07019 0.839476 1.00959 1.50412 0.81088 1.20457 0.701741 0.716928 1.24348 1.36567 0.746589 1.20115 1.31173 0.712687 
1.58529 1.22999 0.795491 1.31103 0.590361 1.15072 0.0499036 -0.200965 -1.38396 -1.16021 -1.37382 -1.17185 -0.683291 -1.07498 -0.78279 0.365359 -0.0576877 0.150291 -0.0349628 0.701316 0.455689 1.41925 0.280916 1.77822 1.24297 0.375416 -0.672516 -1.95703 -2.12466 -1.99859 -1.63493 0.366836 1.37071 0.591222 0.206996 0.588638 0.273983 0.442526 1.03452 1.13534 1.25765 0.249913 -1.10488 -0.50922 0.314083 -1.70662 -0.887813 -0.811682 -1.7084 -0.89296 -0.614043 0.132852 0.555637 -0.0270381 -1.00099 0.300456 0.0437301 -0.134508 1.02944 0.363666 0.271764 -0.860252 0.546046 0.278866 1.73356 
-0.626334 -0.601029 -1.25228 -1.00214 -0.116024 -0.627344 -1.0968 -1.30569 -0.783792 -0.630532 -0.66604 -0.458563 0.478539 -0.869684 -0.501359 -0.165714 -0.115794 0.0039605 0.199779 0.27845 1.11254 1.3629 1.61634 0.826923 1.192 0.925437 0.0612906 -0.555254 -1.44083 -1.31067 -0.096395 0.131626 -0.599038 -0.457922 -1.1642 -1.77148 -1.57024 -1.74518 -1.76341 -1.07919 -0.745351 -0.9671 -0.917324 0.337602 -0.308954 -0.440796 0.525428 1.72868 0.963574 0.492901 0.630133 1.44919 1.70879 2.09018 0.510873 0.637335 0.217871 1.20956 0.724786 1.00031 1.2539 1.07046 0.679077 0.954791 1.37724 
-0.171666 0.537802 -0.0890957 -0.00418491 -0.203785 -0.779435 -0.476733 -1.27131 -0.560705 -0.22383 -0.774924 0.163488 -0.941247 -0.261461 -0.844257 -0.793703 -0.898821 -1.35 -2.00582 -0.630907 -0.246549 -0.113519 -0.0739785 -0.3023 0.220277 0.545447 0.511578 1.07309 1.98033 2.96188 3.04034 2.72263 1.54559 1.25045 1.0625 1.38187 0.868922 0.509936 0.525038 0.22857 -0.0452059 0.662062 0.491356 0.574473 -0.54916 -0.346078 -0.734759 -0.0359584 0.0454866 -1.39664 -0.153364 -0.595251 -1.60587 -0.421568 0.0130379 -0.0655814 -0.181466 0.0793696 -1.52739 0.00538032 -0.298581 0.159949 -0.548294 -0.944605 -0.692848 
0.437734 0.937538 1.14919 1.74949 1.69616 1.27283 1.3638 1.28278 0.41401 0.247509 0.591453 1.69488 2.0003 1.61413 1.69137 0.830069 1.08942 1.29714 0.379803 0.265132 0.226231 0.3217 -0.502887 -0.446777 -0.7487 -0.629921 -0.453081 -0.610807 -1.166 -1.14573 -1.47731 -1.17551 -1.46117 -1.8658 -1.2391 -0.951356 -0.779287 -0.236574 0.0429685 -0.419131 -0.63068 -0.44913 0.00978672 -1.24787 -1.32609 -0.984019 -1.4486 -1.49311 -0.46792 -0.672591 -1.00267 -0.806054 -0.805912 -0.54566 0.727281 1.08423 0.35004 -0.0588516 -0.29545 -0.154592 0.153144 0.438788 0.735421 0.574649 1.02938 
-1.21023 -0.15113 0.560074 0.603558 0.0910337 0.355638 0.298898 -0.103911 -0.0746896 0.279731 0.223826 0.146544 -0.218978 0.169407 -0.941887 -1.12365 -1.40158 -0.662715 0.118341 -0.972091 -0.898311 -1.05966 -1.00119 -0.772483 -0.335208 -0.115499 -0.163628 -0.911759 -1.41441 -1.93037 -1.7095 -1.70149 -1.23504 -1.27898 -1.00312 -1.12567 -1.07544 -0.402776 -0.481921 0.119762 -0.0790757 0.0352115 0.718 -0.104885 1.58472 0.565677 0.974252 0.0730762 1.19324 1.33906 0.30639 1.06451 0.875167 0.760371 0.666093 1.07255 1.89978 -0.00731545 1.86847 2.12705 2.64781 1.01292 0.89798 0.742861 0.276598 
0.544154 -0.140859 0.756466 0.294759 -0.839251 -0.324936 -0.169552 -0.745612 -0.666948 -1.66617 -1.02275 -2.26516 -1.14575 -1.04243 -0.63996 -0.367838 -0.527098 -1.5997 -1.13919 -0.44782 -0.848311 -0.872764 -0.64415 -0.589171 -0.821645 -1.30765 -1.55562 -1.2487 -0.440524 -0.0591994 -0.297184 -0.429703 0.289746 -0.411639 -0.599039 -0.647369 0.252626 0.76177 1.11808 1.2688 1.71462 0.915367 0.523301 0.714041 0.785542 0.333569 -0.186111 0.255778 0.266968 1.89541 0.370003 0.00270884 0.00305623 -0.0286119 0.150551 0.662875 1.39137 1.20983 1.25025 3.1128 1.92652 1.25016 1.27539 0.088803 0.353107 
1.93955 1.43621 1.443 1.88404 1.80097 1.70592 0.516707 -0.229135 -0.46778 -0.215672 -0.398863 0.413191 0.00997865 0.301086 0.921055 0.920271 1.35941 1.24352 1.05481 0.945842 1.09673 0.3323 0.731008 0.41838 -0.25316 -0.902126 -0.889456 -0.402264 -0.2038 -0.240974 -0.832634 -1.83114 -2.45257 -0.905673 -0.777037 -0.695527 -0.312409 -0.581654 -1.13205 -1.18734 -0.753891 -0.954401 -1.45376 -0.707652 -1.18906 -1.31149 -1.2019 -0.260333 0.426324 -0.0877131 -0.613881 -0.974967 -0.843907 -0.354802 -0.751688 -0.395533 -0.451521 0.740246 1.53902 1.67006 0.7973 0.347183 0.135786 0.814345 0.273512 
0.789148 0.789148 0.401354 0.689438 1.23786 2.01665 1.78378 1.72991 1.10372 -1.15435 -3.1329 -2.0957 -0.658923 0.0778449 0.344658 -0.161085 0.80684 0.665909 -0.587747 -0.200079 0.168098 0.478116 0.984884 0.614533 1.11005 1.68756 2.03028 2.20262 1.43153 0.0858468 -1.23591 -1.99501 -1.34072 -0.885804 -0.976574 -0.705577 -0.126427 0.178933 0.0128374 -0.0402586 -0.0286633 -0.38982 -0.709933 -0.0347071 -0.157273 -0.163763 -0.0892188 -0.726215 -0.440029 -0.0598913 -0.122302 -0.343256 -0.703469 -0.648554 -0.524201 -0.0426427 -0.120192 -0.468707 0.190957 0.400545 -0.291676 -0.93659 -0.795712 -0.459591 -0.459591 
-0.519928 -0.519928 0.421195 0.473414 -0.0981766 -0.0505054 1.12359 2.43113 1.82956 1.29413 3.04487 2.2871 0.587572 -0.281382 -0.314069 1.35009 0.701384 0.422951 0.82875 0.115867 0.000239683 0.18882 0.0922768 0.282804 -0.643394 -1.16285 -0.462275 -0.82975 -1.5351 -1.31381 -1.9336 -1.33658 -0.431706 -0.850175 -0.198901 0.0220791 -0.875341 -1.25261 -1.05905 -0.492258 -0.199476 -1.21475 -0.925104 -0.050665 -0.773647 -0.625746 -0.134494 -0.420299 -1.06663 -0.122428 0.958665 0.0577483 0.743364 1.23118 0.329103 -0.761787 -0.221734 1.53512 -0.286832 -1.63811 -0.116635 1.20695 0.6476 0.256092 0.256092 
-1.62786 -1.62786 -0.832019 1.17569 1.23425 0.557735 -1.05879 -2.50616 -1.69311 -1.74523 -0.313671 1.2744 0.986299 0.370112 0.456245 0.0718464 -0.721013 -0.0721215 0.257363 0.290806 0.848341 0.848907 -0.223223 -1.01414 -1.35181 -1.78025 -0.830485 0.138181 0.0629582 0.596951 1.82913 2.69637 1.99026 1.8075 1.62449 0.856046 0.314134 0.176685 0.0639645 -0.243163 -0.0956994 0.643934 0.702994 -0.490409 -0.439033 -0.710286 -0.329351 0.467446 -0.359618 -0.49042 -0.310941 -0.191402 -0.526748 0.463235 0.501801 -0.479246 0.793751 -0.22073 -1.08707 0.0728137 0.884896 -0.245125 -1.1639 -0.139314 -0.139314 
0.381426 0.381426 0.349406 0.199307 -0.222491 -0.1751 2.56034 2.22836 1.16996 -0.0554246 -2.02297 -1.85644 -1.49532 -0.0659633 0.456369 -0.368909 -0.542858 -0.722119 -0.460903 0.767778 0.868265 0.924332 1.26728 0.432694 0.788085 2.3657 2.05415 0.520503 0.78069 1.24905 0.412917 0.534659 1.27219 0.324314 -0.744557 -1.00536 -0.391422 -0.176642 -0.884512 -0.690383 0.00988161 0.631226 -0.0446847 -0.54863 0.181971 -0.833607 -0.391916 0.365836 -0.199254 0.400019 -0.499882 -0.89905 -0.133348 -1.48541 -1.87081 0.131501 0.759901 0.0262402 0.242758 -0.58417 -0.804221 -0.304922 -1.447 -1.55513 -1.55513 
-1.27803 -1.27803 -0.746844 -0.881961 -0.63528 1.54477 3.11009 0.38059 -1.84431 0.438613 1.30587 0.613638 0.0853371 -1.06651 -1.16104 -0.044404 1.03883 0.890781 1.26012 0.0550348 -1.00146 -0.11084 -0.325253 0.192692 0.99039 0.802484 0.429334 1.4393 1.79431 -0.494172 -2.11671 -1.72076 -0.832302 -0.691455 -1.32434 -1.13128 -0.296938 -0.869399 -0.999102 -0.0851209 -0.362268 0.67351 -0.130102 -1.72028 -0.0350369 1.10884 1.37647 0.207125 -0.771138 -0.179466 0.827231 1.0294 -0.378602 -0.681468 0.297616 1.12945 0.0817104 -0.0414623 0.934383 -0.422329 -0.105163 0.200028 0.143292 0.690811 0.690811 
0.0397016 0.0397016 -0.598362 -0.759985 1.47218 1.6592 0.408369 1.18658 0.6856 -1.00129 -0.735285 -0.128931 1.08358 0.802237 -0.792103 0.142744 0.841915 0.955831 0.840792 0.394843 -0.0886535 -1.25618 -1.25442 0.0229417 1.09582 0.956176 -1.11838 -3.271 -3.35863 -1.74271 0.861146 0.300467 -0.962059 0.759184 0.94576 0.416368 -0.0660127 -0.764864 0.287693 0.553556 0.412498 0.0220596 0.136873 0.939196 1.29875 1.11332 -0.107741 -0.317545 0.646163 0.694298 -0.498354 -0.877835 -0.231194 0.977851 -0.461438 -0.629553 -0.312112 -0.9431 0.772961 0.951343 -0.958533 -0.404446 0.811966 -0.94447 -0.94447 
-0.746295 -0.746295 0.083123 -0.189435 -0.14675 -0.508813 -1.28145 -1.35973 -0.907677 0.0156007 -0.00515704 0.663616 0.0982008 -0.0888298 1.37776 0.696548 -0.198902 0.0275803 0.53075 0.47325 0.689721 -0.160523 0.347833 0.922229 -1.33014 -1.81844 -2.21556 -1.37713 -0.0336457 0.472372 2.25885 2.86861 0.219649 -1.10242 0.00347587 0.0697365 -0.133226 0.730298 0.665796 0.218454 -0.837374 -2.24422 -0.717087 1.3574 -1.13451 -1.13879 0.858304 -0.775618 -0.0714757 1.04824 0.982953 1.11998 -0.146348 -1.47665 0.317852 1.00096 -0.408338 0.944759 0.480414 -0.715699 -1.15976 0.267171 1.09087 1.13696 1.13696 
-0.83143 -0.83143 -0.557253 1.31746 0.388901 -1.26412 -0.895326 0.313564 0.755177 0.0754601 0.141574 1.32761 -0.569466 -1.26305 0.790314 0.40204 0.138776 0.316689 0.266591 1.04491 1.25429 0.546221 -0.721724 -0.585585 0.052001 -1.44695 -1.87374 -1.89987 -0.989316 1.57132 1.69066 -0.68107 -0.787046 -0.75731 -1.66993 -0.563271 -0.0360535 -0.30369 0.743991 1.17333 0.0685602 -0.277842 1.52287 0.673736 -1.01734 0.949342 2.57741 0.46616 -1.57509 -0.474741 1.098 1.24722 0.713511 -1.52891 -1.83978 -0.425426 0.629654 0.550018 -0.323293 0.577092 0.017411 -0.769094 -0.209179 0.783236 0.783236 
0.148768 0.148768 -0.663787 -0.107868 -0.967266 -0.313765 -0.598598 -0.067906 1.40413 -0.237357 0.545249 -0.175044 -0.51152 0.167529 -0.651109 -0.0296451 -0.682409 -1.39888 0.976895 2.33018 0.714472 0.26586 -0.204263 0.424173 1.14427 0.42033 0.727816 1.95221 2.49868 1.42042 -0.269927 -1.90334 -1.87397 -0.587167 0.212323 -0.210501 -1.09306 -0.406053 -0.324717 -0.700551 0.605322 0.739416 -0.0726099 -1.31238 -1.1563 -0.200124 0.444813 1.05645 -1.72892 -0.217363 1.08396 -1.84839 0.267307 2.14756 0.504486 -0.211708 0.229927 -1.70972 -0.0549173 1.64004 0.24244 -0.283535 -1.3957 -0.146724 -0.146724 
1.01318 1.01318 1.16022 0.772525 -0.725199 -0.514079 -0.0132339 -1.41746 -1.54254 0.231846 2.08994 2.03357 -0.145923 -0.479793 -1.17498 -0.908523 0.655612 -1.06606 -1.53777 -0.252481 0.0549872 -1.09459 -1.15218 -0.387443 -0.29575 0.404756 0.000186282 -1.07089 -0.810456 -0.483276 -0.0713483 -0.00417116 -1.03779 0.297147 1.31019 0.644997 1.01806 1.17531 -0.294891 -1.01343 -0.0716743 0.909321 -1.19647 -1.98237 0.358278 -0.207036 -0.772655 1.4071 1.17276 -0.810199 -0.223059 0.260101 0.353215 2.21552 2.357 -0.579743 -1.70029 -0.972233 -0.167864 0.628582 0.840426 0.82418 0.171004 0.402325 0.402325 
2.21088 2.21088 0.90237 -0.674272 -0.389382 0.197846 -0.662045 -0.551292 0.424318 0.314641 -0.241562 -0.64047 -0.0405082 -1.00136 -1.73593 -0.662234 0.523898 1.8883 -0.468562 -1.37981 -0.18279 -0.202516 0.300034 0.788085 0.77649 0.151099 -1.09586 -1.68147 -1.38233 -0.450149 0.22492 0.541325 0.474392 0.228845 0.127567 -0.163148 0.861404 0.694724 0.60327 0.449059 -0.178898 0.956982 -0.250463 1.04671 0.793982 -0.856489 -0.704628 0.212181 1.56112 -1.21258 -0.423694 0.662844 -0.461814 -0.339334 0.332245 1.51951 -1.46126 -0.110306 2.67993 0.93414 -1.5054 -2.32444 -0.417902 -0.870548 -0.870548 
0.271084 0.271084 0.54298 -1.93035 -0.741958 0.827994 -0.499634 -0.593047 -1.10829 -0.420642 -0.716742 -0.137192 1.50136 0.628422 0.833946 0.149995 -1.48733 -0.732699 1.41509 0.366745 -0.504832 0.261161 0.357875 -0.20354 -0.862239 -0.881107 0.0843563 1.37031 1.4609 0.187105 -0.438545 0.727214 0.034571 -1.0696 -0.274447 1.04955 1.72833 1.06635 0.629935 0.738908 -0.417765 -1.43796 -0.232555 0.331877 -0.450682 -1.1705 -0.0821422 0.56424 2.00897 0.13803 -2.29195 -0.434214 -0.0255598 0.192164 0.854523 1.52339 0.678535 -0.159254 2.32962 0.83599 -2.25536 -0.780229 -1.40148 -1.11039 -1.11039 
-0.571099 -0.571099 0.612096 0.499503 -0.172155 -1.55799 -2.37334 -1.18241 0.0678818 0.137359 0.838895 0.563237 -0.0894376 1.19247 0.826769 0.600213 0.456005 -0.3306 -0.321938 0.103527 -0.717668 -0.40718 0.158862 -1.18201 -1.6034 -0.746175 0.677273 0.910047 0.25309 -0.736827 -1.94124 -1.97854 1.21049 2.15023 0.3143 0.63313 0.193681 -0.975878 -0.707825 0.524793 0.342855 -0.825823 0.360157 0.382646 -0.705505 0.0349348 1.36796 2.09095 0.267285 -1.25222 -1.06059 -0.237176 0.827997 0.166554 -1.508e-005 0.427082 1.47399 2.54488 1.21594 -0.878251 -1.60636 -0.777771 0.636305 0.223567 0.223567 
-0.319265 -0.319265 -0.0554054 0.802081 1.25153 0.535938 -0.226706 -0.586955 -2.60581 -3.84445 -0.826271 2.30186 2.02669 0.955109 -0.182918 0.459238 0.793372 -1.2414 -0.757247 0.728206 0.657086 0.784022 0.160865 0.150563 1.01872 0.878765 0.507671 -0.512478 -1.90286 -2.40722 -1.86996 -0.0600804 1.05185 0.369446 0.200992 0.814579 0.846051 0.163473 -0.16484 -0.00209104 -0.284247 -0.588062 0.361171 0.542106 -0.0822834 0.0982519 -0.479235 -0.285391 0.646212 0.32693 -0.223617 -0.496377 -0.243706 0.200114 0.59088 0.405956 -0.354317 0.320905 0.832077 -0.406128 -1.18878 -0.425732 0.472808 0.343777 0.343777 
0.791104 0.791104 0.836561 -0.480261 -0.484219 1.0354 2.13213 0.586402 -1.01791 1.02979 0.836237 -2.16723 -2.26402 -0.813028 1.39205 0.855809 -0.835222 0.0827267 -0.295464 -0.749367 0.0353596 0.0519725 0.0536672 -0.668549 -1.28659 0.129519 0.261818 -0.962045 -0.44952 -0.375041 -0.0479717 1.27926 0.395274 0.174512 0.731153 -0.616988 -1.13777 -0.188063 0.633745 0.720112 -0.657076 -0.659807 0.985191 0.103698 -0.528756 0.528239 0.150696 -0.839574 0.231151 1.73488 0.128698 -0.215566 0.993332 -0.388761 -1.76303 -0.507651 1.97132 -0.0848139 -2.79045 0.120011 2.44849 0.637122 -0.855874 -0.368955 -0.368955 
0.601107 0.601107 2.27257 1.65877 -0.575905 -1.97045 -2.6122 -0.589537 0.572041 1.08697 2.45246 1.02081 -0.814288 -0.502728 -0.309759 -1.04154 -0.181303 0.753072 0.240698 0.430555 0.403185 -0.953547 -1.61248 -1.00102 -0.699252 0.372572 1.53569 0.682364 0.320489 1.40893 1.68636 0.0726981 -0.801449 -0.365959 -0.853552 -1.15234 -0.627029 -0.269718 -0.41098 -0.19437 0.677081 0.603483 -1.00581 -1.01221 -0.244499 0.0298656 0.919041 -0.0866444 -0.858891 -0.020922 0.187492 -0.241111 0.483553 0.794842 -0.846082 0.181608 0.153773 -1.62727 0.182934 1.58026 -0.326138 -1.76712 0.0266437 0.791547 0.791547 
0.0248559 0.0248559 -0.100668 -0.426628 -0.261472 2.37884 2.06158 -1.11111 -1.85823 -2.61852 -1.4545 0.49289 1.54896 1.68378 -0.201711 -0.783993 -0.243747 0.120171 1.29759 1.16318 0.182555 0.385317 -0.35951 -0.349102 1.66816 1.11041 -1.49146 -1.01332 0.6609 -0.255925 -0.545795 0.77022 -0.124272 -1.63492 -1.06034 0.346951 0.744667 -0.360725 -0.377994 0.799591 1.15686 0.00600125 -0.935048 0.24118 -0.186685 -0.428293 1.0547 0.212752 0.0802199 -0.199774 -1.03474 0.358156 -0.438727 -1.40136 1.40382 2.25162 -0.036393 -0.380839 -0.458836 -0.823926 0.285162 -0.485904 -0.993881 -0.0387931 -0.0387931 
0.301701 0.301701 0.211911 0.0228528 1.56135 2.43763 -0.824917 -3.34364 -0.0127274 2.04211 0.0650247 -0.862366 -1.1678 -0.879537 0.627937 1.41059 0.570173 0.0957705 -0.606663 -1.55417 -0.161514 0.398074 0.150421 0.822999 0.35394 -0.424124 0.371897 0.855784 -1.33613 -2.65028 -0.866387 0.802242 0.632717 -0.37826 -0.343564 0.631455 0.122745 -0.517894 0.469891 0.37191 0.452848 0.102997 -1.64203 0.0118884 1.82876 0.886701 -0.650504 -1.47843 -0.308186 1.01088 0.75204 -0.852597 -1.18821 0.398082 1.15213 -0.194761 -0.829394 0.515342 -0.304383 -0.742095 0.36229 0.113821 0.274855 0.312558 0.312558 
-0.377753 -0.377753 -0.484688 1.41434 1.64502 -0.659442 -0.268294 0.227834 -1.40315 -0.895693 0.621591 1.24783 0.660499 -1.1966 -0.391932 1.12553 0.582373 0.0436663 -0.326758 -0.570541 -1.04796 -0.7269 0.890716 1.5994 0.661866 -1.42057 -2.75242 -1.43781 1.05557 2.83635 1.39624 -1.16188 0.347911 1.30668 -0.182409 -0.625011 -0.737131 0.278432 0.916717 0.126984 -0.307246 -0.137953 0.651215 0.813144 0.159612 -0.88617 -0.902293 0.543215 0.713876 -0.712839 -0.995763 0.22117 1.27219 -0.107927 -1.0191 0.143207 -0.163043 0.762327 1.29783 -1.1012 -0.852623 1.21583 -0.312888 -1.1177 -1.1177 
0.525334 0.525334 0.336437 -0.208808 -0.27084 -0.835903 -0.63922 0.209552 0.903676 0.575998 0.399613 0.0221374 -0.570978 0.837308 0.494812 -1.1422 -0.513123 0.456191 0.259377 0.0606802 -0.488732 -0.286441 0.700908 -1.21242 -1.94892 -0.663137 0.256349 1.46269 1.23231 1.53932 1.61122 -1.46276 -2.80162 -0.199314 0.762871 -0.144236 0.408308 0.504268 -0.404229 -1.09127 -1.75625 0.0338702 2.44661 -0.338787 -1.77948 1.33162 0.2022 -0.69388 1.21453 0.681278 0.000223547 -0.832158 -1.84909 0.272219 1.66762 -0.552781 -0.0884479 0.566455 -1.20028 -1.18622 0.631684 1.51031 0.553316 -0.0175488 -0.0175488 
0.127159 0.127159 1.28997 0.543962 -1.64416 -0.83946 0.935679 0.980842 -0.190589 -0.423497 0.733757 -0.483933 -1.64979 0.800517 0.989891 -0.447027 -0.095842 0.0363767 0.408788 0.569728 -0.352223 -1.26855 -0.744918 0.43701 -0.577176 -1.23736 -0.323831 0.50567 2.11015 1.61938 -1.43998 -1.57973 -0.0901909 -0.590522 0.0774528 0.970529 0.118105 0.44093 0.873236 -0.461847 -0.943008 0.859148 0.547325 -1.61849 0.128046 2.18678 -0.342602 -2.61854 -0.626507 1.61511 1.02516 -0.281389 -1.76483 -1.62661 0.641546 1.48879 0.562129 -0.633979 -0.0261092 0.168423 -0.877891 -0.183448 0.919949 0.572655 0.572655 
-0.536801 -0.536801 -0.168465 -0.199501 -0.134846 0.245845 0.164475 1.32853 -0.110698 -0.567498 0.0428624 -0.69861 0.228555 -0.0909124 -0.129067 -0.0191626 -0.905639 1.10098 2.47234 -0.172299 -1.36618 -0.607153 0.10647 0.895078 -0.000971187 -0.274357 1.01656 1.1749 -0.350772 -1.83282 -2.20066 -1.06122 0.873636 1.38389 0.251144 -0.863334 -0.127992 0.510657 -0.19355 0.617793 0.955658 -0.447603 -1.35789 -0.71645 0.738525 1.06243 0.834148 -1.43868 -0.842419 1.86531 -1.0791 -0.539517 2.64918 0.158724 -1.56161 -0.18034 -0.990965 -0.187154 2.22103 0.198596 -1.27293 -1.08381 0.0922233 0.829109 0.829109 
0.105369 0.105369 -0.149926 -1.23298 -0.838667 0.477363 -0.586324 -0.998482 1.09459 2.40048 1.19496 -1.46374 -1.64648 -0.669078 -0.273769 1.21397 -0.0951927 -1.43577 0.544275 1.05735 -0.545977 -0.786361 0.474193 0.572493 0.530196 0.203414 -0.963151 -0.525254 0.395481 0.495236 0.324028 -0.627843 0.206958 1.55465 0.237598 -0.183822 0.357745 -0.856015 -1.43271 0.155528 1.27465 -0.732117 -1.8956 1.03232 1.17758 -0.736161 1.07143 1.28957 -1.45152 -0.910585 0.713322 0.388012 1.29616 1.32801 -1.8321 -2.66313 -0.249906 1.01762 1.06266 0.672489 0.137343 -0.432262 -0.269242 0.160866 0.160866 
-0.78725 -0.78725 -1.83327 -0.776133 0.659486 -0.100019 -0.416135 0.801627 0.655382 -0.360898 -0.552788 0.214269 -0.15855 -1.04395 0.30587 1.58016 1.77303 -0.577568 -2.08735 0.270476 0.861957 0.401209 0.738093 0.396984 -0.341729 -1.16133 -1.13494 -0.10918 0.8978 1.14721 0.738673 0.246392 -0.126435 -0.149221 -0.179188 0.567744 0.650035 -0.0903797 -0.0821066 -0.438049 0.417861 0.0334 0.140412 0.773817 -1.1818 -0.913372 0.789889 1.58409 -0.864377 -1.23595 1.32513 0.055589 -0.584015 0.607698 1.31413 -1.10902 -1.00042 2.82835 0.773817 -2.69588 -2.08102 0.802381 1.04546 -0.219428 -0.219428 
0.200292 0.200292 -1.41999 -0.819593 1.82917 0.180919 -0.908755 -0.376559 0.135115 0.278675 0.207861 1.47526 0.523727 -0.415052 -0.291246 -1.4985 -0.556082 1.92355 0.74242 -1.23557 -0.0469963 0.587333 -0.282254 -0.777127 -0.421703 0.642288 1.49708 0.923947 -0.752946 -1.22216 0.375999 0.332112 -1.15492 -0.180266 1.41043 1.33419 0.0331729 -0.697387 -0.192334 -0.664178 -1.4039 0.143504 1.18159 -0.120723 -0.962036 0.263604 1.1586 1.39206 -0.257039 -2.79537 -0.352706 1.50689 0.432514 0.598716 0.89426 -0.0931176 -1.08013 1.1038 0.674158 -2.98145 -1.03662 0.58155 -0.194113 0.212867 0.212867 
0.74648 0.74648 0.673196 -0.534077 -1.36279 -1.45632 0.220824 1.56529 0.835372 0.478202 0.253563 -0.627856 0.385919 0.572704 -0.409112 -0.264949 -0.62947 -0.529971 0.258932 -0.2812 -0.356035 0.54688 -0.527946 -1.17064 0.260045 1.4608 1.05436 -0.299719 -1.09553 -1.45186 -0.831827 2.02775 2.66367 -0.606938 -1.01107 -0.102137 -1.07089 -0.610395 0.953116 0.660229 -0.902708 -0.0123683 0.762929 -0.71724 -0.249945 1.32593 1.31457 -0.740032 -2.19961 -0.887908 0.637033 1.2056 0.239147 -0.56256 0.145942 0.93576 1.35479 -0.191587 -2.25165 -1.86059 0.0417701 1.43606 0.628114 -0.292269 -0.292269 
