25
0.612141 0.221591 -0.0540621 -0.113144 -0.187828 -0.0148435 0.461144 1.02359 1.38784 1.38104 1.3607 1.37249 1.18497 0.850701 0.344625 -0.0597468 -0.198402 -0.583603 -0.895252 -1.02147 -1.45431 -1.4811 -1.07458 -1.34661 -1.71587 
0.378018 0.953107 1.39982 1.60494 1.81403 1.47924 1.26437 0.886508 0.307893 0.103904 -0.0586612 -0.283344 -0.218953 -0.396351 -0.583634 -0.597506 -0.703904 -1.03323 -1.05499 -0.434164 -0.0314352 -0.541158 -1.80195 -1.37633 -1.07623 
-0.240204 -0.848231 -0.692154 -0.999365 -1.03119 -1.1756 -1.57891 -1.41629 -1.1333 -1.03285 -0.559404 -0.611432 -0.00863568 0.540994 0.659777 1.03149 1.48479 1.32114 1.25294 1.17347 1.01338 0.676831 0.801771 0.741575 0.629393 
-0.424363 -0.64784 -1.12955 -1.29864 -1.53836 -1.34856 -0.546801 -0.410127 -0.339282 0.0790246 0.67774 1.09577 1.28595 1.28473 1.19579 1.20943 1.52635 1.12673 0.65828 0.821628 -0.305253 -0.432048 -0.181776 -1.1312 -1.22764 
0.199461 1.76669 1.94282 1.78912 1.60589 1.09891 0.515539 -0.328437 0.41168 0.51989 -0.0977911 -0.490972 -0.935672 -1.46616 -0.778731 -1.38491 -1.28922 -0.158897 -0.417046 -0.418755 -0.03612 -0.190332 -0.227912 -0.742123 -0.886923 
-0.213262 -0.0725522 0.973252 1.1432 1.15532 -0.376155 -0.217804 0.147359 -1.33453 -1.92476 -2.02364 -1.77888 -1.28147 -0.583719 0.702862 0.895726 0.808175 0.548448 0.875164 0.526046 -0.130908 -0.163218 0.76676 0.4035 1.15508 
0.405173 -0.049221 0.601992 1.00775 0.336664 -0.309172 -0.4732 -0.945457 -1.72911 -2.11867 -2.12234 -0.822956 -0.471761 -0.282334 -0.349714 0.308644 0.217283 0.293217 0.912095 0.211145 1.31964 0.263935 0.925539 1.16124 1.70962 
-0.602127 -0.303121 -0.811064 -1.06705 -1.38956 -0.614149 -0.483227 -1.53267 -1.75049 -0.527531 -0.0736909 -0.00149102 0.227124 0.795727 -0.0773722 0.557473 0.00362095 -0.0651878 0.438775 0.32759 0.385642 0.908719 2.48743 1.7044 1.46223 
0.0524271 -0.708049 -1.04529 -1.51784 -0.978144 0.544902 0.453479 1.47991 2.41012 1.58299 0.697274 0.205121 0.0629434 0.103911 0.0437572 0.0958334 -0.0075612 0.419217 0.426114 0.700296 -0.0781863 -1.00351 -1.46078 -1.7464 -0.732535 
-0.529398 0.386562 0.919663 1.37376 0.91731 -0.030513 -0.492714 -1.20317 -0.902427 0.277308 0.0997664 -0.207735 -1.01403 -1.21719 -0.638868 -0.725676 -1.08768 -0.879526 -0.468424 -0.866704 0.238031 0.833688 1.24071 1.36092 2.61634 
0.61313 1.71809 2.0384 1.57003 1.68641 0.921203 -0.0390747 -0.204287 -0.858653 -1.60443 -0.777201 -0.951128 -1.19438 -1.06739 -0.511129 0.0847452 -1.27782 -0.590477 0.43871 -0.208903 -0.183347 0.599468 -0.211497 -0.0521778 0.0617193 
0.304254 0.0927159 -0.689276 -0.436548 -0.0641348 -0.86673 -1.10431 -1.80339 -0.861719 0.77409 0.745983 1.04883 0.0833987 -0.195344 1.59987 1.72322 0.503955 0.501644 0.924313 1.50969 0.0440584 0.142455 -0.756106 -1.52863 -1.69228 
-0.744178 -1.10956 -1.31284 0.067176 1.21975 1.74665 -0.00621245 -0.828982 -0.908808 -0.98852 -1.0265 -0.718361 -1.34959 -1.02999 -0.57863 0.688745 -0.0452175 -0.197514 0.392803 0.708681 1.15209 1.57403 1.30089 1.0806 0.913476 
-0.846676 -0.846676 -0.233985 0.137489 0.566446 1.58432 2.3042 2.09767 1.04546 0.334577 0.36894 0.0599218 -0.579733 -1.16856 -1.29814 -0.618995 -0.58356 -0.903325 -0.424621 -0.648619 -0.46484 1.08664 0.633336 -0.800635 -0.800635 
1.57055 1.57055 1.04387 0.705603 -0.0629935 -0.666534 -0.727858 -1.24567 -0.998147 -0.405872 -0.435331 -0.112243 -0.0449292 -0.403204 -0.170414 -0.0552689 -0.504343 -0.383846 0.968759 1.57304 -0.0363696 -2.40451 -1.07298 1.14907 1.14907 
-1.12599 -1.12599 -0.481254 -0.883983 -0.535042 -1.33125 -0.673206 0.797753 0.664499 1.0727 0.745909 1.02314 2.31268 1.27529 0.893953 1.61093 0.463495 -0.654245 -0.473822 -0.670765 -1.22179 -0.61088 -0.0185607 -0.526785 -0.526785 
-0.825205 -0.825205 -0.748325 -0.406196 0.101223 1.57366 1.49855 0.46518 0.863354 1.60966 1.60927 1.03168 0.438949 0.0443234 0.0653248 0.63914 0.0548698 -1.0555 -0.259574 -1.19046 -1.60067 0.346361 -0.816675 -1.30686 -1.30686 
2.16928 2.16928 0.144551 -0.278238 -0.69389 -1.16467 -1.56116 -0.00402862 1.11625 -0.481245 -1.07115 -0.86763 -1.02917 0.30281 0.213749 -0.482444 1.56061 1.14431 -0.187567 0.566336 0.386912 -0.107485 -0.531036 -0.657184 -0.657184 
1.01796 1.01796 1.04631 0.0439257 -1.60598 -1.46418 0.375035 -1.21554 -2.14201 -0.800876 0.008837 0.587065 1.02634 1.79162 1.30202 -0.0305046 -0.469391 -0.0676675 -0.154352 -1.10824 -0.801024 0.73786 0.416931 0.243939 0.243939 
0.0723009 0.0723009 1.16362 -0.514045 -1.84825 -1.20492 -0.984695 -1.77084 -1.66592 -0.676322 1.46652 1.91676 0.508501 -0.0225656 0.572388 0.541964 -0.196985 0.704127 -0.281539 0.33966 -0.110435 -0.677425 0.961043 0.817385 0.817385 
-0.379077 -0.379077 -1.03154 -0.813534 0.398998 0.932056 -1.21329 -1.62328 1.04823 1.83785 0.484981 0.2202 0.803784 -0.491419 -0.413543 -0.038228 -0.865461 0.378133 0.328314 -0.19591 0.549744 2.33746 0.801982 -1.33869 -1.33869 
-0.966731 -0.966731 -0.691143 0.148222 2.05832 1.45424 0.978903 1.95676 0.182615 -1.5555 -1.23488 -0.523199 -0.0129203 0.0655893 0.0762225 0.0348339 0.393481 0.499048 0.35299 -0.39874 -1.54685 -1.2394 -0.627112 0.780994 0.780994 
1.174 1.174 0.711058 -0.280796 -1.68598 -1.69175 -1.45383 -0.689106 1.20549 0.72609 -0.764611 -1.39483 -1.29025 0.0975941 0.214222 -0.728297 -0.432647 0.342262 -0.265586 0.429663 1.42591 0.72658 0.250017 1.10039 1.10039 
1.60243 1.60243 -0.13606 -0.361396 -0.689397 -1.87907 -1.2161 -0.878071 -1.51959 0.117547 0.749435 -0.433433 -0.100917 0.782526 1.30062 -0.819637 -0.718561 1.92428 0.449175 -0.659814 0.920778 -0.00356031 -0.69251 0.329442 0.329442 
-0.662025 -0.662025 -0.263703 0.726731 -0.178695 -0.702044 -0.613237 0.398517 2.40176 1.56973 0.426103 -0.378087 -0.877069 1.49146 1.83643 -0.749867 -0.857676 0.551035 1.05525 -0.564839 -0.982649 -0.496125 -1.24334 -0.612817 -0.612817 
-0.636761 -0.636761 0.987312 2.24892 1.45511 -1.24838 -2.50424 -0.947488 -0.256078 -0.217136 0.143751 -0.408266 -0.3976 0.609741 1.49164 0.388707 -0.932287 0.299945 0.735577 0.59888 0.697567 0.0308316 -0.566757 -0.468119 -0.468119 
0.586511 0.586511 0.925953 0.758062 1.34872 1.61456 0.495733 -1.12355 -1.5844 -0.591531 -0.224319 -0.840215 -1.09589 -0.629807 0.528827 0.679616 -0.23316 0.171886 0.259396 -0.010098 1.61228 1.03013 -1.69788 -1.28367 -1.28367 
-0.376147 -0.376147 -0.603047 -0.76532 -0.943254 -0.468839 -0.411336 -0.204171 0.540437 0.354646 0.174086 0.238998 -0.218038 -0.107042 0.210512 -0.246859 -0.243269 0.965235 1.28974 -0.697077 -2.69088 -0.718193 2.36075 1.4676 1.4676 
0.634886 0.634886 0.202502 -0.115079 -0.537532 -0.205666 2.22844 1.37888 0.237867 0.0300754 -0.11054 1.62481 0.213385 -1.58052 0.30302 -0.519484 -2.48929 -1.06366 -0.0750657 -0.86037 0.00696566 1.23449 0.0329576 -0.602976 -0.602976 
0.130983 0.130983 0.470618 0.898018 2.02009 1.4418 -1.04574 -0.575898 1.1908 0.795139 -0.519108 -1.10712 -0.925492 -0.316237 0.645144 0.0442845 -1.62763 -0.257488 -0.0793121 -1.27666 1.58028 0.832943 -1.58651 -0.431949 -0.431949 
-1.31002 -1.31002 -1.63343 -0.402581 -0.439292 -0.424632 1.1266 2.28684 -0.126265 -1.43445 -0.0567837 0.270886 1.1341 1.18954 -0.361895 1.26905 1.48315 -1.09848 -0.203336 0.678222 -0.276656 -0.463399 -0.181709 0.142283 0.142283 
0.0717561 0.0717561 -0.677041 -1.93072 -1.076 1.53043 0.236315 -1.82969 0.360338 1.6573 1.08739 0.810673 0.950404 0.256514 -1.31058 -1.2727 0.0228173 0.285918 -0.726745 -0.432495 1.42964 0.96041 -0.318389 -0.0786497 -0.0786497 
0.755318 0.755318 -0.519752 -2.36322 -0.599198 0.582215 -0.504229 -0.59186 0.757754 2.30662 1.8967 -0.80223 -1.54805 -0.0255564 0.354945 -0.658858 0.0491357 -0.138376 -0.351118 0.0559318 -0.847125 0.74024 1.06198 -0.183297 -0.183297 
-0.27556 -0.27556 -0.146081 0.96157 1.14868 -0.845611 -1.4057 1.4551 2.16756 -0.222571 -0.848795 0.301292 -0.310692 -0.61104 0.381107 -0.156451 0.359233 0.820951 -0.228983 0.24346 1.61656 0.261758 -2.07137 -1.15943 -1.15943 
0.0509798 0.0509798 0.676375 1.89421 0.818731 -0.958605 0.220061 -0.747654 -2.77127 -1.2105 0.614791 0.756103 0.284339 -0.0879366 -0.17727 0.0820282 0.191521 -0.184525 -0.823279 -1.56989 -0.780715 0.530923 1.351 0.894797 0.894797 
-0.358238 -0.358238 -1.11016 -1.82447 -1.07692 0.168712 0.752815 2.00873 1.06557 -1.50081 -1.61515 -0.405767 1.12412 1.13325 -0.63339 -0.497674 0.804303 0.119364 0.0589739 1.27504 0.217807 -0.898729 0.276102 0.637382 0.637382 
-1.0952 -1.0952 -1.24868 -0.287994 -0.944807 -0.269851 0.770668 -0.117824 0.767 1.63432 -0.286388 -0.490291 0.917074 1.04347 -1.00235 -1.28638 1.95776 0.88423 -1.67114 0.410093 0.535859 -1.00993 0.315692 0.784936 0.784936 
0.222898 0.222898 0.847885 0.0251889 -0.930044 -0.30266 0.666027 1.87408 0.71061 -1.27514 -1.25757 -0.850786 1.15127 1.68383 -1.44278 -1.7285 0.792447 1.17865 -0.732597 -1.31442 0.014907 -0.192958 -0.102088 0.369425 0.369425 
0.949085 0.949085 1.72576 0.237258 -2.20374 -2.48818 0.134507 1.33328 0.398892 0.195416 -0.16839 -0.383993 0.575979 1.11233 -0.186801 -1.54295 -0.10537 0.976044 0.133303 -0.0741268 -0.400429 -0.82907 -0.357891 0.00999675 0.00999675 
