31
0.417272 0.163451 0.38506 0.715862 0.823701 0.847008 0.759153 0.827478 0.758692 0.716333 0.572 0.451849 0.345918 0.215545 0.217219 0.228752 0.428856 0.51394 0.51858 0.440133 0.320262 0.345455 0.170205 0.0849791 -0.205701 -0.618174 -1.2521 -1.92823 -2.21253 -2.34482 -2.70614 
0.777415 1.03828 1.24252 1.36711 0.996565 1.33119 1.29474 0.929876 0.337106 -0.0791628 -0.0392537 0.576816 0.770418 0.600884 0.521152 0.379105 -0.0542253 -0.257078 -0.247914 -0.224878 -0.134842 -0.310644 -0.594396 -0.415172 -0.222922 -0.670819 -1.34803 -2.08318 -1.39193 -2.03531 -2.05343 
1.73043 2.07798 1.6832 1.16067 1.00183 0.717213 0.763713 0.735602 0.373111 -0.11397 0.260298 0.503542 0.56878 0.572179 0.124894 0.148962 -0.0460505 -0.243607 -0.466789 -0.551768 -0.882493 -1.25641 -1.52365 -1.81478 -1.63536 -1.37131 -0.829447 -0.767093 -0.378591 -0.38354 -0.157554 
-0.000139938 -0.217867 0.184436 0.456042 0.611884 0.705479 0.507621 1.16597 1.10333 0.675755 0.716957 0.886106 0.593357 0.851911 0.324812 1.08601 0.742944 0.674986 0.359822 0.309538 0.455745 0.214712 -0.25528 -0.66329 -0.949836 -1.55143 -1.54888 -2.17239 -1.53077 -1.60584 -2.13169 
0.228495 0.168726 0.0387865 -0.00232743 -0.137726 0.088558 -0.314818 -0.499798 -0.819635 -0.871288 -1.09069 -1.01205 -0.859229 -1.15213 -0.595184 -0.954831 -0.624565 -0.782061 -0.695656 -0.739294 -0.443622 -0.200145 0.105349 0.259945 0.497279 0.780486 1.25742 1.83807 1.83263 2.32108 2.37822 
-0.294639 -0.228759 -0.384014 -0.145384 -0.387114 -0.414351 -0.655553 -0.759828 -0.595276 -0.525339 -0.965292 -0.846843 -0.576033 -0.944431 -0.191076 -0.47103 -0.637317 -0.7744 -0.54104 -0.400405 -0.443238 -0.438937 -0.0381622 0.00377671 0.477585 0.947018 1.40049 2.17191 2.33279 2.4408 1.88409 
-0.971491 -0.778188 -0.0737772 0.344815 0.312272 -0.186365 0.149407 -0.384472 -0.615354 -0.304262 -0.354347 -0.582925 -1.41836 -0.338189 -0.026829 0.645293 1.40709 1.41026 1.44763 1.61309 2.002 1.79348 1.13496 0.042982 -0.391879 -1.39968 -1.35498 -0.118572 -0.490256 -1.28394 -1.22943 
0.412088 0.607824 -0.17749 -0.987847 -1.16737 -0.958274 -1.62171 -1.2904 -0.636026 -1.66819 -1.26306 -1.26669 -1.39871 -0.642705 -0.778175 0.277602 0.403688 0.376672 0.476914 0.482956 0.870276 0.717112 0.972418 0.360038 1.15085 0.734379 1.19285 0.936485 0.999419 1.46715 1.41794 
-1.05046 -0.949436 -0.556849 -0.278847 0.354479 -0.0532417 -0.318187 0.280934 -0.69674 -1.66745 -1.13178 -0.569205 -1.37485 -0.143807 1.28607 0.721189 0.475707 1.05009 0.389049 0.228685 -0.212559 -0.913369 -0.317616 -0.372004 -0.687808 0.31528 -0.807124 0.467332 2.29942 2.08252 2.15059 
0.739307 0.310712 0.145489 0.449656 0.481909 0.857211 0.804449 0.937327 0.981102 0.656861 0.747371 1.18442 1.13285 0.456991 1.12961 0.642646 0.825813 0.577812 0.418683 -0.0513632 -0.685227 -1.12753 -1.10667 -1.69395 -1.70025 -2.07164 -1.55478 -1.26629 -0.385087 -0.785303 -1.05212 
-1.36551 -1.06107 -0.869368 -0.886363 -1.07137 -0.863391 -0.481678 -0.0478489 -0.215435 -0.175499 -1.22302 -0.682452 0.334484 -0.258359 -0.214781 -0.798036 -0.851729 -0.650085 -0.59802 -0.254434 -0.00235462 0.253824 1.48714 2.00881 1.57574 2.32854 1.12342 0.984668 0.473794 1.3136 0.68678 
-1.33895 -1.56479 -1.08693 -0.83325 -1.17635 -1.01348 -0.394035 -0.321829 -0.020685 0.153725 -0.739943 -0.583957 -0.4836 -0.159379 -1.36212 -0.528733 -0.322104 0.0545896 -0.183722 -0.0212433 0.594563 0.919171 0.78632 1.97548 1.82682 1.9785 1.75582 1.19533 0.394729 0.281245 0.218804 
0.390519 1.06647 1.19246 0.99619 1.36541 0.740019 -0.617514 0.0661403 1.32215 1.32146 0.906006 0.445421 0.200071 1.15339 -0.132259 -0.570411 -0.525621 0.0373179 0.312716 0.678567 0.524595 -0.141059 -0.85487 -0.992937 -1.6588 -1.7573 -1.0145 -2.44387 -0.934582 -0.79324 -0.281952 
0.413992 0.413992 1.86835 1.58532 0.820373 0.33355 0.44554 0.492979 0.217634 0.0296942 -0.163826 -0.0682927 -0.0937228 0.173964 0.52698 1.02061 1.20358 0.717331 0.310518 0.000774239 0.258597 0.120833 -0.153856 -0.441009 -1.25509 -2.10899 -2.76488 -1.89512 -0.54222 -0.733801 -0.733801 
1.25943 1.25943 1.00013 -0.093531 0.306126 0.941809 -0.38914 -1.44766 -1.54546 -0.341651 1.6226 1.91504 0.420251 -0.0998285 -0.0475266 -0.720326 -0.836024 0.0059215 0.435725 0.5896 0.211267 -0.499946 0.175569 1.08127 -0.111968 -1.76631 -2.31287 0.290933 0.46554 -0.88419 -0.88419 
0.191412 0.191412 -1.71254 -1.19626 -0.675642 -0.226297 0.334995 -0.559976 -1.56431 0.0478936 1.64602 0.969788 0.444951 -0.676574 -0.631345 -0.0793115 -0.564281 -0.625922 -0.379575 -0.614904 -1.24717 -1.10824 -0.927085 0.0502915 1.26516 2.05829 1.61694 1.28134 1.13406 0.778439 0.778439 
0.674481 0.674481 1.73388 1.20029 0.814904 0.0491456 1.27184 1.56459 -0.786438 -0.561627 0.730282 0.0072812 0.200843 -0.306522 0.781696 1.18013 -0.614986 -0.55458 -0.516317 0.482546 0.0695756 -1.26449 -1.62599 -1.22883 -1.64795 -1.02206 -1.06949 0.314081 1.50146 -1.02611 -1.02611 
-0.861524 -0.861524 -0.814251 -0.828083 -0.150456 -0.829552 -1.87176 -1.66006 -1.32218 -1.06766 -0.737485 0.205777 -0.735772 0.288357 0.119223 -0.455229 0.0570538 -0.560929 -0.272396 0.257919 0.985511 1.0104 0.785165 0.612439 0.938359 1.54554 2.29931 1.07691 0.843228 1.00184 1.00184 
-0.503135 -0.503135 -0.122611 -0.313092 -0.898725 -0.897562 -1.06726 -0.173491 0.210251 -1.12131 -1.01445 0.551165 -0.521226 0.541689 0.736507 -1.28921 -0.974504 -0.0941942 0.517542 -0.0908348 -0.391139 0.586005 0.66891 0.829783 1.77144 1.72665 2.39182 1.74732 0.286045 -1.29462 -1.29462 
1.00057 1.00057 1.24633 0.44242 -0.558148 -0.156368 -0.194811 -0.812952 0.108793 0.306016 -0.282688 -1.13939 0.288268 1.53926 1.09413 1.5855 0.855771 0.0655133 0.24255 0.626043 0.21808 -0.924524 -1.88826 -1.64428 -1.55244 -1.02931 1.4188 0.964587 -1.24996 -0.785042 -0.785042 
-1.09367 -1.09367 -2.80166 -1.77325 -0.0425711 -0.864081 -0.6566 1.58057 -0.734142 -1.15726 0.588837 -0.323052 0.966532 0.960671 1.46958 1.91361 0.0754117 0.0315374 0.0876582 0.575015 0.304738 0.0806255 -0.698959 0.21014 0.542724 -0.0214804 0.25033 -0.421145 0.80811 0.617721 0.617721 
0.277931 0.277931 0.452716 0.69047 0.0132531 -0.873876 0.120476 -0.58341 -2.13376 -0.639201 0.875063 -0.449605 0.210566 2.41836 0.644712 -1.00986 0.115264 -0.295137 -1.02077 -0.803699 -1.33744 -0.313307 0.325095 -0.575154 0.469205 -0.32739 -0.0593888 2.85845 1.38559 -0.356543 -0.356543 
-0.844474 -0.844474 0.500733 0.863259 0.993849 0.83778 0.392737 0.569959 -0.269222 -0.183424 1.21415 0.953318 -1.08975 0.23971 0.586486 -0.312047 0.126637 -0.501751 -0.909383 -1.7809 -1.72998 -0.528034 -0.794178 -0.844034 -0.447688 0.512724 1.72412 2.39298 1.12865 -0.978874 -0.978874 
0.473927 0.473927 0.0129445 -0.527314 -0.204664 0.608099 0.931997 0.144222 -0.420678 -1.68264 -0.964655 1.99609 0.370602 -1.02534 -1.01159 -1.15109 -0.0254265 0.126247 0.329812 0.616661 0.491308 1.89855 2.2793 -0.110555 0.220928 -0.886295 -2.16492 -1.16927 0.234132 0.067844 0.067844 
0.216309 0.216309 0.958459 -0.312119 -0.45267 1.03704 0.896724 0.404097 0.562277 -1.28693 -1.31544 0.223005 0.483383 -1.53342 -0.745383 1.4359 0.729071 0.0404382 -0.291101 1.03081 1.28174 0.123047 1.46111 1.43664 -0.169064 -0.283616 -1.38585 -2.28029 -1.58845 -0.446013 -0.446013 
0.885596 0.885596 -0.0375977 0.21985 -0.234347 -2.06201 -0.676465 2.0898 1.36547 -0.403668 -0.89044 -0.710394 0.786135 -0.314957 -1.78774 -0.379556 0.680035 0.924119 0.715514 0.261053 -0.830729 -1.42328 -0.864865 -0.814117 -0.772234 0.718748 -0.6899 0.121378 1.78388 0.72756 0.72756 
1.62861 1.62861 1.31877 -1.11078 -1.33389 -0.373871 0.211005 -0.213024 -0.470701 -0.381125 -0.0707971 0.113217 0.30168 0.715978 0.963324 0.777172 -0.295536 -0.941195 -0.747967 -0.0203662 0.167905 -0.415055 -0.578595 -1.16909 -1.78953 -1.61634 0.270604 2.4697 1.30781 -0.173258 -0.173258 
-0.045479 -0.045479 -0.765331 -0.331604 0.806658 -0.332436 -1.44757 -0.635905 0.853175 2.21043 1.61056 -0.666202 -1.201 -0.182702 -0.283222 -0.393801 0.603211 0.962263 0.509372 -0.0225471 -0.591953 0.101695 1.16595 -0.0640669 -1.7491 -1.32345 1.47928 1.95396 -0.64828 -0.763207 -0.763207 
-1.50651 -1.50651 -1.09035 0.864049 0.810094 0.842884 -0.240747 -1.50277 0.51822 2.61602 0.771349 -0.939935 -1.29888 -0.839357 0.509669 0.082286 -0.412387 0.177114 0.037108 -0.671127 -0.369443 0.286241 0.962099 1.79536 1.64684 0.311787 -0.598065 -0.361009 -0.37715 -0.258436 -0.258436 
0.887191 0.887191 0.49804 -0.555664 -0.724989 0.447803 1.21979 -1.38657 -1.43612 1.22072 0.529469 -0.271569 -0.114303 0.53818 1.19879 -0.904059 -1.15058 0.186518 0.870945 0.541856 -1.15957 -1.12204 0.14056 0.0985442 0.265363 0.536432 1.08902 1.98958 -0.862862 -1.72883 -1.72883 
-0.109697 -0.109697 -0.128763 0.740092 -0.176882 -2.54744 -1.31959 0.582656 0.641677 0.631072 1.5804 -0.172496 -0.061032 1.00364 -1.19979 -0.260548 -0.32055 -0.628958 0.953813 1.55899 0.862336 -0.451006 -0.723394 0.0362996 1.11129 1.70103 -0.820801 -2.18187 -0.278327 0.0437669 0.0437669 
0.389598 0.389598 0.231803 -0.56856 -0.409802 -0.0652386 0.674192 1.13266 -0.710798 -0.940169 1.45985 0.482958 0.0665222 1.11628 -1.44234 -1.34303 1.06432 1.31038 0.0771552 -0.678378 0.635066 0.952516 0.276318 0.987704 0.817334 0.588299 0.0914981 -1.67005 -2.44557 -1.23505 -1.23505 
0.260765 0.260765 -0.359386 -1.32082 -0.390731 0.351467 -0.435316 0.305388 0.934373 -0.230811 -1.04383 0.511627 2.13754 0.692841 0.106853 -0.112695 -1.10136 -0.401865 0.503585 0.0523071 -1.12495 -1.55368 -0.484046 0.330237 0.545577 2.36324 1.60931 -1.98754 -1.27851 0.429825 0.429825 
-1.44578 -1.44578 -0.59961 2.22969 0.707594 -0.545677 1.97098 -0.104261 -2.29312 1.04807 0.645919 0.270303 1.01577 0.373446 0.743611 -1.18757 -1.58901 -0.0303839 0.406708 0.138151 -0.447239 -0.866293 0.0661027 0.981185 -0.231035 -0.281039 -0.3693 0.418476 0.814309 -0.19711 -0.19711 
0.171872 0.171872 0.325332 -0.2246 -0.950664 0.128263 0.246539 -1.39596 0.0230446 2.00113 0.181432 -0.36985 1.9102 0.339278 -2.15372 -0.282681 0.520381 -0.674204 -0.2692 -0.145345 0.375583 1.13215 -0.109956 0.152072 0.218977 -0.28213 2.11538 0.991731 -2.01609 -1.06542 -1.06542 
0.994792 0.994792 1.25641 0.379869 0.00561661 -0.409797 -0.169273 -0.453708 -0.519686 1.0945 0.844351 -1.63864 -0.490982 1.23368 -0.37418 -0.307853 -0.112898 -0.723655 -0.899114 -0.568191 0.928155 0.699339 -0.204042 0.274053 1.00313 1.59132 1.38092 -0.405722 -2.40934 -1.49692 -1.49692 
-0.279776 -0.279776 -0.644394 -0.115525 0.797621 0.798464 -0.281731 -0.881575 -1.2016 -0.335789 2.51409 0.932495 -2.0078 -0.901493 -0.0535302 0.696891 0.893402 0.271086 0.362316 0.14033 0.896477 1.23804 -1.3246 -1.35784 -0.492205 -1.57885 -0.159643 1.65044 0.866261 -0.0808894 -0.0808894 
0.507265 0.507265 -0.382848 -1.00123 0.932514 0.932675 -0.456071 -0.246954 -1.19732 -1.32811 1.04514 1.24753 -1.24314 -0.873476 2.06753 1.02029 -0.990257 -0.727344 0.681162 1.08921 -0.648598 0.113007 0.907595 -1.15469 -1.21779 -0.865083 -1.41144 -0.15459 1.27237 0.787692 0.787692 
-0.536709 -0.536709 -0.373986 -0.0775526 -1.39547 -0.232641 2.671 1.33743 -1.52922 -1.37907 -0.147065 1.1065 0.296745 -1.58004 0.00597425 1.60659 0.870806 0.0692294 -0.372293 -0.930514 -1.0178 0.0252282 0.431834 0.105353 1.01567 0.0988449 -0.330769 1.61038 0.429948 -0.620852 -0.620852 
