24
0.59578 0.685508 0.786903 0.830472 0.889293 0.955239 0.991773 0.864133 0.730405 0.77089 0.687182 0.584509 0.457783 0.41688 0.252355 -0.127379 -0.53238 -0.676792 -1.07885 -1.45509 -1.54641 -1.64726 -1.69852 -1.73641 
1.00728 0.934068 0.797977 0.7401 0.729865 0.647385 0.560317 0.357888 0.502967 0.501964 0.457716 0.5746 0.245223 0.441706 -0.0193129 0.402895 0.134239 0.262451 -0.260994 -1.43189 -1.53604 -1.94769 -1.66561 -2.43711 
-1.49224 -0.959009 -0.808538 -0.718563 -0.212301 -0.0534353 -0.218386 0.528539 1.23869 0.92091 2.7381 1.91684 0.523525 0.231573 -0.00455476 0.231812 -0.798198 0.0985553 0.175431 -0.659919 -1.49617 -0.098247 -0.0818449 -1.00257 
1.49079 1.04615 1.03768 1.06359 0.997905 0.179331 -0.405001 -0.645747 -0.901808 -0.467876 -0.629685 -1.10343 -1.04339 -1.20449 -1.30938 -0.889372 -1.06857 -0.402827 -0.577079 0.493646 0.00450046 1.30435 1.50634 1.52438 
1.82298 1.48643 1.03013 0.811134 0.406952 0.431917 1.04137 0.635626 0.54638 -0.0314312 -0.245808 -0.645594 0.262856 0.516937 0.589223 0.00830367 -1.17551 -0.371516 -2.55077 -1.27116 -0.886089 -0.921638 -0.917741 -0.572982 
-0.284702 -0.470622 -0.553364 -0.714822 -1.07191 -1.01454 -1.13066 -1.29274 -0.980483 -0.800209 -0.808818 -0.396072 -0.297614 -0.200913 -0.148629 0.371508 0.29706 0.826651 0.813757 1.12437 1.61258 1.8016 1.66067 1.65791 
1.06078 0.767605 0.898174 0.914602 0.497531 0.0664456 -0.391581 -0.618288 -1.36416 -0.760958 -1.67488 -1.23108 -0.991282 -1.28767 -1.02484 -0.629182 -0.245614 0.0151062 0.0924485 1.72094 1.46344 0.720346 0.606349 1.39577 
0.319154 0.441063 0.475002 0.461677 0.842503 0.714017 0.428659 0.382854 0.336038 0.630723 0.979087 0.450252 0.672581 0.838114 1.38414 0.612635 -0.280166 -0.458467 -1.02935 -0.987851 -1.40142 -1.86657 -2.12137 -1.8233 
0.185119 1.00968 0.696643 0.854815 1.31284 0.708872 0.901488 0.0584796 -0.594389 -0.904743 -0.354122 -1.63981 -1.1612 -1.658 0.000103359 -1.47024 -0.388173 0.151007 0.570926 1.56711 0.772114 -0.712122 -1.25319 1.34679 
-1.61098 -1.97343 -1.76881 -1.45753 -1.18486 -0.71318 -0.386544 0.142443 0.616484 0.123011 0.298347 -0.0292631 -0.170512 -0.0111443 0.595682 0.503138 0.413049 0.651788 0.913694 1.90353 1.13025 0.592036 0.287779 1.13503 
-2.16389 -1.32042 -0.786232 -1.01499 -1.52664 -0.464803 0.299297 0.293116 1.26024 0.499906 0.354587 0.26008 0.383247 -0.428592 1.76123 0.726389 0.315855 -0.780116 0.444138 1.97239 -0.42351 -0.74337 0.319019 0.763075 
-1.59268 -1.69093 -1.66642 -1.61364 -0.643502 -0.155363 0.0300993 0.689487 0.259363 0.968905 0.0939813 0.196404 -0.0697728 -0.0274548 0.692119 1.29374 1.59399 0.944804 1.38347 1.30893 -0.448304 -0.527792 -0.645788 -0.373638 
-0.264632 -0.096844 -0.290228 0.109209 -0.316862 -1.08596 -1.75599 -1.30848 -1.73321 -0.63362 -0.513382 0.345882 0.358533 0.101002 0.846482 1.40193 1.29585 0.446188 1.96952 1.4861 0.155814 0.941482 -0.413792 -1.04499 
1.33348 1.33348 1.17293 1.02486 1.10268 1.02517 0.351837 -0.240366 0.344403 0.518381 0.0204522 -0.129172 0.0856735 -0.0457979 -1.22432 -2.06074 -1.24225 -1.23202 -2.03837 -0.957539 0.000336853 0.139646 0.358621 0.358621 
0.172228 0.172228 0.209093 0.511633 0.452489 0.267795 -0.0205453 0.5375 1.0217 0.566587 0.849971 0.16456 0.355904 0.0394582 0.582067 1.04448 0.337758 -0.27472 -3.39758 -2.38966 -0.564538 0.363891 -0.501151 -0.501151 
0.615768 0.615768 0.186575 0.531081 0.597787 -0.0521361 0.517271 1.36462 0.333681 1.4056 0.9181 -2.19057 -1.67806 -0.557573 -0.0460117 -0.814713 -0.175274 0.896502 -0.78066 -1.66483 0.497613 1.32322 -0.921881 -0.921881 
-0.716814 -0.716814 0.0101602 -0.0782296 -1.38291 -2.1842 -1.29148 -0.784322 0.258018 0.403632 -0.998684 -0.655939 -0.172916 -0.427719 0.470064 0.355263 0.734902 0.742537 1.36822 0.881725 1.23571 2.30348 0.323159 0.323159 
-0.728121 -0.728121 -0.579095 -0.513019 -0.203735 1.08132 0.53528 -0.350509 -0.56865 -0.727286 -0.501591 0.921892 1.75084 0.690781 -0.367805 -1.96024 -0.204499 -1.46649 -0.863515 2.38745 0.720136 0.236896 0.719039 0.719039 
-1.14848 -1.14848 -1.08179 -1.82981 -1.23316 -0.576138 -1.17448 -0.00651128 0.926918 0.0520781 0.685917 0.977836 0.116136 -0.00975895 1.14475 0.79921 0.824986 0.992816 0.395753 1.76204 1.43052 -0.284849 -0.807752 -0.807752 
-0.254754 -0.254754 0.157733 -0.571892 -1.16812 -1.22268 -0.95039 -1.33388 -0.228192 -0.452091 -0.664465 0.87265 -0.113498 -0.0828171 0.839192 1.00005 0.820279 0.412291 2.23458 1.78847 -1.37121 -1.18002 0.86176 0.86176 
0.614448 0.614448 0.372605 0.992951 0.787007 -0.404346 -0.256487 0.170105 0.779012 1.48572 0.0130007 -0.212391 1.02936 1.60825 -0.067488 -2.64058 -1.57974 -1.00405 -0.610969 -0.329643 -1.2357 -0.95176 0.41312 0.41312 
0.389323 0.389323 -0.186819 0.479824 -0.179107 -0.408576 -0.615242 -1.34623 -0.885706 0.154801 -0.688452 -0.750711 -0.0686517 0.951109 0.109403 -0.388623 1.34876 0.776286 1.1714 0.121015 -2.0235 -1.80396 1.72716 1.72716 
-0.628823 -0.628823 0.478732 0.590604 0.854295 0.943016 1.03722 1.27954 -0.401305 -0.892353 -0.619688 -1.14013 -0.339575 0.890203 0.476079 -0.669596 -0.124991 0.453662 1.6884 -0.0133626 -2.52535 -1.75432 0.523282 0.523282 
0.840778 0.840778 -0.00394819 -0.827883 0.188882 1.19395 0.352536 0.512481 -0.0816562 -0.958061 -0.43351 -0.221991 -0.78712 0.841035 0.665351 -1.38327 -1.43143 -0.143505 1.92391 -0.928122 -2.3841 0.340412 0.942241 0.942241 
-0.210785 -0.210785 -0.0250899 1.13763 1.67292 0.708115 0.918677 0.161775 0.223443 -0.323464 -1.06995 -0.321463 -0.395366 0.816675 1.50438 0.988787 -0.54916 -0.378968 0.327594 -2.37239 -2.37848 -0.362936 0.0694238 0.0694238 
0.103294 0.103294 0.333456 0.102263 -1.05878 -1.30116 -0.0923661 0.151356 0.799259 1.34072 1.10194 0.995044 -0.114582 0.613543 1.4213 0.575212 -0.820881 0.798073 1.16196 -1.67334 -0.412394 -0.437224 -1.845 -1.845 
-0.0978983 -0.0978983 -0.275239 0.0102456 0.094748 -0.804847 -1.42124 0.0854729 1.00306 -0.29359 -0.681141 0.172486 0.194227 -1.47448 -2.31875 0.0729041 1.08686 -0.859065 0.423103 2.53595 1.40838 0.523461 0.356623 0.356623 
0.0963483 0.0963483 0.324991 0.252432 -0.115792 -0.289006 0.272315 0.856158 0.0904696 -0.0612971 -0.235342 -0.304901 -0.0260579 0.239409 0.828027 -0.116148 -0.92849 -2.75447 -1.52986 2.20954 2.14946 0.116391 -0.585263 -0.585263 
-0.1179 -0.1179 0.0962962 0.404621 -0.213665 0.0988899 1.02982 0.0348033 0.174434 0.512314 -2.08697 -1.46521 1.16427 1.16368 -0.0109263 0.0685816 1.2129 -0.227448 -1.44356 0.943717 2.00677 -0.73362 -1.24694 -1.24694 
0.612427 0.612427 0.534262 -1.26239 -1.89283 0.0503938 1.20749 1.33981 1.02009 -1.1418 -0.967468 0.699794 0.171365 0.538148 0.661956 0.203747 0.31202 0.529601 0.092631 -0.147637 1.22684 -0.837455 -1.78171 -1.78171 
0.00146366 0.00146366 0.0468567 0.156949 0.994355 0.406771 -1.08454 -0.859285 -0.35975 -0.0548457 1.03203 1.44645 -0.259681 -1.55637 -1.9221 0.0112736 0.238284 -0.55364 2.54664 0.987014 -1.57829 -0.101667 0.230307 0.230307 
0.0579766 0.0579766 -0.698763 -0.162627 1.25878 0.0498606 0.566768 2.11639 0.0497771 -0.253304 0.927049 -0.585914 -1.0086 1.0311 0.808899 -0.332982 0.186366 -0.443728 0.76869 1.03733 -2.08023 -2.27384 -0.538489 -0.538489 
0.150833 0.150833 -0.355891 -1.05644 -0.587614 0.0155741 -0.212866 0.365928 0.476767 -0.43863 0.784394 0.247008 -0.79921 0.526005 0.616415 -0.148773 -0.543839 0.846594 0.820117 -2.63986 -2.19725 1.41516 1.28238 1.28238 
-0.189696 -0.189696 0.243166 0.268215 -0.995943 -0.749068 0.379893 0.7016 0.897059 -0.555447 -1.20584 0.688247 1.24945 -0.786299 -2.98567 -1.07615 1.12099 0.655037 0.449638 -0.456863 -0.455042 1.12956 0.931435 0.931435 
-0.479431 -0.479431 -0.0852179 -0.134174 -0.664082 -0.396639 -0.693206 -0.298672 0.748885 -0.0220901 -0.674201 0.227779 0.867622 -0.0334434 -0.930974 0.594151 0.550124 -0.243616 -0.526224 -2.02801 -1.27705 2.07918 1.94936 1.94936 
0.526877 0.526877 0.594589 0.0838323 0.0698199 -0.0327656 0.0602037 -1.01416 -1.45804 -0.27566 -0.293449 0.0260604 1.0854 0.350202 -1.08756 -0.507284 0.536382 0.954093 -0.426152 -2.6939 -1.19721 1.70173 1.23506 1.23506 
-0.483525 -0.483525 -0.95608 0.11155 1.16055 0.0948166 -0.38989 -0.248069 -0.842452 -0.200845 0.423117 -0.201853 0.610637 0.833998 -1.27476 -1.20162 0.712001 1.92536 -0.44905 -2.46984 0.728504 1.90873 0.346125 0.346125 
0.100957 0.100957 0.960337 1.21873 -0.35375 -0.593767 -0.440101 -0.550151 -0.39494 -0.992261 -0.0348141 0.462305 0.804921 1.36783 0.0909178 -1.55409 -1.04722 0.611729 -1.50966 -2.03639 1.44893 1.77298 0.283271 0.283271 
0.34569 0.34569 0.164704 -0.92438 -0.933141 0.922053 1.30259 0.863508 1.09659 0.402461 -0.1051 -0.786828 -0.133142 1.36786 0.135504 -1.58975 0.339975 1.71775 -1.7692 -1.06695 1.13319 -0.955984 -0.936546 -0.936546 
