34
0.282193 0.224821 0.28805 0.246433 0.189852 0.185451 0.17148 0.230619 0.197115 0.280718 0.531269 0.715396 0.833308 0.848814 0.630999 0.592207 0.560873 0.429822 0.413998 0.424897 0.377754 0.544607 0.425802 0.399811 0.3852 0.454861 0.452423 0.223031 -0.367626 -1.23485 -1.83877 -2.26944 -2.73689 -3.09422 
-0.600664 -0.627358 -0.71571 -0.590581 -0.461136 -0.347139 -0.363094 -0.312547 -0.0315963 0.00678883 -0.111612 -0.0459454 0.0077986 0.0451867 0.406369 0.685394 0.976054 1.30177 1.17676 1.10339 1.29897 0.901495 0.886622 0.834819 0.860163 0.513014 0.442441 0.055556 0.417809 0.211926 -0.610769 -1.55289 -2.62119 -3.1401 
1.1746 1.02561 0.847457 0.949686 0.912247 0.913717 1.20438 1.13246 1.19143 1.03168 0.665624 0.45057 0.0176845 0.0174569 -0.22309 -0.406469 -0.594786 -0.50496 -0.600389 -0.730067 -1.15962 -1.17131 -1.34298 -1.23091 -1.42624 -1.76764 -1.83282 -1.31937 -0.767347 0.749609 0.948479 0.992587 0.366076 0.486629 
1.09826 1.30311 1.28152 1.3676 1.43043 1.37871 1.33077 1.16055 1.15144 1.095 1.00917 0.830812 0.578276 0.432854 0.16336 -0.0779527 -0.360968 -0.837853 -0.988429 -1.07499 -1.05301 -0.879759 -0.953278 -0.902511 -0.923281 -1.11423 -1.10225 -1.04654 -1.02122 -1.18225 -0.80282 -0.615538 -0.159453 -0.515528 
-1.0588 -1.25908 -1.2375 -1.34249 -1.43483 -1.31964 -1.30893 -0.996243 -1.00106 -0.96391 -0.936046 -0.873713 -0.665941 -0.510761 -0.311595 -0.0959839 0.10416 0.319362 0.503642 0.701511 0.798237 0.687648 0.693036 0.705967 0.736883 0.76773 0.83378 0.624643 0.830711 0.974783 1.23362 1.55776 1.79481 1.44822 
-1.2287 -1.29285 -1.065 -0.904394 -0.863632 -0.865579 -0.90768 -0.949274 -1.08759 -1.0771 -1.11149 -1.10267 -1.05387 -0.769919 -0.597482 -0.375099 -0.157496 0.147816 0.353476 0.437043 0.48934 0.650613 0.520065 0.568717 0.677633 0.804389 1.01772 1.15894 1.27426 1.30805 1.2141 1.82549 1.57712 1.38504 
0.549857 0.820695 0.528555 0.432689 0.265592 0.291763 0.764747 0.630914 1.27368 1.11854 1.18131 1.83159 1.78493 1.34349 0.788408 0.322347 -0.182692 -0.20873 -0.363596 -0.345156 -0.309314 -0.140818 -0.0474375 -0.12177 -0.7489 -1.341 -0.88117 -1.03568 -1.69573 -1.82173 -1.64216 -0.984015 -0.565682 -1.49354 
0.445203 0.328991 0.0919974 0.120939 0.45033 0.33315 0.340338 0.225743 0.446859 0.873062 0.882247 1.10864 1.17174 1.51994 1.50574 1.38952 1.33456 0.3626 -0.582699 -1.05871 -0.914562 -1.17503 -1.3377 -1.08283 -1.24016 -1.4869 -1.72176 -1.68828 -1.14202 -0.766238 0.0931317 -0.365692 0.707731 0.830116 
0.868744 1.28274 0.565917 0.202376 0.0189477 0.305306 0.223153 -0.18273 -0.447683 -0.613854 -0.031456 0.166693 -0.398817 -0.552552 -0.366134 0.347436 0.434923 0.230765 0.0164738 -0.667395 -1.95816 -1.65157 -1.91193 -1.6482 -0.924888 -1.06593 -0.220442 0.144232 0.677903 1.22877 1.52566 1.92383 2.23527 0.242621 
0.462999 0.414659 0.954328 1.22266 1.05249 0.892275 0.450088 1.00992 0.865283 0.808186 0.274651 -0.676026 -1.2275 -1.38249 -2.06511 -1.89986 -1.31802 -0.970506 -0.912206 -0.609971 -0.0221921 -0.264431 -0.579716 -0.900597 -0.793048 -0.610095 -0.515058 -0.100471 0.724162 1.21813 1.38733 1.37862 1.13517 0.596343 
-0.869011 -0.968352 -1.04385 -0.570097 -0.980461 -0.538006 0.638281 -0.301847 -0.102345 0.0183125 0.71338 1.39585 1.41936 0.595748 -0.285436 -1.48551 -2.47477 -1.97783 -0.479977 -0.255596 -0.590409 0.00400834 -0.139997 0.687239 0.584047 0.25765 1.3431 1.41787 1.3086 0.798104 1.09666 1.23558 -0.695778 0.245482 
-1.2262 -0.940298 -0.812295 -1.22963 -0.759378 -1.20168 -1.23267 -1.28411 -1.38878 -1.56534 -1.8457 -1.05278 -0.26748 0.839431 1.63693 1.4403 1.13875 0.814135 0.406321 0.504334 0.674057 0.513882 0.823605 0.613598 0.779186 0.536628 0.805268 1.11595 0.964837 0.536881 0.415548 0.629087 -0.303807 -0.0785847 
-0.634406 -0.0958088 -0.577486 -0.529842 -0.207733 0.0844447 0.115001 -0.0155702 0.13369 -0.233252 0.086399 -0.624153 -1.46082 -0.786788 -0.160676 1.27472 2.13274 1.73794 1.749 1.33205 0.627551 1.21003 0.363715 1.09772 0.490667 0.106468 0.191735 0.18063 -0.878097 -1.51326 -0.873296 -0.853461 -1.21235 -2.2575 
0.457397 0.457397 0.490704 0.237418 0.316095 0.406175 0.540504 0.499209 0.550927 1.15144 1.36396 1.08355 0.72707 0.0173191 -0.0974695 0.296764 0.101721 0.134512 0.434604 0.368391 0.698089 0.546593 0.138908 0.359178 0.561394 0.58713 -0.045089 -1.28863 -2.63706 -2.66509 -1.74217 -1.45368 -1.29863 -1.29863 
0.10272 0.10272 0.330883 0.658194 0.641465 0.422955 0.3276 0.773796 0.755519 0.155365 0.196364 0.455067 0.41257 0.874595 1.23773 1.13175 1.20192 0.577235 -0.0225183 0.459278 -0.0278001 -0.344072 0.175411 0.235851 -0.208002 -0.352147 -0.411863 0.238597 0.51061 -1.27016 -2.37659 -2.7457 -2.10968 -2.10968 
-0.429697 -0.429697 -0.0192633 0.210637 0.046018 0.582072 0.46217 0.0836269 -0.0598675 -0.754278 -0.844637 -0.953816 -0.602834 -0.288593 -0.587824 -0.50249 -0.0561286 0.0956305 -0.262995 -0.808878 -0.61612 -0.194794 0.00741905 -0.0312426 -0.772124 -0.559496 0.837155 1.84556 3.48508 2.90809 0.50176 -0.846742 -0.721847 -0.721847 
0.867299 0.867299 0.479169 0.755024 0.304772 -0.0572135 -0.444458 -0.317574 0.0542293 -0.19643 -0.594841 -1.13961 -1.03197 -1.08739 -1.40073 -1.44491 -2.21469 -1.78192 -0.506447 0.0574039 0.906389 0.594338 0.19409 0.366461 -0.423405 -0.316374 0.489655 0.533216 -0.175029 0.982109 2.12028 2.37078 0.595244 0.595244 
-1.44029 -1.44029 -1.02915 -1.52071 -0.570549 -0.125912 0.726299 0.65932 -0.529664 -0.388646 -0.279976 0.496359 0.897006 0.859869 1.12064 1.12485 1.12309 1.05464 0.979846 0.602032 -0.72901 -1.12314 -0.590135 -0.479979 -0.402671 -0.251064 -1.28663 -0.682429 0.841719 1.06943 1.84647 1.75243 -1.14188 -1.14188 
0.0421297 0.0421297 0.939397 0.192495 -0.456426 -0.787226 -0.9455 -1.32962 -1.12167 -0.706775 -0.713472 -0.381342 0.71701 1.21058 0.964795 1.14511 1.47617 1.42849 0.543253 -0.0689924 0.241223 -0.48872 -0.938321 0.0176532 0.329458 0.74628 0.804026 0.412789 -0.0160958 -0.851544 1.45432 0.837823 -2.36972 -2.36972 
0.165326 0.165326 -0.471596 -0.254409 -0.042447 1.0693 0.791394 1.08628 1.04928 0.0418957 1.44082 1.25075 -0.645453 -1.52852 -1.57128 -1.48437 -0.720095 -0.111883 -0.0346295 0.296609 0.55724 0.657176 0.235411 -1.01603 -1.91533 -0.0274109 0.732625 -1.21247 -1.16295 0.295373 1.65735 2.07204 -0.682656 -0.682656 
-0.591653 -0.591653 -0.377192 0.459628 0.243736 -0.23231 -0.228491 0.0875816 0.886599 0.573476 0.278261 0.357926 0.537882 0.423668 -0.26249 -0.322711 -1.58705 -2.90251 -2.16975 -0.56012 -0.241672 -0.694985 0.06643 0.0743148 -0.666798 -0.781342 -0.367343 0.786752 1.2925 1.7551 0.521997 0.838257 1.69698 1.69698 
-0.298777 -0.298777 -1.21312 -0.585876 0.178372 0.297467 -0.516573 -0.731537 -0.449647 0.546793 0.975214 -0.374665 -0.788462 0.0957657 1.11567 0.999332 -0.0798671 -0.434742 -0.998857 -2.26474 -1.10001 0.111702 0.061297 1.21804 0.742051 0.885722 1.48042 1.11374 1.33269 1.05425 0.874691 0.891791 -1.91968 -1.91968 
0.662469 0.662469 1.10433 0.113868 -0.484101 -0.863656 0.141053 0.556235 -0.304587 -0.847232 -2.09408 -2.11911 -1.00886 -1.19185 -0.745006 1.01935 1.27366 0.54314 0.479968 1.21877 0.459043 -0.801036 -0.910767 -0.320771 0.382246 0.364788 0.687996 1.70603 1.81679 0.902249 0.200848 -0.374954 -1.11465 -1.11465 
-0.174512 -0.174512 0.376902 0.0547064 0.0245907 1.55121 0.220938 -0.718891 0.301761 0.778577 1.31913 0.672986 -0.776118 -1.64659 -2.0088 -2.11279 -0.47998 1.91304 1.65079 -0.11254 0.243497 0.427085 0.651096 0.690365 -0.419623 0.724053 1.11004 -0.0394827 -0.602601 -0.210206 0.414636 -1.73091 -0.958923 -0.958923 
0.546349 0.546349 -0.491866 0.0134097 -0.0234481 -0.763454 -0.186416 -0.295185 -0.479902 -0.739279 0.691999 2.26528 2.72885 2.74685 0.822377 -0.800196 -0.98915 -1.14603 -0.522086 0.330558 -0.0506165 0.156071 0.0825022 -0.130291 -0.178348 -0.0262071 0.79056 0.170866 -0.919613 -0.875653 0.0714144 -1.12673 -1.10948 -1.10948 
0.200952 0.200952 -0.356064 0.555879 0.833317 0.502534 0.0228999 0.157576 -0.1106 0.0827185 -0.307127 -1.61904 -0.0481468 1.61146 2.47527 2.73838 0.661928 -0.298998 -0.324141 -1.13598 -0.0020604 -0.162964 0.00895157 0.280407 -0.988264 -0.202783 0.220513 -1.07741 -1.78544 0.14182 0.884953 -0.248306 -1.45659 -1.45659 
0.172011 0.172011 -0.160408 -0.100863 0.349778 0.422818 0.250399 0.141977 0.984307 1.19534 0.0391897 -0.707568 -1.27105 -0.953851 0.495049 0.389721 -0.0846454 0.565183 0.435247 0.474102 0.362175 -0.605587 -0.117671 0.68278 0.427469 -0.667667 -2.3335 -3.27347 -1.67821 1.30277 1.71819 0.710409 0.331781 0.331781 
0.42133 0.42133 0.8356 0.525644 -0.16519 -0.264706 0.576599 0.674155 -0.650188 -0.575164 0.511873 0.406194 0.663536 1.17694 0.458024 0.0872255 -0.569292 -1.41721 -0.0167488 0.125862 -0.884238 0.389748 0.866544 -0.352731 -0.611671 -0.125476 0.880241 1.3001 -1.77705 -3.52172 -1.73502 0.470365 0.937544 0.937544 
0.342095 0.342095 0.533047 0.0554178 0.309704 0.346845 -0.412804 -0.432399 -0.694753 -0.650619 -0.164536 0.202034 0.553719 0.0136631 -0.176463 0.442813 0.497985 -0.170623 -0.750073 -0.292103 0.511244 0.519097 0.137039 -0.646278 -0.437561 1.33784 1.99879 2.20051 0.883718 -2.47669 -3.1175 -1.01511 0.104933 0.104933 
-0.312084 -0.312084 -0.0330152 -0.09586 -0.74113 -0.677389 -0.182825 0.585064 0.203122 -0.576062 -0.8736 -0.361655 0.133403 -0.292484 -0.281124 -0.742878 -0.260366 1.80871 1.94132 1.50986 0.623756 -0.640027 -0.149963 -0.54412 -0.61022 1.00426 0.940054 -0.591859 0.53469 2.40262 1.48541 -1.46224 -1.71565 -1.71565 
0.370915 0.370915 -0.0198228 0.40864 1.15282 1.07496 0.668279 -0.954257 -0.788922 0.242577 0.747589 0.97968 0.333054 0.221865 0.254737 0.0460513 -0.0117113 -0.0697623 -0.315673 -1.31426 -1.32723 0.154493 0.55535 0.193116 0.226065 -0.658553 -0.298788 1.73592 1.43665 0.84277 0.587017 -2.33132 -2.25658 -2.25658 
0.826244 0.826244 0.268816 -0.885137 -0.574591 -0.208411 -0.248207 0.0251193 0.621438 0.461238 0.399472 1.22419 1.34468 0.341522 0.107733 0.538247 0.368092 -0.539663 -0.961009 -0.0688169 -0.156657 -0.723723 0.534512 1.10276 0.700384 0.510775 -0.0922968 -0.455479 -0.787002 1.254 1.4174 -2.69736 -2.23726 -2.23726 
-0.319329 -0.319329 -0.177003 0.379289 0.965514 0.644492 0.109187 0.267056 -0.586351 0.354641 0.890243 -1.26912 -1.72325 -0.508656 0.126996 0.65586 0.997474 0.547258 0.365752 0.485923 0.334345 -0.112842 -0.99843 -1.31137 0.745923 1.83332 -0.678535 -1.14415 1.08618 1.94626 1.26235 -1.43539 -1.70715 -1.70715 
0.0468232 0.0468232 0.858541 0.441098 -0.832386 -0.619266 0.149092 0.920436 0.310114 -0.751294 -0.370288 0.0906283 -0.0974352 -0.937567 -0.885194 -1.44603 -2.66361 -0.726424 2.11092 1.70904 -0.292023 0.137655 0.585018 -0.872437 -0.991194 0.129268 1.35985 1.44884 0.778099 -0.908592 -1.05055 0.978532 0.671759 0.671759 
-0.535862 -0.535862 -0.0620677 1.20588 0.822042 -0.37014 -0.622476 0.205351 1.1204 1.23109 -0.541241 -1.17742 0.510144 1.59311 0.837319 -0.74827 -0.928452 -0.539376 -1.22752 0.0783879 1.94988 1.03201 0.990486 0.669015 -0.0962247 0.712536 0.327032 0.0432031 0.109863 -0.191157 0.0320796 -1.95597 -1.96889 -1.96889 
0.476883 0.476883 -0.373927 -1.26714 -0.742372 0.634328 1.31701 -0.285484 -1.10826 -1.43985 -0.995223 1.02952 0.893835 0.323973 1.99675 1.83136 -0.311747 -0.584465 0.677687 0.0793468 -1.63769 -1.07935 0.509869 1.20802 0.686217 0.359961 1.24945 1.06695 -0.593126 -1.29077 -0.999797 -1.03269 -0.538076 -0.538076 
0.394503 0.394503 0.16697 -0.243703 1.06192 0.143757 -1.59804 0.0621741 1.0626 0.723562 -0.0694701 -1.47456 -1.63297 -0.86542 -0.324133 1.08475 2.84812 1.50984 -1.42536 -0.988728 0.386178 0.292942 0.191025 -0.751039 0.0288875 1.08534 -0.534108 -1.20436 -0.115467 0.723466 -1.06882 -0.964904 0.550274 0.550274 
-0.755922 -0.755922 -0.33656 0.494534 -0.539009 -0.029495 0.494411 -0.137821 -0.262821 1.0784 2.59945 1.79628 0.505455 -1.47654 -2.83817 -1.39775 -0.181271 0.493411 1.33129 0.497067 -0.0390553 0.216247 -0.131908 -0.110734 0.192149 0.909925 0.269327 -1.31363 -0.762814 0.928284 -0.102623 -0.874341 0.12008 0.12008 
-0.294145 -0.294145 0.363973 0.96617 0.0693364 -0.477017 -0.141111 0.0114916 0.053812 -0.0339931 -1.12027 0.294731 2.43918 1.9289 0.921094 -1.2008 -2.08414 -0.603778 -0.496187 0.340268 0.810025 0.115781 0.427799 -0.611823 -0.240868 0.980168 -0.523357 -1.3398 0.987713 2.03497 -0.173706 -1.58198 -0.764147 -0.764147 
