50
0.482619 0.421698 0.63264 0.72215 0.777769 0.80166 0.819127 0.788663 0.818791 0.800924 0.8269 0.828513 0.877552 0.881362 0.885131 0.948866 0.908892 0.938214 0.963735 0.864319 0.795917 0.677676 0.653888 0.606351 0.542474 0.468483 0.432023 0.460821 0.385189 0.295999 0.130459 0.0272235 -0.0093345 -0.220629 -0.345777 -0.515883 -0.584998 -0.836438 -1.02088 -1.32175 -1.39423 -1.42514 -1.34403 -1.49797 -1.52965 -1.52446 -1.63479 -1.90662 -2.03706 -2.31637 
0.804253 2.04453 1.1015 0.507063 -0.0475945 0.394423 0.458902 0.414566 0.172048 -0.0419096 0.199114 -0.0780262 0.385736 0.541165 0.594612 0.306498 0.104318 -0.547165 -0.926808 -0.52459 -1.2302 -0.886837 -0.122302 -0.998984 -0.460479 -0.286083 -0.023138 0.0894281 0.0747569 -0.827493 -0.888352 -0.147659 0.0167221 -0.357332 -0.0239215 0.460477 0.328137 1.26793 1.80548 1.7578 0.787162 1.14264 -0.695684 -0.903702 0.720123 -0.230202 -0.423139 0.13945 -1.46549 -4.48174 
0.148511 -0.615891 -1.0592 -0.775221 -0.760677 -0.913553 -1.00597 -0.882569 -0.891871 -0.767777 -1.00571 -0.660491 -0.85095 -0.874926 -0.962448 -0.851962 -1.07921 -0.851745 -1.41192 -1.30094 -0.545981 -0.431402 -0.214259 0.622729 0.165889 0.460565 0.602429 0.098398 -0.0572593 -0.51861 -0.518136 -0.651269 -0.213394 -0.198627 -0.306366 0.122305 0.307966 0.824439 0.949578 1.22675 1.53241 2.13765 1.69452 1.55672 2.14911 1.10947 1.40787 2.03686 1.08052 0.94368 
0.83742 1.46983 1.47922 1.50644 1.42949 1.20063 1.31791 1.33989 1.47827 1.42849 1.31526 1.04278 0.631938 0.467671 0.242271 0.150806 0.208484 -0.00649518 -0.0471948 -0.107737 -0.0489727 0.022626 0.119177 0.314098 0.185342 0.202503 -0.0317656 -0.306375 -0.0601567 -0.344386 -0.276345 0.28357 0.205405 -0.0940692 0.0439052 -0.473898 -0.473976 -0.404195 -0.732986 -1.31682 -0.805412 -1.37111 -0.359742 -0.845998 -1.64742 -1.83167 -2.14026 -2.15306 -1.71095 -1.33244 
0.613378 -0.0777959 0.234214 0.0891317 -0.0909035 -0.0678065 -0.0160607 0.0217216 -0.0048132 -0.186604 -0.00827938 -0.204415 -0.158469 -0.417385 -0.402328 -0.383823 -0.627508 -0.488731 -0.529683 -0.568414 -0.579764 -0.950824 -0.816826 -1.15585 -0.980851 -1.06507 -0.802939 -0.779194 -1.0089 -0.67713 -0.776889 -0.761832 -0.698919 -0.833917 -0.537207 -0.461502 -0.493385 -0.179605 0.703433 0.983631 0.687252 0.616239 1.07134 0.832259 0.829525 1.23661 0.947092 1.99361 3.13427 3.79992 
-1.08334 -1.06737 -0.993235 -1.17153 -1.07521 -0.950436 -0.595688 -0.600974 -0.655626 -0.622987 -0.437898 -0.314861 -0.197505 -0.533102 -0.554256 -0.321276 -0.321939 -0.35107 -0.424002 -0.426389 -0.542701 -0.705607 -0.437374 -0.543567 -0.598558 -0.671992 -0.5449 -0.277883 -0.267136 -0.474527 -0.452297 -0.203599 -0.00792319 -0.156117 0.124903 0.191122 -0.0213217 0.237978 0.517645 0.44776 0.98602 0.621624 0.973027 1.19254 1.29954 2.16169 1.78695 2.23235 2.56382 3.26725 
0.42129 0.750297 0.626371 0.854696 0.8737 1.10219 0.858777 0.858347 0.904713 0.881124 0.832304 0.864131 0.943313 1.1866 0.821293 0.621568 0.647947 0.781733 0.705979 0.852446 0.712346 0.696745 0.606473 0.749011 0.515291 0.600191 0.354418 -0.000591818 -0.127813 -0.11967 0.0964992 -0.210541 -0.0849795 -0.0664713 -0.193459 -0.328828 -0.270068 -0.352324 -0.544301 -1.71506 -1.50068 -1.70199 -1.07727 -1.63035 -1.81662 -1.77516 -1.45441 -1.96585 -2.14704 -1.63632 
-0.225232 0.369035 0.230022 -0.276358 -0.315426 -0.671106 -0.758873 -0.794304 -0.727482 -0.826912 -0.890346 -0.704923 -1.27425 -1.41662 -1.08585 -0.785811 -1.01883 -1.29842 -1.13719 -1.26389 -0.95665 -0.99065 -0.810212 -0.722397 -0.377051 0.00368367 -0.126351 -0.37737 -0.240931 -0.0416403 0.0640011 0.285104 0.199703 -0.136274 0.535779 0.462077 0.213095 0.503217 0.604059 0.84366 1.30216 1.82806 0.315124 1.28322 2.00205 1.70468 1.55331 2.03338 1.86913 2.04679 
-1.9986 -2.19103 -1.54949 -0.989472 -0.790637 -0.996388 -1.33332 -1.20961 -0.981587 -1.07018 -0.750398 -1.4163 -0.68465 0.252754 0.5992 0.518709 0.7474 1.06039 0.897491 0.858582 1.40463 1.26769 0.53391 0.624916 0.957299 0.803835 1.07982 0.434222 1.64951 1.42514 1.58347 1.48275 0.372973 -0.104057 0.536317 0.050444 -0.215431 -0.39756 -1.17985 -0.892405 -0.0995113 0.227046 -0.599647 -0.629472 -0.408571 0.475561 0.42988 0.755193 -1.08493 0.543946 
0.0726558 -0.14653 0.256576 0.0609569 -0.0438089 -0.114279 0.420057 -0.123334 -0.38781 -0.854328 -0.887261 -1.12749 -0.842601 -1.10771 -1.2003 -0.920038 -0.8474 -0.782712 -0.60027 -0.701895 -1.38698 -1.88254 -1.22831 -1.67483 -0.764525 -0.305705 -0.679228 0.396653 0.02378 0.418084 0.54319 0.289951 0.453135 0.812142 1.09385 1.44603 1.18913 1.27676 2.26768 1.7408 1.73915 2.13281 0.850739 1.21675 -0.15774 -0.614504 0.71493 -0.772233 -0.258446 0.996999 
-0.95935 -1.10477 -1.84098 -2.01087 -1.69348 -1.62417 -1.14216 -0.798817 -0.712392 -0.614625 -0.371883 -0.0224809 0.407716 0.227982 0.267093 0.46046 0.616207 0.978998 0.815859 0.917625 0.910065 1.0928 1.05765 1.35579 0.844375 1.03897 1.75703 1.25346 1.13433 0.825327 0.646655 0.58169 1.26282 0.771688 0.976896 0.438215 0.0330403 -0.207225 -1.82463 -0.45709 -1.05585 -1.43598 -0.708508 -0.289034 -0.268165 -0.653047 -0.89117 0.722141 0.240064 -0.948274 
0.113558 0.721116 0.616584 1.04547 0.681453 1.35251 0.969267 0.966447 0.660658 0.82541 0.603696 0.707694 -0.154834 -0.488551 -1.68626 -2.41859 -2.0357 -1.81554 -0.906506 -0.579581 -0.640237 -0.787244 -0.0238492 0.277159 -0.474386 0.501152 0.423635 0.247495 -0.771487 -1.0722 0.476464 0.497238 0.490342 -0.00578634 0.264286 -0.212917 -0.285688 0.585789 -0.52399 -1.09207 -1.51468 0.0979512 -0.648063 -1.00828 -0.913499 0.429718 0.827233 1.89822 1.25317 2.52623 
-0.775801 0.0560546 0.389331 -0.0973913 -0.24545 -0.831902 -1.06701 -0.942737 -0.249229 -0.0942114 0.0487307 -0.078458 -0.376607 -0.2283 0.60562 0.862 0.709509 0.231576 0.71652 1.2258 1.18473 1.62125 0.902549 1.7341 1.78507 1.59692 1.26714 0.329118 1.14313 1.38418 0.928087 0.805997 0.397551 -0.0738892 0.034428 -1.12163 -0.861152 -1.52925 0.286687 -0.77717 -0.407476 -1.21864 -0.508087 -0.66414 -1.11177 -1.18113 -2.66811 -1.1259 -1.66929 -0.341358 
1.44594 1.44594 2.28134 1.41877 1.05436 0.842495 0.540637 0.610947 0.680903 0.657845 0.766025 0.894105 0.906308 0.654906 0.987688 0.744765 0.553662 0.917384 0.202449 -0.319145 -0.423686 -0.175929 0.216715 -0.00590915 -0.152817 -0.000562088 0.57026 0.352722 -0.302505 -0.801796 -0.8798 -0.163515 -0.763609 -1.25558 -1.02684 -0.715676 -1.16735 -1.80783 -2.08232 -1.46054 0.0386336 0.891607 0.208399 -0.418 0.465695 0.0289112 -1.50948 -1.62113 -1.6627 -1.6627 
0.473602 0.473602 -1.07903 -0.750368 0.126735 0.650683 0.239103 -0.0206946 -0.164238 0.244961 0.191493 0.379987 0.746051 0.39882 0.0234679 -0.192857 -0.50036 -0.65054 0.241161 -0.0346907 -0.084497 1.15962 0.127152 -0.064128 0.825354 0.59216 0.539835 0.304901 -0.553893 -0.59298 0.79737 0.987981 0.0446199 0.187662 0.914133 0.519988 0.905368 1.47227 0.636616 -0.6397 -0.298531 -1.03281 -1.50967 1.42019 0.79201 -0.745435 0.534877 -0.660035 -3.68866 -3.68866 
-2.15158 -2.15158 -0.289729 0.523386 -0.25244 -0.442401 0.0482516 0.195865 0.197089 -0.208947 0.18376 0.268073 -0.387593 -0.204784 0.0340105 -0.214139 -0.00638866 -0.597638 -0.804513 1.53107 1.53746 0.582339 1.86528 0.668338 -0.294763 0.768487 -0.649951 -1.17833 -1.10253 -0.825253 -0.242364 0.534424 0.797083 -0.171884 0.563176 1.08423 1.24016 1.13268 0.707702 1.02829 1.61091 0.281115 -1.03846 0.80054 -0.801057 -1.32314 1.6402 -0.588134 -1.94816 -1.94816 
1.6244 1.6244 0.258214 0.0632861 -0.514822 -0.0763301 0.489934 0.537556 0.375561 -0.192447 -0.695178 -1.36703 -1.12274 -0.70411 -0.539763 0.0992766 -0.179551 -0.401637 -0.053001 0.171537 0.469842 0.555143 0.83354 0.324916 -0.0763717 -0.314564 -0.973227 0.111458 0.0897403 -0.312488 1.59314 1.26309 -0.676959 -0.18903 -0.681903 -0.993552 0.332904 -0.409156 -1.88466 0.0120512 0.0529727 1.18164 1.36099 -2.73135 -2.04956 -0.937011 -0.549983 1.1447 2.02808 2.02808 
-0.952919 -0.952919 0.0185231 -0.856778 -0.557602 -0.145287 -0.119163 -0.258417 -0.649015 -0.284591 -0.31011 -0.545598 -0.657277 -0.712225 -0.218722 -0.678998 -0.465045 -0.104404 -0.420172 -0.367514 -0.958696 -0.700134 -0.643143 -0.570211 -0.11694 0.0380631 0.230122 -0.644807 -0.0968626 0.134299 -0.429102 -0.139725 -0.406657 0.00924623 0.384065 -0.20047 0.223042 1.8506 1.79086 -0.307208 -0.931979 0.404821 0.105853 -0.708581 0.44087 -0.0692849 1.06822 3.61235 2.93481 2.93481 
-0.28441 -0.28441 -0.884777 -0.816243 0.120391 0.91908 0.51712 -0.748123 -0.630918 0.109997 0.389369 0.180042 -1.23736 -1.66542 0.091757 0.155083 -0.654964 -0.87831 -0.795659 -0.929722 -1.4258 -0.237376 -0.0621049 -1.06102 -0.95978 -0.39706 0.655096 0.295539 -1.17061 -1.13512 0.27441 0.81044 -0.416144 -0.152391 0.510248 -1.01479 -0.41808 1.10278 0.0854402 0.884614 -0.0255649 -0.603041 1.2015 0.446185 2.43226 0.943451 -0.344524 1.83802 2.63545 2.63545 
0.85496 0.85496 0.561661 0.97803 0.978505 0.214065 -0.452793 0.391355 0.323889 0.0466028 0.208035 0.580918 1.19693 -0.0979184 -1.38847 -0.247435 0.724114 0.42659 0.463534 0.276084 -0.196035 -0.0508807 0.409793 -0.00808454 -0.17599 -0.211099 -1.4926 -1.14725 -0.0893493 0.91098 -0.00717756 -0.271127 0.677227 -0.0584729 -0.506732 0.0343674 0.189091 -0.54133 -3.71225 -2.52847 0.29561 1.49097 0.466244 -1.89627 -0.164309 1.3127 -0.297948 -1.76017 1.21748 1.21748 
0.774802 0.774802 -1.52729 -1.31825 -1.00305 -1.1049 -0.435077 -0.111743 -0.245601 -0.51804 0.0777516 -0.980366 -1.66597 0.216654 1.14199 -0.0372201 -1.24957 -0.424949 -0.105172 0.200209 0.394105 0.128889 0.383675 0.728593 1.34126 0.346961 -0.974402 -0.417052 0.524807 0.460392 0.506013 0.106432 -1.05874 0.525532 1.0741 -0.852318 -0.0913515 0.640335 0.534665 1.28273 1.88156 -2.24186 -1.31698 3.35095 0.704123 -1.11598 0.510105 0.483166 -0.149362 -0.149362 
0.522661 0.522661 1.58163 0.958577 -0.119128 -0.873136 -0.409469 0.385615 0.0868338 0.215971 -0.596516 -0.0168636 2.23956 1.69744 0.2649 0.0991769 0.652946 0.101836 -0.393413 0.604336 0.466374 -1.33481 -1.01401 0.486465 0.142409 0.0630379 -0.629571 0.692357 1.28518 -0.202325 -0.0283147 -1.813 -2.3426 0.120489 0.108043 -1.16737 -0.739895 -1.46668 -0.805817 1.41103 1.46607 -0.813262 -1.31482 0.159517 1.44578 1.0706 0.284148 -2.24127 -0.406694 -0.406694 
0.181622 0.181622 0.214904 -0.502319 -0.325582 0.576966 -0.0908992 -1.21899 -1.11043 -0.783443 -0.463876 -0.0150428 -0.0501713 -0.583264 0.186916 0.420263 0.115822 0.270889 0.0360193 -1.18911 -1.74544 0.145965 0.215221 0.576845 1.85539 0.0423459 0.913767 0.914685 -0.0478462 0.655406 -0.259063 -0.205289 0.659333 0.826712 0.81707 0.0564456 -0.317159 1.44503 0.577223 -0.824506 0.475484 -1.33274 -1.37179 -1.5023 -2.66423 1.15428 -0.300858 -1.45273 2.42042 2.42042 
-1.19432 -1.19432 -1.22839 0.2387 0.571767 0.800995 1.18258 0.631747 0.28979 0.507454 0.857844 1.11887 0.382069 -0.1625 0.357027 0.519436 0.755351 0.311317 -0.0521483 0.164489 0.277236 0.23881 0.399508 -0.263658 -0.407836 1.30414 0.331973 -0.833765 -0.562844 -0.645753 -0.305943 0.891291 0.297876 -0.364823 -0.431034 -1.28096 -0.865434 -2.55341 -0.314614 1.10381 -1.32974 0.516964 1.63037 0.646468 -0.47356 -0.834194 1.9482 1.6085 -2.29266 -2.29266 
0.473229 0.473229 0.272632 -0.0186898 0.253192 0.231611 -0.524944 -0.43799 -0.249858 -0.155469 -0.223677 -0.943114 -1.43453 -1.81084 -2.25836 -0.483831 0.585523 1.17622 1.29609 0.207422 -0.324659 0.600498 1.10348 -0.597332 0.159959 0.916687 -0.376296 -1.43327 -1.57313 1.30955 1.67048 -0.0759363 -0.65626 -0.345308 -0.324062 -0.70897 0.805187 -0.359058 -1.97524 -1.20376 1.24451 0.881433 -1.33347 -0.38952 1.52291 1.86279 1.55716 0.386675 0.613555 0.613555 
1.59193 1.59193 -0.230259 -0.895433 -1.03325 -1.15355 -0.171373 1.11191 1.1544 0.393552 0.00356273 -0.605996 -0.225279 1.33916 1.48851 0.125361 -0.889411 -0.00851932 1.35575 0.628826 0.528277 -0.40816 0.137732 1.20138 -0.20777 -0.733958 -1.77023 -0.189575 1.43981 -0.315382 -0.817213 -0.751374 -1.23415 -0.520019 -1.46612 -1.25584 -0.581502 1.56803 1.02111 -0.977496 -0.628291 -0.157244 0.748076 -0.852451 -0.732649 -2.16897 0.0581191 1.3621 1.06597 1.06597 
1.16962 1.16962 0.100743 -1.38603 -0.57969 -0.502183 -0.152517 0.308225 0.192526 0.239891 0.427178 0.308247 -0.161997 0.235255 0.245762 -0.403422 0.348316 -0.300802 -1.39786 -0.641477 0.311881 0.927978 0.345095 -0.323502 0.141037 1.03043 0.57219 -0.947093 -1.29623 -0.580956 0.925352 0.278391 -1.21884 -0.19178 0.803444 -0.0397021 -1.21895 -0.999392 0.564759 2.76264 3.04913 0.344779 -1.48842 0.453245 0.68821 -2.31317 -1.91027 -0.0554525 0.0828991 0.0828991 
-0.997079 -0.997079 -0.743931 1.12753 1.27794 0.285358 -0.318307 -0.111857 0.403425 0.472804 0.302809 0.625946 0.213314 -0.357748 -0.25692 -0.20466 -0.153713 0.769951 0.673154 -0.0520237 1.11871 0.361827 -0.743762 0.736585 0.704301 -0.021107 -0.022447 -0.643615 -0.492767 1.23959 1.41651 -0.380983 -0.417622 0.868534 0.454776 0.192058 0.932283 -0.00819326 -1.42789 -0.52147 -0.103978 -0.734048 2.08819 1.97163 -1.46922 0.000756992 0.264586 -3.05429 -2.13393 -2.13393 
1.4407 1.4407 2.0761 0.0149374 -0.768897 0.220769 0.48456 0.102105 -0.330533 -0.0246163 0.358557 -0.460674 -0.383706 0.315254 -0.0215113 -0.04577 -0.313878 -0.63788 1.64924 1.81589 -0.755569 0.241964 0.0530016 -1.70212 0.0640583 -0.291756 -1.5355 -0.36786 0.261701 0.65796 1.04829 0.798055 -0.566132 -0.196983 0.967366 0.514815 0.0236557 -0.430279 -0.0957696 0.691595 -0.598068 -2.0845 0.391694 0.171316 -1.67371 1.89347 0.560158 -2.81826 -1.07697 -1.07697 
-1.02071 -1.02071 -1.16566 -0.579652 -0.108645 0.742305 0.451655 -0.0898744 -0.547653 -0.801023 -0.878239 -0.322759 0.488115 0.428671 0.592567 0.263025 -0.377303 0.0892755 0.421382 0.383956 0.280421 0.265617 -0.176022 -0.681433 -0.480341 -0.671724 0.311961 0.78559 -0.320071 1.1131 1.16676 -1.69286 -1.08461 -0.00850267 -0.603065 0.749778 0.429727 -1.6538 0.30838 1.43599 0.86487 0.967805 -2.9145 -2.54089 1.32944 1.11025 1.54312 1.91221 0.652048 0.652048 
0.829731 0.829731 -0.066831 -0.755427 0.563466 0.283782 -0.281185 -0.708029 -0.192117 0.181829 -0.432655 -0.520907 -0.335982 0.2839 -0.131274 -0.417614 0.423243 -0.119345 -0.434808 -0.716912 -0.506008 0.157911 -0.032228 0.373676 0.457741 0.190185 -0.864765 -0.500235 0.632724 -0.505617 -0.445988 -0.142317 -0.0127175 0.644621 -0.380118 -0.330242 1.93558 1.44059 -2.37553 -2.95428 0.564018 0.897734 -1.30575 0.177847 0.489517 0.477278 3.60576 1.74663 -0.859303 -0.859303 
-0.578913 -0.578913 -0.523894 0.710037 1.29622 0.221572 -1.43539 -1.01859 0.591985 0.722175 -0.0406953 -1.40289 -1.57849 0.970105 1.3646 -0.696409 -0.926554 -0.20988 -0.138203 -0.60282 0.458899 0.997873 -0.758165 -0.817597 0.436111 1.19952 0.459102 -1.56263 -1.24549 1.06316 1.465 -0.651317 -0.869906 0.646795 -0.789277 -0.842206 1.60309 0.307306 -0.272074 -0.186045 -1.29124 0.888184 0.745408 0.891147 0.302286 -2.32618 0.621248 2.29544 0.543257 0.543257 
-0.218353 -0.218353 0.033151 0.210603 -0.502654 -0.905751 0.0659022 0.42796 -0.249433 -0.111169 0.28156 0.556147 -0.451234 -1.60288 -0.131502 1.2349 0.365951 -0.198589 -0.1321 -0.439595 -0.238689 0.324757 -0.0153376 -0.395025 -0.163817 -0.836475 -0.606661 0.806433 1.20207 0.00844691 -0.75523 0.37222 0.0872638 -0.756348 0.0148911 0.379117 -0.388933 -2.39776 -1.2415 2.37973 2.38672 0.0618822 -2.08722 -0.422069 1.89716 -0.121911 -1.89733 0.874191 1.75744 1.75744 
-1.28482 -1.28482 -1.1631 0.360975 0.179936 0.386435 0.634027 0.166037 -0.180887 0.243994 -0.213513 -0.959678 0.752737 1.6908 -0.0921301 -1.33692 -0.170075 0.722092 0.419737 0.346435 0.014173 0.0496299 0.404915 0.61331 -0.166525 -1.29272 -0.389188 0.928704 0.566645 0.0447592 -0.150411 -0.855467 0.299748 1.29768 -0.74663 -0.62295 0.924886 0.420237 0.429776 0.840011 -1.99669 -1.80683 3.31244 1.23261 -2.54543 -0.0572751 0.986899 -0.32831 -0.312623 -0.312623 
0.652731 0.652731 0.261036 -1.08223 -1.16455 -0.19554 0.778327 0.298999 -0.119662 -0.442613 -0.159387 1.76995 1.06472 -1.25442 -1.01779 0.230942 -0.0113395 -0.670826 0.302895 0.52751 -1.23209 -0.943686 1.13197 0.713996 -0.279207 -0.498332 0.382623 1.19073 -0.575471 -0.838766 -1.02559 -1.46793 1.20251 1.52763 -0.82265 -0.546084 -0.201178 -0.0544549 1.79612 1.41526 -1.41136 -1.76127 0.598545 1.72249 0.559762 -0.743295 -2.09509 -0.447323 1.14033 1.14033 
-0.0945205 -0.0945205 -0.598932 -0.498042 0.641117 0.0471214 -1.381 -0.834949 0.188388 0.336786 0.422477 0.173025 -0.517548 0.0488124 0.587838 -0.167926 -0.22298 -0.174051 -1.14472 -1.3708 0.821009 1.26097 0.185104 1.03558 -0.493832 -0.780154 0.495575 -0.794215 -0.300274 -0.266472 -0.72324 0.527967 0.607863 -0.0069934 -0.659643 -0.915613 0.858643 0.511078 -1.71406 -0.189478 -0.475359 -1.41709 -0.237177 -1.02688 1.75041 1.54419 -1.9514 1.79591 2.606 2.606 
0.0571506 0.0571506 1.00382 1.24073 0.441969 0.473277 -0.0300759 -0.496959 -0.00106739 0.445686 0.473664 -0.22787 -0.747697 0.0629761 0.519171 0.336164 -0.0551588 -0.441923 -0.0156087 0.291678 0.127093 0.158034 -0.245094 -0.441822 1.09079 0.556514 -1.3004 -0.498266 0.200454 0.244907 1.07095 0.468763 -0.731402 -0.391211 -0.512026 -0.201171 -0.741938 0.434565 2.43904 -0.575899 -0.299538 1.98922 0.1627 -1.27848 -0.876296 1.64183 1.65534 -2.65738 -2.43818 -2.43818 
-0.137508 -0.137508 -0.331278 -0.0170136 0.162402 -0.521654 -0.449463 0.178888 0.183834 0.0133312 -0.527979 -0.809475 -0.581244 -0.552047 0.878566 1.8875 1.10009 0.468546 -0.648473 -1.08211 0.257368 0.945834 -0.80081 -0.63166 1.00295 -0.360769 -1.56714 -0.800144 1.82028 2.15337 -0.925629 -1.55169 -0.183254 0.216875 -0.245969 0.747027 0.228658 -1.85346 -0.565931 2.13751 1.38287 -1.71881 -0.849447 1.89582 1.49402 0.0186958 -0.98591 -0.631713 0.146824 0.146824 
-1.16076 -1.16076 -1.59976 -0.488113 -0.128504 0.610668 1.537 0.916827 -0.432255 -0.717682 -0.617835 -0.109185 1.32561 1.17291 -0.75924 -1.52754 -0.0465124 1.52361 0.46248 -0.504269 -0.642543 -0.215906 1.10411 -0.186179 -1.23544 -0.989345 0.401127 2.16041 -0.0411843 -1.44774 -0.2459 -0.233326 0.194535 -0.111248 -0.44378 0.625674 1.90554 1.09954 -1.63815 -1.04673 0.583194 0.950219 -0.416976 -0.935402 -0.827031 0.563736 2.37228 0.707007 -0.153591 -0.153591 
