18
0.915037 0.900754 0.834356 0.872182 0.961451 1.02469 0.995726 0.834843 0.43965 0.106876 -0.0697717 -0.359 -0.642202 -1.02745 -1.26095 -1.56042 -1.44887 -1.51692 
0.814808 0.808308 0.764133 0.849248 0.907284 0.632517 0.428508 0.19078 0.265846 0.717834 0.338065 0.670903 -0.0751454 -0.739033 -1.08065 -1.87295 -1.77429 -1.84616 
1.5614 1.53271 1.76135 1.18802 0.549177 -0.0839375 0.0241959 0.633318 -0.28333 -0.0572227 -1.20989 -0.278477 -0.749548 -0.980666 -0.362912 -1.14742 -1.35968 -0.737097 
0.533356 0.270533 0.0362419 0.109825 0.473367 1.13617 0.645028 0.789705 0.900562 1.2127 0.861595 0.459497 -0.974658 -2.31335 -0.623749 -1.29234 -1.15844 -1.06603 
-0.679073 -0.897379 -0.622626 -0.693273 -0.64936 -0.965807 -0.788479 -0.949414 -0.67847 -0.150865 -0.0275811 -0.0380464 -0.0740358 0.551718 1.62001 1.92483 1.52235 1.59549 
-0.374143 -0.583463 -1.00504 -1.0914 -0.755365 -0.932405 -1.02632 -0.89175 -0.588459 -0.133564 0.0166709 0.0952433 0.181719 0.760993 1.49427 1.73167 1.59265 1.50869 
0.127331 0.922303 1.06721 1.20906 0.68827 0.406213 1.0187 1.14188 1.08446 0.218315 -0.376712 -0.335245 -0.963271 -1.71888 -1.22427 -1.02284 -0.864306 -1.37822 
2.25971 -0.373591 -1.35126 -0.510565 0.697001 -1.2242 -1.71686 -0.59989 -0.36199 0.000620018 0.740462 0.64072 0.16077 0.872755 1.33135 -0.496619 -0.522437 0.454029 
-0.937601 -1.39647 -1.21895 -1.29458 -1.06791 -0.353098 -0.347268 -0.298444 -0.126523 -0.107973 0.0852656 0.234185 1.26337 2.15557 0.736337 0.591528 0.775471 1.30708 
1.28151 0.414627 -0.361004 -1.48204 -0.330327 0.674694 0.53226 1.95993 0.390828 0.14956 -0.0166307 0.665621 0.358196 0.829974 -0.929845 -1.08828 -1.66073 -1.38834 
0.709601 0.182158 -0.0531132 -0.682146 0.684226 0.886697 0.213836 -0.0389168 -2.16151 -2.05073 -0.423612 0.491153 -0.459486 0.27023 1.97733 0.979275 -0.0339618 -0.491037 
-1.31516 -1.18905 -0.789981 -0.558353 -0.778098 -0.620209 0.36363 0.458367 0.0289986 -0.32596 -0.515323 -0.58798 2.4766 1.71841 1.21964 0.399725 -0.2534 0.268137 
1.06104 0.453421 0.6493 0.8949 1.15976 1.22969 1.32782 0.037465 -1.47069 -0.407059 -0.95146 -1.07099 0.503969 0.250557 -1.00433 0.157039 -1.65106 -1.16938 
0.610274 0.610274 0.780307 1.28825 1.37118 0.98538 0.254057 -0.940949 -1.50183 -0.788714 -0.646623 -0.994313 -1.30761 -1.14543 -0.865561 0.26035 1.01548 1.01548 
0.486398 0.486398 0.670564 0.876031 0.152589 -0.37418 -0.299725 0.261279 1.64776 0.733441 0.493925 -0.242379 -2.24602 -1.43303 -1.69115 -0.806109 0.642104 0.642104 
0.729224 0.729224 -0.144755 -1.53681 -1.63274 -0.434074 1.55933 -0.0851256 -0.699747 -1.07849 0.0533143 1.14707 -0.718438 1.02879 0.140773 -1.19114 1.0668 1.0668 
-0.337064 -0.337064 0.0242507 0.666352 1.2992 0.38123 -0.175263 0.471314 0.651173 0.155007 -0.612113 -1.77536 -2.7813 0.573751 1.29346 -0.377429 0.439927 0.439927 
-0.333384 -0.333384 -0.0731795 -0.479964 -0.913114 -0.67801 -0.403966 -0.238997 0.974344 0.714139 -0.234045 -0.514717 0.606425 2.55239 1.98684 -0.604945 -1.01322 -1.01322 
-1.48048 -1.48048 -1.25544 0.131072 -0.0348906 -0.821734 -0.251463 0.475458 1.06169 0.78158 0.0928736 -0.0238117 0.89252 2.07623 1.45057 -0.145817 -0.733943 -0.733943 
1.46842 1.46842 0.5888 -0.307762 -0.878683 0.647624 1.19339 0.291147 -1.04127 -1.76531 -0.542943 -0.587385 -1.66088 -0.148919 1.14001 0.687394 -0.276033 -0.276033 
-1.98533 -1.98533 0.070668 1.36395 -0.270616 -1.27685 0.521217 0.953581 0.50713 0.804193 0.53056 -0.191344 0.289057 0.84451 -0.658698 -0.945384 0.714351 0.714351 
-0.741989 -0.741989 -0.225759 -0.15956 0.905186 0.607712 -0.28939 -0.0656604 -0.106441 -0.0777258 0.0978851 1.22393 2.22514 -1.07294 -2.46981 -0.310297 0.600853 0.600853 
-1.08084 -1.08084 -1.29698 0.342051 2.15007 1.04951 1.40894 0.195688 -1.22359 -0.0305428 0.754825 0.634718 0.45573 -0.779396 -1.31533 -0.305583 0.0607852 0.0607852 
-0.368352 -0.368352 -0.435181 0.618431 1.16542 -0.176052 -0.475513 -1.42919 -1.19005 1.27663 1.80552 0.109787 -0.0119443 1.7364 0.599818 -1.18971 -0.833832 -0.833832 
0.306875 0.306875 0.395989 -0.126615 -0.188889 0.827568 0.774235 -0.419256 -0.799035 -0.596344 -0.357933 2.3901 1.81116 -1.19818 -1.25032 -1.38067 -0.24778 -0.24778 
-0.0700817 -0.0700817 0.734185 0.799209 0.633618 0.476452 -0.80579 -2.31991 -0.100985 0.807472 -0.307804 1.68996 1.56376 -1.10372 0.229883 -0.291598 -0.932282 -0.932282 
0.0737423 0.0737423 0.58259 0.495334 -0.400002 -1.2157 -2.02634 -1.8556 0.0559129 0.760135 -0.302555 -0.758756 -0.24798 0.346246 1.31168 1.78779 0.659878 0.659878 
0.0593434 0.0593434 0.219403 -0.487632 -1.05805 -0.436481 0.410904 1.43299 0.283695 -0.982975 -0.844297 -2.21857 -1.01165 0.348125 0.404251 1.7335 1.04405 1.04405 
-0.581522 -0.581522 -1.40056 -0.942784 0.581503 1.81079 0.138003 -1.39646 -0.651762 0.375768 1.24213 -0.521376 -0.136894 0.438222 -1.37343 0.477533 1.26118 1.26118 
0.135491 0.135491 0.55076 0.726371 -0.282581 -1.05177 -0.0399229 0.436301 -0.30275 -0.915193 -1.34662 -1.50107 1.42107 2.53711 -0.713343 -0.650194 0.430428 0.430428 
0.22908 0.22908 -0.0418357 -0.503606 -0.0761121 0.394875 0.348166 0.973731 0.690568 -0.748994 -0.762625 0.615533 2.09846 0.975136 -2.04698 -1.94224 -0.216121 -0.216121 
0.131403 0.131403 1.25422 0.937582 -0.822437 -0.226221 0.999652 1.01258 0.197065 -0.835401 -0.703058 0.59673 1.64981 0.401082 -1.85029 -1.8199 -0.527112 -0.527112 
-0.404768 -0.404768 -1.02681 -0.812626 0.868369 1.64313 -0.041806 -1.3449 -1.22126 0.551259 1.02277 -0.570112 0.509728 2.14879 0.785756 -0.776939 -0.462911 -0.462911 
0.993107 0.993107 1.82194 -0.543258 -2.01696 0.182931 1.1049 -0.333565 -0.420277 -0.309521 -0.962553 -0.479311 0.339319 -0.931931 -1.47164 0.555419 0.739149 0.739149 
0.169536 0.169536 0.208542 0.531743 0.317457 -0.838517 -0.53141 -0.0268415 -0.14175 -0.0142462 0.632333 1.1188 -1.48802 -2.90104 0.314732 1.67468 0.402234 0.402234 
-0.246979 -0.246979 0.905222 2.32816 0.402293 -0.616034 -0.695258 -1.94565 -0.254073 1.29575 0.372626 -0.305295 -1.08913 -1.34005 0.238042 0.872342 0.162511 0.162511 
-0.0194219 -0.0194219 0.637151 1.01966 -0.47287 -1.00035 -0.758687 -0.423049 1.70839 1.88895 -0.70491 -1.11035 1.03587 0.403451 -1.80122 -0.871175 0.243991 0.243991 
0.0503042 0.0503042 -0.266995 -0.358911 0.575532 0.58096 -0.760812 -0.959013 -0.111321 0.264014 1.80942 1.31317 -2.18243 -1.86258 -0.114603 0.60489 0.684036 0.684036 
0.588727 0.588727 0.631692 -0.00915465 -0.15597 -0.893812 -1.79044 0.523006 2.12376 -0.0793624 0.640413 1.29396 -1.78867 -0.824081 0.593919 -0.71062 -0.366045 -0.366045 
