37
0.310585 0.165841 0.190939 0.191035 0.215675 0.192608 0.278374 0.310324 0.321375 0.350325 0.381451 0.399104 0.5046 0.572309 0.661174 0.762084 0.802534 0.797206 0.84018 0.933232 1.01984 0.948037 0.896604 0.752678 0.641639 0.477063 0.272705 -0.0538964 -0.492109 -0.662271 -0.944696 -1.48207 -1.63607 -1.94929 -2.12327 -2.2871 -2.55876 
-0.0140463 0.242577 0.318362 0.448084 0.293093 0.347553 0.286656 0.167352 0.0171151 -0.0815916 -0.0247439 -0.0956262 0.0645876 0.0823067 -0.0394723 -0.219078 -0.104631 0.135684 0.185742 0.0711272 0.0473747 0.394404 0.627624 0.984134 1.36186 1.25667 1.37041 1.0394 0.750525 0.488242 0.367311 -0.149574 -0.791371 -1.65869 -2.08291 -2.86187 -3.2246 
0.274802 0.190247 0.315179 0.289774 0.619568 0.81474 0.651214 0.810986 0.74106 1.03677 0.802227 1.09005 0.631634 0.578946 0.623808 0.508242 0.225811 0.0152077 -0.343536 -0.738741 -1.23007 -1.59996 -1.69872 -1.9712 -2.21056 -1.86742 -1.60394 -1.11833 -0.801549 -0.105424 0.16144 0.712316 1.0003 0.737195 1.21619 0.639175 0.602543 
0.5993 0.937002 0.840954 0.773794 0.927124 0.900704 0.88828 0.96368 0.882525 0.949645 0.922324 0.962451 0.902064 0.813741 0.730733 0.678104 0.518205 0.59131 0.592334 0.520605 0.483814 0.29545 0.10031 -0.299656 -0.707293 -1.34138 -1.50616 -1.66312 -1.82498 -1.82322 -1.41158 -1.13581 -0.951633 -1.12355 -0.784697 -1.12878 -1.07259 
-0.598494 -0.896824 -0.855243 -0.716278 -0.624743 -0.810222 -0.786671 -0.795152 -0.734079 -0.938273 -0.861872 -0.929048 -0.892621 -1.03507 -1.11496 -1.14113 -0.941899 -0.877324 -0.771249 -0.513721 -0.283033 0.110045 0.268802 0.637788 1.03059 1.06402 0.856579 0.792302 1.17316 1.21709 1.39253 1.51506 1.71535 1.3008 1.44466 1.40555 1.19358 
-0.718763 -0.762517 -0.683087 -0.661958 -0.677746 -0.640481 -0.584237 -0.590991 -0.709812 -0.648625 -0.635657 -0.756119 -0.594752 -0.665285 -0.620852 -0.681269 -0.836738 -0.910462 -0.961221 -0.98974 -0.814062 -0.695906 -0.483351 -0.1834 0.163121 0.494167 0.910259 1.14565 1.29335 1.61848 1.42814 1.44524 1.60075 2.02175 1.65855 1.57706 1.15051 
0.029419 0.0267044 0.164595 0.119522 -0.302733 0.0158133 0.134163 0.260935 0.400547 0.586647 0.519511 0.659565 0.524308 0.729259 0.854725 1.05592 1.44804 1.79889 1.72867 1.52518 1.15588 1.02931 0.545593 0.0975834 -0.384276 -0.984861 -1.14912 -1.29002 -1.19767 -1.135 -1.43442 -1.52322 -1.49307 -0.975975 -1.1246 -1.20363 -1.21219 
0.339177 0.139168 0.306815 -0.240072 -0.109198 -0.0653514 -0.894381 -0.586762 -0.983438 -0.134045 -0.727704 -0.334445 -0.765066 -0.0419261 0.438893 0.0944198 -0.244367 -0.0146928 0.865446 1.18545 1.83476 1.82443 2.16955 1.3808 0.23135 -0.812329 -0.913096 -1.07318 -1.72809 -1.43836 -1.88918 -1.34596 0.708916 0.909674 0.257114 0.230294 1.4254 
0.816931 1.17309 0.287368 0.0778758 0.736165 0.0213202 0.112405 -0.0223881 0.344418 -0.0041722 0.504114 0.967163 1.54851 0.321716 -0.652993 -0.189994 -0.152425 -0.101166 -0.97359 -0.952845 -1.72011 -2.38564 -1.72902 -1.05031 -0.449461 -0.303957 0.0320741 -0.749023 -0.478996 -1.0366 -0.197869 -0.704285 0.26379 1.46116 1.70702 1.22027 2.25945 
0.798116 0.529153 1.06963 1.25593 1.22932 1.28287 1.14604 0.997774 1.07156 0.730872 0.734245 0.989615 0.962418 0.883167 1.16962 0.619531 0.399353 0.0430888 -0.296189 -0.734155 -1.33585 -1.50171 -2.10942 -1.98304 -1.30413 -0.830474 -0.7561 -0.19662 -0.126538 -0.600688 -0.925455 -1.06705 -0.491371 0.144227 -0.241369 -1.02572 -0.530657 
-1.54613 -1.23059 -1.19827 -1.34666 -1.41023 -1.22906 -0.794179 -1.02941 -1.00922 -0.657862 -0.33004 -0.857253 -0.348797 -0.427739 -0.200611 -0.160317 -0.192408 0.0499677 0.907704 1.47677 2.29978 2.15388 1.11741 0.240802 -0.814142 -0.441152 0.353116 0.660664 0.205749 0.714042 1.3545 0.84986 0.877569 0.559027 0.992218 0.0791325 0.331876 
0.406795 0.483342 0.466917 0.163579 -0.407871 -0.278637 -0.598456 -0.575733 -0.547969 -0.140215 -0.938453 -1.26657 -1.48229 -1.12963 -0.934294 -1.23421 -0.726825 -0.559734 -0.564832 -0.722168 -0.0355868 1.03565 1.75335 2.48986 2.8856 1.51623 0.533466 -0.0755251 -0.627583 0.0739072 -0.142819 0.302931 0.613821 0.831201 0.563626 -0.930398 -0.200477 
-0.179961 -0.222795 -0.401362 -0.649067 -0.443761 -0.343519 -0.524981 -0.0190792 -0.190898 -0.276788 0.376145 0.894496 1.18525 1.09986 0.810403 1.18598 0.999057 0.920106 0.820515 0.502279 0.418382 0.558649 1.12462 1.29815 1.2593 0.987935 0.636306 0.016284 -0.981773 -0.666152 -1.5257 -0.936731 -0.859914 -0.414319 -1.86179 -2.6784 -1.91673 
0.132025 0.132025 0.619801 0.618263 0.540257 0.746108 0.931387 0.679772 0.66967 0.737275 0.699231 0.949686 1.11826 1.06225 1.17406 1.01102 0.653237 0.661738 0.993053 1.14001 0.584815 0.119925 -0.122955 -0.323691 -0.393233 -0.707502 -1.25316 -2.04071 -1.51387 -0.989224 -2.22587 -1.7934 -1.03852 -1.10577 -0.602667 -0.931654 -0.931654 
0.929444 0.929444 0.704763 0.296169 0.162919 0.329513 0.0218591 -0.136316 -0.0998485 0.266797 0.316061 0.499072 0.655942 0.15667 -0.192697 0.225545 0.96902 0.85502 0.226611 0.0959271 0.913277 1.36825 1.38504 1.64089 0.823435 0.356052 -0.0437644 -0.756615 -0.634927 -0.337577 -0.788355 -1.71055 -2.33101 -1.94578 -1.78934 -1.68047 -1.68047 
0.0665037 0.0665037 0.179282 0.569882 0.990444 0.0498557 -0.0176379 0.160823 0.420012 0.106144 0.0911009 -0.335743 -0.984976 -0.0254018 -0.14529 -0.769323 -0.950523 -1.09602 -1.448 -1.70079 -1.65252 -0.904028 -0.718304 -0.986391 0.187381 1.14613 1.41778 1.5194 1.92077 1.8256 1.54866 1.58894 0.0369541 0.401141 -0.19737 -1.18049 -1.18049 
1.01419 1.01419 -0.179707 0.555686 0.675824 0.187031 0.487289 0.284607 0.260191 0.418943 0.339342 0.241834 -0.136953 -0.203662 -0.0984043 -0.325146 0.0456321 0.520176 0.0930763 -0.0184354 -0.362384 -0.829338 -1.45333 -2.07997 -2.77037 -2.0542 -0.647216 -0.63861 -0.170541 1.52065 2.3287 1.65793 0.337728 0.793855 0.286157 -0.547392 -0.547392 
-1.19888 -1.19888 0.283411 0.45274 -0.64702 -0.877467 -0.277499 -0.150314 -0.813716 -0.761757 -0.297312 -0.432814 -0.687959 -1.08225 -0.688095 0.258054 0.565633 0.249869 0.903916 1.32631 1.78579 1.54196 1.4603 2.25364 1.1162 -0.918431 -1.24961 0.744538 1.1113 0.415011 0.681462 0.765668 -1.05487 -1.24616 0.0264941 -1.17963 -1.17963 
-0.205033 -0.205033 -0.00133783 -0.30027 -0.249614 -0.0234729 -0.161667 -0.711268 -0.497971 -0.0842323 -0.654505 -0.18862 -0.0318705 -0.398976 -0.367218 -0.994793 -1.03657 -0.70784 -0.565923 0.144956 0.60543 0.721205 1.29193 1.71251 1.81013 2.02854 1.72824 0.885635 1.16738 0.106124 -0.860919 0.22488 1.49289 -0.135574 -1.71312 -1.91201 -1.91201 
0.451627 0.451627 0.35631 -0.904169 -0.0859282 1.13058 0.699035 0.746881 0.880386 0.415145 0.311529 0.158239 0.304275 0.890972 0.882519 1.48257 1.81932 0.778931 -0.468471 -1.14148 -0.968393 -1.22587 -1.94919 -1.94501 -2.28835 -1.57366 -0.539253 0.0381995 0.496297 -0.385318 -0.726156 0.0154572 1.37889 0.976605 -0.364835 -0.0496538 -0.0496538 
-0.0979445 -0.0979445 -0.456018 -0.493979 0.115821 -0.875063 -0.602778 -0.15647 0.402789 0.19945 -0.271406 -0.103107 0.237421 1.17828 0.0762078 -0.769851 -0.177173 1.08109 1.17434 0.936061 0.595062 0.281052 -0.522484 -2.06529 -2.32845 -1.24592 -0.333814 -0.905834 -0.441496 -0.230835 0.0308395 2.61742 2.2639 -0.530923 -0.765845 1.14145 1.14145 
-0.661196 -0.661196 -1.31684 0.472814 -0.112937 -0.770379 -0.0980453 0.221541 -0.0262695 0.13772 1.07848 1.16317 -0.795516 -2.59913 -0.640502 0.53282 0.0555762 -0.999188 -1.03456 -0.912667 -1.70812 -0.0577132 1.50038 1.43574 0.817713 0.51076 -0.563256 -0.63976 -0.380715 0.278468 0.337805 0.487721 2.46257 1.62546 -0.326595 0.592925 0.592925 
0.585516 0.585516 1.34729 0.398428 0.176299 -0.00814452 -0.345831 0.00658401 -0.315383 -0.433199 0.564154 0.513002 -0.0469027 0.477916 -0.309918 -1.15764 -0.833323 -1.03261 -1.16932 -1.60841 -1.1531 -1.16317 -0.67418 1.47867 2.05975 1.0482 1.19181 1.18463 -0.544898 -1.20558 -0.649125 0.857544 2.15798 0.549527 -1.8264 -0.35284 -0.35284 
0.34732 0.34732 -0.249122 -0.372411 0.0512823 0.692104 0.15677 -0.376363 0.377761 0.773258 -0.356246 -0.12402 0.452286 0.090606 0.243897 -0.0893596 0.170441 1.31442 1.73442 1.68977 0.7706 -1.61998 -2.55939 -2.58314 -0.976637 1.40074 1.31661 -0.289363 -0.0312813 1.37695 0.074705 -0.71306 -0.473804 0.0474891 -0.716866 -0.948853 -0.948853 
0.147655 0.147655 -0.271659 -0.884292 -0.406822 -0.129073 -0.24664 0.13702 0.562014 -0.34972 -1.16197 -0.518995 0.232446 0.686171 -0.0341375 0.310295 0.825771 0.260099 -0.0980016 0.665469 2.02156 2.05591 1.68644 1.33106 -0.993397 -2.51498 -1.67567 -1.20026 0.246235 0.616371 0.334087 0.916466 0.664392 0.0258884 -1.86315 -0.762119 -0.762119 
-0.15123 -0.15123 -0.459133 0.117793 0.640726 0.0594474 0.669118 0.683611 -0.205798 1.03373 1.94185 1.39753 0.490158 -0.381847 0.310949 0.465045 -0.218073 -0.0868169 -0.446441 -0.422854 0.266234 1.24293 1.29291 0.383919 -0.284706 -0.754785 -1.27879 -2.25031 -0.844124 -0.635962 -0.225141 1.18213 0.966653 -1.32422 -3.22119 0.0989537 0.0989537 
0.973126 0.973126 0.970359 -0.0473792 0.325676 0.799278 -0.0236201 -0.375076 0.199142 0.14888 0.477795 0.849462 0.298188 0.196085 0.00354196 -0.841165 -0.532582 0.706971 0.956029 -0.638639 -1.73924 -1.17745 -0.702278 -0.390475 -0.594703 -1.45114 -2.30249 -0.373268 1.98714 -1.18506 -1.35085 2.23153 1.33263 0.879724 0.408901 -0.496082 -0.496082 
-0.12034 -0.12034 -0.731342 -0.594618 0.265504 0.00470597 -0.480947 0.0336445 0.818451 0.837585 0.562982 0.723894 -0.296378 -1.05339 0.318638 1.95285 1.15695 -0.894538 -0.919487 1.24247 2.11825 0.921101 0.623345 -0.624162 -1.70568 -1.08115 -1.44822 -0.668368 0.842263 -0.0137901 -1.83748 -2.0912 -0.136108 1.02564 0.612384 0.378439 0.378439 
0.251523 0.251523 0.733813 1.11384 -0.529824 -1.13244 0.249288 0.652655 0.0447585 -0.293846 -0.433342 -1.2164 0.495462 1.14906 -0.806275 -0.881979 -0.291117 -0.501975 -0.634449 -0.140257 1.09606 1.26578 0.0105755 1.23056 2.74537 1.63149 0.573163 0.733332 0.490351 -0.34718 -0.179944 -1.75429 -1.35434 -0.177057 -1.84063 -1.10163 -1.10163 
-1.05828 -1.05828 -0.320387 0.998124 -0.230231 -0.0494963 0.237588 -0.0881915 0.274474 0.2191 -0.0380323 -0.338237 -0.307332 0.17836 0.0177815 0.284207 0.98788 0.187286 -0.400765 -0.317331 -0.673984 -0.954983 -1.11521 -1.18184 0.165541 2.27006 1.56009 0.617978 2.3063 2.64743 0.277425 -1.85807 -0.727338 0.0879326 -1.20613 -0.696707 -0.696707 
1.20572 1.20572 1.34425 -0.768151 -1.09521 0.295351 0.587933 -0.445641 -0.507184 0.415517 0.262154 -0.326549 -0.53827 -0.00706866 1.08956 1.01873 -0.0136538 0.269795 0.87369 0.714509 0.169469 -0.273245 0.575274 -0.288468 -2.60206 -1.94244 1.35353 1.92452 -0.276546 -0.35861 0.279918 -1.42746 -1.65285 0.877713 0.0474656 -0.9937 -0.9937 
0.311882 0.311882 -0.0032663 -0.164607 0.38895 0.189855 -0.627968 -0.25741 0.758188 -0.0678885 -0.0129133 0.753548 -0.124629 -0.256401 -0.531 -0.608523 0.399656 0.593313 0.996194 1.33203 0.704646 0.820882 1.14221 0.64344 0.430314 0.0108096 -1.10777 -0.494148 -0.724659 -2.04119 0.222336 2.57863 -0.282871 -3.28278 -1.77566 -0.112542 -0.112542 
-0.0710822 -0.0710822 -1.2792 -0.403592 1.9705 0.77263 -0.347484 0.194093 -0.297681 -0.524951 -0.225958 0.0133225 0.722569 0.574499 0.587301 0.918162 -0.654137 -2.17248 -1.82036 -0.45888 -0.0606112 -0.919781 -0.66899 -0.304791 0.376205 1.69671 1.56517 1.01281 -0.385649 -1.1514 0.404402 2.03787 0.941495 -1.65101 -0.963351 0.322364 0.322364 
-0.328531 -0.328531 -0.35524 0.325741 -0.344721 -0.582191 0.428995 0.630906 0.173824 -0.550949 -0.28947 0.281407 0.824967 -0.190023 -1.44727 -0.254871 1.2257 0.874308 -0.178638 -0.484167 -0.537451 -0.862884 -1.72745 -1.34725 0.499899 1.3268 0.162685 -0.152359 0.398323 0.255732 1.92739 1.49455 -2.29172 -2.20828 1.10006 1.26535 1.26535 
-0.503565 -0.503565 0.730007 0.778185 -0.908549 -0.0413779 0.632068 -0.00216863 -0.109418 0.709841 0.655176 -1.34335 -2.64491 0.0552057 2.10714 0.42815 -1.10762 -0.803048 0.00799517 -0.515915 0.53766 2.15991 0.977766 -0.522189 -0.689214 -1.00352 -0.844672 0.0741794 0.581274 0.443619 0.0925915 1.41291 0.732575 -1.97415 -0.763345 0.582163 0.582163 
0.553104 0.553104 -0.14472 -0.868314 -0.306136 -0.391121 0.00370375 0.015264 -0.330561 0.639715 0.688742 -0.456521 -0.0329315 -0.200559 -1.20998 -0.392059 0.0848285 -0.254229 -0.430592 0.0047968 0.320319 0.345087 1.93577 2.0035 -0.323712 -0.645442 0.0932053 -1.28436 -1.76497 -0.0837807 1.51017 2.05732 -0.233655 -2.93738 -0.670761 1.07658 1.07658 
-0.354543 -0.354543 -0.441274 0.276365 0.813897 0.139247 -0.6866 0.2205 0.873766 -0.451316 -0.566173 0.633819 0.216022 -0.0815578 -0.0615626 0.013364 1.05256 1.16526 0.32909 -0.612983 -2.26329 -2.27752 -0.612517 1.17847 2.8676 1.67828 -1.12391 -0.883166 1.23725 0.139597 -1.40523 -0.320823 0.600065 -0.105949 -0.635862 -0.0981577 -0.0981577 
-0.301014 -0.301014 -0.775612 -0.0808855 0.608882 0.147915 0.229962 0.650277 -0.353248 -1.31173 -0.107312 1.10406 0.95745 -0.182696 -0.267363 0.689984 -0.0150626 -0.691812 0.337858 1.66582 1.10098 -0.235784 -0.537706 -2.05221 -2.95565 -0.504727 1.04231 1.5127 1.43115 0.0918815 0.256303 0.279706 -0.666096 -1.93423 -0.586636 0.876774 0.876774 
-0.267212 -0.267212 0.115477 0.666591 -0.101675 -0.0441399 0.351051 -0.643327 0.16927 1.36162 0.178342 -1.02592 -1.24328 -0.181847 0.498792 -0.413886 -0.429037 -0.214455 -0.285875 0.409762 1.04198 0.61805 -0.632776 -1.10945 -0.818304 -0.722373 -1.05499 0.225351 1.00786 0.347614 1.14302 0.727574 -1.7255 -2.84087 0.881051 2.13936 2.13936 
