63
-0.0843805 0.0254173 0.133522 0.274377 0.312793 0.329496 0.233725 0.309963 0.387339 0.339477 0.356552 0.372411 0.470255 0.529086 0.65388 0.768904 0.764023 0.726646 0.792581 0.938244 0.929953 1.0027 1.13192 1.26762 1.34669 1.25792 1.21438 1.28521 1.24683 1.1612 1.20491 1.02508 0.928121 0.704189 0.522297 0.540329 0.0692673 0.182743 -0.114334 0.0353843 -0.297084 -0.0241133 -0.271933 0.206979 -0.597334 -0.0364037 -0.975469 -1.1487 -0.90727 -1.31701 -1.51547 -1.19416 -1.86902 -1.68795 -1.09038 -1.77643 -1.34738 -1.15 -1.12211 -2.10188 -1.63034 -1.8202 -1.90308 
1.51132 1.68716 1.82637 1.62602 1.85263 1.77465 2.29748 1.99879 1.70606 1.49524 1.36749 1.40704 1.12191 0.947266 0.625148 0.0549943 -0.06306 -0.00913584 -0.101171 -0.341104 -0.394978 -0.382799 -0.484424 -0.560998 -0.523754 -0.314867 -0.349438 -0.589525 -0.937753 -1.16061 -1.08521 -0.83497 -0.88938 -0.916349 -0.865183 -1.70644 -0.101832 -0.12852 0.537346 -0.133152 0.110468 -0.944823 -0.448174 -1.45224 -0.222006 -1.02567 -0.807275 0.00864295 -0.0225543 0.102262 -0.0480467 0.336706 -0.670848 -0.29105 0.49118 -0.485973 -0.520986 -0.362472 -1.01998 -1.09267 -0.0842704 -1.13363 -1.37886 
-0.199038 -0.125288 -0.900362 -0.611717 -1.59318 -1.61433 -1.90515 -1.82 -1.50853 -0.726434 -0.909648 -1.0264 -1.02683 -1.05115 -1.1169 -1.04658 -0.958453 -0.768233 -0.802912 -1.09293 -0.22423 -0.429702 0.0679234 0.279922 0.125098 0.349415 1.29331 1.02067 1.20925 1.49033 1.41939 1.49608 0.584996 0.0916314 -1.00216 0.0429245 0.547564 0.0826162 0.74171 -0.117616 -0.0902161 -1.02095 0.254995 -0.499721 -0.235152 0.638854 1.03381 0.581855 0.540647 1.09194 1.10797 0.509113 0.811964 0.178192 -0.84273 0.354369 0.518406 0.413517 -0.16139 2.6354 2.60253 0.771629 0.539898 
0.904817 0.748855 1.28705 0.752918 0.729094 0.703797 0.624051 0.786391 1.19423 1.36574 1.51037 1.11639 1.04534 0.767796 0.687202 0.756631 0.954599 0.992093 0.829075 0.987268 0.749918 0.673769 0.694225 0.360145 0.0469504 -0.268302 -0.53687 -0.398625 0.00344661 0.359401 0.238278 0.450944 0.268845 0.269633 0.291756 0.733344 0.80917 0.503945 0.0327045 0.418613 0.13264 0.246469 -0.171588 -0.445179 -0.475197 0.52101 -0.538868 -1.42442 -1.71923 -1.65035 -1.46454 -1.92172 -1.99427 -2.29935 -1.30599 -1.75439 -1.51439 -1.15917 -1.29373 -1.07728 -0.799189 -0.755387 -1.58088 
1.95927 1.91494 1.70751 1.91622 1.65958 1.36132 0.915046 0.708836 0.634565 0.68299 0.693904 0.80591 0.51706 0.412547 0.451474 0.362227 0.473771 0.321509 0.405236 -0.0916319 -0.0473286 -0.113067 -0.374221 -0.674797 -0.430446 -0.587949 -0.654443 -0.94536 -1.12546 -1.32664 -1.7852 -2.20421 -2.05761 -1.87489 -1.51683 -0.583531 -0.780929 -0.403095 -0.365113 -0.927793 -0.753853 -0.98668 -0.401839 -1.61517 -0.149751 -0.638828 -0.806604 -0.039951 -0.774795 0.304853 0.28097 0.103884 0.498879 0.889459 -0.137339 0.483837 0.512422 0.423477 -0.285054 1.74774 0.940978 0.9318 0.438196 
1.11862 0.93803 0.864828 1.22592 1.34288 0.765184 0.209668 0.123741 -0.123469 -0.737101 -0.42487 -0.422903 0.658531 1.31054 1.63568 1.60081 1.33969 1.10975 1.41451 1.66751 1.78902 1.62838 0.951335 0.30438 -0.0847541 -0.165189 -0.0820976 -0.00795646 -0.48962 -0.496021 0.234719 0.177664 0.0730696 0.14187 -0.22941 -0.0719896 -0.999396 -1.05132 -0.721448 -1.08669 -0.246081 -0.508675 -0.432386 -1.22204 0.295656 -0.459427 -1.0797 -0.125486 -1.67507 -1.28615 -2.6871 -2.70344 -0.597439 1.00792 -0.178163 -0.324071 0.100722 -0.388441 -0.92134 0.445081 -0.48928 -0.553338 -1.40383 
-1.26394 -1.20427 -1.02315 -1.25194 -1.10292 -0.697923 -0.249716 0.263498 -0.151962 -0.476788 -1.04344 -0.396257 -0.129839 -0.392336 -0.11257 0.0933655 0.0979736 0.430465 0.478476 0.692177 0.636759 0.336887 0.213373 0.30283 0.0321203 -1.16125 -2.0273 -2.0504 -2.45682 -2.36682 -1.72471 -1.58677 -0.942648 0.0349694 0.668249 0.327656 0.383058 0.854693 1.43387 2.11054 0.955308 1.17825 0.620502 0.708339 0.352482 0.560426 0.536449 0.458275 0.236744 1.60489 1.48012 1.52971 -0.020025 0.668462 1.1732 0.895045 0.92484 0.357109 -0.246668 0.244773 0.666046 -0.0501999 -0.411257 
1.51116 1.23013 1.24819 1.3039 0.717202 0.672952 0.623708 0.0850934 -0.105674 -0.351712 -0.361959 -0.388167 -0.151059 0.396675 0.464365 0.415214 0.423774 1.13515 0.958232 1.08337 1.21812 1.3123 1.95612 1.63768 1.23809 1.3289 0.774928 0.893344 0.889779 -0.512123 -0.591809 -1.60843 -0.855104 -0.0159224 -0.603109 -1.27165 -1.32574 -1.94267 -1.29479 -0.621861 -1.47211 -1.69186 -2.06165 -1.70774 -1.13407 0.240898 -0.156437 -0.241188 -0.115174 0.142353 0.292513 1.07903 -0.110716 1.07294 -0.556373 -1.10362 -0.355289 -0.324975 -0.33841 -1.09461 -0.581231 -0.608869 -0.689992 
1.23037 1.03205 0.713369 -0.144993 -0.140835 -0.474544 -0.82544 -0.630443 -0.177815 0.354095 0.469311 0.23568 0.00831175 0.00483946 0.101596 0.378542 0.848343 0.484402 0.362526 0.387977 0.781449 0.927011 0.262481 -0.0487498 0.0304642 0.259428 0.641031 0.571287 0.8136 1.02193 0.302972 1.20501 0.377598 0.917355 1.10926 1.97426 1.04271 1.81255 0.426656 0.693911 1.09359 0.635641 0.539187 0.118787 0.143084 0.389406 -0.172955 -0.341864 -0.531919 -1.00771 -1.33886 -1.64898 -1.42112 -0.724004 -0.774403 -1.62956 -0.788137 -1.72234 -2.08782 -1.87782 -2.66332 -1.33097 -2.19749 
-1.16747 -1.32029 -1.49249 -1.2986 -1.05013 -0.948951 -0.833651 -0.719548 -0.529855 -0.538973 -0.303163 -0.444489 -0.614989 -0.803507 -0.777975 -0.901321 -1.01349 -1.24412 -1.41009 -1.32957 -1.31638 -1.43901 -1.42916 -0.844296 -0.550654 -0.371896 0.107296 0.159683 0.278984 0.35332 0.073841 -0.601066 -0.675331 -0.629743 -0.549584 -0.146202 0.0261756 -0.0111893 -0.027401 0.117515 0.777087 1.08815 0.670863 0.616796 1.33012 0.655666 2.15941 1.44441 1.43616 1.62081 1.27751 1.11144 1.63321 1.26708 0.897571 1.40251 0.539678 0.629499 0.996535 1.09763 1.06091 1.16526 1.33948 
-2.29543 -2.22382 -1.06355 -0.610778 0.0705624 0.374599 0.487391 0.820551 1.19799 1.75354 1.76285 1.38669 1.12905 0.681901 0.377386 0.167314 0.0565218 -0.670094 -0.514868 -0.474406 -1.64194 -1.27954 -1.04555 -0.952997 -0.610394 0.412256 1.06062 1.11565 1.10933 2.14847 1.97228 1.16462 1.04832 0.345396 -0.800269 -0.588861 0.0513863 -0.598305 -1.07892 0.0738639 -0.15962 -0.592599 -0.861596 -0.758145 -0.139745 -1.78944 0.266509 0.487441 0.342549 0.961103 0.319984 0.503134 0.90535 -0.559768 -1.00877 0.76249 -0.519508 -1.14 -1.2182 -0.0847103 -0.44348 0.382629 0.0255503 
-1.05651 -1.05981 -1.29625 -1.1931 -1.35195 -0.928698 0.189494 0.338458 0.00238966 -0.446118 -0.578148 -0.388791 -0.299045 -0.30092 -0.593848 -1.34179 -2.11119 -1.88006 -1.762 -2.23074 -1.86169 -1.33623 -0.928871 -0.291921 -0.401974 -0.0479163 0.490281 0.34805 0.91776 0.915223 1.73976 1.29497 0.98294 1.75191 0.593638 -0.372239 0.0132659 0.834654 1.10959 2.334 1.60853 0.963731 -0.0159499 -0.209395 1.09273 0.139287 1.16245 0.130991 -0.0879802 0.399524 0.370125 0.220241 0.366653 -0.0956515 0.449456 0.531982 0.047236 1.41142 0.359649 0.278168 0.394503 0.35616 0.329556 
0.456178 0.655784 0.873454 0.315935 -0.36689 -0.0742771 -0.147992 -0.357666 -0.6151 -1.14254 -1.53825 -1.22437 -1.10382 -0.963218 -1.01072 -1.04782 -0.88954 -0.949619 -1.39687 -0.908096 -0.927776 -0.629248 -0.453912 -1.00875 -0.864633 -1.04017 -1.69097 -1.61685 -1.47185 -1.14547 -0.499664 0.303554 0.193206 0.0372869 -0.0717114 -0.883357 -0.871021 -0.420688 0.411068 0.420075 0.36633 0.233568 0.504694 0.359495 1.16125 1.14455 1.58448 0.794102 1.11144 0.881613 0.675878 0.429407 1.42937 0.422196 0.909594 1.39355 1.37655 0.986873 0.864908 1.99236 1.97069 1.47849 1.59492 
0.880904 0.880904 0.979694 0.758023 0.363107 -0.0637272 0.125651 0.676411 0.281659 0.089851 0.292541 0.549456 0.686146 0.771873 0.950616 0.538133 0.0533634 0.278623 0.86085 0.624746 0.392822 0.830213 1.03045 0.87095 0.156925 -0.233103 0.274594 0.291015 -0.206679 0.0544356 -0.245208 -0.692655 -0.832942 -1.1031 -0.333439 -1.25326 -0.949663 -0.396235 -0.280951 -0.393528 -0.00147478 0.267786 0.922859 -0.847284 -0.586392 -1.01503 -3.3503 0.404715 -0.347613 -1.74683 0.578564 -0.936821 -1.38291 2.66454 -0.0936594 -0.629722 2.18039 0.904355 -2.84006 -1.42886 1.08377 -0.679745 -0.679745 
0.749271 0.749271 0.080143 0.235606 0.45326 0.980161 0.587586 -0.863078 -0.706789 -0.413308 0.032018 -0.247925 -0.628904 -0.694698 -1.3982 -1.03523 0.0748276 0.121108 -0.401579 -0.3337 0.114734 0.0297976 -0.128069 0.11894 0.626691 0.498953 -0.29964 -0.857544 -0.826905 -0.0733818 0.768123 0.537216 0.0441478 0.231936 -1.21644 1.54668 2.99556 1.32581 0.180658 -0.570394 -1.25483 -0.804766 -0.713647 0.591184 0.947643 -0.852126 2.02863 1.58469 0.355418 0.143553 0.605905 -0.918885 -0.9277 2.25581 -0.157815 -1.61145 0.408569 -0.698663 -1.10992 1.85325 0.116047 -2.1138 -2.1138 
-0.745751 -0.745751 -0.511256 -0.736467 -1.07452 -0.32089 -0.204882 0.452336 1.21284 0.673046 -0.307785 -0.108327 -0.00747411 -0.0787517 0.0245327 0.192442 0.323274 0.189267 -0.334775 0.651002 0.743262 0.33834 0.793888 0.0819288 0.0953707 1.2943 0.752018 -0.0721893 0.532034 0.248853 0.025821 -0.890962 -1.51301 -1.71237 -0.0336097 1.71061 0.0628516 0.231393 -0.198956 -0.888265 -0.966183 0.396237 0.588306 -0.515313 1.26196 1.40424 -0.0426576 -0.518605 0.576152 0.638612 -0.61645 -0.303469 -0.341564 -1.78608 0.211785 1.50482 0.0840833 -0.722259 2.44408 3.03556 -2.01422 -2.23123 -2.23123 
0.904909 0.904909 0.14765 -0.977752 0.0411536 -0.0708262 0.304903 1.28125 1.29962 0.772563 -0.359791 -0.791684 -0.558518 -0.57762 0.117159 0.674955 0.611006 -0.111836 0.129854 -0.0189909 -0.488243 0.0279922 -0.488492 -1.1566 -1.1189 -1.02954 -0.121446 1.22146 1.6574 0.609745 0.32282 0.200722 -0.223545 0.185392 1.06806 1.17559 -0.31984 -1.4153 -0.0313546 0.339628 -0.205192 -0.469678 -1.24545 -0.468439 2.07423 0.012018 -3.75605 -2.22406 -0.312888 0.649496 -0.403877 -0.921227 -0.616671 1.51775 1.23075 -0.277793 1.3314 0.581365 0.303491 1.12979 0.784081 -1.42576 -1.42576 
-0.373838 -0.373838 0.0990727 0.00708591 -0.940416 -1.29482 -1.12278 -0.427529 0.048368 0.207575 0.326405 -0.233839 -0.6385 -0.0259036 0.00262723 0.138344 0.0205739 -0.0314147 -0.675465 -0.749145 0.0566114 -0.51427 -0.953169 -0.00840942 0.258987 -0.321964 -0.571308 -0.783632 -0.615911 -1.13635 -1.54347 -0.412443 0.712166 1.10737 2.51015 1.47203 0.433898 0.873811 -0.883958 -0.629861 -0.013384 0.754567 -1.07795 0.567812 1.92141 -1.13095 1.21594 0.156122 0.741093 2.06984 -0.278927 0.503934 1.56487 -1.09238 -0.661412 1.31104 -0.0161373 -1.39377 2.57165 2.38806 -1.42828 -0.842998 -0.842998 
-0.191699 -0.191699 0.413661 0.626185 -0.422975 -1.17452 -0.624931 -0.280377 -0.870125 -0.24491 0.443066 1.30271 2.02917 1.18396 0.416325 -0.238865 -0.45687 0.175547 0.715269 0.510467 0.0481961 -0.844246 -1.38774 -1.06598 -0.43285 0.0948961 0.267646 -0.363508 -0.453519 0.901427 0.844818 -0.0887272 0.051925 -0.246116 -0.147076 -0.768586 -1.00254 0.402554 0.0523955 0.623184 0.737901 -0.116282 -0.705311 0.905567 0.944204 -1.44514 0.465131 -0.573436 -1.2052 -1.03909 -1.49199 2.42727 4.23964 0.560498 -1.39667 0.403601 0.0199901 -1.0503 1.02345 0.574785 -1.02388 -0.930144 -0.930144 
0.288575 0.288575 -0.0860322 -0.127711 0.695338 1.08386 1.22439 0.102822 -0.985468 -1.18181 0.0804557 1.16229 -0.0190292 -0.0016959 0.606616 0.249293 0.41364 0.470004 0.315741 0.181427 -0.485507 -0.573938 -0.0683501 -0.2595 -1.92539 -2.69852 -1.17879 -0.581908 -0.435031 0.926613 0.988865 0.991475 2.0819 2.06781 0.355965 -0.394475 0.660295 1.34048 1.60674 -0.645595 -1.23481 -0.458907 -0.634352 -0.372176 -0.216203 0.21478 -0.156777 -0.413324 1.4649 1.59055 -0.121761 -1.97224 -1.14255 1.52541 0.270123 -0.346641 -0.722695 -1.54546 -0.170003 1.16114 -0.407178 -1.42312 -1.42312 
-0.26501 -0.26501 0.197525 -0.633177 -0.770476 -0.0322305 -0.711287 -0.905683 -0.503801 -0.255839 0.0461177 0.385883 1.17425 0.941535 0.121658 0.040437 1.08509 0.830321 0.0250727 0.453172 0.410643 1.10991 0.543138 -0.890091 -0.327947 -0.54001 -0.502082 0.25395 -1.83435 -1.93891 -1.40969 -0.265469 2.28365 0.442332 -1.62867 -0.896413 -0.825519 0.138708 1.91045 -0.14737 -1.37356 -0.713607 0.0743828 1.37032 2.77283 1.43906 -0.565998 0.152871 0.623022 0.656189 1.38281 -0.457681 0.0878226 -0.515959 -2.89351 0.3724 1.16573 0.119378 -0.96098 -0.237347 0.763409 -0.0532001 -0.0532001 
-0.739565 -0.739565 -1.89013 -1.32737 -0.412816 -1.03173 -0.110114 1.29056 1.87786 1.28969 -0.0447725 -0.641952 -0.240748 0.324255 0.813069 1.46335 0.346176 -0.685214 -0.00644083 0.891896 1.10127 -0.743001 -1.53927 -0.242798 0.698848 1.22596 0.705266 0.462459 0.947193 -0.728462 0.480787 0.291731 -0.339793 1.43706 2.00401 0.045625 -0.120251 -0.912231 -1.78832 1.32421 0.0600703 -0.804763 -0.739315 -0.528827 0.633377 -0.389262 -1.11308 -0.464088 -0.99903 -1.24498 -0.956194 0.0182479 1.77403 1.28898 -1.41689 0.137703 -7.71092e-005 -2.10391 -0.109389 -0.841551 1.1149 0.973666 0.973666 
-0.926579 -0.926579 -0.130465 0.835464 0.622588 0.316806 0.346478 0.517292 0.23436 0.340251 0.0366805 -0.896267 -1.00463 -0.554509 -0.404863 -0.721048 -0.967391 -1.09092 -0.376471 0.0349003 -0.431548 -0.439237 1.18528 1.83692 0.904433 1.33049 1.04032 0.213954 0.264351 -0.651307 -2.37168 -1.90048 -0.246115 0.108465 0.930015 1.14176 0.129742 -0.303288 0.115256 1.66696 2.04846 -0.424175 -1.26257 1.33349 -0.0910177 1.7239 1.63081 -1.84096 0.224776 -0.544559 -1.34986 0.636471 0.177115 -1.86939 0.130687 -1.00204 -1.95521 0.868743 0.894638 -0.0324563 -0.0249822 0.459377 0.459377 
1.20885 1.20885 1.61783 1.10396 0.944373 0.334349 0.365598 0.649549 0.888166 0.493182 -0.506497 -0.792922 -0.869095 -0.919386 -0.665013 -0.457158 -1.01138 -0.725959 0.0970761 -1.32217 -0.97675 0.527007 0.237474 0.354011 1.35196 1.68003 0.641823 -0.0606277 0.995275 0.813017 -1.16851 -1.10426 -0.99187 -2.09632 -1.1153 0.800896 -0.12302 -1.32565 0.608317 0.873475 -0.827968 -0.866071 -0.290509 0.661623 -1.21941 0.323003 2.33009 -0.0313002 0.395329 -0.137097 -0.604265 0.515181 -1.25333 -2.16664 1.30583 0.412069 -2.15416 -0.862543 1.01939 0.718344 0.388544 0.390359 0.390359 
-0.35945 -0.35945 -0.222491 -0.122666 0.28918 1.93222 1.57932 -0.29173 -1.06044 -0.797922 0.0227564 0.308092 0.0620529 -0.430295 -1.39018 -2.00321 -0.743544 0.398268 -0.502194 -0.179273 1.09989 1.14917 1.2926 0.626905 0.262936 1.09698 0.458449 0.498993 0.678725 1.00659 0.437579 -1.02473 0.536899 -0.551878 -2.78393 -0.797709 1.50179 1.35953 1.87806 0.590943 -1.81399 -2.14107 -1.56035 1.37543 0.397613 0.0386989 -0.0616759 -1.65981 0.294494 0.538398 -0.281668 -0.0554689 -0.457429 0.0555328 0.756512 -0.568498 1.08048 0.350949 -1.50904 -0.00615765 0.0493437 -0.134562 -0.134562 
0.653686 0.653686 -0.630213 -2.15723 -0.715618 0.317286 -0.534472 -0.846015 -1.38487 -1.61935 -0.192685 0.682774 0.388944 0.103972 -0.197385 0.151573 0.112619 -0.914219 0.0165015 0.741554 0.418945 0.749645 -0.697456 -0.750395 -0.107187 -1.45518 -1.03182 0.317663 0.745422 1.59467 2.40328 1.12102 -0.505437 -0.503148 -1.6151 -1.40935 0.730661 2.1202 1.37182 -0.129778 -0.370184 0.18072 0.159629 1.05944 1.27735 0.663794 -0.648193 -0.856076 0.0944845 -0.792525 -0.820745 1.22382 -0.0661402 -0.935324 1.59326 0.737935 -0.743531 -0.921539 1.65115 1.82123 -0.925324 -0.691129 -0.691129 
0.120951 0.120951 -0.0324677 -0.374164 -0.516159 -0.111766 0.564831 0.160552 -0.353383 0.0601094 0.370673 0.324994 0.206514 0.235619 -0.109194 -0.568414 -0.127029 0.611443 0.292131 -0.271346 0.194783 0.493883 0.0807723 -0.551992 -0.711541 0.134018 0.415322 -0.280513 -0.111159 0.0259125 -0.464486 -0.354195 -0.231492 0.398286 -0.0513463 -0.373913 0.645727 0.515396 0.0544518 0.246005 0.510276 0.692313 -0.719166 -0.99198 -0.0635171 -1.86033 1.03519 2.13075 -1.43652 0.693589 0.613191 -1.30497 2.5451 0.944876 -2.22739 1.62646 1.11432 -3.4221 -1.56225 2.76828 0.571043 -1.16796 -1.16796 
-0.353845 -0.353845 -0.250486 0.339086 0.586035 0.180327 -1.13445 -0.769537 0.390048 0.582213 0.200975 -0.348389 -0.206013 -0.420438 -0.135377 1.07035 0.859803 -0.225715 -0.211355 0.434289 0.332691 -0.0704045 0.150287 0.592819 0.343671 -0.524845 -0.810838 -0.259528 0.612368 1.15147 0.496974 -0.390309 -0.111942 -0.747077 0.965119 2.89135 -0.0558214 -1.78045 -1.16966 -0.863355 -0.0647994 0.450824 1.01911 1.19552 -0.868555 0.809711 1.71112 -1.02141 -0.867108 0.257556 -0.615335 -0.928587 2.2017 0.602875 -2.4801 0.467579 0.697885 -0.918537 1.78764 0.906099 -2.54645 -1.39148 -1.39148 
0.187048 0.187048 0.0373362 -0.343274 0.307425 0.609269 0.545177 0.973617 0.177884 -0.979695 -0.488265 0.2308 0.0508251 0.0524413 0.211444 0.229757 0.0290537 -0.406283 0.33811 0.747805 -0.176682 0.064819 -0.139289 -0.433185 0.837106 0.46768 -0.87723 -0.115073 0.244582 -0.305348 -0.726544 -0.991795 -0.514881 1.01462 2.30664 0.0952883 -0.952164 -0.142876 -0.713144 -0.478861 0.885055 1.06453 -0.574802 0.478987 1.30722 -0.8361 -1.24708 0.442527 0.800441 -0.761635 -0.595097 0.213898 -0.95442 0.399011 2.21884 -0.0537273 -1.44932 1.6 2.52922 -2.93256 -3.47 -0.113091 -0.113091 
-0.408288 -0.408288 -1.13056 0.00936338 0.659766 0.246983 0.945459 0.716106 -0.248759 -0.987276 -0.926204 -0.0498288 0.215096 0.511353 0.881599 0.394657 -0.427242 -0.231086 0.137299 -0.318976 0.107865 0.0775518 -0.682546 -0.326878 0.159258 0.717867 1.52237 1.21935 -0.314877 -0.778806 -0.184794 -0.272939 0.0678727 0.906647 0.713212 -0.813024 -1.58509 0.262858 1.204 -0.033855 -0.441691 -0.589916 0.0785066 2.20825 0.386063 -3.6641 -1.35737 2.28749 1.92192 0.0193159 -0.93036 -0.0588571 1.64302 1.26337 -1.07465 0.142303 0.629109 -0.581985 0.429686 0.386148 -1.56241 -1.34053 -1.34053 
0.323153 0.323153 0.260042 -0.714486 -0.894527 -0.126423 0.593732 0.802205 0.434432 0.189452 -0.304154 -0.663315 0.141357 0.438564 0.111383 0.0110076 -0.117775 -0.478849 -0.493731 0.500963 0.159839 -0.694103 0.34576 0.83034 -0.216431 -0.570961 -0.318051 -0.0319071 -0.243301 -0.637693 0.495359 1.54626 1.04142 1.23227 0.248888 -1.4258 -0.411737 -0.905471 -1.03296 0.595985 0.948534 -0.73169 -0.129436 2.05652 -1.16681 -0.485319 0.881739 -0.327093 1.31167 -0.701129 -1.07566 1.2637 -1.09652 -1.52873 1.64765 0.44141 -1.85704 1.77414 2.59336 -2.74561 -2.2181 0.400247 0.400247 
0.400948 0.400948 0.538895 -0.53504 -1.16081 -0.123074 0.588393 -0.151139 0.0310346 0.860394 1.01256 1.03754 -0.0690607 -1.03887 -0.915532 -0.558769 0.277005 0.768839 0.225407 -0.424978 -0.871319 -0.924038 -0.13591 0.627823 0.761526 0.462699 -0.289532 -0.460088 0.829072 0.850753 -0.634687 -0.506647 -0.094146 -0.121156 -0.331118 -0.547262 0.768191 0.692765 0.151223 0.45297 -0.471968 -0.928763 0.671287 1.0787 -1.51781 -0.302949 0.573827 -1.07619 -0.294238 -0.17814 2.258 3.72837 -1.20369 -3.65046 -0.0938267 0.927553 -0.935701 0.659349 1.06284 -1.32089 -0.968823 0.0688555 0.0688555 
-0.207886 -0.207886 -0.236943 0.598001 0.897913 0.4221 -0.630656 -1.48733 -0.842305 0.796377 1.68745 -0.0160853 -0.7582 0.489438 0.228247 -0.0812627 0.207139 -0.0149793 -0.14791 -0.505318 -0.473331 0.34409 0.27248 -1.24136 -1.64709 0.573761 1.52886 0.571783 1.10493 1.04594 0.0984889 0.815274 0.803637 -1.14996 -1.66331 0.265433 1.26279 0.713083 -1.33132 -1.92771 0.18342 0.47188 0.113734 0.344782 0.462466 0.0946991 -0.384611 1.18382 1.45026 -1.05286 -2.43051 -0.658369 2.49165 1.03811 -1.25183 -0.63887 -0.782483 0.438578 1.94017 -0.112076 -1.74835 -0.654994 -0.654994 
0.302394 0.302394 -0.241998 -0.635093 0.393101 0.0380653 -0.573132 0.135251 0.425145 0.35966 0.419823 0.738585 0.363418 -0.690527 -0.591249 0.630651 0.51692 -0.695394 -0.247884 0.251956 0.429664 0.0861059 -1.31141 -0.57158 0.228698 -0.114841 0.519591 -0.873812 -1.43779 0.277574 1.09595 2.41967 0.463127 -2.56463 -0.878056 0.525615 0.677633 1.79227 -0.188202 -2.15287 -0.371802 0.94817 1.36496 1.76768 0.044322 -2.18879 -0.843614 0.778489 0.329121 0.497194 -0.730687 -0.849378 -0.0389151 -1.95451 0.581454 2.65946 -0.166539 -1.39444 -0.234499 1.12934 0.119955 -0.53588 -0.53588 
-0.827552 -0.827552 -0.434364 1.0085 0.182885 0.187819 1.59887 1.36528 -0.0242801 -1.36698 -1.37328 -0.160598 0.651398 0.712609 0.772188 -0.349884 -1.52483 -0.270041 1.07822 0.750263 -1.16595 -1.86857 0.325809 1.54006 1.00252 -0.0191898 -0.55712 0.145357 -0.855749 -0.349544 0.689117 -0.596998 0.776543 1.6139 -0.995841 -1.50785 -0.692911 -1.18912 1.53889 1.26776 -1.51115 -0.58219 0.169118 0.935401 0.0738377 -1.24389 -0.0759533 0.0560088 -0.569268 0.00625464 0.85892 1.88388 0.864161 -2.25311 -0.828047 0.966226 -1.58985 -0.100048 0.85831 0.831713 1.24459 -0.12235 -0.12235 
0.521608 0.521608 1.21011 0.490915 -0.41554 -0.242656 0.0970543 -0.125765 -0.172041 -0.186751 -0.927218 -0.788076 0.197751 0.381653 -0.164555 -0.44681 -0.309484 0.375349 0.756615 -0.0851069 -0.383806 1.1066 1.57656 -0.246029 -0.40683 0.0510084 -0.841694 -0.598946 -0.662593 -1.92477 -0.936238 1.46922 1.38609 0.792477 0.69067 -0.61627 -1.07586 -0.0561736 1.35851 1.33211 -1.53637 -2.4059 1.20699 0.789217 0.23243 1.18144 -2.58683 -1.04804 0.878207 -1.16822 0.79597 1.04255 -1.83199 -0.0789418 0.572385 -1.53265 1.28762 1.98548 -0.688209 -0.701339 0.304722 0.299395 0.299395 
0.302812 0.302812 -0.0603784 -0.462228 -0.530189 -0.395309 0.236533 0.383097 -0.0967605 -0.971962 -0.895235 -0.24252 -0.0756253 0.157997 0.340449 -0.231051 -0.176227 0.797191 -0.407635 -0.745201 1.32072 0.871944 -0.108514 0.801452 0.95096 -0.488154 -1.2165 0.263569 0.63123 -1.51556 -1.34133 0.138603 -0.687414 -0.0734793 2.06145 0.715077 -1.48924 0.530649 1.56805 -1.00138 -1.21572 0.393621 1.0935 -0.642773 -0.225573 2.52247 -0.236658 -1.35369 -0.0610187 -0.692735 0.474772 -0.444986 -1.8817 1.82251 1.83633 -2.43169 -0.887112 2.25676 1.13109 -0.432111 -0.218056 0.0150389 0.0150389 
0.0873615 0.0873615 0.154155 0.338083 1.37065 0.858962 -1.49233 -1.77055 -0.342973 0.720492 0.73576 0.0220151 -0.498337 -0.975974 -1.05672 0.428389 1.60256 0.15721 -0.390714 1.06768 0.884589 0.124669 -0.353729 -0.693233 0.310248 0.12654 -0.40439 0.143109 0.335355 -0.16563 -1.36344 0.0621776 0.31211 -2.22626 -0.168765 2.86332 1.43914 0.247485 -0.518543 -2.47464 -1.83228 0.165437 2.34862 1.3058 -0.898689 -0.31159 -1.14075 0.234037 1.46655 -0.389791 -0.401637 -0.121881 0.0699934 0.807975 -0.42182 0.212492 0.610928 -1.73694 -0.24322 1.03844 -0.0901943 -0.127331 -0.127331 
-0.795891 -0.795891 -1.78838 -0.0169318 1.64689 0.156313 -0.717509 -0.514135 -0.464054 0.813435 1.53484 0.416606 -0.337615 -0.342506 0.0695161 0.240064 -0.654133 -0.0238941 1.11475 0.300145 0.0438359 -0.687027 -0.936372 0.422222 -0.419494 -0.562387 1.19083 1.19369 0.868568 1.1161 -0.26927 -1.85194 -1.01705 -0.682647 -0.550406 1.5632 2.3326 0.455295 -1.42379 -1.09363 0.240385 0.382929 0.609702 0.765042 -0.218573 -1.21293 -0.949261 0.52128 0.0798826 -0.556275 1.3491 0.529032 -1.36476 1.1171 1.12611 -1.48022 -1.04 1.595 1.82124 -1.636 -1.59433 0.190792 0.190792 
