17
0.629837 0.875781 0.995305 0.945867 0.824349 0.783774 0.805717 0.628714 0.448099 0.234483 -0.100689 -0.230449 -0.617 -1.1985 -1.49176 -1.83135 -1.70218 
0.645655 0.903492 1.07697 1.18336 1.01079 0.776681 0.429473 0.263645 0.193916 0.122798 -0.206105 -0.167748 -0.327147 -0.765805 -1.02804 -2.06205 -2.04989 
1.28794 0.286172 -0.458634 -1.05069 -1.15501 -1.47146 -1.16928 -0.724942 -0.581041 -0.534991 0.015111 -0.0785128 0.643617 1.07692 1.23109 1.00122 1.68249 
-1.23058 -1.05841 -0.805991 -0.968291 -0.808512 -0.919669 -0.422051 0.174763 0.856501 1.18799 1.68984 1.34297 1.24476 0.854689 0.18241 -0.861526 -0.458899 
-2.10655 -1.89735 -1.38041 -0.772011 -0.392464 -0.0421887 0.362177 0.114864 0.398534 0.68044 0.596403 0.598052 0.9518 1.39075 0.799801 0.123113 0.575037 
-1.08219 -1.61684 -1.12121 -0.685051 -0.711353 -0.0229669 -0.53426 -0.637135 -0.445193 -0.121815 0.052132 0.433368 0.740758 1.38437 1.41872 1.29893 1.64973 
2.00127 1.94643 1.53429 0.985437 0.413183 -0.188666 -0.206244 -0.344234 -0.548065 -0.498826 -0.609479 -0.506387 -1.0609 -0.912698 -0.822294 -0.555917 -0.626903 
1.71762 1.70522 1.36641 1.01772 1.18481 -0.0233082 -0.236641 -0.883771 -1.17805 -1.40701 -0.589193 -0.551154 -0.50343 -0.602645 -0.44837 -0.272156 -0.296058 
-1.31114 -1.0876 -1.06169 -0.955978 -0.980165 0.606576 1.68822 1.34603 -0.0932557 0.134035 -1.0961 -0.312046 0.142116 0.381657 0.22024 0.599395 1.7797 
0.244033 0.297671 0.551842 -0.43622 -0.131048 0.800286 1.01224 1.67413 1.38133 -0.166193 -1.46155 -2.06261 -1.37637 -0.535233 0.148899 -0.383578 0.442379 
1.37268 1.23195 1.72766 1.32384 -0.266021 -0.698491 -0.745972 -0.127721 0.887841 0.10431 -1.12142 -0.908042 -0.506116 -1.7929 -0.411201 -0.355963 0.285569 
-1.34623 -0.680905 -0.14075 0.532744 1.09315 1.34459 1.23344 1.55034 1.37725 -0.0575443 0.0231891 -0.889845 -0.301042 -0.817841 -0.627388 -1.24066 -1.0525 
2.0054 1.39541 -0.0497172 -0.772955 -0.628013 -1.8011 -0.849019 -0.0952306 -1.02971 -0.159364 -0.249063 -0.372956 -0.331726 0.601002 1.77243 0.237447 0.327164 
1.75746 1.75746 0.962195 0.313231 0.337096 0.723338 0.35603 -0.18932 -0.287893 -0.704009 -0.478245 -0.616573 -1.8328 -1.58164 -0.93032 0.206995 0.206995 
1.62385 1.62385 1.31606 0.612836 -0.0791192 -0.434036 -0.295266 0.268626 0.461096 -0.0655961 0.156876 0.501343 -0.468046 -0.677032 -1.88691 -1.32927 -1.32927 
-1.96054 -1.96054 -1.49775 -0.774276 -0.462952 -0.00377724 0.855572 0.67678 0.226893 0.685724 0.527953 0.722269 1.31747 0.675926 -0.073173 0.522207 0.522207 
0.471834 0.471834 0.0569291 -0.0579882 0.00545185 0.424534 1.30276 1.53116 1.20202 0.978879 0.137393 -0.606971 -0.66057 -1.37269 -2.18379 -0.850392 -0.850392 
0.704756 0.704756 1.37453 1.14402 0.710941 0.752581 -0.250041 -0.452542 0.435371 -0.18156 -0.651769 0.0827363 0.816436 -0.768561 -2.64036 -0.890645 -0.890645 
-0.937907 -0.937907 1.44238 0.162661 0.781099 -0.408034 -2.3481 -0.623864 0.421253 0.377131 0.51899 0.846176 1.48949 0.820029 -1.05172 -0.275834 -0.275834 
-0.320842 -0.320842 -1.38313 -1.72742 -1.84138 -0.648655 0.348788 -0.0517161 0.350887 0.551249 0.667049 -0.287391 -0.190391 1.19639 1.4505 1.10346 1.10346 
-0.171431 -0.171431 -0.72188 0.106167 -1.30052 -1.92319 -1.00498 -1.13747 -0.453019 1.36725 1.80427 0.54379 0.319135 0.493534 0.944353 0.652717 0.652717 
-0.121971 -0.121971 -0.226104 -0.270381 1.03855 2.01588 0.311093 -1.9169 -1.41359 -1.22874 -0.736676 0.751897 0.27066 -0.273386 -0.149995 1.03581 1.03581 
0.24137 0.24137 -0.594392 -0.553474 0.98647 0.911678 0.695503 0.290535 -1.48209 -2.28645 -1.52709 0.0627513 1.21983 1.21815 0.116087 0.229874 0.229874 
0.395874 0.395874 0.164667 -1.66813 -1.69331 -0.337867 0.585504 1.5197 0.287822 -1.68182 -0.805741 0.624641 -0.693698 0.167324 1.34669 0.696233 0.696233 
1.3298 1.3298 1.33904 1.36195 0.884397 0.124509 0.198573 0.128489 -1.8536 -1.56639 -0.976005 -0.401111 0.0472405 -0.403504 -0.51266 -0.515264 -0.515264 
-1.33207 -1.33207 -1.42174 -0.162755 -0.518937 0.12014 1.6458 0.152059 0.244349 0.913232 0.12601 0.229677 1.06629 1.96116 0.00727227 -0.849208 -0.849208 
-0.667553 -0.667553 -1.35197 -0.488095 0.603661 0.191121 -0.791362 -0.507947 -0.371652 -0.029598 0.263364 -1.2574 -0.846632 1.12293 2.05749 1.37059 1.37059 
0.0335378 0.0335378 -0.91202 -1.42857 -0.960234 0.156756 1.39218 1.46439 -0.00200842 0.0383329 1.20969 -0.392882 -1.13705 -1.46041 -0.429611 1.19718 1.19718 
0.160061 0.160061 1.22774 1.0042 0.614163 1.42292 0.481432 -1.4507 -0.509715 -0.0786189 -0.468981 0.642228 -0.591306 -2.57518 -0.749767 0.355729 0.355729 
-0.324431 -0.324431 -0.443402 0.0518152 0.60465 1.44817 1.25076 0.000820014 -0.466648 -0.997074 -1.53668 -0.720999 -0.68762 -1.47184 0.645829 1.48554 1.48554 
0.552702 0.552702 0.374549 -0.477791 -0.267457 -0.707633 -0.896317 0.564789 0.244495 -0.805134 0.239327 1.16977 -0.622862 -2.63653 -0.0592873 1.38734 1.38734 
1.32768 1.32768 0.525002 -0.580078 -0.52326 -2.12803 -0.300679 1.57171 0.462547 -0.104001 0.128893 0.443417 -0.181705 -1.75922 -0.852661 0.321355 0.321355 
-1.09091 -1.09091 -1.41838 -0.516388 0.945534 2.00263 0.487245 -0.0785298 0.492977 0.220188 -0.878189 -0.896069 1.33075 1.48019 -0.168915 -0.410611 -0.410611 
-0.522504 -0.522504 0.201157 -0.547144 -1.81498 0.216844 0.645229 0.440931 2.14752 1.93128 -0.761095 -1.33936 -0.0853655 0.504955 0.0976695 -0.296317 -0.296317 
-0.200472 -0.200472 -0.229674 0.702257 1.37602 -0.611561 -2.7255 -1.26924 0.322051 0.314634 1.17446 0.532554 -0.807981 -0.409222 0.731637 0.650259 0.650259 
-0.534554 -0.534554 -0.506935 1.09665 1.01855 -0.166821 -0.389688 -1.44028 -1.70987 -0.00079657 1.61527 1.88374 0.809465 -0.715443 -0.6375 0.106385 0.106385 
-0.134781 -0.134781 -1.28546 -1.1561 0.845546 1.44107 1.1766 -0.176516 -1.99962 -0.676188 1.45843 0.0807188 -0.276739 1.29138 0.342437 -0.397997 -0.397997 
0.26091 0.26091 0.28737 -0.274824 -1.17885 -0.541805 0.254827 -2.11976 -1.70713 1.26374 1.59597 1.43194 0.247468 -0.39638 0.121162 0.247224 0.247224 
-0.0736067 -0.0736067 0.946743 0.730747 0.22834 1.75349 0.0249358 -1.13675 0.615962 -0.0968413 -0.554922 0.761119 1.40235 -0.859217 -2.27861 -0.695071 -0.695071 
