29
1.03945 1.11694 1.17092 1.23486 1.28129 1.29133 1.25549 1.11164 1.13058 0.940937 0.703164 0.61571 0.387109 0.0800383 -0.123016 -0.379361 -0.548565 -0.683397 -0.802957 -0.854434 -0.968483 -0.923328 -1.04436 -1.07325 -1.18601 -1.10097 -1.17348 -1.17436 -1.3235 
0.880866 0.582506 0.545934 0.369633 0.407928 0.374495 0.191402 0.369421 0.296723 0.343825 0.571207 0.60173 0.667759 1.02322 0.806906 0.82169 0.847939 1.11011 0.658328 0.255036 0.350015 -0.611365 -1.48801 -1.62617 -2.09619 -1.7971 -1.47525 -1.17188 -1.81071 
-1.12168 -1.31584 -1.51062 -1.69235 -1.88652 -1.51022 -1.20755 -0.902209 -0.841551 -0.373201 0.0438676 -0.130315 -0.0329103 0.222816 0.472953 0.524118 0.320138 0.680541 0.939667 0.995159 0.888761 0.867331 0.757801 0.87162 1.12338 1.00529 0.944833 0.694303 1.1724 
-1.06376 -1.09611 -1.07476 -0.979463 -1.07332 -1.36611 -1.62965 -1.32713 -0.732615 -0.0919054 0.596202 1.46885 2.04417 1.66123 1.53633 0.896451 0.817794 0.648237 0.208424 0.0225769 -0.0561928 -0.306141 0.641587 0.662406 0.560847 0.0560258 0.0127606 -0.415124 -0.621611 
-1.89628 -1.75342 -1.44016 -1.24354 -1.31759 -0.941265 -1.10672 -1.15536 -0.9771 -0.2005 -0.235475 0.161205 0.317284 0.770451 1.07484 1.16081 1.2954 1.1217 1.0283 0.0192643 -0.19204 0.251209 0.802869 0.808266 0.969513 0.546813 0.942607 0.476325 0.712591 
-1.01475 -0.29123 -0.385571 0.095481 -0.192396 -0.83588 -0.780639 -0.523498 -0.0833581 -0.493273 -1.52861 -1.32605 -1.81417 -1.62807 0.0744119 0.888426 1.82312 0.935941 1.66146 1.66284 1.57257 0.422614 0.627179 0.922778 -0.0290492 0.136593 0.319151 -0.468705 0.252681 
1.02885 1.03942 1.1497 1.29735 1.27412 0.934015 0.250275 -0.366242 -0.853496 -1.4827 -1.15152 -1.51636 -1.86914 -1.5985 -1.4961 -1.36182 -0.585192 -0.239889 0.261285 0.627744 0.534447 0.651535 0.505925 0.782144 0.502202 0.211966 0.579837 0.444056 0.44609 
1.17077 1.14917 1.11698 1.06879 0.187169 0.303632 0.956538 1.05263 0.711788 0.512672 0.233628 -1.28052 -0.698934 -0.836608 -1.80868 -0.760288 -0.848261 -0.804241 0.266713 -0.877403 0.747984 -0.521935 1.32242 1.09487 -0.83121 -1.09389 0.679004 0.00792866 -2.22072 
0.494254 0.470366 0.401703 0.678988 1.07494 1.84131 1.85925 1.90764 1.58516 0.826665 0.251035 -0.10852 -0.194239 -0.128186 -0.258754 0.00206371 -0.260766 -0.383018 -0.42328 -0.186065 -0.477067 -1.20658 -0.982356 -0.812655 -0.398277 -1.00897 -1.56886 -1.40962 -1.58616 
-0.286517 -0.715308 -0.839098 -1.01566 -0.886195 -0.920634 -1.66308 -1.38176 -0.902785 -0.0816271 -0.825625 -1.00447 -0.708377 -0.482222 0.324861 0.045552 -0.0777063 1.21085 0.723235 0.424319 0.0777321 0.453702 0.660602 0.73407 2.20881 2.15445 1.177 1.28099 0.314894 
1.85922 2.48198 1.76017 1.46633 1.08796 0.58847 0.420652 0.469729 0.988946 0.587994 -0.0696419 -0.296148 -0.423753 -0.430304 -0.866363 -0.837752 -1.19758 -0.526707 -0.974917 -0.917333 -0.522579 -0.112512 -0.0281562 -0.854361 -0.958738 -0.565895 -0.352736 -0.381612 -1.39436 
-0.285973 -0.38391 -1.16339 -1.13414 -1.27267 -1.67564 -1.68728 -2.20816 -1.54252 0.456273 1.05117 0.891384 0.311296 0.793709 0.288281 0.459364 0.336794 0.167548 1.25663 0.839959 1.49688 0.974254 -0.182567 0.311417 -0.0197593 1.10517 0.69291 -0.0303592 0.153347 
-0.513741 -0.748263 -1.11322 -1.73146 -1.87803 -1.92207 -1.82353 -1.3434 -0.586998 -0.0944705 0.148727 0.130958 0.412368 0.380206 0.521198 0.700416 0.528109 0.616994 1.57713 1.02696 0.699018 0.886022 0.943537 0.754719 0.582788 0.982047 0.93482 -0.0708251 -2.13593e-005 
1.5223 1.5223 1.45181 1.41255 1.13211 0.704064 -0.0965578 0.188461 -0.0498203 -1.38539 -0.853737 -0.80602 -1.94862 -1.8157 -1.5518 -1.37568 -0.743488 -0.48521 -0.0515358 -0.0228609 0.479882 0.443566 0.0583161 0.101332 0.694102 0.903487 0.456488 0.057826 0.057826 
-0.309583 -0.309583 -0.0711861 0.0750391 0.35408 -0.0783201 0.334671 0.550287 0.294589 0.880685 0.848303 0.53316 1.16781 0.616353 -0.0490332 0.424725 0.907895 -0.0257514 -1.32548 -0.257592 -1.34761 -3.2453 -1.63746 -0.843283 0.0107373 1.55737 1.56572 -0.310617 -0.310617 
-1.49519 -1.49519 -1.46024 -1.45853 0.110407 1.50732 1.30783 0.627386 1.0857 2.08777 0.281238 -0.617524 0.591202 1.02062 0.445481 -0.831307 0.0381407 1.3402 0.482917 -0.544781 -0.761055 -0.769862 -0.389596 0.626198 -0.0258435 -0.903655 -1.27601 0.238181 0.238181 
-0.0380305 -0.0380305 0.13863 -0.0207929 -0.557873 -0.792705 0.0311477 1.2186 1.68661 1.81614 2.13712 1.98103 0.243423 -0.725592 -1.08116 -1.01717 -0.366299 -0.866099 -0.888644 -0.389 -0.477708 0.942852 1.31756 -0.134534 -0.861962 -0.78129 -0.674817 -0.9007 -0.9007 
0.547946 0.547946 0.652609 -0.101373 0.248464 0.0705268 -0.756778 -0.0876562 1.51887 1.10376 0.364155 0.736084 0.846051 1.13478 0.419944 0.0893792 -0.41614 -0.85996 -2.48612 -2.71566 0.111546 1.59683 0.744454 -0.0155755 -0.848967 -0.392368 -0.477209 -0.787765 -0.787765 
0.62608 0.62608 0.360779 0.149014 -1.08144 -0.706005 0.279448 0.700601 -0.0292832 -1.64373 -0.973567 -0.374811 -0.392828 2.0041 2.69116 1.85106 -0.0103648 -0.239246 0.733005 -0.159615 -1.41939 -1.09679 0.484917 -0.780393 -0.922589 0.31864 -0.724665 -0.135086 -0.135086 
0.26727 0.26727 0.493554 0.273167 -0.531951 -1.62222 -2.07848 -1.75415 -1.77509 -0.424137 0.0122304 -1.11675 -0.0677905 0.683541 0.458458 1.57139 1.91972 1.46503 1.49995 0.518688 0.107064 0.0207119 0.283381 0.0616463 -0.873374 0.19594 0.450891 -0.152979 -0.152979 
0.166862 0.166862 0.145147 -0.548431 -0.413985 0.838987 0.822353 0.010939 -0.230104 -0.179646 -1.2534 -0.550674 0.573244 -0.695349 0.273099 0.994984 0.174893 1.12118 0.151044 0.603749 0.501028 0.679821 1.53093 -1.5477 -1.57638 1.4439 1.11044 -2.1569 -2.1569 
0.0815931 0.0815931 0.595664 1.3887 2.22353 1.57831 0.352787 -0.228276 -1.60554 -2.03764 -1.3567 -0.520468 0.206001 0.129448 0.46189 0.236134 -0.417727 -0.0378264 0.575747 0.147759 -1.50235 -0.622907 0.911958 1.23653 -0.0955174 -1.7585 -0.444304 0.210054 0.210054 
-0.748791 -0.748791 -0.430493 -0.11091 0.0684312 -1.03184 -0.63338 0.907951 1.58918 0.0458902 -1.21603 0.0964797 0.607556 1.25238 0.614528 -0.559486 1.41903 0.959243 -1.04401 -0.86605 -0.014399 0.684055 0.302322 1.90223 1.74092 -1.35354 -1.15372 -1.13938 -1.13938 
0.263269 0.263269 -1.33254 -0.734601 -1.09265 -0.726078 0.228996 1.42514 0.641633 -1.4073 -1.10359 -0.180789 0.202159 -0.334869 -0.273651 -0.140938 0.977267 0.8234 -0.244362 1.22326 1.83695 1.29653 -0.855853 -1.18444 0.937956 1.49079 0.756571 -1.37777 -1.37777 
-0.900171 -0.900171 -0.766409 -0.0923007 -0.546879 -0.413425 -0.537429 0.174879 2.8249 2.75051 0.480253 -0.755515 -0.0800928 -0.00157173 -0.329006 0.0736566 -0.284278 0.990054 0.729829 0.275313 0.163877 -1.74369 -0.674492 0.193864 0.857444 0.77217 -1.17163 -0.544841 -0.544841 
-0.902431 -0.902431 -1.49169 -1.15632 -0.274539 0.101856 0.906809 1.91708 1.93612 1.148 0.364355 0.423037 0.400935 0.185299 0.50991 0.0287852 -0.109937 1.62912 0.64775 -1.33032 -0.198268 0.393673 -0.183467 -0.535819 0.367274 0.558776 -1.59869 -1.41744 -1.41744 
0.0682494 0.0682494 0.0108558 -0.296042 -0.864331 -1.62469 -0.582392 0.239596 -2.12925 -1.00383 1.01815 -1.42914 -1.3046 0.751321 0.81447 1.3528 1.4729 1.18272 0.847106 0.948066 0.853067 -0.444935 -0.328975 1.10062 1.34381 -0.176049 -1.06485 -0.411456 -0.411456 
0.23188 0.23188 0.346839 0.378792 -0.0761072 0.0292011 0.538653 0.0129484 0.304209 0.479773 -0.228754 0.295646 0.109864 -0.912187 -0.106194 0.79677 -0.309692 -1.71136 -0.137807 0.0270628 -2.3044 -0.183417 1.93286 1.34023 1.93178 1.26694 -1.4241 -1.43066 -1.43066 
-0.102032 -0.102032 -0.100772 1.03331 2.0648 0.75739 -0.778412 -0.292096 0.9518 -0.722611 -2.12791 0.101286 1.08322 -0.235604 -1.49701 -0.42902 1.47754 0.200954 -1.52145 -1.04755 -0.294275 0.146751 0.904243 0.141053 -1.2589 -1.05213 0.716294 0.991579 0.991579 
0.215256 0.215256 0.0709782 -0.574955 -0.643199 0.58844 1.8756 1.55357 0.596148 0.463087 0.204601 -1.65841 -2.3941 -1.14337 -0.208499 0.702327 0.192097 -0.417341 0.487151 0.427274 1.2607 1.68009 -0.919652 -1.91708 -0.529934 0.224744 -0.0526867 -0.149044 -0.149044 
0.149663 0.149663 -0.403812 -0.223837 0.199019 -0.665085 -0.0432846 1.74332 0.947413 -0.77481 -0.197065 0.426578 0.365502 -0.23996 -0.694563 -0.540911 -0.624049 -1.44668 -1.28938 1.9797 3.2385 0.537431 -1.11079 -1.09685 -0.203759 0.345728 -0.217417 -0.155137 -0.155137 
-0.158133 -0.158133 -0.307636 -0.989021 -0.574466 0.989934 1.02221 -0.188794 -1.6259 -0.637486 0.925007 0.43916 1.70865 2.20642 -0.0788823 -1.87808 -1.44656 0.553975 0.0853844 -1.4904 -0.632468 1.37358 0.252539 -0.964515 0.805068 0.168898 -0.291159 0.445401 0.445401 
0.276546 0.276546 0.049375 -1.01378 -1.91044 -1.55084 -0.0927009 0.356029 1.41425 1.88564 -0.670641 -0.0391883 1.89901 0.585744 0.958479 1.54953 -0.0663385 -0.389387 -0.93218 -1.39247 -0.47001 0.225041 0.0854904 -1.14907 0.181724 1.40833 -0.316364 -0.579164 -0.579164 
0.150949 0.150949 -0.264573 -0.171017 0.995161 0.904649 -0.332125 -0.466569 0.0497793 -0.449096 -0.0583239 1.2583 0.0772843 -0.0158585 1.17664 0.105124 0.239564 0.149671 -0.146034 0.373635 0.209534 0.780975 -1.17055 -1.69763 1.95623 1.77364 -1.99328 -1.79351 -1.79351 
0.331912 0.331912 0.898072 1.12706 0.100275 -1.37063 -1.32483 -1.43316 -1.32682 0.142566 1.04804 1.08054 0.428893 0.147593 0.0410758 -0.663056 -0.230672 0.674162 0.0974025 -1.51866 -0.585275 1.68851 1.29238 -0.754336 -2.17327 -0.284091 1.37028 0.432064 0.432064 
0.21748 0.21748 0.425718 0.335174 -0.589996 -0.447218 1.27404 1.45829 -0.551635 -1.81778 0.0430421 1.19832 0.763258 0.0146217 -1.17052 0.534286 0.999673 -1.59483 -1.17927 0.680969 1.02012 0.216452 0.803837 0.947463 -2.11137 -1.87605 0.149626 0.0194186 0.0194186 
-0.826218 -0.826218 -0.461354 0.293927 0.152748 0.954018 1.46023 0.399338 -1.58082 -0.917389 0.895967 0.944315 0.0535268 -0.142793 0.265884 0.910859 0.735987 -0.597893 0.391542 1.41756 0.192258 -1.4956 -1.36635 1.24213 1.77998 0.0368658 -1.60285 -1.15483 -1.15483 
0.0575203 0.0575203 0.524516 0.116937 -0.257607 -0.0285981 0.372409 2.29414 1.74915 -1.65942 -2.46398 -0.423331 0.487158 -0.207582 0.0169704 -0.00415855 0.599699 0.667388 -0.530289 -0.427214 -1.43383 -0.615933 1.30712 1.02612 0.365483 -1.44081 -0.947518 0.399072 0.399072 
-0.455229 -0.455229 -0.172331 1.06853 1.10313 1.03833 1.57302 0.910079 -0.606911 -1.284 -0.569702 0.0726832 -0.158711 0.133751 -0.0901965 -0.481031 1.39176 0.680959 -2.45455 -0.671812 1.49607 0.0543126 -0.742225 0.506393 0.96515 -1.61652 -1.62516 0.194723 0.194723 
