31
0.837486 0.774405 0.804079 0.928947 0.984554 1.01043 1.10316 1.11614 1.05643 0.933647 0.747792 0.661522 0.557145 0.34321 0.0766629 0.0824015 0.163706 0.0100455 -0.00732401 -0.182368 -0.356051 -0.363133 -0.297661 -0.315043 -0.464038 -0.861326 -1.33564 -1.94249 -1.92705 -2.13309 -2.00656 
1.1697 0.840029 0.964427 0.912493 0.894092 0.702367 0.515157 0.506444 0.605817 0.722622 0.936711 1.20331 0.956648 0.759528 0.56053 0.293362 0.177137 -0.277329 -0.380673 -0.438865 -0.980883 -1.64359 -1.10531 -0.571413 -0.401979 0.215267 0.0385442 -1.1832 -1.93337 -2.07931 -1.97827 
-0.133035 -0.00440418 -0.40895 -0.657667 -0.960952 -1.33131 -1.36811 -1.24181 -1.28348 -1.31577 -0.924797 -0.832584 -0.532661 -0.216728 -0.0532878 0.0572858 -0.241862 0.120886 0.0283441 0.264178 -0.00842376 -0.115411 0.096313 0.281535 0.684963 1.31261 1.44854 1.7383 1.84266 1.91956 1.83608 
-1.26733 -1.22149 -1.23662 -1.20849 -1.15235 -1.1218 -1.09674 -1.13792 -1.02538 -0.812016 -0.656596 -0.550285 -0.37032 0.0179409 0.480036 0.736574 0.914121 1.1443 1.27132 1.31749 1.25163 1.30537 1.43759 1.3048 1.12883 0.972015 0.449805 -0.0164979 0.122274 -0.392466 -0.587792 
-1.74027 -1.80391 -1.87674 -1.58977 -1.37125 -1.15781 -1.03875 -0.656224 -0.331687 -0.293401 -0.0285073 -0.140692 -0.0987511 0.230775 1.09718 0.897854 0.730535 0.381709 1.06469 0.480679 0.230408 0.251849 0.0305407 -0.00567536 0.189641 0.377482 1.09698 1.7952 1.47167 0.697509 1.10874 
-2.31525 -2.0649 -1.83734 -1.26948 -0.681837 -0.0994556 0.485207 0.547186 0.576416 0.272594 -0.0341765 -0.255687 -0.776604 -1.00084 -0.60928 -0.921454 -0.462529 -0.267738 0.661654 0.423005 0.794245 1.1217 1.19772 0.569376 0.537671 0.204932 0.815241 1.75342 0.668459 1.18067 0.78709 
1.82297 1.65288 1.66872 1.56457 1.29967 0.573589 -0.117741 -0.656539 -1.09457 -1.6381 -1.84089 -1.87915 -1.59229 -1.28377 -0.28942 -0.103498 -0.0331519 0.221308 0.344257 0.167321 0.403739 0.581734 0.289965 0.262779 0.0497268 0.185099 -0.179784 0.204725 -0.230541 0.0376454 -0.391248 
0.630987 0.748279 0.94328 0.958316 0.954914 1.20602 1.43002 1.45301 1.41478 1.28618 1.14943 0.73521 0.643431 -0.00514067 -0.896356 -1.36937 -1.41602 -1.15984 -1.80066 -1.20207 -1.25576 -0.791719 -0.624813 -0.505713 -0.17132 -0.259011 -0.257258 -0.703787 -0.667851 -0.220072 -0.247102 
-0.848527 -1.13233 -1.10953 -1.38625 -1.4051 -1.13252 -0.679236 -0.319201 -0.0659518 -0.120623 -0.156239 -0.475846 -1.19663 -1.20886 -1.46122 -0.434885 0.736329 1.26254 1.02886 0.806835 1.43292 1.72755 1.62619 1.42949 0.761263 0.792486 0.66568 0.173232 -0.0556998 0.42174 0.32353 
1.81729 0.323163 0.148121 -0.548108 -0.76428 -1.13323 -1.13147 -1.11656 -0.301839 0.272262 0.570914 1.96957 1.93464 1.63988 0.660967 0.0120042 0.00690642 0.14276 0.620311 -0.587203 1.10479 0.683862 -1.63278 -1.14175 -0.720213 -0.929988 -0.612856 0.566096 -1.34015 0.0757514 -0.588861 
0.279382 -0.134093 0.247452 0.699423 1.2345 1.59704 1.50475 1.01963 0.678917 0.2536 0.325228 1.25851 0.512998 0.104363 -1.28508 -1.29852 -1.63667 -1.87448 -1.73124 -1.89156 -1.1892 -0.352826 -0.78309 -0.241833 0.32097 0.380849 0.397992 0.178028 0.566562 0.282464 0.575947 
0.377422 0.53417 -0.685547 -1.51094 -1.58537 -1.69148 -1.1445 -1.33563 -1.08402 -0.254348 0.139104 0.103132 0.709593 1.05802 1.47713 0.0885446 0.318357 0.241364 0.12182 0.41821 0.740387 2.61609 1.17456 0.627298 0.239196 -0.269035 1.15044 -0.922028 -1.11501 -0.44654 -0.0903782 
0.203797 1.3587 1.52086 0.405563 0.0158603 -0.506415 -0.647975 -0.596341 -0.0363064 0.759995 1.6562 0.00923149 0.372718 -0.310419 -1.23866 -1.9946 -1.1782 -0.424952 -0.0802569 -0.405847 0.436286 2.1146 1.58592 1.36163 0.297578 -0.781574 -0.204167 -0.347548 -0.819705 -1.12571 -1.40027 
0.53798 0.53798 1.18711 1.27667 0.934783 1.063 1.01844 0.491966 0.0230916 -0.412595 -0.286483 -0.00508094 -0.446 -1.00609 -0.2474 0.953984 0.403463 0.062669 -0.0111813 -0.551046 0.0290483 0.855024 0.819448 0.0787417 -1.23335 -2.35692 -3.08068 -1.38919 -0.00490687 0.378763 0.378763 
-0.00237662 -0.00237662 0.4415 0.213284 -0.0101268 -0.279913 0.0125727 0.470581 0.671182 0.854516 1.09391 0.357554 -0.383543 -0.307373 -0.419322 -0.287038 -0.58637 -0.565783 0.0675275 -0.633547 -1.59966 0.12684 2.03921 1.44973 1.58294 1.02972 -1.90929 -2.82577 -1.10644 0.253936 0.253936 
-0.950489 -0.950489 -1.86455 -1.61926 -1.91393 -1.2684 -0.0653294 -0.0771303 -0.461281 0.586723 0.888311 0.667751 1.20968 0.879071 0.381622 -0.738918 -0.128069 0.372398 0.0649701 -0.371194 -1.20162 -0.0284231 0.679403 1.14378 2.21547 1.56751 0.749024 0.672565 0.15695 -0.298067 -0.298067 
0.00931913 0.00931913 -0.0323843 0.135493 0.141182 0.0679976 -0.100976 0.105089 0.704684 0.805679 0.553517 0.611331 1.27548 1.94005 1.62977 0.959504 0.897417 0.778397 0.344961 -0.109394 -0.0915772 0.375026 -0.0643335 -0.790286 -0.846907 -1.6625 -2.3915 -0.834524 -0.948621 -1.73561 -1.73561 
-0.538331 -0.538331 0.105961 0.641337 0.506202 0.323442 0.634158 1.01174 0.379167 0.269566 -0.0069388 -0.416636 0.395051 1.91007 0.938266 -0.961293 -1.23602 0.326484 -0.10569 -1.82063 -0.708054 -0.654831 -0.760781 0.00480679 0.416533 1.37977 2.31765 0.40097 -2.30468 -0.954481 -0.954481 
0.393659 0.393659 0.885966 1.44428 1.46679 1.46217 0.655284 -0.205915 -0.773089 -1.29406 -1.16643 -1.49847 -1.50269 -0.087898 -0.22425 -0.119797 0.666252 1.39571 0.723663 -0.141753 0.735985 0.278248 -1.20371 -1.37073 -0.912404 0.0830386 2.05359 -0.57492 -1.23538 -0.163397 -0.163397 
-0.033971 -0.033971 0.0749779 -0.388917 -1.41661 -2.12127 -1.81179 -1.39323 -1.40105 -1.01234 -0.177414 0.631719 1.20475 2.37383 2.17124 0.644382 0.757636 0.84456 0.131706 0.319206 0.905706 0.0329103 -0.306136 -0.176063 0.0925528 -0.158338 0.253347 0.137044 -0.0551731 -0.0446431 -0.0446431 
0.649494 0.649494 0.458761 0.0886928 0.529022 0.953177 0.527675 0.0385601 -0.244178 -0.427934 -0.960698 -0.876825 -1.31394 -2.80508 -2.47761 -0.902312 0.457809 -0.650444 -0.0117767 1.08336 0.832392 1.24385 0.600461 0.912866 0.527151 -0.0933035 -0.762621 -0.698862 0.969236 0.851789 0.851789 
-0.488004 -0.488004 -0.478204 -0.535824 0.224079 0.877229 0.998215 0.721487 0.14778 -0.251836 -0.618347 -1.56621 -1.14098 -0.492964 0.943781 2.91316 2.22128 0.277755 -0.75735 0.432046 1.14678 0.140442 -0.539268 -1.32348 -1.00816 -0.259163 -0.983609 -1.12489 0.216855 0.397696 0.397696 
-1.36664 -1.36664 -0.664927 -0.701099 -0.413273 -0.22161 0.115982 0.830948 1.32273 0.868871 1.59403 1.30066 -0.18863 -1.01883 -1.33033 -0.473899 0.216315 0.640785 -0.540653 0.527402 1.21917 -2.30626 -1.50423 0.903884 0.287554 0.195736 1.41707 -0.538305 -0.329918 0.762048 0.762048 
-0.0723572 -0.0723572 1.08289 1.28782 1.16845 0.331012 -0.800494 -1.1321 -1.05227 -0.501859 1.31167 0.220909 -1.57035 -2.42991 -1.90238 -0.499045 -0.798557 -0.155985 -0.05253 0.693807 2.02424 0.512367 0.118423 1.44402 0.801452 0.0730763 -0.300473 0.195279 0.109671 -0.0172076 -0.0172076 
-0.949484 -0.949484 -1.86822 -0.79687 -0.124022 0.457277 0.377749 0.101445 1.05635 1.18903 0.379271 0.578529 0.938115 0.762853 -0.862027 -1.0391 0.187821 -0.138983 0.210297 0.623503 2.10086 0.451008 -1.81554 -0.830112 -0.793605 0.897286 -0.565973 -2.07434 0.48966 1.00335 1.00335 
1.22032 1.22032 -0.72354 -1.19607 -0.688296 -0.475824 0.0155861 0.616326 1.25395 1.54179 -0.550256 -1.00639 -0.181116 -1.28715 -1.34949 0.144347 1.43659 1.0327 0.108944 0.534875 2.25072 1.07696 -0.552152 -1.01056 -1.74253 -0.337034 0.464219 -0.43447 -0.573719 -0.404522 -0.404522 
0.534622 0.534622 0.611102 -0.235142 -0.202133 0.0517565 -0.507293 -0.869618 -0.792096 -0.284028 0.328305 -0.155892 -0.874456 0.14991 1.65406 0.536104 -0.780785 -0.373749 -0.543738 0.0146751 1.18099 0.655256 -0.682556 -1.77259 -2.09953 -1.59714 0.806689 2.60677 1.49 0.307943 0.307943 
0.250637 0.250637 0.0956833 -0.357391 -0.385615 -0.0353331 0.458823 0.396436 0.209938 0.236275 -0.388172 -1.0539 -0.502217 -0.075039 -0.0369385 -0.164167 -0.240008 0.393236 -0.0967557 -1.18273 0.465541 2.41996 0.847467 -0.36054 -0.335921 -2.4219 -2.66854 0.494372 2.04031 0.872923 0.872923 
-0.929612 -0.929612 -0.679584 -0.0482191 0.359751 1.88643 1.21641 -0.401491 0.678794 1.37778 0.0847059 0.329687 0.217516 -0.841943 -1.64714 -0.517429 1.1349 0.198882 -0.755849 -1.28895 0.351507 1.91948 1.19696 1.56786 0.434031 -1.49267 -0.910123 -0.601403 -0.987277 -0.461698 -0.461698 
0.133192 0.133192 0.362279 0.426952 0.0979963 -0.140351 0.240717 1.28952 1.14613 -0.0161839 -0.0751075 1.1753 2.00329 0.673573 -1.14797 -0.809279 -0.0570388 -0.563787 -1.02139 -0.405605 0.851147 0.227278 -1.4001 -0.877808 -1.00013 -1.91767 1.31997 2.15908 -1.03953 -0.88383 -0.88383 
0.404799 0.404799 0.761949 0.241992 -0.237078 0.06035 0.434155 -0.195115 -0.520116 -0.282581 -0.482776 0.243159 1.52714 0.33737 -1.9405 -1.47548 0.834069 0.729037 -1.45735 -0.426848 0.752696 -0.060184 0.415036 0.760378 0.892231 1.24323 -0.677969 -3.10857 -0.929233 0.875709 0.875709 
0.372528 0.372528 0.807841 0.441546 0.00262789 -0.644053 -1.31192 -1.12502 -0.859744 -0.318013 -0.170701 -0.273501 1.0885 0.985474 -0.0361943 0.682999 1.17032 0.0334407 -1.21008 -0.0017157 0.316151 -1.52369 -1.29703 0.215804 1.12218 2.30125 -0.524331 -2.57572 0.30954 0.8245 0.8245 
0.116473 0.116473 -0.394299 -1.6458 -1.91089 -0.4386 0.798125 0.448765 0.415883 1.3438 1.80671 1.51834 1.91466 1.06067 -1.90769 -1.55994 0.21692 -0.692666 -0.581926 0.848728 -0.318712 -1.33778 -0.233576 0.435491 0.0160312 0.173556 0.321744 -0.343181 -0.203532 0.00810851 0.00810851 
-0.183138 -0.183138 -0.53277 0.0634428 0.813807 -0.00421129 -0.867048 -0.732168 -0.443672 -0.679891 -0.427041 -0.336672 -1.82471 -1.10235 1.79475 2.77038 0.235021 -0.446593 1.63512 0.794614 0.148688 -0.222062 -0.315648 -0.0722003 -0.953545 -1.22149 -0.575056 1.63328 1.46208 -0.1139 -0.1139 
-0.0389968 -0.0389968 -0.0810026 0.465837 0.984002 0.518219 -0.15968 -0.666124 -0.755712 -0.604662 -1.00434 -0.42715 0.736275 1.47369 2.43699 0.885183 -1.9674 -2.21762 0.0663405 1.34201 -0.258726 -1.27531 -1.11337 -0.387974 0.729765 -0.0282409 -0.677272 0.82902 1.06385 0.085696 0.085696 
0.359583 0.359583 0.333904 0.0400801 0.201823 0.237152 0.60865 0.718114 -0.111649 0.054027 0.167963 -1.4041 -1.7852 -0.949073 0.248278 0.959406 0.652753 -0.67595 -0.219063 1.11074 -2.15022 -2.07194 2.14034 1.13343 -0.641292 0.66328 -0.659674 -1.37877 0.784562 0.636626 0.636626 
0.845984 0.845984 1.00099 0.0369314 -0.751465 -1.51699 -1.13441 -0.218211 0.448902 1.76018 0.518883 -2.20759 -2.03272 -0.278911 1.43262 0.807093 0.231692 0.536474 0.614957 1.54298 -0.165013 -1.46924 0.676874 0.488826 -1.06469 -0.861221 0.0646465 0.28243 -0.188496 -0.123746 -0.123746 
-0.7135 -0.7135 0.02745 1.12819 0.789272 0.268928 -0.324192 0.391222 0.674078 -0.546365 -0.500322 0.308399 0.0493805 -1.32308 -1.32433 0.647978 0.544424 -0.0625536 0.449238 1.22942 -0.197395 -2.78668 -0.964121 0.628672 1.11657 0.0793326 -2.13327 0.651979 2.05043 0.277171 0.277171 
-1.20037 -1.20037 -1.51871 0.132932 0.594412 0.583387 0.844959 0.94346 0.732665 -1.10628 -1.6075 0.357875 -0.0799558 -0.677934 1.07358 1.98614 0.707665 -0.785233 -0.226192 1.55208 0.474386 -1.77908 -1.29715 -0.692756 0.562936 1.59585 0.0435477 -0.590059 0.129364 0.223175 0.223175 
