19
0.872213 0.944147 1.03342 1.09734 1.00193 0.92224 0.856313 0.719171 0.581389 0.480663 0.20051 -0.396903 -0.821643 -0.982592 -1.07588 -1.22773 -1.34019 -1.44033 -1.42408 
0.87531 0.839908 0.755637 0.763026 0.685831 0.574971 0.673053 0.841654 0.624863 0.751269 0.764474 0.355418 -0.453948 -0.751735 -1.06943 -1.34679 -1.44339 -1.81485 -1.62526 
-0.481179 -0.785154 -0.981915 -1.03744 -1.06354 -0.978535 -1.01128 -0.737273 -0.565647 -0.575264 -0.354807 0.103334 0.732443 1.16905 1.27018 1.27761 1.15236 1.23048 1.63657 
0.3984 0.259993 -0.101531 -0.727162 -0.336203 -0.126463 -0.272568 0.334154 1.19224 1.6026 1.99025 1.4327 0.137473 -0.231641 -0.940358 -1.51294 -1.58351 -0.843031 -0.672399 
-2.43277 -2.11605 -1.2542 -0.7508 -0.236519 -0.120573 -0.0140999 0.193847 0.0690451 0.147025 0.355801 0.997981 0.797059 1.00028 0.950907 0.281478 0.674938 0.921063 0.535589 
-0.610305 -0.857375 -0.739988 -0.773989 -1.16175 -1.39555 -0.929192 -0.996623 -0.77295 -0.400739 0.203122 1.25598 1.15513 1.03884 0.854342 0.556162 0.912154 1.77028 0.892455 
2.45931 2.03054 1.27424 0.945385 0.538684 -0.0644838 -0.287696 -0.306513 -0.651148 -0.846851 -0.90952 -0.795928 -0.614534 -0.561126 -0.832897 -0.812123 -0.389805 0.024601 -0.20012 
1.06768 1.11854 0.53241 0.247817 0.0862194 -0.246448 -0.0223429 0.303265 -0.44693 -1.67508 -1.65596 -0.978328 -0.521975 -0.241342 -1.26837 -0.297332 0.501977 1.6896 1.8066 
-0.901507 -1.23228 -1.63577 -1.56702 -1.7473 -0.195907 -0.0334113 0.17056 0.0771375 0.549929 1.17551 1.62599 1.02983 0.538572 0.282819 0.281484 0.709335 1.0228 -0.150757 
-0.710131 0.459236 1.71958 1.20841 -0.184717 -0.109585 0.820493 0.888209 -0.220817 -0.718088 -1.56613 -2.08541 -1.38203 -0.0633583 0.92046 1.01642 0.152434 0.214867 -0.359837 
0.911546 1.28043 1.54044 1.22135 0.983937 0.121926 0.105729 0.0784491 -0.0680132 -0.562742 -0.778609 -2.46059 -1.5961 -0.781612 0.420993 0.244354 0.057818 -0.247588 -0.471706 
-0.434817 0.846703 1.03875 0.553843 0.540411 0.450966 0.318057 0.485502 1.52023 0.850284 0.917603 -0.53751 -0.0510033 0.222551 -0.585318 -0.87369 -1.3003 -2.05982 -1.90245 
0.98733 -0.195614 -1.32817 -1.77645 -1.28613 -1.27141 -1.09263 -0.340983 0.561627 0.154114 -0.486944 0.153833 0.129109 1.24272 1.01685 1.20431 -0.0263976 0.993341 1.36149 
1.29647 1.29647 1.2707 0.67729 0.215888 0.310608 0.126007 -0.104865 0.0121431 -0.44531 -2.0412 -2.50577 -1.10338 -0.0383829 -0.00916718 -0.0707636 0.0953821 0.50894 0.50894 
0.437961 0.437961 0.549826 0.568325 0.259195 0.717406 1.44798 0.624833 0.514524 1.11578 -0.284028 -2.4344 -2.14352 -0.858189 -0.804799 -0.226811 -0.472775 0.275364 0.275364 
-1.60916 -1.60916 -1.05189 -0.669093 -0.353878 -0.368784 0.0551434 0.513545 -0.12262 -0.0130933 1.03609 1.95269 1.9044 0.720139 -0.242506 -0.750288 -0.591715 0.600087 0.600087 
-0.408385 -0.408385 -0.897075 -0.142328 0.695557 0.156877 0.555053 1.56226 1.36531 0.89346 -0.0773631 -1.7653 -1.5763 -0.988024 -1.19211 -0.552036 0.764978 1.0069 1.0069 
1.43728 1.43728 1.76945 1.15103 0.46164 -0.263961 -0.100267 -0.511769 -0.743016 -0.149489 0.854379 0.125412 -0.655624 -0.385969 -1.93865 -1.15073 0.478291 -0.907647 -0.907647 
-0.551242 -0.551242 -0.20499 -1.02589 -1.35059 0.0374275 0.307792 -0.0865944 0.627856 1.24569 2.35179 1.20658 -0.693374 -0.829299 -1.12488 -0.246549 1.63254 -0.372511 -0.372511 
-1.49754 -1.49754 -1.32887 -0.738726 -1.20179 -0.892047 0.0943705 -0.110599 -0.409192 0.0667823 0.58889 1.00089 0.899289 0.134319 0.0792326 1.2509 1.91537 0.82313 0.82313 
-0.600066 -0.600066 -0.912294 -0.517157 -0.561902 -0.202907 0.409788 -0.497049 -1.94322 -1.22718 0.546648 0.953606 0.584093 -0.796575 -0.153974 1.5459 1.74749 1.11243 1.11243 
-0.966061 -0.966061 -0.488703 -0.222026 1.54946 1.95901 0.349098 0.0433242 0.364513 1.22358 1.19693 -0.262822 -1.38802 -0.981293 -0.395933 0.420846 0.79697 -1.11641 -1.11641 
1.57401 1.57401 0.435427 -1.36234 -0.965113 0.608895 0.60387 -0.777655 -1.16044 -0.983618 -0.998536 0.0525786 1.29782 1.48782 0.659414 -0.5925 -0.615213 -0.419222 -0.419222 
0.805084 0.805084 0.092136 -0.423333 -0.985956 -0.756715 0.108311 -0.0266817 -0.511096 -0.58302 -1.81337 -0.693796 1.89329 2.24367 1.21657 -0.222989 -0.356431 -0.395376 -0.395376 
1.90692 1.90692 -0.124802 -0.361143 0.0937138 -0.0437067 0.251764 1.59476 0.631608 -0.481093 -1.38418 -0.902035 1.08625 -0.402519 -1.04884 -0.610324 -1.15222 -0.480537 -0.480537 
-1.96268 -1.96268 -1.34883 0.00717659 0.394042 0.133734 0.749478 1.35428 0.385735 -0.904091 -0.0281825 0.486802 0.881881 0.713809 -0.06004 -0.899639 -0.204225 1.13172 1.13172 
0.0355612 0.0355612 -0.539244 -0.961214 -0.294659 -0.0265339 -0.34192 -0.0497653 -0.269244 -1.92846 -1.93534 0.968962 2.45057 1.12044 0.029164 0.161802 0.622063 0.461125 0.461125 
0.0703032 0.0703032 0.0858383 -0.267701 0.101556 0.974669 -0.101379 -0.807526 0.388648 -0.694239 -3.00498 -1.58519 1.30002 1.10058 0.506575 0.255187 0.398075 0.604628 0.604628 
0.218693 0.218693 0.578507 0.350985 -0.0228402 0.0793459 0.52424 -0.472214 -0.800145 0.784025 1.54265 0.511063 -1.46368 -2.32314 -1.68728 -0.633367 0.964189 0.815135 0.815135 
-0.533936 -0.533936 0.111173 1.24504 0.139506 -0.236328 1.085 0.576324 -0.687885 -1.34934 -2.38877 -1.39743 0.548129 0.212148 0.256419 1.55655 1.21624 0.0905447 0.0905447 
0.59681 0.59681 0.0150925 -0.945843 -1.04667 -0.244205 0.0512557 -0.320251 0.625142 1.78697 0.542947 -1.13604 -0.196677 -0.92253 -0.435023 2.55788 0.513019 -1.01934 -1.01934 
0.278083 0.278083 -0.272329 -0.722194 0.758876 1.15786 -0.0372331 0.260524 0.939214 1.20182 0.0197006 -1.99585 -1.31912 -0.243401 0.436654 1.89476 -0.0385337 -1.29845 -1.29845 
-0.0316559 -0.0316559 0.660206 -0.0804157 -0.409148 1.29017 0.686744 -0.819759 -0.0214427 0.940719 0.865711 0.134502 -1.24533 -1.19081 1.07964 1.92323 -0.730897 -1.5099 -1.5099 
-0.33269 -0.33269 -0.0356987 0.165345 0.138181 0.632323 -0.319097 -1.86657 -0.64679 1.77341 1.5411 -0.06987 -1.41348 -0.652758 1.66263 1.33116 -0.42382 -0.575339 -0.575339 
0.37953 0.37953 0.557481 1.42104 1.51638 -0.739992 -1.21733 0.0712806 0.848568 0.616454 -0.930868 -1.66391 -0.418433 0.723001 0.996627 0.857006 -0.964799 -1.21578 -1.21578 
-0.603314 -0.603314 -1.83701 -0.783077 1.53076 1.25472 -0.773476 -1.03271 0.0366875 0.289133 0.889104 1.75388 1.16294 -0.260075 -1.24957 -0.69667 0.296937 0.312523 0.312523 
-0.372457 -0.372457 -0.723438 -0.621082 -0.114012 0.858068 0.610063 -0.308766 -0.265822 -0.773724 0.0375594 2.63683 2.11309 -0.347788 -1.56655 -0.958063 -0.00439103 0.0864684 0.0864684 
-1.22801 -1.22801 -1.39785 0.389069 0.460156 0.345616 1.40948 0.505004 -1.25972 -1.21656 -0.0704614 2.00735 0.591002 -1.30229 0.0827046 0.157744 0.325306 0.714727 0.714727 
0.156651 0.156651 1.30171 1.11003 -0.254843 -0.0615697 0.668964 -0.668869 -2.26877 -0.711239 0.812809 0.406779 -0.170019 -1.1571 -1.72417 -0.483468 1.35364 0.766406 0.766406 
