26
0.454118 0.556691 0.567285 0.567818 0.609354 0.666034 0.753876 0.821621 0.879593 0.927873 0.888201 0.794357 0.645654 0.532666 0.439217 0.265436 0.146071 0.105628 -0.0841866 -0.478448 -1.01633 -1.56273 -1.7517 -1.93953 -1.81541 -1.97315 
1.29349 1.08258 0.953505 1.03006 1.23209 1.29692 1.02637 0.735034 0.543798 0.29146 0.138795 0.0457498 0.0722469 -0.0255413 -0.216127 -0.487262 -0.661283 -0.532917 -0.573265 -0.046162 0.32482 -0.413959 -1.11161 -1.84745 -1.84715 -2.30419 
-0.15505 -0.235644 -0.233841 -0.521477 -0.932748 -1.31451 -1.22966 -1.09945 -1.0573 -0.935352 -0.656715 -0.671915 -0.660739 -0.383518 0.00180338 0.164156 0.237234 0.181034 0.0706876 -0.0144907 0.830059 1.47919 1.57914 1.80468 1.77924 1.97519 
-0.698286 -0.799377 -0.895724 -0.929281 -0.928407 -0.813255 -0.831786 -0.842654 -0.81978 -0.600461 -0.356678 -0.0164386 0.330689 0.825884 1.18311 1.42922 1.82057 1.91151 1.56094 1.3346 0.556135 0.46099 -0.533609 -0.897832 -0.863343 -0.586739 
-1.72058 -1.53076 -1.48922 -1.37399 -1.32191 -1.34776 -1.11579 -0.877303 -0.573208 -0.31588 -0.0326958 0.41295 0.882395 0.886213 0.688919 0.706888 0.774243 0.511261 0.721125 0.84256 1.10481 1.02366 0.700922 0.672278 0.843845 0.927032 
-0.905926 -0.998008 -1.2635 -1.03879 -0.519927 -0.157938 -0.354663 -0.45255 -0.698569 -0.955177 -1.22176 -0.806745 -0.217947 -0.430832 -0.410469 0.277289 0.151722 -0.372344 0.460483 0.617765 1.02504 1.74152 2.09928 1.49972 1.28564 1.64668 
1.34379 1.39283 1.57799 1.69446 1.51709 1.2462 1.09781 0.881929 0.657722 0.303626 -0.0336934 -0.424368 -0.607802 -0.718021 -0.769561 -0.754535 -0.675533 -0.79423 -0.964144 -1.06357 -1.11067 -0.731545 -0.830446 -0.681605 -0.888716 -0.665012 
0.399822 0.569984 0.988788 0.737474 1.11202 1.14516 1.04676 1.14285 0.625731 0.299187 0.0402533 -0.694733 -1.76693 -2.14062 -1.54756 -1.67291 -1.5759 -0.379515 0.355915 0.502488 0.38363 -0.354589 0.403911 0.662975 -0.501297 0.217117 
-0.888971 -0.826415 -1.2847 -1.19463 -1.04882 -0.914282 -0.566912 -0.310309 0.512029 1.13525 1.67722 1.16292 0.865527 1.1112 0.673762 0.295229 -0.179808 0.528142 1.12454 1.6446 0.882551 -0.134058 -0.670543 -1.31979 -1.14855 -1.12519 
0.253355 0.266743 0.565213 0.609092 0.560054 0.453464 0.343195 0.440448 0.325381 0.489921 0.306916 -0.011225 -0.764529 -0.457528 -0.333214 -0.70903 -1.75752 -1.75187 -2.49454 -1.29759 0.592528 1.37646 1.31756 -0.599507 1.63773 0.638492 
-0.786576 -1.14907 -1.25143 -0.895404 0.0609632 0.821911 1.08124 1.26737 1.59572 1.30192 0.923101 1.43531 1.33148 -0.111546 -0.484763 0.239095 0.0864875 -0.54706 -1.33628 -1.54743 -1.34216 -0.849487 -0.220099 -0.620605 0.316102 0.681209 
1.15538 0.723839 0.469478 0.6132 0.477827 0.320236 0.633367 1.12058 1.00285 0.0149852 0.253259 0.52872 0.0906425 -1.79622 -1.3384 -0.0589982 1.17853 0.583278 0.937107 0.460239 -0.142025 -1.91585 -2.00125 -1.03273 -1.16972 -1.10833 
1.64262 1.55359 1.94621 1.08126 0.553192 0.207801 -0.77762 -1.5935 -1.68414 -1.29422 -0.881227 -0.786862 -0.402335 -0.203398 0.401973 -0.0534109 -0.38141 -0.513398 -0.484974 -0.103821 -0.0635421 -0.933304 1.00147 1.61709 0.11969 0.0322613 
0.88838 0.88838 0.580778 0.674053 0.843308 0.982901 1.01626 0.926212 0.867533 0.573181 0.144745 -0.183933 -0.241642 -0.0750769 -0.258341 -0.336466 0.0654844 -0.146887 -1.21348 -2.26275 -2.72138 -1.66956 -0.588649 0.355173 0.445892 0.445892 
-0.117992 -0.117992 0.463925 1.13418 1.11046 0.153806 -0.567197 -0.406633 -0.32769 -0.249611 0.0728484 0.435531 0.425929 -0.013515 -0.364426 -0.330894 0.477825 0.748422 1.55559 2.38826 -0.174295 -2.33755 -2.3316 -0.91873 -0.354329 -0.354329 
-0.517349 -0.517349 -0.960429 -1.84443 -2.04587 -0.984137 0.111524 0.0201205 0.00243772 0.508544 0.215035 -0.357342 0.268452 1.06914 0.823318 0.155101 -0.312613 -0.705149 -0.767164 1.27636 2.84781 1.25434 0.347841 0.079487 0.016158 0.016158 
-0.336536 -0.336536 -0.224928 -0.0642601 0.181496 0.149428 -0.0588334 0.00959202 0.390002 0.755078 0.954911 1.1257 1.38178 1.39847 0.986825 1.04323 0.786798 -0.439323 -0.963668 -1.6708 -1.45397 -1.81117 -2.25585 -0.55517 0.503866 0.503866 
0.0605153 0.0605153 -0.170965 -0.138254 -0.576052 -0.0178192 0.8025 1.02633 1.08479 1.0199 1.60429 2.18231 0.811205 -1.25786 -1.21394 -0.392669 -1.26453 -0.822293 0.370655 0.533214 -0.0954505 -1.91081 -1.74788 -0.213923 0.133115 0.133115 
-0.915957 -0.915957 -0.374075 0.967579 1.2024 -0.0216304 -0.808259 -0.892579 -1.16408 -1.19925 -0.0504222 1.41273 0.33869 -0.633634 0.906939 0.657323 -1.41553 0.223826 1.38929 0.661374 1.61789 1.53319 -0.717924 -1.69606 -0.0529335 -0.0529335 
1.2448 1.2448 1.46024 0.301841 -0.935879 -0.843274 -0.667507 -0.90977 -1.3514 -1.71283 -1.82971 -1.338 -0.441864 -0.0204224 0.379771 0.796889 0.369606 -0.425752 -0.364164 0.0282606 1.55735 1.39183 0.656015 0.310253 0.549462 0.549462 
0.747059 0.747059 0.248608 0.196273 0.53267 -0.026659 0.0477941 -0.447389 -0.947209 -0.641876 -1.12491 -2.08671 -1.65943 0.309963 0.603662 0.0170164 1.58014 2.33516 1.09361 0.0833055 -0.963077 0.0745136 1.25393 -1.02 -0.476757 -0.476757 
-0.429456 -0.429456 -0.397219 0.310617 0.362718 0.598884 0.741915 1.29844 1.72802 1.3995 0.0666444 -0.916845 -0.0263694 -0.190467 -0.921865 -0.965917 0.307136 1.56256 1.34241 -0.249318 -2.04987 -1.78556 -1.35512 -0.525861 0.262237 0.262237 
0.168731 0.168731 0.196584 -0.12087 -0.258325 -0.31426 -0.128047 -0.132429 -0.0709622 -0.133025 -0.57396 -1.09494 -0.523861 0.277857 -0.345908 -1.41728 -1.06881 -0.789436 0.298834 2.70392 2.32663 0.546174 -1.92123 0.176321 1.01478 1.01478 
-0.649766 -0.649766 0.115786 1.2438 1.67522 0.932563 0.320129 0.393667 -0.117677 -0.871127 -0.0123706 0.280623 -1.80257 -2.0896 0.219102 0.454149 -0.992091 -1.67036 -1.22033 -0.160756 0.589135 1.04101 0.0893752 0.416807 1.23252 1.23252 
-0.438902 -0.438902 0.0694011 0.17454 -0.0917 0.304597 0.874348 0.493639 -0.809743 -0.495178 0.621099 0.023474 -1.88715 -1.09554 1.70217 2.39112 0.734678 -0.0461584 0.0584452 -0.786359 -1.93235 -1.47565 0.947485 0.901907 0.100368 0.100368 
0.462888 0.462888 -0.301367 -1.20822 -0.696469 -1.14695 -1.61037 -0.729034 0.458653 0.954715 0.663597 0.635561 0.738561 0.956087 0.311599 -0.607744 -0.289209 0.0618575 0.567288 0.578964 -0.653152 1.21287 2.67593 -0.704663 -1.39715 -1.39715 
-0.29309 -0.29309 -0.190015 0.336946 0.388131 0.237953 -0.0158132 -0.117518 -0.343293 -0.7519 -0.789833 -0.380154 0.167126 0.0283789 -0.242021 0.404682 0.25633 -1.36652 -2.29135 -1.6195 0.702352 2.40365 2.28431 1.19007 0.147083 0.147083 
0.390189 0.390189 0.860555 0.435539 -0.706181 -1.19551 -0.411481 0.149896 0.0920105 0.262903 0.462629 0.229599 -0.333309 -0.572829 -0.240909 0.572883 0.739248 0.738162 1.1326 -1.23216 -3.3346 -1.53212 0.977499 1.36941 0.377897 0.377897 
-0.363138 -0.363138 -1.05402 -0.865167 0.655501 1.66924 0.768018 -0.102107 0.364872 0.149302 -0.693578 0.0248964 1.098 0.4168 -0.731211 -0.904629 -0.689174 -0.372102 1.53178 2.80841 -0.034064 -1.97069 -0.935045 -0.276076 -0.0663457 -0.0663457 
0.00211484 0.00211484 0.177479 0.323897 0.113531 -0.382015 -0.272329 0.370188 0.693972 0.496879 0.284819 0.346212 0.17802 -0.550784 -0.507439 -0.338026 -1.73786 -2.03028 -1.46382 -0.654858 -0.272911 -0.994922 1.25118 2.89244 1.0362 1.0362 
-0.185 -0.185 -0.159942 -0.317984 0.084572 1.04831 0.792152 0.208554 -0.0126122 0.390266 0.882744 -0.6152 -2.6429 -1.55897 0.655065 -0.0464344 -0.336781 1.24489 1.03066 -0.364726 -1.87984 -1.27347 1.29216 1.43319 0.258154 0.258154 
0.247376 0.247376 1.09522 0.901176 -0.72018 -1.36567 -0.645446 -0.319914 -0.288858 0.608701 1.55555 0.150836 -1.38824 0.264039 0.720746 -1.56272 -0.369004 1.67741 0.181444 0.0494036 0.455874 -1.57115 -2.13575 0.325174 0.943299 0.943299 
0.254182 0.254182 -0.916848 -2.38585 -1.12121 0.307692 -0.0308279 -0.654959 -0.775422 -0.447129 0.415308 1.43937 1.36834 0.866988 0.862618 0.0261185 -1.19958 -0.705378 0.495358 1.97886 1.41483 -0.874768 -1.05698 -0.071321 0.278212 0.278212 
-0.316796 -0.316796 -0.357629 0.293736 -0.10183 -0.306204 -0.256156 -0.704215 -0.0796371 -0.0665426 -1.05518 -0.344932 1.94203 1.83781 -0.156457 0.833973 1.88076 -0.307492 -1.68483 -1.53256 0.065246 1.80186 -0.781854 -1.27821 0.495953 0.495953 
-0.0392526 -0.0392526 0.489762 0.504607 0.152096 0.220054 0.459482 0.673638 0.0121809 -1.30501 -1.79451 -0.132861 0.479526 -0.732611 -0.642892 0.85517 1.82636 0.710385 -1.41749 -2.59863 -1.21149 0.45589 0.878116 1.14541 0.525653 0.525653 
-0.0462891 -0.0462891 -0.254586 -0.363053 -0.191458 0.0209166 0.0547431 -0.0271089 -0.0649557 -0.394607 -0.695723 -0.0316921 0.836193 0.0521987 -1.17683 -0.538896 0.347393 0.832813 2.2276 1.26597 -1.48037 -2.8518 -0.307243 1.86189 0.485586 0.485586 
0.407814 0.407814 1.22936 0.986009 -0.376427 -1.13668 -0.542235 -0.468609 -1.07092 -0.0730527 0.689089 -1.45358 -1.87602 1.32267 1.7029 -1.03188 -1.69706 -0.315976 0.949721 1.16811 0.725515 -0.513731 -0.604364 0.682825 0.444351 0.444351 
0.288066 0.288066 0.351415 -0.115266 0.0601642 0.563869 0.0957037 -1.0329 -0.613986 0.843919 0.294302 -1.52948 -0.692432 2.14446 2.0826 -0.601136 -1.48672 -0.425645 -0.464188 -1.2177 -0.433515 1.71697 1.41434 -0.528608 -0.501145 -0.501145 
-0.399196 -0.399196 -1.03976 -0.138442 0.18392 -0.504897 0.435837 1.60211 1.32997 0.285406 -0.0847952 0.193593 0.367048 -0.160946 -0.963982 -0.283743 0.61362 0.745634 0.505904 -0.721425 0.588408 2.49217 -1.21382 -2.73641 -0.3485 -0.3485 
