36
0.640916 0.734023 0.85459 1.01389 0.961036 1.00587 0.966641 0.990421 0.969486 0.997583 0.975324 0.893577 0.906994 0.893292 0.889168 0.827016 0.649983 0.570435 0.327704 0.10998 -0.123301 -0.222216 -0.295471 -0.506045 -0.679867 -0.894982 -0.846954 -0.96952 -1.14337 -1.23749 -1.2132 -1.30221 -1.42873 -1.72853 -1.77903 -1.80701 
0.90792 0.783898 0.544737 0.27187 0.284001 0.275674 0.294455 0.227405 0.218814 0.181856 0.227371 0.487335 0.47441 0.562486 0.502511 0.506015 0.498403 0.654122 0.794339 0.974344 1.1469 1.18638 1.05147 0.78714 0.512817 0.170106 -0.327483 -0.520022 -1.20407 -1.73093 -1.81722 -2.10023 -2.0654 -1.86239 -1.50115 -1.39789 
-1.0173 -1.01375 -0.631862 -1.22831 -0.805369 -0.878632 -0.893092 -0.790908 -0.937967 -0.984195 -1.17519 -1.36638 -0.973241 -0.843819 -0.724871 -0.694638 -0.254504 -0.452711 -0.259287 -0.257153 0.323302 0.297691 0.290258 0.886046 1.00719 1.53048 1.57668 1.34563 1.09285 1.67692 1.49989 1.08635 1.28181 0.669623 1.29174 0.326705 
-0.786341 -1.22878 -1.22415 -0.744585 -0.905431 -1.04742 -1.28723 -1.18516 -1.19907 -1.24888 -1.17897 -1.10697 -1.35508 -1.31228 -0.83264 -0.301387 0.418044 0.739924 0.849076 0.824181 0.633868 0.359126 0.551932 0.502889 0.863631 1.53023 1.12323 1.08994 1.17201 0.791563 1.15048 0.954373 0.735874 0.933302 0.790827 0.929873 
-1.44694 -1.46845 -1.52794 -1.72607 -1.62625 -1.35872 -1.20954 -1.08298 -1.01692 -0.864108 -0.663534 -0.324453 -0.083207 -0.0150063 -0.0169333 0.226597 0.503301 0.932453 1.36319 1.68971 1.57966 1.60529 1.3344 0.8215 0.640056 0.226434 0.40005 0.574715 0.786191 0.564027 0.705913 0.349052 -0.0279487 0.221957 -0.0168504 -0.0486511 
0.150505 0.498264 1.14405 1.12095 1.34761 1.50779 1.06263 1.29093 1.57878 1.44163 1.14494 0.0595369 -0.718148 -1.19759 -1.57762 -1.36421 -1.82464 -1.38213 -0.912866 -0.727498 0.36107 0.504199 0.669958 0.109887 -0.797946 -0.37192 0.264732 -0.833521 -1.19904 0.784427 -0.494355 -0.311954 -0.738062 -0.4026 0.608443 -0.796247 
0.463406 0.683514 0.630468 0.525658 0.463842 0.401114 0.143822 0.259933 0.103062 -0.0228825 -0.204915 -0.445651 -0.508865 -0.470055 -0.890197 -1.23187 -1.56113 -1.70945 -1.89558 -1.94051 -1.63592 -1.21631 -0.69213 -0.467555 0.111977 0.801916 0.842982 1.08063 0.578768 1.28667 0.634778 0.87927 0.791585 0.933213 1.61081 1.66559 
1.22959 1.24918 1.081 1.3686 1.06421 1.02678 1.46701 1.02749 0.685658 0.552522 0.211383 0.596259 0.74836 1.16847 1.29525 0.681156 0.473231 -0.421007 -0.696115 -0.705032 -1.30384 -1.17725 -1.57854 -0.975846 -0.426427 -0.278569 0.17262 -1.23961 -0.757322 -0.385525 -0.696931 -1.0167 -0.472139 -0.629731 -1.47248 -1.8657 
0.390934 0.205035 0.241235 0.401903 0.455794 0.211282 -0.0594213 0.156994 0.543072 0.752361 1.12758 1.29253 1.66085 1.32051 1.42833 1.37557 1.45005 0.949403 0.400536 -0.241374 -0.512543 0.159621 0.502012 -0.167747 -0.723962 -0.932806 -0.744299 -1.13195 -1.30903 -1.15646 -0.568099 -1.37582 -1.35767 -1.41464 -1.22222 -2.10757 
-0.514 -0.331956 -0.0799697 0.318159 0.7463 0.597297 0.499654 0.606688 0.482387 0.53356 0.584695 0.650369 0.0454949 0.137685 -0.616453 -0.048753 -1.16942 -2.64654 -2.13841 -1.84183 -1.31082 -1.11828 -0.792783 -0.757521 0.0266232 0.220159 0.389731 1.5812 1.05688 1.22301 0.755177 0.283705 -0.208877 -0.193926 1.79298 1.23778 
1.46252 1.2615 1.20916 0.848611 0.770423 1.11239 1.46094 1.48528 1.1699 0.877273 0.472338 0.77622 0.397428 0.144418 0.26873 0.332113 -0.345382 -0.671117 -0.847794 -0.895044 -1.25749 -1.61993 -1.75754 -1.64386 -1.8626 -0.252458 -0.603764 -0.190222 -0.324204 0.41753 -0.241396 -1.56871 -0.687601 0.207395 0.402415 -0.307472 
1.8313 0.858376 1.14848 1.94061 2.01396 1.51888 1.18344 1.00151 0.972002 0.595138 0.0553044 -0.704148 -0.440481 -0.214382 -0.0708233 -0.216621 -0.231462 -0.484311 -0.225735 -0.490493 0.247719 0.0450789 -0.795365 -0.698109 -0.246648 -1.10294 -1.01227 -0.389236 -0.667314 0.0932561 -0.26733 -1.76113 -1.42002 -0.777255 0.710721 -1.99971 
-0.544693 -0.80748 -1.03982 -1.0385 -1.27738 -1.3464 -1.3126 -1.29126 -1.12682 -1.16195 -1.16277 -1.34136 -1.47319 -0.927777 -0.495786 -0.164387 0.383115 0.859728 0.666628 0.589458 0.875363 0.4811 0.159491 0.261333 0.66959 0.617757 0.655908 1.01898 1.36946 1.04657 1.13474 1.16445 0.930292 1.10978 1.13379 1.38464 
1.81683 1.81683 2.16268 1.25657 0.658497 0.72969 0.619684 0.715265 0.737818 0.730902 0.156979 0.343381 0.69891 0.607264 0.354112 -0.549324 -0.640216 -0.983486 -1.70544 -1.65607 -1.0353 -0.199176 -0.782584 -1.30804 -1.33177 -0.172618 0.310946 -0.84833 -0.699735 0.33554 0.362251 -0.425736 -1.52709 -1.12992 0.290332 0.290332 
-0.565394 -0.565394 -0.918287 -0.322502 0.30469 0.320457 0.181232 0.116336 0.18768 0.315958 1.01993 0.881373 0.473845 0.362295 0.161785 0.285933 0.646816 0.997301 1.05488 1.13155 0.798385 0.0694147 -0.65088 -0.981407 -1.16724 -1.69658 -1.34054 -1.78262 -2.57526 -1.15803 -0.579876 -0.292745 0.859563 1.63345 1.39694 1.39694 
0.773034 0.773034 -0.866557 -0.754394 0.675295 -0.519975 -0.0405324 -0.402884 -0.808446 -0.928509 -1.32464 0.271608 1.14773 0.398464 0.127409 1.00511 0.380859 -0.293326 0.254144 1.31178 1.23596 -0.370554 1.32754 1.6789 1.48077 1.27598 -0.785378 -1.60241 0.625068 0.832066 -1.89411 -0.87619 -1.41904 -0.253118 -1.21734 -1.21734 
-1.19097 -1.19097 0.883523 0.511199 -0.887275 -1.06496 -0.515834 -0.00754773 -0.349272 -0.160686 0.113383 -0.602145 -0.667842 0.969567 2.06857 2.60811 2.13702 0.763903 -0.0163322 -0.690124 -1.25227 -0.390265 0.117554 0.495406 2.10559 0.37818 -1.19656 -0.0961443 -0.877249 -0.254358 0.16041 -1.13877 -0.25332 -0.0822651 -0.213625 -0.213625 
-0.362476 -0.362476 -0.788163 -0.404193 0.718112 0.837079 0.497329 0.296989 0.360254 0.684449 1.13339 1.23142 0.578558 -0.00752705 0.415045 1.08659 1.53396 1.9052 1.65785 0.354493 -0.370716 -0.758375 -2.05631 -1.84074 -1.60146 -0.745708 0.672153 0.763404 -0.193015 -0.360741 -0.685381 -1.93598 -0.473575 -0.140508 -0.819464 -0.819464 
1.11865 1.11865 0.703838 0.235035 0.440031 -0.311401 -0.235204 0.584676 0.175913 -0.477906 -1.53853 -2.07653 -1.39876 -0.953972 -0.179006 -0.268943 -0.0126935 1.02718 0.739565 1.43226 1.38502 0.352847 -0.433688 -1.63451 -0.531553 1.19597 -0.508952 -1.62989 1.81704 0.795551 -1.21896 -0.265235 -0.094035 1.51343 -0.432944 -0.432944 
0.163758 0.163758 -0.477875 -0.495194 -0.412092 -0.798109 -0.444947 -0.246639 -0.724639 -0.774326 -1.00101 -0.766374 -0.21434 -0.919184 -1.67054 -1.49107 -1.10927 -0.826618 -0.622426 0.346625 1.26397 1.6976 1.31245 1.42176 2.34074 1.2774 0.384252 -0.687905 0.24072 -0.0555433 -0.970663 0.143506 -0.0596252 1.45162 1.28011 1.28011 
0.0799212 0.0799212 0.496195 0.284636 -0.220212 0.936337 0.311807 -0.902897 -0.427021 -0.425945 0.378643 1.14475 1.19947 1.16015 -0.446192 -0.966063 -1.40119 -1.50554 -0.130445 -0.633221 -0.422755 -0.115956 0.623539 2.10019 1.39374 1.24116 -1.182 -1.1337 1.63729 0.404509 -0.669643 0.659861 0.911756 -1.24305 -1.60902 -1.60902 
-0.0307899 -0.0307899 0.588049 0.619639 -0.103863 -0.683469 0.139579 1.31235 1.29962 1.28023 1.20107 1.18875 0.286471 -0.178689 0.334831 0.275295 -0.524461 -1.63752 -1.88977 -1.39391 0.952547 2.04814 -0.348043 -1.95262 -1.1296 0.200203 -0.119076 -0.771879 0.19274 1.55954 -0.155177 -1.17337 0.1672 0.478396 -1.00081 -1.00081 
0.315894 0.315894 0.564548 0.767253 0.137656 -0.467376 -0.172749 -0.203424 -0.267704 -0.0658265 -0.0491403 -0.804025 -0.773512 -0.945274 -0.398093 -0.81987 -3.17289 -1.29859 0.742449 0.768775 0.649052 0.412562 0.231573 0.759355 0.941485 0.234282 1.38262 0.584152 -0.595726 -0.530734 -1.26444 -1.29291 -0.733176 2.12003 1.46394 1.46394 
-0.22232 -0.22232 -0.44538 -0.481519 0.500797 1.09749 0.653356 -0.275004 -0.71821 -0.843429 -0.00934487 0.0272098 -0.751479 -0.048 0.394405 -0.726743 -1.27084 -0.570556 -0.181157 -0.440914 -0.881642 -0.567248 0.0984939 -0.0149582 2.07753 1.89216 0.218979 0.522858 0.981762 0.247743 -2.64536 -0.491963 2.61545 1.6561 -0.587973 -0.587973 
-0.627567 -0.627567 1.50516 1.24325 -0.312086 -0.806036 -0.427659 -0.057994 -0.293532 -0.910163 -1.37245 -0.401572 0.789275 0.644149 0.194784 0.00338811 -0.125963 0.204409 0.190019 0.769567 0.844624 -1.06288 -0.700509 0.860507 -0.291675 -0.727622 1.05987 0.614307 0.780488 0.680791 -2.04318 -1.19531 1.38631 2.77208 -1.27961 -1.27961 
-1.42023 -1.42023 -0.79142 -0.806981 -0.974481 -0.325283 -0.110127 0.200899 0.0664634 -0.326994 -0.668557 -0.980464 0.743254 2.08562 1.57609 1.8511 2.19683 0.433586 -0.884874 0.255549 -0.499393 -1.94577 -0.764637 0.973045 0.607171 -0.273985 0.713839 1.45744 -0.175738 -0.800242 0.0392584 -0.728169 -0.371582 0.243071 0.412976 0.412976 
0.397357 0.397357 -0.546174 -1.52908 -0.511416 -0.003193 0.0222027 0.160236 0.0535068 -0.567602 -0.366301 0.601535 0.312004 -0.321812 -1.16713 -0.998167 -0.414868 -1.07199 -0.663131 0.735041 1.55428 0.300373 -1.11743 -0.534638 1.21953 1.74777 -0.666394 -1.0152 1.26998 1.14307 -0.755491 -1.93014 -0.696036 1.9297 1.51612 1.51612 
-0.553771 -0.553771 0.186744 1.40492 0.683997 -0.268601 -0.368859 -0.107137 0.132962 0.919265 0.587616 -0.793888 -0.760327 -0.503019 -0.210064 0.487704 0.769024 0.392042 0.0517101 -0.433957 -1.43531 -1.91648 -1.42124 -0.756954 -1.00406 -0.330546 -0.22209 -1.64981 0.661168 2.36496 0.960326 1.67396 2.27896 0.552767 -0.409116 -0.409116 
-1.06711 -1.06711 -0.984942 1.26348 0.305714 -0.390397 0.219764 -0.428553 -0.251063 -0.244151 1.01314 1.94514 0.226918 -0.613457 0.578394 0.319655 -0.817194 0.0411627 1.30982 0.853226 -1.09842 0.201072 1.63533 0.246242 -0.161176 -1.5261 -1.9746 1.16722 1.91739 -1.71145 -1.11741 0.482 0.590426 0.281745 -0.572363 -0.572363 
1.44826 1.44826 1.17402 -1.38407 -1.2407 0.193842 0.699108 0.0429339 -0.192548 0.261028 -0.404916 -0.655178 1.07793 1.93581 1.12715 -0.0293332 -1.43814 -1.66585 -1.15074 -0.99011 0.141117 0.929225 0.572609 1.38458 -0.166096 -2.51202 -0.429124 0.155446 -0.196286 0.684559 -0.731181 -0.384492 0.698439 -0.0505118 -0.176506 -0.176506 
-0.345135 -0.345135 0.0134055 1.45888 1.21142 -0.153802 -0.451962 -0.0756382 0.414158 0.774296 0.563106 -0.465731 -1.10453 -0.100325 1.07401 1.09717 0.816751 0.168035 -1.39564 -1.84185 -0.986805 -1.5216 -0.958325 0.47709 1.07487 2.17539 1.46153 -0.75551 -0.997336 -0.407399 -1.41855 0.250138 1.72892 -0.270622 -0.581631 -0.581631 
-0.182131 -0.182131 -0.506758 -0.0775692 -0.273278 -0.362466 0.725605 0.389789 -0.630689 -1.08208 -1.00187 0.201895 0.882433 0.949737 0.579462 0.220272 1.00262 0.626017 0.38561 0.552058 -0.642346 -1.15428 -1.27106 0.0373396 2.0651 0.120757 -1.85169 1.71577 1.78463 -1.99721 -0.629445 0.884073 1.33676 -0.129574 -1.24268 -1.24268 
-0.760791 -0.760791 -0.780137 0.0294352 -0.382423 -0.0807497 0.571977 -0.35648 -0.633507 -0.352773 -0.0351646 0.834711 -0.214747 -1.67071 -0.682874 0.582924 0.69818 0.499783 1.26654 2.06317 1.46507 0.0101059 -0.352171 1.10461 -0.205304 -2.22957 -2.23942 -0.204382 0.662339 -1.39724 0.178302 0.973637 1.41719 1.45252 -0.235635 -0.235635 
0.363717 0.363717 0.212455 -0.446131 0.532043 0.446472 -1.24893 -0.462162 0.407101 0.642124 1.18911 0.652968 0.0770922 -1.11053 -1.45412 -0.616722 -0.319632 0.974652 0.689785 -0.142909 0.435924 0.81417 1.6506 0.616766 -0.548104 -1.77552 -1.6319 2.08183 1.16588 -1.58333 0.24866 1.19676 -1.29446 -1.73623 -0.195577 -0.195577 
0.448813 0.448813 0.469165 -0.395658 -0.78943 0.206957 1.33595 0.797492 0.0294264 -0.0133784 -0.00882397 -0.539126 -0.830875 0.081273 0.342603 -0.503495 -1.18224 -0.829506 0.20707 1.88132 2.2677 -0.787808 -2.52743 -0.453411 1.43711 0.70116 -0.576162 0.251009 1.55217 -0.174034 -1.7106 0.257813 1.11429 -0.70239 -0.902882 -0.902882 
0.154708 0.154708 0.314554 -0.378 -1.01495 -0.286143 0.166771 -0.116248 0.0671337 0.130981 -0.623484 -0.612581 -0.152753 0.25467 0.0575182 -2.22946 -0.418871 3.04611 1.58887 -0.115019 -0.322265 -0.370578 0.232097 0.518438 -0.455422 0.306494 0.234523 -1.60142 -0.920524 -0.568689 -0.642395 0.37756 2.64994 1.69119 -0.558734 -0.558734 
-0.0807814 -0.0807814 -0.102533 0.622963 1.00386 0.145297 -0.77261 -0.772049 -0.288651 0.480129 0.577498 -0.393204 0.00820716 0.743164 -0.35505 -0.94881 0.147481 0.709338 0.131504 -0.368136 -0.0225635 0.643403 0.385889 1.24462 1.20134 -1.06516 -0.770688 0.512581 -0.112112 -2.12963 -0.391743 3.21987 1.34636 -1.87461 -1.2972 -1.2972 
1.17662 1.17662 1.03794 -0.914773 -1.03763 -0.0137891 0.443468 0.118419 -0.403794 -0.523848 0.316686 1.19197 0.601079 -0.267362 -0.29186 -0.122423 0.153837 0.214705 0.346637 0.393995 -0.922818 -0.770696 1.06577 0.263868 -0.793462 0.763001 0.757912 -0.100519 0.0826043 -1.44764 -0.945936 1.86321 2.14801 -1.36412 -2.09784 -2.09784 
0.402667 0.402667 0.390254 -0.244972 0.285317 0.590566 0.320802 0.0419275 -0.520049 -0.685278 -0.620224 1.02728 2.34692 0.565423 -0.286023 0.39623 -1.22971 -2.55726 -0.240964 0.208563 -1.85497 -0.310531 2.22944 0.99537 -1.09372 -0.0138515 1.28224 -0.808569 -1.89993 0.0725641 -0.0414477 -0.426675 0.67583 0.526912 0.0365947 0.0365947 
