57
-0.629283 -0.272973 -0.100842 0.0948496 0.247142 0.454371 0.639092 0.638999 0.662609 0.490989 0.501372 0.496241 0.610834 0.464202 0.578903 0.657764 0.856081 0.96861 0.929212 0.652125 0.62479 0.5667 0.703973 0.345662 0.698396 0.263032 0.435882 0.877153 0.840035 0.676014 0.373409 0.563233 0.589708 0.239019 0.168658 0.220265 0.256737 0.272536 0.259774 0.358204 0.475274 0.259335 -0.0586555 0.0815511 -0.0539979 -0.186699 -0.0978386 -0.312925 -0.606477 -0.934207 -1.47938 -2.11569 -2.34969 -2.48959 -2.65764 -2.83464 -2.91221 
1.82103 1.6192 1.41588 1.0584 0.933589 0.765747 0.521747 0.544788 0.505182 0.634333 0.67988 0.55923 0.529703 0.90511 0.750637 0.706476 0.351436 0.0229654 0.0369543 0.364813 0.247249 0.356885 0.20764 0.678754 0.161074 0.471025 0.195287 -0.213874 -0.179579 0.010991 0.439432 0.065598 0.175688 0.33063 0.411548 0.235664 0.189841 0.150604 0.158487 0.0271696 -0.23544 -0.145785 0.0122515 -0.512621 -0.447069 -0.492396 -0.796096 -0.675698 -0.643398 -0.478671 -0.58012 -0.881737 -1.70456 -1.97537 -2.84382 -3.06671 -3.37999 
0.571196 0.129849 0.434819 0.692947 0.935623 0.485769 0.440654 0.265996 0.190141 0.397222 0.0056736 -0.169065 -0.548041 -0.781092 -0.780328 -0.76593 -0.900492 -0.786832 -0.974273 -1.01789 -0.946729 -0.963632 -1.21187 -1.1784 -1.26543 -0.585607 -0.832943 -0.999043 -0.717152 -0.562428 -0.79456 -0.464311 -0.712623 -0.280489 -0.329796 -0.158226 -0.306071 -0.340114 -0.376613 -0.497752 -0.465657 -0.310836 -0.1933 -0.0729609 -0.0119614 0.170002 0.357299 0.410235 0.392837 0.525143 0.810523 1.31777 2.10785 2.43492 2.88093 2.45881 2.88624 
-1.46271 -1.36825 -1.41131 -1.45656 -1.52265 -1.31448 -1.24721 -1.4077 -1.37368 -1.47653 -1.45877 -1.45117 -1.24601 -1.28013 -1.18871 -1.07801 -0.756227 -0.475615 -0.428707 -0.450393 -0.359743 -0.223233 0.0572426 -0.095406 0.366684 0.131158 0.292751 0.591402 0.527536 0.324008 0.683388 0.53196 0.632564 0.573576 0.407839 0.396227 0.31446 0.406101 0.548664 0.690448 0.814115 0.87702 1.083 1.30508 1.37634 1.40183 1.54573 1.72708 1.57708 1.21533 1.0279 1.09123 0.726172 0.6626 0.534471 0.159818 -0.0675963 
-1.1726 -1.08329 -1.38296 -1.78441 -1.71734 -1.65147 -1.43433 -1.27468 -1.32552 -1.47083 -1.30611 -1.45013 -1.26227 -1.06439 -1.06982 -1.06236 -0.960089 -0.948412 -0.741411 -0.340006 -0.147254 0.0436863 -0.132536 0.37862 -0.0129132 0.26072 0.462464 0.0236153 0.222925 0.62131 0.614743 0.380804 0.293418 0.380627 0.515655 0.590663 0.694073 0.773273 0.7385 0.594637 0.78589 0.794534 0.68215 0.642451 0.729078 0.97656 0.847722 0.740818 1.10689 1.61869 1.65609 1.51225 1.56659 1.18481 0.987555 0.681 0.692313 
-1.15074 -2.1688 -1.72471 -0.780861 -0.555032 -0.61845 -0.586855 -0.574371 -0.611427 0.375917 0.586301 1.26083 1.2797 1.15807 1.27732 1.69517 1.50049 1.72267 2.04754 1.73463 1.41296 0.629456 0.491057 0.305549 0.376353 0.418243 0.346381 -0.00411807 -0.705399 -0.785053 -1.16178 -0.235112 -0.187558 -0.0989117 0.145958 -0.335571 -0.714328 -0.571264 -0.878405 -0.540216 -1.08549 -1.00938 -0.913333 -0.513175 -0.70866 -0.874069 -1.02871 -0.578299 -0.530987 -0.41564 -0.0932237 0.025306 -0.203355 -0.371697 0.560523 1.71933 2.24523 
1.49771 2.0189 1.85494 1.67679 1.47506 1.28072 1.12842 1.28855 1.50302 1.5041 1.52737 1.20743 0.919978 0.934563 0.65027 0.295478 0.147928 -0.0997595 -0.170812 -0.419997 -0.512165 -0.549561 -0.665952 -0.547607 -0.710992 -0.560134 -0.869797 -1.18476 -1.07006 -1.14296 -0.928225 -1.36342 -1.32024 -1.36409 -1.42629 -1.11567 -0.829474 -0.988328 -0.941099 -0.780344 -0.992181 -0.92544 -0.797729 -0.793284 -0.538023 -0.554385 -0.296496 -0.148997 0.00442087 0.190839 0.514792 0.248017 0.0264311 0.578102 0.610551 0.341994 1.18191 
1.13396 1.21524 1.24919 1.1678 1.35 1.67342 1.68203 1.16851 0.796216 0.631838 1.0694 1.68731 1.94127 1.42365 1.05597 1.29243 0.591087 0.161333 -0.334148 -0.0807909 0.030969 -0.300878 -0.335536 -1.09955 -0.554911 -1.1748 -0.475848 0.331411 0.00173664 -0.174103 -1.16721 -0.507267 -0.415996 -1.05262 -0.82994 -1.47625 -1.57953 -1.41492 -1.02829 -0.874577 -1.1612 -1.22912 -0.8868 -1.05586 -0.7129 -0.761417 -0.402428 -0.241056 -0.00966284 1.05106 0.836971 0.890098 0.287038 -0.626143 -0.61112 -1.18879 -0.956259 
-1.58953 -1.51621 -0.807088 -0.20428 -0.273018 -1.5033 -1.79122 -1.22964 -0.997069 -0.631385 -0.806654 -1.09388 -1.29902 -0.734999 0.186098 -0.0807467 0.421584 0.254728 -0.365474 -0.122266 -0.707963 0.212914 0.377995 0.583875 1.86028 1.22779 1.23102 1.29703 1.13106 0.533241 0.496948 1.27122 0.739992 1.00125 0.187837 0.918813 1.09099 1.1134 0.685752 0.23953 0.931457 1.11138 0.206775 1.15237 0.384103 0.341365 0.324975 0.543976 -0.178562 -0.82722 -0.203935 -0.30974 0.454473 0.916157 -1.6655 -1.69065 -2.80102 
-1.5257 -0.366096 -0.851562 -0.975442 -0.859843 -0.991974 -0.555525 -0.179955 0.0771328 0.0665841 0.236364 -0.0511018 -0.407238 -0.250161 -0.501976 0.0568295 0.723306 1.27935 1.63306 1.13696 0.698392 0.827294 1.31521 1.17468 0.827617 0.983267 0.565953 0.974037 1.58392 1.5122 1.52646 0.699319 1.06838 0.696035 0.896653 0.822792 0.617608 0.346302 0.461152 0.451423 0.822829 0.23627 -0.152443 -0.582867 -0.689291 -0.987729 -0.876774 -1.63892 -1.97144 -2.18019 -1.89352 -1.05442 -1.23038 -1.27111 -0.741488 -0.547504 -0.982732 
0.296093 0.119362 0.365958 0.467811 0.446502 0.939039 1.15407 0.681075 0.518833 0.728398 1.00179 1.45586 1.74527 1.63926 1.93739 1.56431 1.20251 0.838335 0.565509 0.462924 0.755185 0.773936 0.335159 0.593188 0.538657 0.802039 0.737017 0.426239 0.0640376 0.182776 0.147052 0.337543 0.116926 0.260191 -0.115224 -0.395316 -0.678002 -0.617961 -0.646421 -0.571765 -0.975365 -1.17875 -0.759348 -0.85579 -0.834781 -0.972927 -1.68388 -1.86052 -1.48294 -1.18717 -1.1657 -1.6678 -1.43338 -1.90416 -1.55364 -0.738342 -0.92108 
0.76946 1.35174 1.22337 1.19089 1.5288 1.56619 1.30913 1.44215 1.41765 1.37652 0.999742 0.248858 -0.220222 0.266653 0.0795575 -0.116858 0.206531 0.531218 0.927605 1.01955 0.627526 0.366518 0.352193 0.86562 -0.421495 -0.160022 -0.611995 -0.96093 -0.261234 0.116883 0.233442 -0.679899 -0.131835 -0.547476 0.181269 0.423186 0.739037 0.416173 -0.0457564 -0.0110174 0.115739 0.0928021 -0.441025 -0.997818 -0.960742 -0.697763 -0.834954 -0.759794 -1.16442 -0.684221 -0.59427 -0.704931 -0.875741 -1.42812 -2.16898 -3.37216 -2.13233 
-0.11194 -0.403038 -0.465336 -0.337842 -0.784475 -1.1476 -1.1091 -0.929255 -1.54776 -2.02427 -1.85547 -1.55541 -1.48749 -1.84769 -1.65789 -0.858929 -0.510949 -0.13669 0.418291 0.553771 0.752977 0.319458 0.203646 0.0351143 0.86001 0.775605 1.19557 1.06561 0.122997 0.372925 0.436488 0.543579 0.243169 1.2749 0.651488 0.465919 0.624273 0.938666 1.20228 0.877692 0.592943 1.30911 1.2263 1.36563 1.24337 0.693603 1.19595 1.49689 0.943636 -0.14297 -0.0217153 -0.402041 -1.53069 -1.1808 -0.0147512 -1.38596 -0.551804 
1.71657 1.71657 1.26356 1.20761 1.24015 1.33161 0.746884 0.292489 -0.191286 -0.228589 0.240975 0.534886 0.135798 0.136104 0.77208 1.00791 1.10287 0.43242 -0.666447 -0.632429 -0.0147723 0.44949 -0.397252 0.210431 -0.00688529 -0.51423 1.95822 1.36603 -0.341127 -1.0899 -0.0919263 0.836207 -0.688247 -0.961362 0.173269 0.474578 0.373586 0.234725 0.467777 0.833955 -0.0526883 -1.27973 -0.275258 0.239297 -0.530407 0.102513 -0.129845 -1.2084 -1.52609 -2.23577 -3.10607 -2.22845 -0.828378 -0.642379 -0.747032 -0.491803 -0.491803 
-0.560281 -0.560281 -0.965582 -0.761161 -0.267374 -0.57772 -0.080692 0.451516 0.727805 0.949529 0.299092 0.103611 1.39526 1.06992 -0.022563 -0.544805 -1.2851 -0.324209 1.38476 1.04222 0.474004 0.391513 1.33274 0.373396 -0.046243 0.583733 -1.28871 -0.481441 1.08016 2.10644 0.636834 -0.192096 1.18474 1.10879 0.247372 -0.0826398 0.273165 0.413006 0.173246 -0.531071 0.0443019 1.13959 -0.46053 -0.701344 0.547309 -0.41416 0.0173604 0.892244 1.00767 0.659413 -0.554867 -2.4332 -2.35298 -2.47179 -2.34701 -0.901443 -0.901443 
-0.572035 -0.572035 1.28425 1.11893 -0.759928 -1.52367 -0.793353 -0.874933 0.138137 -0.699658 -1.71294 -1.67957 -1.83432 -0.826564 -0.169878 -0.529009 -0.265585 -0.405916 -0.823292 -0.137016 -0.0661326 -0.913763 -0.780059 -0.352234 1.36304 0.937621 -1.3073 0.0971731 0.948584 -0.41554 0.050271 0.00733113 0.277717 0.80584 0.114349 -0.147154 -0.692813 -0.39732 -0.628457 -0.446421 0.285927 0.512673 0.421164 0.271126 0.434665 0.769837 0.427422 -0.115803 0.0948307 0.898351 1.89338 3.23276 2.75462 1.84149 -0.146737 -0.196019 -0.196019 
0.0351666 0.0351666 -0.467148 -0.549944 0.361188 0.840638 -0.484817 -0.604358 -0.397122 -0.455574 -0.0584364 0.615306 0.465264 0.056343 0.577059 1.40526 2.01612 1.02788 -0.058967 0.0982951 0.667059 1.34954 0.309926 0.962884 0.664915 -0.41546 1.50506 0.694472 -1.11101 0.410686 0.597997 -0.332373 -2.44775e-005 -0.957598 -0.787269 -0.485375 -0.114146 0.692383 0.872663 0.804728 0.521131 0.817052 1.38936 0.905007 0.198199 0.459348 1.01972 -0.0369057 -1.98955 -2.12413 -0.595825 -1.23444 -1.69069 -0.838866 -1.95729 -2.31425 -2.31425 
-0.840293 -0.840293 -2.39552 -1.23331 0.247628 0.723188 1.02039 0.171166 -0.795262 -0.112154 -0.108058 -0.0347436 1.04877 0.436235 -0.167229 0.174065 0.187425 0.51933 1.75439 1.70923 1.04226 -0.127018 0.887749 0.205423 -0.547291 1.33282 -0.92505 -0.932768 1.72044 1.06802 -0.935829 -1.19195 -0.174221 0.530612 0.491944 0.391745 0.405031 -0.0328698 -0.739761 -0.0234851 0.459813 -0.502415 -0.655615 -0.0249462 0.885133 0.202322 -0.920731 0.647643 2.60834 1.56676 -0.510972 -0.457286 -1.21135 -2.00863 -1.77023 -1.10929 -1.10929 
-1.05184 -1.05184 1.80934 1.49104 0.0220709 -0.261195 -0.150502 -0.250622 1.17109 1.53195 1.07574 0.796443 -0.364639 -0.218256 0.568508 0.11068 -0.174682 0.583016 -0.197348 -1.14023 -1.82654 -1.55927 -0.687163 -0.382067 -0.050437 -0.258497 -0.830745 -1.74867 -1.35368 -0.880363 0.587233 1.20599 -0.0161554 0.271605 -0.559923 -1.4694 -0.558514 -0.454071 -0.169507 -0.516791 -0.899002 0.0362809 0.508866 0.0837039 -0.741104 -0.681534 0.216557 0.511075 0.0224319 0.423635 0.428277 -0.375399 -0.793765 0.899233 2.83471 2.24214 2.24214 
1.12793 1.12793 -0.970549 -1.08385 -1.13244 -0.984149 0.0795254 1.18008 0.702795 0.129086 -0.834172 -1.76656 -0.762765 -0.75328 -1.86165 -1.45133 -1.12995 -0.900409 -0.904901 -0.968259 -0.332758 -0.405442 0.0618827 -0.0791301 0.0184286 -0.420501 -1.81827 -0.54491 0.181453 0.481625 -0.605502 -1.12028 0.0539995 -0.262214 0.801439 1.84687 0.438133 -0.278928 0.680106 -0.0972606 -0.379364 0.639499 0.452574 0.835305 0.772869 0.780755 1.27244 0.958966 1.07575 1.58746 0.22759 -1.40938 1.04649 1.80876 -0.652459 1.77046 1.77046 
0.320104 0.320104 0.0572523 0.296786 0.950872 0.670398 -0.6819 -1.29734 -0.733213 0.575319 1.83931 1.54264 -0.292098 -1.29652 -0.0781199 -0.617219 -1.69366 -1.36104 -0.257299 0.723855 -0.221694 -0.458269 -1.15654 -0.220543 0.0123202 0.26166 2.56759 0.905575 -0.682873 -1.75482 -0.404398 1.34769 -0.747244 -0.534918 -0.550577 -1.07725 0.233009 1.02459 1.00698 -0.0808393 -0.438945 0.577284 0.413859 0.414895 0.609666 0.635561 0.974692 0.768527 2.22166 1.50187 -0.126158 -0.754643 -2.31596 -1.31729 -0.775181 -0.423748 -0.423748 
0.94974 0.94974 1.56832 0.659577 -1.48195 -1.73802 0.355352 0.963422 0.734557 0.258097 -0.504678 -0.539573 0.454914 1.77065 0.799981 0.310752 0.427565 -0.883849 -0.404785 -0.364476 0.42722 1.30433 0.469023 1.76734 0.787904 -0.699497 0.116533 -0.0811355 -0.856664 -0.705169 0.897794 0.319582 -0.279752 -0.60942 -0.0606653 1.09076 0.262968 -0.437777 -0.985265 0.32269 1.0542 -0.810977 0.0835211 0.242808 -0.911821 -0.0334346 0.272345 -0.552621 -1.56628 0.00600015 0.640195 0.804836 1.46781 -2.44105 -3.00979 -1.29094 -1.29094 
1.15925 1.15925 -1.09443 -0.039015 -0.0535024 0.50988 1.40135 1.08641 0.408425 0.255121 -0.231119 -1.15458 -0.374002 -0.190823 0.514572 2.127 2.12215 1.57297 -0.274498 -1.66566 -0.568213 1.05859 0.585507 -0.880633 -0.360581 -0.48393 -0.0406808 1.76298 0.920492 -0.125366 -1.45182 -0.828817 -0.0302405 -0.326015 0.1981 -0.51445 -0.861144 -0.299195 0.160109 0.610597 -0.402262 -1.73696 -1.4628 -0.967126 -0.735374 -0.353676 -1.1679 -1.94661 -0.974899 0.112359 1.95227 1.13993 -0.404966 0.833975 1.24612 -0.448074 -0.448074 
0.20643 0.20643 0.818587 0.229894 1.08838 1.60772 -0.51394 -1.34296 0.156897 1.11416 1.65142 1.68662 0.455926 0.475071 -0.111806 -1.56192 -1.54233 -1.34682 -0.772017 0.469701 0.736324 -0.870052 -0.344266 0.500074 0.511838 0.488782 -0.772872 -1.42589 -0.482073 0.235323 0.392993 -0.013288 -0.117064 -0.457217 -1.3875 -1.18373 -0.436328 0.122303 0.15442 -0.669908 -1.28088 0.527583 0.762578 -0.112847 -0.204487 -1.81289 -1.89748 0.494454 1.53253 0.750012 -1.00322 -0.535294 -0.466473 -0.211349 2.61467 1.44289 1.44289 
0.962466 0.962466 -0.059288 0.715692 0.831818 -0.157046 0.00189166 0.38841 0.0989752 -0.486526 -1.66618 -1.81958 0.237627 0.706298 -0.429361 0.419086 1.28518 1.40651 1.01969 -0.290693 -0.877324 -0.249565 1.03758 -1.07785 -1.49661 -0.108568 -1.1231 0.791031 1.99943 1.03023 -1.11624 -0.399056 0.428145 0.728444 1.82133 1.13509 0.196396 -1.09631 -0.501959 0.476464 0.380604 -0.717317 -1.60461 -0.655743 0.706756 0.417117 0.104953 -0.339545 0.333657 1.15567 0.173629 -0.259767 -0.993922 -1.94137 -3.02303 0.268959 0.268959 
-0.475522 -0.475522 0.1608 -0.423446 -1.16926 -0.43179 0.393613 -0.605127 -1.6029 -0.406078 0.774429 0.621071 -0.382609 -0.197334 1.56475 1.80521 1.1596 1.47427 1.11129 0.570465 -0.294498 -0.773373 -0.370552 1.05946 1.18735 0.571795 0.50255 -1.56878 -0.991298 0.538245 0.321112 -0.232181 1.1734 0.682397 -1.16807 0.0203222 0.780337 0.940353 -0.0309981 -0.864595 0.717511 1.0245 0.147614 0.0876393 -0.95989 -0.0104019 1.2828 -0.32186 -2.43113 -1.40578 -0.332134 -2.23217 -1.12214 2.36615 -0.250169 -0.754708 -0.754708 
-0.348457 -0.348457 -0.400861 0.0538968 0.191961 -0.386167 -0.897409 -0.802858 -0.412214 0.480675 0.790886 -0.0226849 -0.297672 0.671759 0.892348 0.385634 -0.463175 -1.5813 -0.921505 0.686175 1.08914 -0.282403 -0.148077 0.441436 -0.602888 1.91632 1.83685 -2.07772 -2.22438 0.309222 1.8798 -0.482685 -1.60776 0.882711 1.42071 0.263438 -0.148821 0.164042 0.637056 -0.41164 -1.90383 -0.132633 1.49853 -0.163148 -0.0522874 0.450985 -1.15196 -1.23189 -0.886403 -1.40397 0.082673 2.20909 1.56132 0.152011 0.216851 0.314868 0.314868 
-0.337113 -0.337113 -0.169677 0.566737 0.145107 0.147761 0.83787 0.65707 0.402763 -0.356288 -0.698008 0.892691 0.78633 -1.16643 -1.32771 -1.03924 0.175539 2.18165 1.11405 -0.751113 -0.538114 0.698218 -0.0199826 -1.13462 0.167137 -1.02281 -0.877593 1.93512 2.11451 -0.368254 -1.8878 0.443631 1.06037 -0.772914 -0.981002 0.0159827 0.400824 -0.0869837 -0.778406 -0.110757 1.36324 -0.418635 -1.51299 0.820345 0.23008 -0.439207 1.06489 0.805988 -0.195848 -1.28497 -2.5382 -1.47792 -0.0367573 -0.000250249 1.28108 1.17887 1.17887 
1.48579 1.48579 1.35019 -1.71356 -2.20443 -0.0642419 0.495305 0.72723 0.106944 -1.55517 -0.840603 -0.136391 0.662857 1.32844 0.207245 -0.11533 0.0641414 -0.494285 0.18374 0.584235 -0.673953 -0.622425 0.423769 1.72106 1.02118 -2.22718 -0.726204 1.81357 -0.457379 -0.773667 0.310035 0.149738 0.618153 -0.170829 -0.81852 -0.698901 -0.242025 0.0159624 -0.0771009 0.713199 0.749873 0.0741028 -0.234955 -0.025751 0.372243 -0.0427664 -0.763272 -0.309634 0.795035 1.43843 1.87798 0.669608 -1.17802 -2.41666 -1.70809 -0.0772488 -0.0772488 
-0.386597 -0.386597 -0.465669 0.884206 1.42116 -0.714831 -1.28688 0.176876 0.235217 0.416578 1.11584 0.593271 -0.440698 0.199892 1.38137 1.46746 -0.267281 -1.88863 -0.794654 0.786498 1.28809 -0.247946 -0.276138 0.432148 -1.22323 0.895487 1.15314 -2.40528 -0.177897 1.72526 -0.616515 -0.478 -0.503979 -0.658713 0.544109 0.735974 1.21791 1.03555 0.200418 -0.242596 0.104895 0.922303 0.177124 -1.04446 -0.332491 0.8777 -0.380809 -2.78081 -1.90023 1.42417 0.942805 -0.952493 0.470905 -0.161491 -1.3159 -0.247779 -0.247779 
-1.0913 -1.0913 -0.262389 1.90308 1.41334 0.569073 -0.375793 -1.27704 -0.184149 0.508052 0.0731328 0.842999 0.353834 -0.849358 -0.169064 0.27087 0.264172 1.13552 0.866586 -0.489981 -1.29173 -0.0922819 0.255027 -1.00558 0.822005 -0.251505 -1.59795 1.90475 1.44493 -1.87659 -1.59394 0.561117 1.24649 0.493046 -0.0811214 -0.044067 -0.284924 -0.79857 0.0246151 0.873486 -0.323662 -0.777627 0.358463 1.11682 0.180015 -1.27006 0.335535 2.53494 0.673456 -2.20684 -1.42567 -0.481606 -1.08853 -0.380684 0.659353 0.48932 0.48932 
2.11484 2.11484 1.86606 -1.51836 -1.49098 -0.256325 -0.113179 0.911501 1.2718 -0.195963 -0.696308 -1.24723 -0.914524 0.607897 0.135652 -0.702314 0.247731 -0.139159 -1.46832 -1.39481 -0.44896 0.769087 0.798649 0.376217 -0.0248611 -0.731326 -1.28615 -0.530165 0.557221 1.39556 1.50924 -0.593047 -0.851755 -0.546448 -1.4822 -0.120341 0.672133 0.182602 -0.170464 -0.691611 0.310834 0.978936 -0.0843774 -1.09841 -0.719547 0.627057 0.810691 -0.273169 -0.189785 0.195763 -0.745962 -1.07658 0.8748 2.71455 0.928165 -0.58459 -0.58459 
-1.64979 -1.64979 -1.73768 -0.147491 0.0554351 0.918271 1.65698 0.461593 -0.837209 -1.2142 -1.49244 0.0334892 0.764142 -0.87436 -0.563413 0.54571 0.40547 0.152675 -0.074539 0.421933 0.414698 0.284236 0.23123 -0.0556138 -0.286721 -1.44671 -0.118415 1.52937 0.774424 -0.632381 -1.26457 0.4897 0.643732 0.557918 1.6142 -0.303738 -1.67098 0.165805 0.119023 -0.843783 0.549633 0.623467 0.129991 0.226563 -0.0642217 0.365637 0.116341 -0.174491 0.465648 -0.679857 -2.34669 0.613351 2.47455 -1.33985 -0.0516119 1.85766 1.85766 
-0.166196 -0.166196 0.000856346 0.640337 0.277679 -1.12159 -1.3552 -0.0186676 1.32313 1.81122 0.691736 -1.46934 -1.96294 0.166348 0.490871 -1.10957 -0.50163 1.01885 1.47114 0.04195 -0.807304 -0.634852 0.182911 0.832292 0.353411 1.79918 0.46619 -2.24978 -1.83826 0.21133 2.18084 -0.221985 -1.29583 0.154276 -0.361107 0.563598 1.48296 0.556894 -0.753815 -0.991283 0.476099 0.611871 -0.0961334 0.153676 0.171013 0.271691 0.10985 0.886761 0.528557 -1.62027 -1.55659 -1.51007 -0.375277 1.09167 0.640284 0.262211 0.262211 
0.440576 0.440576 -0.169565 -2.02273 -1.58452 1.25884 1.83903 0.279857 -0.44831 -0.806783 -0.510312 0.669534 1.57637 0.256935 -0.95494 -0.224791 -0.776815 -0.533596 0.373966 0.583871 1.14571 0.0533206 0.336125 0.239354 -1.63101 -0.425512 0.440429 -0.628162 -0.393729 1.20322 0.713283 -0.765364 -0.598489 0.172351 1.16677 0.242545 -1.00102 -0.812824 0.53584 1.39457 -0.735903 -0.626469 0.732777 -0.64303 -0.160219 0.820316 -0.323334 -1.20922 0.400318 1.5067 0.561601 0.580925 -2.15407 -2.98106 0.797452 1.17931 1.17931 
-1.45077 -1.45077 -0.731245 0.795313 0.459874 1.07751 0.478716 -0.591259 -0.481063 -0.35034 -0.87539 -0.0117431 0.742703 0.691449 1.66584 1.18163 -0.292045 -1.54824 -2.12226 -0.114573 1.94292 0.872212 -1.23639 -0.559326 0.356118 0.303758 1.61749 0.740943 -1.20171 -1.53165 -0.393909 1.05482 0.428451 0.241337 -0.0427978 -0.636469 0.232416 0.781903 0.705914 -0.297728 -1.51477 -0.637351 0.610497 0.581587 0.503885 -0.209205 -1.00031 0.217243 1.48936 2.08126 0.786208 -1.52137 -0.122915 1.21129 -0.788365 -1.06934 -1.06934 
0.404223 0.404223 -0.00705753 0.165037 0.939144 -1.14289 -2.08489 0.445218 1.69317 1.02067 0.376491 -0.858663 -0.869881 -0.420087 -1.44656 -1.02286 0.126823 0.514716 1.24563 1.03033 -0.959446 -0.778386 0.933765 0.574652 -0.0313398 -0.920992 -1.3611 0.179711 1.13713 0.587899 -0.197139 -0.379793 -0.333594 -0.911016 -0.531018 0.641066 0.888988 0.389265 -0.576915 -1.0262 0.813156 1.40417 -0.470876 -0.699074 -1.21116 -1.20623 1.58854 2.37287 0.15509 -1.79502 -0.921407 0.351541 0.202868 2.12914 1.13225 -0.842095 -0.842095 
-0.668871 -0.668871 -0.169124 0.564638 -0.572778 -0.545171 0.341746 0.0526124 -0.574195 -1.14825 -0.869615 1.21768 1.61883 -0.4401 -0.195201 1.09563 0.626748 -0.181197 -1.10443 -1.23328 0.0165298 1.22484 -0.544115 -1.64417 0.615053 0.23087 0.570115 2.00357 0.144253 -2.01913 -0.931666 0.985904 0.717077 0.888408 0.252233 -1.05784 -1.44891 -0.460327 1.00421 0.559129 -0.779803 -1.29016 0.0297141 1.48049 0.681842 -0.398066 -0.497926 0.137488 0.954201 -0.113186 -0.92274 -0.762888 -1.09437 -1.31846 1.41534 2.11285 2.11285 
0.420758 0.420758 0.0389251 -0.864369 -0.000561595 1.02631 -0.108393 -1.29992 0.13498 1.55859 0.676183 -0.751289 -0.529976 1.27758 1.31365 -0.259891 -0.211392 -0.0266807 -0.585792 -0.913862 -0.873372 -0.0448136 1.20274 1.02305 -0.313823 -0.442657 -1.39408 -0.971411 1.38193 0.862615 -0.498619 0.561904 0.602612 -1.52537 -0.427806 1.27827 0.606176 -0.525356 -1.17473 0.494078 1.2395 -0.367564 -0.60739 -0.718916 -0.0591835 1.4706 -0.198661 -2.42234 -0.703506 1.37669 -0.535195 -0.511418 3.01012 0.574769 -2.03474 -0.324849 -0.324849 
