59
1.11073 1.18432 1.24444 1.27316 1.35005 1.37913 1.39742 1.43595 1.43418 1.42897 1.38209 1.33632 1.33475 1.39026 1.38287 1.40625 1.29652 1.03074 0.849137 0.676525 0.56377 0.408046 0.316128 0.135663 0.111043 0.00140902 -0.122245 -0.24237 -0.354972 -0.477742 -0.498435 -0.633962 -0.704698 -0.760115 -0.743141 -0.699533 -0.71061 -0.766495 -0.688473 -0.680452 -0.649014 -0.792437 -0.777881 -0.812684 -0.817427 -0.810481 -0.839047 -0.919243 -1.00191 -0.957332 -0.951516 -0.970047 -1.02765 -1.13415 -1.15775 -1.23545 -1.33798 -1.29018 -1.29444 
1.08015 0.835903 0.603079 0.746638 0.754129 0.794665 0.975713 1.17956 1.48727 1.69731 1.97027 2.22437 2.14165 1.99059 1.74662 1.42317 1.32272 1.18336 0.981146 0.507552 0.316793 -0.0751899 -0.331243 -0.578064 -0.673111 -0.391411 -0.631379 -0.947795 -1.01199 -0.434605 -0.419455 -0.7418 -0.644876 -0.800657 -0.648509 -0.977614 -0.986453 -0.720718 -0.666942 -0.856966 -0.816878 -0.592386 -0.933442 -0.638771 -0.459648 -0.970152 -0.525002 -0.499759 -0.56641 -0.882519 -1.24356 -0.617479 -0.723468 -0.717779 -0.624742 -0.709219 -0.403359 -0.621153 -0.878171 
0.384238 0.340088 0.270681 0.0921362 -0.0551931 -0.228113 -0.621991 -1.1024 -1.46398 -1.67251 -2.04914 -2.54096 -2.40961 -2.08619 -1.69933 -1.44753 -1.44233 -1.25529 -0.92928 -0.582101 -0.470049 -0.423148 -0.413826 -0.218676 0.003312 -0.0632108 -0.161714 -0.110869 0.177947 0.251785 0.436869 0.617732 0.396296 0.479607 0.450042 0.558072 0.531167 0.364311 0.314342 0.51082 0.516229 0.470534 0.62596 0.614478 0.536372 0.67766 0.595668 0.761779 1.01628 1.09322 1.37709 0.897993 0.892904 1.0361 1.05726 1.14733 1.21541 1.33077 1.40496 
-1.86776 -1.86485 -1.8186 -1.77735 -1.80633 -1.79776 -1.73898 -1.75195 -1.64825 -1.61686 -1.37496 -1.25609 -1.20551 -1.25886 -1.1285 -0.887822 -0.560751 -0.091384 0.343142 0.486576 0.660857 0.69759 0.666203 0.898133 0.951126 0.995504 0.810477 0.746951 0.803145 0.955813 0.838663 0.917579 0.691029 0.855204 0.830864 0.626513 0.631083 0.866123 0.776054 0.841883 0.524913 0.716348 0.569447 0.517986 0.589589 0.596844 0.509076 0.577305 0.638346 0.469425 0.467219 0.282414 0.31826 0.419207 0.224459 0.259335 0.232821 0.304822 0.344224 
-2.83962 -2.54504 -2.18455 -1.68543 -1.37866 -1.35352 -1.59152 -1.42266 -1.23989 -1.22254 -1.31553 -1.07542 -0.821923 -0.782543 -0.864394 -0.483181 0.0504439 0.587496 0.287537 0.862571 0.21241 -0.369352 0.030373 0.839701 0.472667 0.159244 -0.0221157 -0.169739 -0.265258 0.0202067 0.307222 0.792425 0.68934 0.532496 0.528718 0.248744 0.575834 0.184273 0.359846 0.119803 0.573932 0.187111 0.858764 0.58419 0.439534 0.850423 0.624157 0.739326 0.838643 0.907618 1.27556 0.985949 0.943632 0.784987 1.17737 1.44188 0.885837 0.992977 0.679645 
-1.06991 -1.04555 -1.02495 -1.03026 -1.24329 -1.4451 -1.35046 -1.21196 -1.2896 -1.40655 -1.62651 -1.31257 -1.02055 -1.23143 -1.48477 -1.87942 -1.53403 -1.53623 -1.22045 -0.468035 -0.529715 -0.102233 0.497454 0.596979 0.414232 0.189802 0.297374 0.443199 0.199386 0.572454 0.678689 0.4871 0.770528 0.396693 -0.0564288 0.353185 0.378193 0.250021 0.449623 0.360687 0.597853 0.548335 0.819616 0.854597 0.881383 0.76479 0.670898 0.755007 0.715982 0.915889 0.886656 1.29364 1.29713 1.23297 1.37872 1.48894 1.15635 1.14608 1.37958 
1.90096 1.78731 1.63793 1.52758 1.51906 1.88397 2.41677 2.53224 2.41081 2.13194 1.69907 0.949823 0.254953 -0.170883 -0.522479 -0.935845 -0.807109 -0.858567 -0.773354 -0.761406 -1.12205 -0.790914 -0.658661 -0.62441 -0.629525 -0.455508 -0.376229 -0.626369 -0.134497 -0.102303 -0.3622 -0.57186 -0.448481 -0.338629 -0.590211 -0.445268 -0.168374 -0.0984338 -0.183973 -0.263577 -0.0888063 -0.298485 -0.155956 -0.492516 -0.586382 -0.52417 -0.331136 -0.641626 -0.86399 -0.453767 -0.577527 -0.427363 -0.372946 -0.572936 -0.260131 -0.511223 -0.419839 -0.774982 -0.477515 
1.87011 1.99603 2.01401 2.01903 1.90555 2.02705 1.64074 1.08597 0.759017 0.918813 1.18737 0.685919 0.38289 0.549885 0.30959 -0.176883 -1.47234 -1.50151 -1.57946 -1.77297 -1.42919 -1.61056 -1.79798 -1.33247 -1.14936 -1.06052 -0.913265 -0.858089 -0.213294 -0.622872 -0.408716 -0.296499 0.29903 -0.185237 0.127625 0.317158 0.0267402 -0.0151474 -0.0632925 -0.0387761 -0.070624 0.131676 0.0939506 0.638653 0.312197 -0.0750826 -0.163872 -0.352 -0.244507 -0.226259 0.12489 -0.154453 -0.17374 -0.203417 -0.472826 -1.02544 0.0170089 -0.0052506 0.225008 
-1.51634 -1.81583 -1.99776 -2.19298 -2.36782 -2.34876 -2.03985 -1.79209 -1.49488 -1.35435 -1.04005 -0.688603 -0.495139 0.00396556 0.257751 0.278538 0.164422 -0.210372 -0.187477 -0.754266 -0.755425 -0.0889579 -0.0586565 -0.109001 0.145371 0.727277 0.724052 0.937323 0.815267 0.510725 0.638745 1.03452 1.00009 1.23483 1.27944 1.10671 0.730089 0.714519 0.603425 0.572322 0.0244171 0.506924 0.54509 0.443579 0.533465 0.671321 0.864254 0.738492 0.840864 0.673997 0.520804 0.644145 0.905151 0.684955 0.309165 -0.00501162 0.199985 0.486768 0.240864 
0.584256 0.638229 0.886051 1.29634 1.98988 2.16361 2.03017 2.00779 2.07359 1.79313 1.09889 1.66224 1.61116 1.27339 0.958054 0.380558 0.0977075 -0.108252 -1.27266 -1.69862 -1.84815 -1.74016 -0.57384 -1.15005 -0.714046 -0.203018 -0.571314 -0.245506 -0.729096 -0.797011 0.0423001 -0.613236 -0.130344 -0.737446 -0.0858866 -0.263298 0.168369 -0.57529 -0.422959 -0.538421 -0.34948 -0.650042 -0.612067 -0.536325 0.0434809 -0.538949 -0.476703 -0.266669 0.336585 -0.198332 -0.548875 -0.351438 -0.530758 -0.546243 -0.906124 -0.419724 -0.02978 -0.444945 -0.710721 
1.23613 0.884583 0.80184 0.746241 0.714592 0.321943 0.120219 0.51315 0.927905 1.49504 2.19179 2.62173 2.62597 2.1934 2.01112 1.49923 1.27969 0.095147 -0.402998 -0.815336 -0.714748 -1.18724 -1.02561 -0.996119 -1.16012 -1.29844 -0.690021 -0.298261 -0.562611 -0.584328 -0.497273 -0.00717758 -0.0337404 0.0500751 -0.385715 -0.348722 -0.172116 -0.230787 -0.486519 -0.400853 0.0692271 -0.272677 -0.337771 -0.299154 -0.225135 -0.66309 -0.27611 -0.561131 -1.01337 -1.17394 -1.42312 -0.909087 -1.08045 -0.775074 -0.415027 0.394622 0.0363292 -0.552259 -0.553852 
-1.39362 -1.38022 -1.3903 -1.74896 -2.1592 -1.83967 -1.34606 -1.12664 -0.945032 -0.651469 -0.271068 0.236459 1.08376 0.864804 0.47287 0.364711 -0.546222 -1.91526 -2.4165 -2.06668 -0.504166 -0.730235 -0.625372 -0.76112 -0.0241877 -0.383586 0.234209 0.0408693 0.434116 0.750783 0.653291 0.580677 0.88762 1.66577 1.00434 0.852327 1.08069 0.760236 0.597814 0.503388 0.776079 0.312529 0.411385 -0.0571287 -0.147731 0.31617 0.353916 0.711444 1.14542 0.827222 1.07004 0.933914 0.0433889 0.72659 0.789207 0.878604 0.870263 0.773523 0.42199 
0.377113 0.650918 0.826877 0.858768 0.758687 0.449219 -0.00720749 -0.947497 -1.54074 -1.57467 -1.58676 -2.20998 -2.99359 -2.97359 -2.30939 -1.19597 -1.10632 -0.512507 -0.288261 -0.257255 -0.461548 -0.451311 -0.538639 0.64012 -0.0706939 -0.0124436 0.4608 0.167753 0.207613 0.155533 0.450541 0.850752 0.60992 1.1473 1.8043 1.17024 1.04539 1.12425 0.940057 0.525568 0.464836 0.293411 0.374115 0.196904 -0.359415 0.475737 0.666908 0.157294 0.078521 0.0952642 0.595057 0.297249 0.0556009 0.580115 0.444338 0.368022 -0.413551 0.581823 0.864419 
1.57813 1.57813 1.24638 1.3704 1.37303 0.939738 1.00957 0.861201 0.537801 0.204212 -0.0957074 0.239266 0.988271 0.945247 0.707619 -0.049145 -2.18749 -2.71898 -2.03001 -1.52088 -1.396 -1.24191 -1.42488 -0.927208 -0.403407 -1.13576 -1.21335 -1.13162 -1.15117 -0.47151 -0.565854 -0.935913 -0.343501 0.305107 1.0374 0.829962 0.0942175 0.753102 1.22568 0.881195 -0.23873 -0.363569 0.439674 0.296951 0.605687 0.42952 -0.214897 -0.615009 0.307727 0.962096 0.495374 0.0263884 -0.624159 -0.372692 -0.15968 -0.743378 0.184679 0.911327 0.911327 
-1.08015 -1.08015 -0.0408528 0.603172 0.327081 0.792199 1.22985 1.5693 1.58591 1.49278 1.61085 0.657659 -0.42815 -0.860295 -1.32227 -0.937625 -0.444291 -0.717032 -1.61274 -1.58204 -1.36333 -1.53831 -1.14929 -0.717806 0.698586 0.310211 -1.29269 -0.821645 1.57368 1.78633 -0.624886 -0.40574 0.0406398 0.188635 -0.275858 -0.707289 0.886831 1.05463 -0.166761 -0.203444 0.907424 -0.114012 0.0740625 1.4681 -0.689701 0.0232286 1.45899 0.0873993 -0.827396 -1.61633 0.908657 1.59217 -0.0704243 0.462949 0.221311 0.791658 0.434383 -1.07408 -1.07408 
-0.411924 -0.411924 -0.783629 -0.999143 -0.983585 -1.66548 -2.51593 -2.42659 -1.67463 -1.71628 -2.49978 -1.09483 1.15992 1.86664 1.66855 0.612942 0.433813 1.32112 1.76405 1.17227 0.341774 0.0576493 0.467671 1.05585 0.332129 -0.554275 -0.229662 0.84157 0.905163 0.618268 0.914273 -0.210068 -0.479875 0.0507961 0.119164 0.12652 -0.633749 -0.697538 0.307359 0.460521 -0.209273 0.205637 0.300263 -0.345631 0.0768937 0.0661486 0.134803 1.06546 0.818846 0.90008 -0.637815 -1.43701 0.284117 0.356711 0.209778 0.339555 0.409516 0.426402 0.426402 
-0.1198 -0.1198 0.0452553 -0.278539 -0.419221 -0.0414648 -0.134212 0.059128 0.250117 0.844966 1.22147 0.397972 -0.343299 0.000115472 1.26567 2.11235 3.0967 3.55921 2.15632 1.03616 0.576888 -0.308361 0.531813 0.895009 0.0877418 -0.936754 -1.4012 -0.362928 0.567627 -0.178494 -0.495942 -0.966824 -0.599845 0.270518 -1.31571 -1.19128 0.699971 0.292622 -0.435707 -1.41234 -0.871699 -0.139684 -1.18517 -0.244674 0.00805397 -0.677919 -0.415471 0.225041 -0.79571 -1.06794 -1.13631 -0.972524 0.25742 -0.735115 -1.0195 -0.295375 -0.13558 0.148135 0.148135 
1.18711 1.18711 1.64713 1.52633 0.460349 -0.764846 -0.441621 0.504677 0.163956 -0.456231 0.0447397 0.823999 0.372553 -0.381642 0.387141 1.77134 2.12182 0.247098 0.332518 -0.455084 -3.05671 -0.695524 2.43303 0.708594 -1.81647 -1.39889 -1.02601 -0.83295 0.141064 1.00138 1.45059 0.573259 -0.870702 -0.647363 -0.924281 -0.180161 -0.43112 -0.771879 -0.431117 0.195354 -0.134748 0.354462 0.606906 -1.22897 0.312633 0.129094 -0.535979 0.196253 0.0923624 0.696505 -0.109957 -1.03263 -0.738086 0.239553 1.19122 -0.941781 -1.2957 -0.749847 -0.749847 
-0.110328 -0.110328 -0.195932 -0.869927 -1.43679 -0.549192 0.432529 -0.0644857 -0.801414 -1.21196 0.0310851 1.50803 -0.00596472 -1.57924 -2.10938 -0.382128 0.749983 0.66456 2.84152 1.75262 0.815234 2.72316 1.77707 -0.480124 -1.41468 -0.577155 0.490964 -0.522723 0.132834 1.14266 -0.486272 0.0248978 -0.500853 -2.62567 -0.365556 1.01377 -0.537652 -0.0339802 0.0792091 0.187576 0.301289 0.399704 0.643471 -0.0618555 -0.499121 -0.847255 -0.268264 -0.109982 0.224073 0.252321 0.849712 0.944096 -0.415081 -0.0046667 0.498398 -0.881541 -1.22915 0.403937 0.403937 
-0.414377 -0.414377 -0.406509 -0.0707579 1.06199 2.35218 1.75767 0.198357 -0.741553 -1.48385 -2.60496 -3.22943 -2.45859 -1.64042 -1.6107 -0.465852 0.396737 0.293003 0.444129 -0.618556 0.142219 1.31702 0.609404 0.281995 0.615119 0.816266 -0.194689 0.788705 1.46163 -0.330166 -0.906613 0.00690336 0.768442 -0.125257 -0.0416179 1.21798 1.03921 0.175369 -0.181061 0.439375 0.129348 0.0525031 -0.24991 -0.813347 0.137104 0.820914 -0.0674002 -1.05748 0.660301 0.895318 0.275483 0.700157 -0.134416 0.48144 0.359641 -0.168107 -0.416106 0.0750832 0.0750832 
0.404912 0.404912 0.159834 -0.106666 0.129454 -0.423653 -1.79462 -1.67428 -0.225673 0.981595 -0.358939 -1.5177 -0.162579 -0.0353985 -1.36015 -3.49925 -2.57218 -0.103967 -0.437113 0.417832 0.442445 -0.634437 0.676959 1.42814 0.664521 0.591824 0.523584 1.53223 0.590047 -0.282973 0.774847 1.54799 0.338758 -0.234285 1.13169 -0.09132 -0.560472 -0.0693202 0.0652986 0.0983373 0.458752 0.446838 1.14098 0.555645 -1.33373 -0.851919 -0.448187 -0.0502693 0.368112 0.862069 0.25877 -0.492204 0.013938 -0.493127 -1.55326 1.10623 2.1814 0.534871 0.534871 
-1.31125 -1.31125 -1.05933 -1.0422 -0.524551 0.644139 1.19665 1.16838 0.909337 0.950617 1.46016 1.16823 1.52496 1.67069 0.515134 -0.373669 -1.32934 -0.998341 -1.46218 -1.52029 1.4591 1.5351 -0.19662 0.344707 1.87214 1.24982 0.359247 0.0721637 -1.1788 -0.574651 1.11723 0.724764 0.335718 0.526673 -0.457731 -1.47535 -1.09567 -0.454203 -0.491727 -1.547 -0.30619 1.10968 -0.301231 -0.176282 0.401995 0.650946 0.0140805 -0.204706 -0.30401 -0.921422 -0.220317 0.780335 -0.0496071 -1.58802 -1.81507 -0.411964 1.03988 -0.0494377 -0.0494377 
0.597309 0.597309 1.20797 1.97183 1.56641 0.149147 -0.186955 0.15451 -0.287783 -1.59035 -0.144238 0.958017 -0.58631 -1.0392 -1.45005 -1.39437 -0.757631 -2.26844 -2.64549 -0.906191 0.00890607 2.26401 1.09143 -0.160193 1.70311 0.324705 0.00727658 -0.190313 -0.865078 1.40211 0.395047 -0.215785 -0.132779 0.156284 0.892688 0.515836 -0.4546 -0.933326 0.143279 0.206021 -0.111204 -0.36993 0.274981 1.20357 0.0755956 -0.8114 0.546728 1.47391 0.197209 -1.43741 -0.182302 0.111142 -0.253764 -0.563211 0.296921 1.58197 0.0368693 -1.08691 -1.08691 
-0.603098 -0.603098 -0.110364 -0.0252937 -0.586465 -0.869632 0.438319 1.46473 1.75476 2.22428 1.99586 0.842862 -0.593171 -0.903723 -1.03579 -1.09784 -2.21776 -2.68162 -1.39594 -0.399078 -0.49924 -0.397593 0.438184 -0.103988 -0.383382 0.902658 1.78522 0.3321 -0.356319 0.228754 1.0809 0.891729 0.215292 -0.466051 -0.544008 0.475601 0.316326 -0.403496 -0.163183 1.04526 0.333377 -0.557663 0.0758871 0.307503 -0.485968 0.0350983 0.289727 -1.10753 -0.900323 -0.562247 0.560932 0.690498 0.343094 1.22787 2.06746 0.871455 -1.45654 -0.862654 -0.862654 
-0.0798803 -0.0798803 -0.606614 -1.17313 -0.21299 1.06664 0.924892 0.483175 0.588152 0.869592 1.17251 1.83352 0.805005 -0.949438 -0.792574 -1.52734 -3.31243 -2.73241 -0.298937 2.62281 1.8075 -0.256167 -0.128295 0.766554 0.449922 0.281254 0.516351 0.198447 0.920486 0.225727 -0.325397 0.247179 1.45165 0.0806716 -1.2362 0.0235318 -0.214949 -0.768204 -0.4482 0.167807 -0.354778 -0.600883 -0.607911 -0.876136 0.443926 0.625634 0.475037 1.036 0.0793411 -0.191298 0.0664799 -1.53804 -0.378088 0.971318 0.130642 0.0301848 -0.233338 -0.719211 -0.719211 
0.597869 0.597869 0.248 -0.151222 -0.644914 -1.16028 -2.07261 -2.27047 -0.959653 -0.11917 -0.971419 -2.08722 -1.15697 0.93691 2.51828 1.68734 0.935853 1.13052 0.316555 -0.303219 -0.333256 -0.164097 1.52588 0.624164 -0.996375 0.716071 0.208006 -0.418774 -0.0702751 0.298732 0.952858 0.177899 0.376285 1.67477 -0.0194242 -1.15018 -0.119129 -0.204936 -0.918441 -0.739893 -0.388361 -0.183808 -0.192177 -1.11347 0.350659 1.43172 -0.513152 -0.903558 -0.142313 0.694438 0.239518 -0.832793 0.356492 0.509609 -0.359343 -1.29333 0.256607 1.79566 1.79566 
-0.353163 -0.353163 -0.214486 0.159407 -0.463755 -0.388613 -0.0700258 -0.50972 -0.716827 -0.690572 0.0569863 1.22985 0.807188 -0.296022 -1.0941 -3.2194 -2.9675 0.193874 1.35745 0.726715 0.329725 -0.0144959 0.369677 1.15995 -0.215402 -0.887848 0.0224227 0.0873129 0.755892 0.672265 -0.501485 0.266416 1.40545 1.56185 0.604661 -1.03684 -0.0681513 1.28294 0.161018 -1.61965 -1.37405 0.776353 0.756356 0.203419 0.166023 -0.899751 -1.15016 0.602166 1.78124 0.227609 -1.02848 -1.23402 -0.428444 0.537151 -0.396695 0.402838 1.86801 0.830296 0.830296 
0.777406 0.777406 1.25558 0.278935 0.1461 0.676041 0.582734 0.270117 -0.0510673 0.0242652 -0.614305 -1.50816 -1.1213 -0.658113 -0.0516645 0.657631 0.169537 -0.861799 -0.636496 0.190937 0.0382159 0.164671 0.614961 1.37776 0.769032 -1.47273 -0.834627 2.13397 1.94211 -1.62663 -1.62181 0.49989 0.447062 -0.229241 -0.659452 0.869023 1.31394 -0.776517 -0.928344 0.803311 0.072153 -0.613001 1.18044 -0.561326 -1.06703 1.60111 0.053397 -1.69184 -1.25923 1.29473 2.388 -0.721195 -0.832674 0.222359 0.24981 0.163952 -1.37952 -1.11425 -1.11425 
-0.371039 -0.371039 -0.573938 -0.209344 -0.648426 -1.46374 -0.737646 0.770964 0.647633 -0.797943 0.563986 3.42438 2.76702 0.457769 -1.2014 -1.18356 0.645634 1.23127 -0.161229 -1.36011 -1.07047 0.0974349 0.91868 -0.148701 -1.53697 -0.549998 1.29304 1.0473 -0.231323 -0.0125158 -0.80094 -1.33363 0.224501 0.542881 0.0501988 -0.729933 -0.796913 0.864926 1.06918 -0.507482 -0.261057 0.458617 -0.540091 -0.231387 0.366583 0.0334269 0.919721 0.622909 -0.17679 -1.39249 -2.22138 0.846872 1.66763 -0.0910802 -0.0372442 0.166953 0.0606711 -0.00519461 -0.00519461 
0.136739 0.136739 -0.161679 -0.443454 0.203113 0.247291 0.0773282 0.338827 0.708869 0.879842 -0.427343 -1.45751 -0.382056 1.46749 1.93131 1.67215 1.31809 -0.882062 -2.3407 -1.47102 -1.25452 -0.0569226 1.09368 -0.424649 -1.70358 -1.38763 0.513473 1.79915 0.154599 -0.995595 -0.741927 -0.11114 1.12499 -0.675142 -1.36261 1.84233 1.35222 -1.06205 -1.58672 -0.417203 1.15753 -0.304284 -0.112143 1.08433 -0.414671 -0.405713 0.816811 -0.365819 -1.20703 -0.329287 0.072557 1.26912 0.203422 -1.19222 0.389896 0.799261 0.39337 0.246098 0.246098 
0.335317 0.335317 0.255683 -0.750342 -1.47842 -0.562581 0.868986 0.431277 -0.601436 -0.0465471 0.876044 0.248159 -0.762777 0.041664 1.45141 1.17565 -0.972819 -1.14756 -0.43087 -2.20232 -0.126464 3.65118 0.957718 -2.76945 -1.35732 0.553162 0.405144 0.801443 1.24134 0.895359 -0.250194 -1.49828 -0.772654 -0.00327518 0.340052 0.357165 -0.358046 0.0320489 0.669699 0.22743 0.13694 0.520985 -1.01184 -0.161954 0.927356 -0.527405 0.0763221 0.446284 0.36184 -0.101333 -1.10789 -0.38205 0.870741 1.30395 -0.746753 -1.60747 0.15858 0.391903 0.391903 
-0.0892346 -0.0892346 -0.554509 -0.886731 0.191271 1.26029 0.304464 -0.88196 -0.822265 0.544553 1.84753 -0.0557168 -2.16135 -1.48218 0.796251 1.94375 0.692412 1.4137 0.720971 -1.42893 0.63985 0.633834 -2.24144 -2.23348 -0.097123 1.28537 0.0074353 -0.277365 1.11952 -0.457524 -0.80176 -0.0402055 -1.85989 0.0632583 2.48225 -0.148943 -0.753425 0.395693 0.122805 0.123167 0.116296 0.206076 -0.348766 -0.818898 -0.57232 0.129225 0.478816 0.309731 0.219966 0.401753 0.447408 -0.903256 -0.685094 0.600455 -0.635467 -1.22271 0.857255 1.09722 1.09722 
-0.0148286 -0.0148286 0.27492 1.24568 2.06934 0.578741 -1.88034 -2.17841 -1.47333 -1.62971 -1.52802 0.104697 1.34967 0.710101 0.992012 1.71076 0.633261 0.0192802 -0.808279 -0.282162 1.64875 0.381555 -0.914828 -0.0166863 0.439449 -0.720469 -0.0454026 1.40776 -0.987186 -2.06538 0.269267 1.42393 -0.135671 -0.720686 1.13757 0.911119 -0.921372 -1.07469 0.206214 0.24626 -0.355482 -0.348912 -0.768833 0.312369 1.38872 -0.198102 -1.64264 0.606376 1.66361 -0.35371 -0.190039 -0.375354 -0.210368 0.404746 -0.582167 -0.691076 0.188251 0.40227 0.40227 
-0.1543 -0.1543 -0.343431 -0.00193383 -0.205333 -1.34585 -0.867924 1.13308 1.90446 -0.0749491 -1.75408 0.158979 1.07159 -0.83027 -2.4386 -0.840526 2.4292 1.53484 0.389938 0.643833 -0.727149 0.186057 1.4834 0.0107995 -0.573892 -0.0803938 0.687017 0.0667946 -1.26859 0.150776 1.31903 -0.289858 -1.24522 0.582357 0.121086 -1.18127 0.0352396 0.463725 0.13861 0.298853 0.266951 0.503791 0.0968451 -1.73663 -0.979296 0.648083 0.588543 0.598939 0.667096 -0.0579714 -0.941476 -0.154126 0.0189718 -1.09258 1.15466 2.67004 -0.385855 -1.14888 -1.14888 
0.169665 0.169665 0.182678 0.384554 1.25938 1.28585 0.376545 -0.239976 -0.187141 0.396738 0.143601 0.0275147 0.36 -0.788858 -1.57478 -1.42293 -0.496265 -0.122624 -0.418225 2.19753 2.29942 -1.27954 -0.926037 1.54989 0.665888 -1.17103 -0.916358 -1.19014 -0.513087 1.72255 0.965433 -0.615417 -0.172198 -0.624482 -1.54262 -0.506345 0.754041 0.437095 -0.851896 0.119238 1.99653 -0.0179449 -0.998637 0.512518 0.60672 -0.316404 -0.671737 -0.26336 -0.566189 0.0418682 1.27109 0.107974 -1.82091 -1.3629 0.87172 2.14714 0.253694 -0.849246 -0.849246 
0.487776 0.487776 1.03858 0.305907 -1.26686 -1.21689 0.0513068 -0.0252664 -1.21075 0.150947 1.88502 -0.271331 -1.39272 -0.575387 -0.208669 0.546729 -0.582837 -1.31386 1.02973 1.96148 2.33342 0.828028 -1.70061 0.488512 0.397091 -1.1754 -0.323932 -0.5816 1.19571 0.956093 -1.1192 -0.333167 0.315732 0.786885 0.306706 -0.924067 -0.997526 0.478559 0.869003 -0.136064 -0.367869 0.32591 1.18206 -0.0963338 -1.40552 0.387164 1.69533 -0.204593 -2.05186 -0.226219 1.16407 -0.00409091 -0.438825 0.444528 1.59429 -0.140079 -1.87704 -0.762896 -0.762896 
0.395128 0.395128 0.464705 -0.397258 -0.69843 0.830279 1.90135 1.06882 0.613351 0.189321 -1.13769 -2.12537 -1.43636 -0.369876 -0.166627 -0.974572 -1.30321 0.664281 1.85897 0.725522 -0.00665217 0.758829 0.232265 -0.679806 0.815444 1.76578 -0.474512 -1.75938 -0.0923916 1.1676 0.534364 -0.715824 -1.11836 -0.62888 0.762287 0.695779 -0.726858 -0.400046 1.17703 0.398257 -1.31886 -0.218461 0.699731 -0.467394 -0.23066 0.626555 -0.942394 -0.98118 0.438105 1.18726 1.01672 -0.186032 0.431634 1.40245 -0.299367 -2.89006 -1.42615 0.477859 0.477859 
-0.345426 -0.345426 -0.746512 0.306176 1.61322 0.833101 -0.385588 -0.210913 0.301072 0.441212 0.709946 -0.232693 -1.94281 -1.10357 -0.381655 -1.75653 -0.825675 2.16101 3.81892 1.51882 -2.01078 -1.34302 0.751568 0.436865 -0.316091 0.0745257 -0.0311316 0.313618 0.0468084 -0.854575 0.0426825 1.28562 -0.0903902 -1.87547 -0.0129596 0.75053 -0.533044 -0.137644 0.690179 0.0936365 -0.516728 -0.15172 -0.167381 0.772182 1.09073 0.0495207 0.318031 -0.252653 -0.841418 0.0183892 -0.925982 -0.287254 1.80409 0.387669 -0.638816 -0.230198 -0.503068 -0.316498 -0.316498 
-0.296012 -0.296012 -0.583803 -0.687482 -0.771207 -1.07299 -0.844111 0.758504 1.50702 -0.0522816 -1.46253 -0.17756 2.13623 2.60561 0.497168 -1.18454 -0.445197 -0.490238 -1.07735 -0.512234 0.0564905 1.29641 0.52444 -1.86204 0.0224539 0.824411 -0.861884 -0.244406 0.473434 0.693754 -0.130905 -0.459438 1.03526 -0.329058 -2.08024 -0.115675 0.637605 -0.620006 -0.429438 0.338324 0.357069 0.0976246 -0.713973 0.347519 1.79097 -0.666502 -1.72725 0.22353 1.10816 0.231454 -1.14475 0.0405244 0.923908 -0.559829 -1.3435 0.400224 2.18298 1.06567 1.06567 
