54
-0.47069 -0.475855 -0.515665 -0.433119 -0.264976 -0.22437 0.136051 1.13698 1.8333 2.03908 1.86297 1.8029 1.7902 1.74491 1.53634 1.2688 1.06636 0.359307 -0.332815 -0.890693 -1.13052 -1.36472 -0.487103 0.603221 0.452098 0.411503 0.323078 0.333297 0.321789 0.267593 0.285147 0.260003 0.194724 0.148768 0.10466 0.0993696 0.077408 0.0693605 -0.0349502 -0.14123 -0.0963439 -0.283358 -0.315097 -0.381525 -0.534534 -0.7368 -0.827769 -0.928193 -1.03308 -1.19624 -1.45373 -1.82718 -2.03381 -2.11487 
-0.930168 -0.894335 -0.827979 -0.766153 -0.778686 -0.997455 -0.708328 0.758496 1.32382 1.53828 1.55769 1.59963 1.63943 1.6066 1.6618 1.53405 1.37461 1.38882 1.44831 1.33936 1.226 1.386 0.702872 0.162432 -0.302353 -0.65326 -0.812227 -0.92944 -0.949613 -1.02822 -0.998053 -0.972922 -1.08375 -0.942696 -0.855856 -0.902108 -0.874542 -0.808145 -0.873409 -0.761193 -0.692512 -0.650709 -0.601096 -0.510394 -0.541724 -0.51609 -0.426867 -0.453083 -0.323514 -0.0751138 0.311238 0.443116 0.626881 0.812584 
0.573035 0.80166 0.478833 0.820026 0.345229 0.302946 0.315943 0.574407 -0.79271 -1.56122 -2.15411 -2.48133 -2.46087 -2.03673 -1.8464 -1.7705 -1.29728 -1.18155 -1.15629 -0.570824 -0.201741 0.0700439 -0.766419 -1.28437 0.0677556 0.636995 0.097911 0.568948 0.517941 0.152045 0.108931 0.461014 0.30623 0.476992 0.559826 0.245783 0.223748 0.465268 0.385203 0.633219 0.756893 0.436385 0.633925 0.840998 0.916719 1.03417 1.3527 0.878216 0.968769 0.791455 1.09438 0.624318 0.505525 0.537935 
-0.584711 -0.444325 -0.337924 -0.256737 -0.678625 -0.635973 -0.685654 0.0112236 0.571293 0.788553 1.03561 1.50401 1.7057 2.04657 1.98797 2.28044 2.05144 1.95346 1.72333 1.76766 1.27438 1.07047 0.442062 -0.0330109 -0.408501 -0.146877 -0.27004 -0.416354 -0.453313 -0.607632 -0.561023 -0.370125 -0.588907 -0.473523 -0.498864 -0.624177 -0.756727 -0.63493 -0.952436 -0.991418 -0.802395 -0.974103 -0.947273 -0.792935 -1.04737 -0.802551 -0.627695 -0.811996 -0.742235 -0.515652 -0.873043 -0.444921 -0.132536 -0.287654 
-0.607095 0.129971 0.421756 0.731267 -0.793838 -0.35106 -0.730527 1.77665 1.51183 1.09157 0.0624335 -0.276811 -0.0764304 -0.741742 0.360711 -0.0937967 1.10994 1.7023 1.527 2.05923 2.21898 2.07395 1.39556 0.463856 0.270583 0.62386 0.257837 0.883572 -0.385475 -0.205724 -0.342378 -0.567172 -1.91471 -1.68792 -0.573934 -1.31105 -0.670691 -1.10907 -1.02116 -0.610918 -0.825858 -0.207179 -0.269612 0.0649756 -0.0307276 -1.29913 -1.02476 -0.882 -1.16045 -0.585042 -1.12071 0.279347 0.416821 0.0429717 
0.0108871 0.440725 0.22283 0.716324 0.775135 -0.066267 0.0147 -0.00585722 -1.05888 -1.61531 -1.36652 -1.96792 -1.62213 -1.68052 -1.89088 -1.53898 -1.7493 -2.25787 -1.26375 -0.931404 -1.02975 -0.405459 1.18592 0.465697 -0.367634 -0.0865396 0.781784 0.539664 0.107252 0.810785 0.747346 1.15574 0.992219 0.438899 0.324932 -0.0531001 0.172427 0.227189 -0.340037 0.230394 0.360238 0.0610309 0.713126 -0.291158 0.569222 0.825554 0.394445 1.30814 1.03174 0.789983 1.3295 0.947113 1.43277 1.46558 
0.157087 0.124098 -0.197152 -0.759845 -0.436099 -0.262316 -1.0431 0.160069 -0.00980402 -0.682197 -0.410691 -0.196518 -0.551702 -1.08289 -0.390487 -1.00961 0.546991 0.811785 1.31797 2.76669 2.25317 1.49891 -0.566896 -2.35514 -2.00017 -1.00914 0.112376 0.0375208 0.311672 0.39961 -0.820198 0.0308783 0.392539 -0.379139 -1.09797 -0.23699 -0.533725 0.526903 0.575312 0.526209 0.249949 -0.672911 -0.885096 -1.21627 -0.726768 -0.437289 0.523541 0.861146 0.276888 0.0268325 -0.0860153 1.5179 1.63061 2.41946 
0.341294 0.702132 0.532354 0.127315 0.295119 0.555327 -0.398303 0.0715087 -1.4829 -2.00959 -1.0674 -0.584937 -0.858363 -1.28954 -1.98781 -0.612001 -1.18136 -1.39679 -2.45167 -1.98465 -2.05117 -1.48709 0.708077 0.730485 0.507962 0.0355521 0.19328 0.383913 0.886844 1.02047 0.820522 0.70614 1.07926 0.663111 0.358018 0.388556 0.11381 0.392082 1.26162 0.598325 0.796181 -0.636836 0.2589 -0.391616 0.45196 0.816818 0.375888 1.23805 1.66327 1.12067 0.431999 0.830514 0.434642 -0.0199471 
0.365754 0.405153 1.76712 -0.156004 -0.066235 0.385782 -1.45643 -0.669783 -1.1334 -0.293011 0.494315 0.631019 0.940598 0.721551 -0.725898 -1.2536 -1.09254 -0.886371 -1.47858 -1.45116 -1.09806 -1.64048 -2.28086 -2.78541 -0.412537 -0.669518 0.822657 1.20632 0.710153 1.01356 0.330588 0.0169731 1.11675 0.349929 1.15128 1.74208 0.48377 0.53668 0.912277 0.689309 0.193248 0.600483 0.646812 -0.0281072 0.587201 0.722544 -0.693993 0.968512 0.184912 1.09052 0.469993 -1.01432 -0.180432 -0.791118 
0.00907768 0.0650168 0.0183027 0.246362 -0.541677 0.392228 -0.846047 -0.245756 -0.063541 0.0865085 0.270496 0.361422 0.771295 1.07507 1.0498 1.3561 1.88023 1.56687 2.58911 3.01692 2.34723 1.54245 -0.552954 -1.31439 -0.732956 -1.32044 -1.22834 -1.90182 -1.41468 -1.20859 -0.892106 -0.827028 -0.367916 -0.540509 -0.470482 -0.288172 -0.515577 -0.139969 -0.239292 -0.632976 -0.0607307 -0.305327 -0.179121 -0.145377 -0.0357977 -0.358443 -0.249063 0.00026532 -0.442201 -0.681756 -0.167063 -0.209085 0.432689 0.0417292 
1.68106 0.735988 -0.309476 0.658033 0.411159 0.625031 0.405518 0.331373 0.601566 0.980986 0.574607 -0.217054 -0.199487 -0.828209 -1.8599 -2.29803 -2.36978 -3.44751 -1.96888 -1.44099 -0.917262 -1.07784 0.649073 1.16126 0.126489 0.358757 -0.337104 -1.02134 -0.186611 -0.855924 -0.142622 1.13434 0.417552 -0.0162578 -0.25917 0.496511 1.02288 1.03964 0.744044 0.397283 0.328742 0.67418 -0.0206905 0.553631 -0.130141 0.237691 0.444334 0.415894 0.745718 -0.14524 0.695178 0.368246 0.770933 0.261809 
0.790349 -0.534414 -1.00488 -0.168377 -0.0176175 0.638702 1.17892 -1.15565 -1.05198 -0.568712 -0.364266 -1.59182 -1.83951 -0.9419 -0.236347 0.0346191 1.28402 1.3276 -0.120276 -1.0238 -2.54782 -0.72342 1.58693 2.43617 0.760658 -0.770011 -0.669627 0.658979 -0.551576 -0.825953 -0.507994 0.0285118 0.628671 -0.952711 -0.169002 0.0564807 -0.0631046 0.991885 0.842696 -0.611709 -0.237861 1.04051 0.455223 0.152833 0.271134 1.28999 1.35794 -0.219822 -1.3392 0.360141 1.09186 1.30294 -1.10463 1.34621 
0.31312 0.0766543 -1.01423 0.250402 0.302074 0.880293 0.45578 -0.852499 -0.974724 -1.96285 0.160607 0.730745 -0.115225 0.748271 0.553651 1.33871 -0.243579 1.04609 1.35424 2.1543 1.27035 1.11975 -0.749666 -1.6962 -1.44058 -1.7047 -1.61 -0.379258 0.497166 1.33405 0.541968 -1.31347 -1.14582 -0.641409 -0.166327 -1.50981 0.423605 1.57371 -0.0451227 -0.349242 -1.29851 -0.404685 -0.572487 0.719872 0.775921 1.32165 -0.395754 0.109696 -0.747925 0.468177 0.423114 -0.384649 -0.804399 1.57916 
0.0348906 0.0348906 0.184286 0.538489 0.467053 0.794556 2.43025 3.00239 1.64803 0.162023 -0.29079 -0.0124372 0.0127235 -0.320902 -0.699451 -0.689019 -1.43763 -2.27169 -2.01761 -1.24721 -0.695911 1.20741 3.46346 1.71122 -0.215055 -0.108262 -0.0217106 0.1093 -0.000418211 0.0490827 0.0985666 -0.0425209 -0.0779689 -0.0419087 0.0273561 0.0650774 0.0603813 -0.0798825 -0.247199 0.00692443 -0.130589 -0.261102 -0.0557109 -0.262269 -0.493639 -0.387967 -0.214501 -0.238199 -0.345055 -0.604991 -0.963187 -0.876544 -0.378512 -0.378512 
0.0664589 0.0664589 0.118788 -0.0400344 -0.604939 0.00237635 3.39588 3.95194 1.43061 0.331551 -0.0157546 0.0252921 -0.125247 -0.0942412 -0.285329 -0.717451 -0.43165 0.00910945 -0.238861 -0.586833 -0.0453739 -1.19246 -2.6026 -2.16303 -1.78146 -1.16577 -0.69529 -0.415862 -0.338148 -0.236795 -0.0279364 -0.311799 -0.0784202 0.319531 -0.0575597 -0.17689 0.0498988 -0.136993 -0.0447473 0.224918 0.0831578 0.0447693 0.143216 -0.0197416 -0.150739 0.0919613 -0.0124251 0.0688014 0.621671 1.13864 0.904049 0.496194 0.604555 0.604555 
-0.135419 -0.135419 0.0445051 -0.198397 -0.811329 -0.0316604 0.44904 -1.75687 -3.39834 -2.16085 -1.45551 -0.475157 0.725778 0.997283 0.440681 0.892839 0.956494 0.240506 0.991309 1.54086 1.03948 -0.887408 -2.14968 1.34846 3.08617 0.0633485 -0.0936137 0.686506 -0.651211 -0.638593 0.508992 0.330503 0.040688 0.420486 -0.354405 -0.522021 0.365965 0.273211 0.283595 0.609243 -0.299462 -0.181398 0.661865 0.467155 0.323913 0.712006 -0.234126 -0.598512 -0.123525 0.215923 -0.251996 -0.926053 -0.12292 -0.12292 
0.533519 0.533519 0.39501 -0.841021 -0.931182 -0.0603317 1.47035 2.89698 1.77482 1.04247 1.63006 1.52392 1.22554 0.61655 0.503286 0.104599 -0.808918 -0.811553 -0.4786 -1.0943 -1.6751 -1.99124 -2.62569 -2.03394 -0.310299 0.280068 -0.674379 -0.472689 -0.491417 -0.295893 0.511807 -0.109128 -0.285808 0.166787 -0.396369 -0.647206 -0.0690447 -0.501785 -0.87796 0.307162 -0.00337269 -0.382855 0.37999 -0.278094 -0.0663868 0.938035 -0.0659835 -0.311875 0.649467 -0.349939 0.121603 1.68867 0.324069 0.324069 
1.09484 1.09484 0.625245 -1.37029 -1.22392 0.0343616 2.30174 2.42767 -0.787609 -1.62709 -1.53811 -0.187693 -0.54582 0.444949 0.67648 0.787719 1.93753 0.422894 0.356841 0.724849 -0.0189978 -0.939558 -1.80359 -1.27077 0.140562 -0.0491733 0.250074 -0.741742 -1.23158 0.0121599 -0.432162 -1.76211 -1.26612 1.43744 0.378752 -0.141446 0.186659 -0.420107 0.511964 0.179334 0.408261 0.575764 0.26374 0.227199 -1.53341 -1.12694 0.42297 -0.184209 0.290982 0.00846998 0.914207 1.65354 -0.294792 -0.294792 
0.223098 0.223098 0.315855 0.719054 -1.22608 -1.19379 0.00229333 -1.65009 -2.43093 -0.534003 -0.59953 -0.458194 0.333053 -0.477328 0.120512 0.12057 -1.13325 0.621776 1.84711 0.255236 0.680644 3.14282 1.18366 -2.34948 -0.890418 1.58913 0.826733 -1.06862 0.30933 0.846973 0.416908 0.271082 -1.13026 -1.05806 -0.802643 -0.307952 0.322688 -0.832465 -0.0810623 0.934666 -0.332518 0.428475 -0.59892 -0.29542 1.54147 -0.340407 0.617459 0.842889 -0.840755 0.348146 0.143228 0.064748 0.669745 0.669745 
-0.377336 -0.377336 -0.8377 -0.277135 0.362935 -0.597011 0.297627 0.82857 -0.80148 -0.417878 0.352636 -0.192019 -0.839814 0.0706454 -0.00577571 0.745294 1.5135 0.600591 1.62954 0.743318 -1.17129 -2.52039 -3.41902 -1.31513 1.10034 1.76655 0.840183 0.103741 0.245225 -1.05317 -0.389932 0.984522 -0.425813 -1.36486 0.0540751 0.420915 0.594431 0.894396 -0.0700698 -0.352239 -1.11162 -1.05593 -0.541701 0.0681361 0.607545 1.01718 1.059 -0.283833 -0.794568 -0.384866 1.22642 1.42245 0.714083 0.714083 
0.248059 0.248059 -0.635935 -0.246289 0.521556 -0.772832 -0.530902 -1.22434 -2.37452 0.507113 1.6719 0.268809 -0.785741 -1.2761 0.80957 0.958355 -0.878286 -1.43869 -0.650992 0.489798 0.601827 3.21233 2.58712 -0.203444 -0.774576 -0.335681 0.429621 0.828063 0.762268 -0.0490177 -0.33528 0.326181 -0.0221319 -0.804948 -0.289365 -0.254338 0.0316031 1.35236 0.265584 -0.509686 -1.39812 -0.59261 0.310573 0.250368 1.42234 -0.0602708 0.513728 1.51346 -0.107947 -1.39363 -0.307373 0.0305842 -0.95409 -0.95409 
1.39833 1.39833 -0.556895 -1.82436 0.541947 -1.38285 -1.04947 0.324007 0.377547 1.62384 0.922769 0.446798 0.0923701 -1.65812 -1.96564 -0.363101 0.368042 -0.382432 -0.560514 0.381281 -0.186443 -1.17623 -1.13849 1.86355 2.1102 1.23278 1.87104 -0.109911 -0.189869 -0.375978 -0.990707 0.785412 0.333893 0.0365835 1.38915 -0.662858 -1.19874 0.42909 0.154237 -0.714181 -0.086321 0.454053 -0.624078 -0.0572146 0.750035 -1.27425 0.247229 0.877811 0.123731 0.286196 -2.09484 -0.645831 0.224547 0.224547 
-0.00407082 -0.00407082 0.229177 -0.775424 0.181097 -0.429036 -0.881131 1.04383 0.433694 0.436096 0.355975 0.662081 0.950519 0.360844 0.364261 1.10878 0.26906 0.944059 1.94845 -0.344358 -2.01469 -3.94673 -3.888 -0.2605 -0.0247617 -0.687884 -0.804428 -0.269089 0.922849 0.691588 0.500502 0.693779 0.371702 -0.155563 0.325379 -0.0776833 0.184265 0.357834 -0.684666 0.225404 0.427439 -0.177008 0.200183 0.177652 -0.305306 -0.305576 0.469528 -0.278302 -0.940807 0.35628 0.623963 0.796178 0.323317 0.323317 
-2.11463 -2.11463 -0.0148076 0.861966 0.0345476 0.0645863 -0.251628 0.286021 0.78399 0.0411809 -1.24455 -0.779099 -0.600208 -1.75219 -1.54294 -0.48902 -1.19123 0.510931 2.27374 1.22535 0.469485 1.79046 2.52909 -0.502967 -0.810294 -0.4382 -1.44443 0.236006 0.252394 0.119075 2.2559 0.685795 -1.19247 -0.672194 0.633749 1.47834 0.667081 -0.235354 -0.634463 -0.385181 0.374785 -0.312863 -0.0615709 -0.0493859 -0.276091 0.701496 0.266429 0.40167 -0.54529 0.0152912 0.634537 0.153952 -0.0460779 -0.0460779 
-1.14451 -1.14451 0.258931 0.662329 0.545327 0.798229 -1.14394 -1.42742 0.402375 0.467815 -0.643128 -0.936725 0.443274 1.06227 0.655355 1.00851 0.860857 -0.890657 -1.50567 -1.55512 0.216294 2.7062 2.07296 -0.515312 -2.06073 -0.907534 0.949173 0.0978983 -0.94302 0.0495411 0.576098 0.759348 -0.615929 -0.496739 0.676572 0.090006 0.628657 0.609434 -1.02007 -0.680434 1.09413 0.471304 -0.555183 -0.0983002 0.759667 0.726974 -0.959174 -1.73018 0.397847 1.59988 0.633458 -1.40507 0.0493389 0.0493389 
-1.0089 -1.0089 0.116032 0.972271 0.457867 0.101012 -1.31274 -1.0862 -0.846277 0.836646 2.00441 -0.220885 -0.00104117 0.487083 0.428303 -0.611623 -0.233468 1.18323 0.81632 -0.077043 -0.789467 -1.52798 -2.12447 -0.531952 -0.0205408 -0.141138 0.979115 1.56495 1.26978 0.0193994 -1.99824 -1.27901 0.489472 0.719857 -0.664959 0.427922 2.29663 -0.365442 -1.45525 -0.953466 -0.0557244 0.529906 0.828572 0.996327 0.436802 -0.892233 -0.922421 -0.278094 0.254471 0.863406 -0.653286 -0.934079 1.45751 1.45751 
0.131757 0.131757 0.437347 0.246824 0.223788 1.69662 1.90768 -0.67199 -2.44767 -1.66986 -0.14765 0.264723 -0.263263 -0.611564 -0.314728 -0.633999 -1.36259 -0.497511 0.886739 1.14316 2.12059 3.59137 0.437531 -3.17078 -1.5669 0.169674 0.190568 0.021236 -0.0490865 0.0882652 -0.0761653 -0.14944 0.00339417 0.0937353 0.0951684 0.0313584 -0.122199 -0.262499 0.0777588 0.103471 -0.228374 0.0674676 0.0018595 -0.374957 -0.10558 0.243692 0.132078 -0.10977 -0.313585 -0.530428 -0.231416 0.507295 0.432544 0.432544 
0.0261034 0.0261034 -0.114794 -0.662365 0.017304 3.52895 3.48348 -1.76378 -3.2321 -1.30345 -0.292014 -0.117455 -0.126363 -0.162334 -0.573193 -0.150127 0.624239 0.150711 -0.549002 0.151329 -0.557594 -2.28893 -0.88135 0.708148 0.864386 0.943258 0.644953 0.296514 0.138537 0.25488 -0.0868584 -0.0651061 0.539756 -0.00181392 -0.460714 0.0750103 0.0150742 -0.104284 0.300745 0.0931493 -0.180137 0.0329597 -0.0775501 -0.281099 0.0787757 0.102383 -0.0408661 0.54221 0.92877 0.230188 -0.590254 -0.286012 0.0758112 0.0758112 
0.111077 0.111077 -0.0562394 -0.602374 0.101993 0.855309 -1.20122 -2.66301 -0.291128 1.3254 1.14828 1.48966 1.00139 -0.209239 -0.0848021 0.342443 -0.462198 0.0111231 0.882848 0.0203246 -1.68549 -2.20962 1.52725 3.5937 -0.898067 -2.20316 0.416385 -0.396943 -0.925613 0.786312 0.654674 -0.335436 0.0491235 -0.285006 -0.662077 0.483346 0.534913 -0.0695963 0.218607 -0.41448 -0.557468 0.649322 0.433878 -0.245647 0.155799 -0.397247 -0.91557 0.0633259 0.548141 -0.101352 -0.799475 0.0760511 0.540355 0.540355 
-0.0976382 -0.0976382 -1.27027 -1.2244 0.774416 2.31213 2.8394 0.32262 -1.72562 -0.103569 0.490518 -0.350004 -0.827059 -0.651446 -0.451926 -1.21113 -0.835395 0.347143 -0.234482 -1.10136 -0.817167 -0.868071 -0.00674096 2.2304 2.22909 -0.31164 -0.68038 0.207346 0.201496 0.985536 0.210953 -0.722937 0.295531 -0.0711234 -0.738476 0.344303 0.171729 -0.733659 0.801224 0.863498 -0.620859 0.397468 0.133156 -0.389715 1.18752 0.0341499 -1.15204 0.712522 -0.00234389 -0.467022 1.96782 0.225849 -1.26085 -1.26085 
-0.245054 -0.245054 -1.55486 -1.15056 0.98514 2.3773 1.63406 -1.96458 -2.59823 -0.429431 1.00794 0.714477 0.478417 0.865449 0.288154 0.890883 -0.176287 -0.97434 0.261364 -0.183517 -1.02929 -1.10817 -0.154224 1.33925 0.864986 0.135051 -0.391408 -0.909335 0.558008 0.587881 -1.1014 -0.484211 2.16325 1.14281 -0.973154 -0.0629121 -0.119733 0.276691 0.456625 -0.00489546 0.323374 -0.0316876 -0.165615 -1.11642 -0.825642 1.34727 0.681951 -0.0234612 0.189639 0.472236 1.14294 -0.730375 -1.21565 -1.21565 
0.0409404 0.0409404 0.301747 -1.01645 -1.25637 0.775504 -0.314214 -1.59297 0.702878 1.16557 0.0299776 0.584176 -0.0314347 -0.156539 0.367687 -0.830048 0.305143 1.90877 -0.256152 -0.773579 1.84875 0.306316 -3.57171 -1.36066 2.5286 1.09167 -1.7382 -0.353737 1.22003 0.0505274 -0.391569 -1.01983 -0.878806 0.19286 0.466145 0.708854 -0.358335 -0.280221 1.124 -0.18171 -0.346485 -0.191379 -0.487305 1.36544 -0.048158 -0.61675 0.746348 -0.962293 -0.33908 0.617424 -0.202372 0.321515 0.372279 0.372279 
-0.335734 -0.335734 0.0570513 0.82812 -0.237295 -0.0589198 0.985738 -0.783297 -0.886538 0.795524 0.145099 -0.848702 0.170889 0.571247 0.459564 1.05139 -0.114551 0.0681472 0.0868489 -1.97569 -2.30002 -1.58813 0.831362 3.15353 2.14615 -0.195448 -1.17828 -0.430043 -0.823803 -0.45821 1.41464 -0.0383005 -1.65936 0.323096 1.23813 0.365466 0.318607 -0.478771 -0.88667 -0.742968 -0.506234 0.386181 0.774471 0.792112 0.651828 0.303175 -0.924769 -1.31195 -0.0839519 1.40293 1.25322 -0.372147 -0.509506 -0.509506 
-0.516391 -0.516391 -0.266399 0.793399 -0.287055 -0.624475 -0.238911 -1.13207 1.16164 2.6469 -0.102125 -1.52602 -0.940425 1.0743 1.48436 -1.03214 -1.48715 0.196597 1.28806 0.854561 1.79751 1.3245 -2.14075 -2.10605 -0.0340734 0.823365 0.797411 0.26419 -0.511955 -0.653405 0.291491 0.25168 -0.67495 -0.120685 0.404033 0.256697 1.08161 0.200887 -1.1439 -1.01664 -0.00243503 1.14704 0.591612 0.764062 -0.148534 -0.532184 1.06045 -0.348091 -1.81438 -0.0771806 0.964524 -0.364157 -0.580986 -0.580986 
-1.2675 -1.2675 -2.11676 0.778864 0.338422 -1.02373 1.18626 0.998754 0.913537 0.407914 -0.74608 -0.513815 -1.3678 -1.33637 0.910315 1.60626 0.0296375 -0.579584 0.554313 0.293235 -1.00101 -0.595327 2.07938 2.21936 -0.380059 -0.117656 -0.857072 -1.33831 -0.135687 -0.494008 0.820775 0.930133 -0.459159 0.74966 -0.426068 -1.69142 0.774245 0.949149 -0.723453 -0.118594 0.82536 -0.317731 -0.299982 0.963309 -0.772882 -0.294313 1.48457 -0.040159 -0.353819 -1.44395 -0.581911 1.59668 0.625783 0.625783 
0.175186 0.175186 -0.605059 -0.0433136 0.263059 -0.830973 1.13796 1.01521 -0.477984 -0.0663333 0.169545 0.455794 -0.239933 -0.461301 0.574931 -0.0799113 -0.133907 1.29836 -1.00665 -3.08402 -2.80383 -1.46092 2.85702 2.99449 -0.337908 -0.611515 0.319295 1.33555 0.740159 -0.333996 -0.00426919 -0.106006 -0.665631 -0.0419486 0.0545156 -0.115571 0.332283 -0.680844 -0.108826 0.857768 -0.318512 -0.182474 0.269483 -0.39857 -0.38128 0.59582 0.0152118 -1.10134 0.48689 1.20934 0.335685 -0.239474 -0.373228 -0.373228 
1.41319 1.41319 2.03645 -0.0443851 -0.646287 -0.282897 0.0779376 0.6567 -0.253514 -1.52146 -0.662565 0.378561 -0.771191 -0.74961 0.818455 0.170543 0.631346 2.38361 0.428377 -1.36202 0.322238 1.3846 -1.70975 -2.45327 -0.0334298 -0.530248 0.39979 1.12672 -0.16259 1.34472 0.323384 -2.53074 -1.0448 1.2187 1.44924 -0.0557752 -1.29765 -1.00467 -0.185973 0.637955 -0.0280622 -0.389653 0.107824 -0.231961 0.454295 0.306181 -0.292601 -0.656479 -0.354127 0.759211 0.0190977 -0.563284 -0.22166 -0.22166 
0.743244 0.743244 0.972763 0.10768 0.0220536 -1.01641 -1.32159 0.824536 1.02306 -0.650126 -0.854406 0.562857 1.08209 0.0653978 -0.0858583 0.0616544 -1.13583 -1.40175 -0.433326 0.924473 2.36928 1.00111 -1.8882 -2.4072 -0.278431 1.65727 0.516788 -1.13187 -0.0827832 0.809059 0.348588 -0.733494 -0.769942 0.680121 0.278569 -0.0825313 0.240268 -0.993343 -0.789161 1.14764 0.600031 -0.993674 -0.379355 0.692837 0.414284 -1.03323 -1.45331 0.716831 1.83943 0.0787859 -1.76499 -0.387614 0.772244 0.772244 
0.604729 0.604729 1.13938 0.115746 -0.641737 -1.20331 -0.839026 0.193565 1.10297 1.68233 -0.758049 -1.34996 0.344368 0.170389 -0.78376 -0.510928 1.02305 0.557809 -0.884649 -1.10039 -1.0037 -0.931306 0.524241 1.21603 0.14633 0.526504 0.967614 0.0837969 -1.06278 -2.13833 -0.908458 1.45568 1.15043 -0.818556 -0.279994 1.75158 -0.593097 -2.44046 -0.464879 0.77619 0.828548 0.454472 0.193541 -0.342333 -1.27696 -0.946432 0.28578 0.637175 0.615075 -0.664528 -1.22009 1.22033 1.39566 1.39566 
