57
-0.389285 -0.326446 -0.274558 -0.302037 -0.165144 -0.195717 -0.0588856 0.104576 0.728825 1.52429 1.76428 1.82563 1.7187 1.72843 1.72752 1.77248 1.60829 1.3607 1.06253 0.613789 -0.0247777 -0.604758 -0.988439 -1.0939 -1.25306 -0.913401 0.434418 0.54615 0.509266 0.436115 0.658805 0.596852 0.465474 0.344984 0.260678 0.243853 0.0740054 0.0208996 -0.00695014 0.0706308 -0.0089271 -0.22492 -0.300641 -0.429627 -0.525296 -0.503125 -0.607901 -0.646626 -0.757741 -0.884637 -0.875003 -1.03975 -1.16795 -1.52886 -1.81715 -2.11747 -2.1692 
-0.80383 -0.775473 -0.819269 -1.00382 -0.97856 -1.03112 -0.847545 -0.825109 0.143341 1.05226 1.36464 1.48978 1.39416 1.42813 1.44103 1.44241 1.55634 1.47487 1.32515 1.2535 1.5038 1.39468 1.2093 1.43076 1.39022 0.978719 0.416035 -0.0765437 -0.749626 -0.905582 -0.769067 -0.846104 -0.909409 -0.992081 -0.949444 -0.844439 -1.03374 -0.995251 -1.02081 -0.880026 -0.785234 -0.951265 -0.910494 -0.958505 -0.93314 -0.711491 -0.771045 -0.668185 -0.417418 -0.483408 -0.27339 -0.163148 0.142734 0.282753 0.700787 0.560666 0.707504 
0.590189 0.754364 0.532395 0.671175 0.690291 0.402016 0.429669 0.315478 1.15029 0.0268908 -0.853875 -1.95233 -2.25827 -2.38557 -2.09827 -1.96598 -1.94641 -1.98181 -1.50407 -1.03313 -1.06114 -0.619212 -0.714768 -0.396572 -0.453086 -0.630667 -1.35583 -0.0398344 0.584606 0.434623 0.226218 0.276698 0.30029 0.260405 0.516509 0.524173 0.544402 0.253845 0.410934 0.403523 0.45346 0.302463 0.653919 0.436569 0.660012 1.04851 0.949082 0.87199 0.817732 0.989701 0.956728 0.843826 1.09745 1.00783 0.735698 0.605056 0.521815 
-0.826904 -0.800559 -0.655024 -0.441442 -0.504638 -0.788751 -0.374685 -0.426555 -0.144651 0.227162 0.492448 0.962152 1.16662 1.33784 1.61834 1.97751 2.14284 2.22898 2.11944 2.02883 1.7071 1.47753 1.38148 1.39894 1.02409 0.754262 -0.203696 -0.547785 -0.485326 -0.460583 -0.451236 -0.238204 -0.583362 -0.429856 -0.392488 -0.320176 -0.640332 -0.682302 -0.372565 -0.519396 -0.803273 -0.715892 -0.691814 -0.859094 -0.743558 -1.10042 -0.775915 -0.877341 -0.912246 -0.920179 -0.739772 -0.793457 -0.58677 -0.623865 -0.702592 -0.62919 -0.279678 
0.429527 -0.2591 -0.199101 -0.154455 0.281735 0.664459 1.04627 -0.0890344 1.49597 2.7035 0.376921 -0.859853 -1.33058 -0.361611 -0.466966 -0.989739 -0.526421 0.0448023 1.06208 0.438625 1.11542 1.76676 1.51785 1.93882 1.72464 0.126013 -1.42963 -0.243414 -0.698692 0.152774 -0.0317321 -0.471889 -0.617092 0.183945 -0.63445 1.52974 0.918458 0.295456 0.822672 -0.50749 0.38275 -0.344762 0.00916342 -0.73576 0.610998 0.399298 -0.471473 0.391509 -0.983719 -0.977918 -1.67232 -1.78483 -0.729991 -0.630158 -1.02822 -2.28083 -0.918926 
0.680874 0.0294872 0.601372 -0.119824 0.11483 0.567965 0.506148 -0.192968 0.573638 -0.603989 -0.94643 -0.908722 -1.27646 -1.56568 -1.87804 -2.00683 -2.04334 -2.21775 -1.62167 -1.32536 -1.24081 -1.06719 -0.0813184 -0.483427 -0.581287 0.675967 0.290432 -0.707643 -0.953974 -0.475279 -0.144373 -0.702033 0.645338 0.253249 -0.387708 0.107066 0.904643 1.11664 0.655977 0.390582 0.813123 0.733284 1.00892 0.959855 1.28699 0.875824 0.658298 0.986109 1.21805 0.584324 0.348206 0.140015 0.359096 2.13442 0.883225 0.758595 1.66956 
0.239822 -0.0750491 0.0782465 -0.55942 -0.718944 1.8916 0.931233 0.23471 0.462521 -0.00196469 0.828457 -0.105487 -0.415496 -0.430239 -0.275805 -0.97146 -0.746737 -0.796567 -0.570843 -0.228681 0.566459 0.76745 2.21019 1.41554 -0.0429965 -0.0383874 -2.49669 -1.75521 -2.36044 0.266262 -1.05884 -0.653349 -0.492617 -0.555014 -1.14364 -0.496953 0.235349 0.0565161 -0.73784 -1.27702 0.459205 1.13215 0.278008 -0.34754 -0.0610067 1.23017 0.365242 0.928344 2.15029 0.817836 0.128565 -1.35701 -0.34953 0.284303 -0.0275062 0.743327 2.44649 
-0.23724 -0.241503 -0.441142 -0.204433 0.405482 0.874195 0.35645 0.0575436 0.237219 -0.259478 -2.20302 -1.98967 -0.697498 -0.438069 -1.13722 -1.04449 -1.27756 -1.21564 -0.3987 -0.585237 -0.970468 -1.88749 -1.80596 -1.6097 -1.96165 0.642584 2.45587 1.08822 1.17486 1.08003 0.696309 0.619854 -0.165512 -0.0573456 0.337505 -0.020037 0.33648 0.749083 -0.0741445 0.091526 0.129519 0.0997189 0.429253 0.0614284 -0.0171023 0.491262 1.50922 1.71986 1.52213 1.42124 0.269274 0.674232 0.252614 1.32535 0.357514 0.0945945 -0.620117 
-0.467702 0.747479 0.350958 1.20139 1.72919 0.97734 0.476547 0.742651 0.250943 -1.53217 -1.30013 -0.223874 0.320786 0.345527 0.948741 -0.132801 -1.11436 -1.19244 -1.18598 -1.83356 -0.940253 -0.898221 -1.35961 -1.30407 -1.39006 -1.63853 -2.21415 -0.794371 -0.564752 -0.477231 -0.0918296 0.335212 0.641943 0.30621 1.34133 0.330581 0.560745 0.866308 0.0412967 0.969754 -0.67992 0.941496 1.16303 1.66487 0.00187154 -0.0542086 0.964798 1.7109 0.312536 1.12265 0.74717 0.611675 0.729106 0.8499 -0.858301 -1.02888 -1.02752 
-0.505236 -0.641193 -0.42691 -0.0830371 0.323911 -0.192867 -0.276395 -0.458933 -0.777856 -0.574047 0.0548673 0.00914908 0.453917 0.642354 0.936475 0.850664 0.83854 0.992624 1.49835 1.50588 1.81802 3.24255 2.40715 2.20841 1.37692 -0.277037 -2.21996 -1.50841 -0.92359 -1.24451 -0.837946 -0.889991 -0.338192 -0.5529 0.0597595 0.0357099 -0.67537 -0.793977 -1.30064 -0.67918 -1.19642 -0.0606269 -0.384043 -0.0962502 -0.755566 -0.477561 0.635921 0.198547 -0.649348 0.112495 -0.198931 -0.585583 -0.366825 0.0631228 0.264319 -0.0917125 0.511387 
0.83999 0.388545 0.0968951 0.203343 0.28977 0.789739 0.519655 0.114758 -0.364261 0.663422 0.875319 0.687798 0.544875 0.189118 -0.356349 -0.690174 -1.88686 -2.35689 -2.21868 -2.51158 -3.43534 -1.53509 -1.49157 -1.47262 -0.812138 -0.17554 0.504088 0.286438 0.142881 0.139761 0.222559 0.511252 0.756959 0.997517 0.538573 0.451207 0.788826 0.226311 -0.192093 0.450851 0.0120157 0.184334 0.254488 0.638798 0.174551 0.573509 1.57077 1.11243 0.28424 0.406134 0.327357 0.318807 0.694441 0.624968 1.24075 -0.66271 -0.47613 
-1.21691 -0.383266 -0.709625 -2.17569 -1.44601 -1.63462 -0.908201 0.596748 -0.636993 -1.01178 0.0302983 0.964809 -0.462295 -1.91391 -2.28527 -1.02942 -0.10877 0.237886 1.15754 1.77684 0.993846 1.28135 -0.476588 -0.81221 -0.987043 -0.713462 1.04676 1.29073 0.533818 -0.918175 -0.705336 0.861941 -0.23622 0.44626 -0.175706 0.513518 0.400897 0.313271 0.0730484 0.340301 -0.161804 -0.847365 1.7485 -0.38451 0.828192 0.366385 1.14134 0.909767 -0.0757065 1.67418 -0.0315838 -0.533833 1.38705 0.756057 1.39148 -0.595617 0.515102 
1.29951 0.8296 -0.307911 -0.147548 -0.487707 -1.40502 0.0292402 2.00805 -0.756381 -1.58507 -2.29164 -1.79503 0.358607 0.608011 0.750963 0.59471 1.55402 1.71146 1.32762 0.876698 0.524758 0.561638 -0.812655 -0.634443 -0.28469 0.054644 -2.77904 -2.2917 0.349478 -1.02446 -0.65008 -0.0402902 0.758204 0.401959 0.05085 1.19177 0.469312 1.21032 -0.409733 0.514894 0.532403 -0.240548 -0.049534 0.0593479 0.702848 -0.508081 -0.42607 -0.373362 -0.262416 1.04851 0.556549 -0.383365 0.540738 0.510324 -0.3191 -1.42832 -0.292847 
0.342501 0.342501 0.172102 0.332477 0.32664 0.326522 0.692598 1.61219 2.80456 2.0796 0.694581 0.0400525 -0.0573315 0.142699 0.209158 -0.0988937 -0.65085 -0.903616 -1.28311 -1.92533 -2.17293 -1.69205 -0.796796 -0.373203 0.466594 3.30974 2.87972 0.267262 -0.0815474 0.408178 0.429306 -0.238698 -0.349138 -0.260329 -0.0647491 -0.226137 -0.294586 -0.0266849 0.219876 0.12232 -0.431553 -0.424313 -0.260161 -0.297797 -0.0126147 -0.0297969 -0.144687 -0.156645 -0.322994 -0.0951836 -0.166594 -0.426644 -0.796727 -1.09877 -0.98445 -0.538142 -0.538142 
-0.140256 -0.140256 -0.597976 -0.449516 -0.165749 0.174594 0.335817 2.02316 3.92894 2.5185 0.833522 -0.0436046 -0.239591 -0.00629659 -0.0763748 0.140835 -0.0372899 -0.604091 -0.582974 0.277006 0.196455 -0.740209 -0.0295147 0.281891 -1.07886 -2.20139 -2.37569 -2.61303 -1.88935 -0.148863 0.0207987 -0.408775 -0.420891 -0.193135 0.210338 -0.288297 -0.431286 -0.0792524 0.140648 0.39937 -0.260218 -0.376352 -0.122631 -0.155753 0.423968 0.241408 -0.0139675 0.653168 0.290172 0.202567 0.581435 0.787525 0.851539 1.09265 0.490395 -0.0926263 -0.0926263 
-0.0834639 -0.0834639 -0.126537 0.282372 -0.441962 -0.427484 -0.132216 1.23682 -0.474915 -3.38473 -3.34242 -2.36745 -0.720269 0.285947 0.726243 0.272126 -0.012291 0.764815 1.62363 0.765831 0.716613 0.602044 0.392184 0.458403 -0.382489 -1.51659 1.01668 3.30575 0.819294 -0.593304 -0.253296 0.140195 -0.0130733 0.381295 0.461942 0.0618713 -0.443946 -0.211816 0.268433 0.0866901 -0.156848 0.354563 0.24202 0.0248957 1.05248 0.504858 -0.284831 -0.208223 0.214212 0.250314 -0.232858 0.253245 0.292725 -0.599014 -0.668582 -0.348208 -0.348208 
0.367511 0.367511 0.82984 0.314439 -0.914472 0.263984 0.83744 0.511106 1.55727 1.51623 1.75795 1.60776 0.870763 1.05849 1.52257 1.23822 0.564037 -0.114664 -0.551103 -1.07507 -1.41816 -0.860909 -0.25096 -0.939359 -1.64874 -3.08855 -3.27192 -0.752298 0.158424 0.0272818 0.492204 -0.383142 -0.530122 0.414412 0.213927 -0.668874 -0.951059 0.604277 0.345352 -1.1204 -0.542082 0.21832 -0.41049 -0.184663 -0.652773 -0.13679 0.493928 -0.393524 -0.162673 0.368978 0.256008 0.320897 0.361864 -0.342883 -0.0700455 0.987365 0.987365 
-0.507331 -0.507331 0.156514 0.497086 0.803154 0.753923 -0.620375 0.4689 2.58991 -0.95132 -3.1642 -1.48405 0.512844 0.843621 -0.506879 0.00795057 0.998365 1.49987 0.418312 0.110071 1.26416 0.426107 0.217551 0.248979 -1.57939 -2.79384 -0.272673 0.72351 0.420452 0.665587 -0.503742 -0.468161 0.655515 0.0460622 1.28015 1.46765 -1.05564 -0.0249406 -0.665145 -0.336493 0.209097 -0.276438 -0.292201 0.606629 1.08936 -0.918205 0.0547252 -0.401969 -1.17799 -0.561629 -0.668732 0.914886 1.10712 -0.208214 -1.43261 0.16072 0.16072 
-0.16672 -0.16672 -0.262088 -0.722786 0.881492 0.476477 -1.09764 0.0340882 -0.619616 -2.13471 -0.474414 -0.50897 -0.955596 -0.879941 -0.66078 -0.283934 -0.346249 0.517942 1.16101 0.462189 0.29458 1.5259 0.739375 -0.741128 1.52576 1.13276 -1.94829 -1.75812 0.259328 1.0479 -0.367884 1.02073 1.24692 -1.46938 -0.257816 1.7074 1.32109 -0.397819 -1.05 0.156569 0.410062 0.209368 0.251413 0.32177 -0.172908 -0.91698 0.0925522 0.70658 -0.606998 -1.24643 -0.665092 -0.0432344 2.66649 0.657913 -1.93766 1.01612 1.01612 
-0.202876 -0.202876 -0.459471 -0.708138 1.87392 1.23732 -1.39153 -0.447024 -0.262573 0.216454 -0.156728 -1.06328 -0.332587 0.0366072 -0.504663 -0.448789 0.0645897 0.0653855 0.376987 0.829626 0.717407 1.2322 0.44074 -1.86554 -1.23019 -2.02493 -1.43917 0.0338727 1.53247 0.960229 -0.805451 0.375668 0.00373188 -0.591946 -0.0282821 1.02175 0.365527 -0.848042 -1.13449 0.877117 1.84066 -0.218473 -1.25067 -0.343925 1.17971 0.264397 -0.314363 1.34453 -0.162281 -1.68154 -1.80326 -0.454483 1.23027 0.181547 0.29045 1.89219 1.89219 
-0.174866 -0.174866 0.0562124 0.832533 1.05501 -0.0263549 -0.762461 -0.0936716 -0.283342 -2.3194 -1.6385 1.46438 1.50857 -0.401002 -0.560864 -0.113922 -0.14346 0.86345 0.625191 -0.52763 -1.22813 -0.780529 0.287049 -0.128635 2.18049 4.25684 0.448008 -1.20776 0.0128048 -0.438242 -0.420616 -0.805776 -0.628734 0.503032 0.0564417 0.0196815 0.75821 -0.373103 -0.609898 0.215968 0.0285212 0.308094 -0.016054 -0.407367 0.432853 1.48433 1.19883 0.0330447 -0.265695 -1.18076 -0.69568 0.00468913 0.645048 0.121258 -1.15956 -0.916832 -0.916832 
0.874846 0.874846 0.498664 1.45196 -0.200558 -1.26139 -0.211526 -0.202157 -2.31562 -1.56918 1.37983 1.70225 0.617772 0.678162 -0.462804 -2.09726 -1.06234 -0.0433479 -0.630708 0.283953 0.995187 -0.401986 -0.388057 -0.000879502 -0.31442 -0.819411 0.901141 1.73163 0.357602 0.518269 0.868434 0.787296 0.000607706 0.751837 0.0556552 -0.774541 0.583042 -0.505214 0.137209 -0.713308 0.00137558 1.93124 0.776568 -1.16704 -1.74245 1.02363 1.85096 -0.642191 -0.576171 0.478779 -0.496473 0.0118899 0.276214 -1.60665 -1.90716 -0.144006 -0.144006 
0.0522391 0.0522391 0.607507 0.830462 -0.165499 -0.733087 -0.346298 -0.618701 -0.171613 0.925241 0.636484 0.423387 0.694355 0.520023 0.202659 -0.151733 0.125877 0.725145 0.555552 0.331522 1.97131 0.643358 -1.23514 -1.23061 -2.9146 -4.20078 -1.46337 1.46179 0.266992 0.0607072 0.371852 0.539923 0.351687 0.422116 0.642749 -0.889107 -0.998531 -0.761971 0.0944442 0.0821963 0.6774 0.9017 -0.0796254 -0.468335 -0.479661 1.57185 0.744004 -1.52574 -0.137983 0.48283 -0.84623 -0.232692 0.712293 0.691971 -0.21758 0.24751 0.24751 
-0.811042 -0.811042 -0.123813 0.341912 0.826664 0.387503 -0.727137 -0.984509 0.780184 1.63127 0.134351 -0.302727 -0.509965 -1.00583 -0.978813 -1.78101 -1.94878 -0.30442 -0.0862331 -1.39439 1.30719 2.49872 0.181275 0.941266 1.70211 1.72569 0.673401 -0.340621 -0.0763561 0.202473 0.561936 0.762614 0.703319 -0.16469 -0.568636 0.412592 -0.172709 -1.104 0.380919 0.355751 -0.223979 0.403008 0.664146 0.00585576 0.0238992 1.82423 0.768179 -1.48046 -0.765708 0.157436 -0.00324869 0.556509 0.481462 0.77728 -1.48187 -2.01058 -2.01058 
0.391124 0.391124 -1.45546 -0.607493 0.418252 0.415628 1.77549 0.201562 -1.30779 0.5196 1.57092 -0.411741 -2.3277 -1.47998 0.693998 1.73143 1.00139 1.00059 1.21951 -0.147646 -0.414066 -1.19691 -1.69726 -0.426084 0.0630827 1.61685 1.59308 -0.428078 -1.78987 -1.0112 1.41315 0.360474 -0.349984 0.0323822 0.0377971 0.446782 -0.176998 -0.279458 0.00549594 -0.204785 -0.969857 1.51769 0.355446 -0.755179 0.586731 0.235238 0.420107 -0.993449 0.597583 0.0192207 -1.78915 1.1229 1.01952 -0.0126441 -1.10155 -0.719909 -0.719909 
-1.13538 -1.13538 -0.662141 -0.0634523 -0.87262 0.459695 2.63424 -0.518334 -2.62634 -1.0812 -0.0861 2.06148 1.87586 0.366146 0.06156 0.67452 0.910059 -0.0984419 -0.555235 -0.531281 -0.165015 -0.932645 -0.826526 0.467968 0.588946 -1.80133 -1.6902 2.42059 1.02305 -0.678968 0.81051 1.12895 0.403608 -0.459567 0.664574 0.385748 0.0854723 -0.588482 -0.450608 0.778947 -0.495674 -0.365398 0.296723 0.636471 -0.354505 -0.776097 0.1727 0.194426 1.13916 0.686464 -1.00357 0.0596755 0.742571 -0.57406 -1.38408 0.0912591 0.0912591 
-0.132341 -0.132341 0.0147018 0.165585 0.0184337 0.359431 1.20269 1.9603 0.452447 -1.91069 -1.84611 -0.665516 0.118007 0.26823 -0.197617 -0.764625 -0.713935 -0.555807 -0.912886 -0.79196 0.237782 1.28563 1.2331 1.18226 3.40069 2.23642 -2.76568 -2.69121 0.153095 0.492281 -0.569211 -0.689841 0.00406045 0.284641 0.0552424 -0.186839 0.206765 0.49559 0.160512 -0.573385 -0.477301 0.181038 0.139893 0.250862 0.269615 -0.0972006 -0.0924108 -0.139592 0.0802455 0.167293 -0.280015 -0.553859 -0.592357 -0.148226 0.537913 0.433101 0.433101 
-0.408915 -0.408915 -0.271297 0.416036 0.593905 0.480311 1.72893 3.34608 0.474542 -2.85397 -2.35961 -0.979364 0.0499592 0.166672 0.151762 0.0516063 -0.675146 -0.490455 0.832124 0.737881 -0.927549 -0.19409 0.962828 -0.957336 -2.28654 -1.18674 -0.366199 0.466198 2.29957 1.78602 -0.225554 -0.394055 0.215267 0.600504 -0.0728357 -0.579388 0.209153 0.545539 0.459043 -0.356213 -0.703693 0.142914 0.219864 0.522055 0.383531 -0.390576 0.397063 0.297303 -0.402316 0.285367 0.557612 0.265754 0.298212 -0.319393 -1.08333 -0.525065 -0.525065 
-0.0275857 -0.0275857 0.264272 -0.221976 -0.5035 0.224238 1.19105 -0.241443 -3.29546 -2.04352 0.729236 1.87471 1.89702 1.0356 -0.00670629 -0.52397 0.354814 1.17079 0.00388246 -0.64422 -0.113744 -0.228403 -0.0993657 -0.549764 -1.40649 1.00181 3.4451 -0.137725 -2.77979 -0.762402 0.526692 0.174617 0.175242 0.342199 -0.22483 -0.643418 -0.192186 0.511617 0.216216 -0.300385 0.194352 0.287849 -0.232142 0.581619 0.34573 -0.951343 -0.505802 0.359349 0.330437 -0.315938 0.00525016 0.378292 -0.605141 -0.682973 0.182171 0.231824 0.231824 
0.383976 0.383976 -0.0941421 -1.66304 -0.0917146 1.58028 0.184337 0.622845 0.887508 0.141254 0.0400018 -0.867915 -0.554448 0.559752 0.121813 -0.934109 -1.29993 -1.07938 -0.935841 -0.849248 0.153759 1.03786 -0.117685 -1.34158 -2.03864 -1.55067 2.12235 3.13729 0.678278 0.264726 -0.425644 -0.993283 0.694952 0.645317 -1.04983 -1.12562 1.13615 1.15772 -1.64483 -0.868149 1.19697 0.0771635 -0.418742 -0.269666 -0.000499165 1.01884 -0.283072 -0.654013 0.662435 0.343485 -0.0895121 0.0532894 -0.660674 -0.445576 1.18911 0.936011 0.936011 
0.369661 0.369661 0.579208 0.359076 0.119239 -0.914652 -0.214155 1.93643 -0.912616 -3.57916 -0.366566 2.22361 1.39338 -0.666199 -0.552956 0.887355 0.879158 -0.395681 -0.8939 0.481642 0.155662 -0.68274 -0.147769 -1.1444 -1.91096 0.765207 2.12536 0.387677 -0.0744258 -0.607423 -0.736356 0.674477 0.277602 0.345535 0.835885 -1.47595 -0.957145 0.201477 -0.230478 0.499114 -0.00183645 -0.347224 0.504544 0.811259 -0.976982 -0.675377 0.278841 -0.797249 -0.137022 0.274548 0.869679 1.05385 -0.729805 -1.60142 0.188209 0.941553 0.941553 
-0.110717 -0.110717 -0.383455 0.622753 0.655718 -1.22592 -0.316157 0.228736 -1.33821 0.0317034 0.908196 -0.339123 -0.273877 0.120276 0.298584 0.131948 0.420461 0.838055 -0.0872644 -0.567194 0.575468 0.209065 -1.39636 0.411291 1.0551 -2.11093 -1.76569 1.25267 1.60694 -0.425574 -0.0703438 0.901723 -1.52843 -0.945077 1.82643 0.880472 -1.30057 -1.45797 0.273946 0.810113 -0.0230003 -0.14818 0.0122846 -0.30546 -0.787611 0.102897 0.906906 -0.468399 -1.21046 -0.0886503 0.658043 1.91807 0.360828 -2.77996 0.157802 1.69441 1.69441 
-0.227333 -0.227333 -0.387156 1.4373 1.18797 -2.16118 -1.14497 0.663184 0.364015 0.00561405 -0.884922 -0.175443 0.644502 -0.173011 -0.374387 0.303455 0.268055 0.138369 0.428777 0.15638 0.196326 -0.240234 -2.05339 -1.13635 -0.164856 -0.196732 1.26081 1.84751 0.532972 -1.56504 -0.438123 0.457662 -0.684317 -0.0829905 0.974735 0.190694 -1.26416 -1.0265 1.04638 1.84977 -0.76657 -2.04927 -0.143045 1.49964 0.328565 -1.02269 0.631807 0.035331 -2.00733 -1.1171 0.726238 1.88729 0.346373 -0.666456 1.03705 0.967054 0.967054 
0.159599 0.159599 0.657587 0.652071 -0.539585 -1.15449 -0.031814 0.31871 -1.41637 -0.857927 2.43856 2.03012 -1.18522 -1.31612 0.195522 0.27912 0.638325 0.504437 -0.880972 -1.17748 -0.15086 0.983312 0.42954 1.22596 2.82453 -1.09997 -3.49402 -0.267803 0.504991 -0.26666 -0.224396 -0.122134 0.850932 0.45089 -0.298688 0.461533 -0.240592 -0.866236 0.38924 0.420896 0.0704641 -0.0172259 -0.44758 0.299329 1.22484 0.50272 -0.919593 -0.928084 -0.767257 -0.264456 0.771803 0.871408 0.0861437 -1.14624 -0.654539 0.167072 0.167072 
-0.228269 -0.228269 0.368298 -0.430427 -1.69086 0.00028037 0.670009 -1.30959 -0.848334 2.31975 2.05439 -0.46975 -0.633727 -0.669077 -1.72971 -0.368042 1.29248 0.277257 0.211968 1.02462 -0.422114 -0.858485 0.258156 0.0532262 -0.50509 0.767838 1.60358 -0.333 -0.752172 0.326822 0.175501 -0.535939 -0.0150456 0.0415929 -0.948059 0.337181 0.175688 -0.271857 -0.12308 -0.0778597 1.6621 0.492258 -1.93175 -1.56925 1.37806 2.25589 -1.03532 -1.51175 0.708645 0.0570193 -0.285034 0.490689 -1.00574 -1.3592 0.922465 1.11052 1.11052 
0.374735 0.374735 0.532222 -0.563505 -1.12191 -0.145194 0.0633135 0.105906 1.0731 0.553324 -0.371975 0.0233935 0.0507761 -0.364799 -0.491987 -0.0717196 0.601908 0.286021 -0.295524 0.982549 0.202784 -2.28239 -1.34118 -1.20379 -2.1155 1.00761 3.98233 1.20477 -1.00715 0.0565849 0.321015 -0.0317285 -0.100698 0.188111 -0.943681 -1.17682 0.0723197 0.75455 0.578803 0.394293 0.561381 -0.552217 -0.985223 -0.300054 1.42362 0.846865 -2.2055 -0.640485 1.40129 -0.517762 -0.522901 1.08339 0.635661 -0.67431 -0.331434 0.311037 0.311037 
0.535011 0.535011 0.877964 0.728863 0.0625184 -1.11525 -0.981384 1.13891 1.95517 -0.446636 -1.39522 -0.445519 -0.488808 -0.316307 -0.541886 -0.685325 1.11629 1.4005 -0.773696 1.05505 2.89578 -0.800165 -1.11794 1.14886 0.606584 -0.728578 -1.49265 -0.523165 0.428872 0.498975 0.441425 0.133058 -0.653907 -0.907704 0.454048 0.3205 -1.08785 0.43663 1.10389 -0.416493 0.063745 0.682948 -0.263512 -0.442523 1.36797 0.577022 -2.40458 -1.10059 1.23507 0.590409 0.322817 0.38588 0.191518 -1.41683 -2.02399 -0.360382 -0.360382 
-1.07348 -1.07348 -0.562637 1.16776 0.655336 0.856622 -0.0899935 -1.81852 0.230567 1.77321 -0.522107 -2.30971 -0.604582 1.85936 1.97365 0.224153 -0.401322 0.170375 -0.652771 -0.945163 -0.593148 -0.734075 0.503342 1.09946 1.26971 0.960694 -1.19298 -1.99905 -0.312327 1.96859 0.865317 -1.02321 -0.158686 0.272582 0.288618 -0.0904325 -0.398546 0.14891 0.0839541 -0.548622 1.07665 0.837382 -1.33029 0.178303 0.635633 -0.0614125 -0.70124 0.145887 0.649039 -1.39889 0.703864 1.73102 -0.645124 -1.23885 -0.387115 0.268883 0.268883 
0.235388 0.235388 0.591245 -0.171009 0.265053 2.03855 -0.627236 -3.17275 -0.380465 1.46399 1.82208 1.12027 -1.0536 -1.12431 0.137393 0.458439 -0.505345 -0.916862 -0.303179 0.186042 -0.28447 -0.4391 0.786612 0.795444 -1.39476 -1.40061 2.46357 1.56683 -1.88825 -0.172235 1.02871 -0.287762 -0.990107 0.109214 0.456547 -0.390116 -0.624977 -0.364545 0.766887 -0.0726888 -0.726093 0.425092 0.549601 -0.432987 -0.885522 0.267465 0.53097 0.528553 0.246561 -1.31953 -0.418461 0.991993 -0.42259 -1.30997 0.349558 0.831026 0.831026 
