54
-0.403549 -0.369288 -0.428742 -0.413515 -0.287363 -0.185999 0.235638 0.322726 1.25783 1.6062 1.64926 1.94844 1.88971 1.93143 1.70592 1.54284 1.18909 0.690317 -0.00912351 -0.527871 -0.839611 -1.1144 -0.846149 0.383399 0.687402 0.632191 0.506566 0.496412 0.35183 0.293504 0.342745 0.322952 0.248639 0.28507 0.143744 0.145284 -0.037572 0.0476681 -0.056064 -0.231753 -0.270009 -0.382313 -0.377951 -0.53891 -0.6601 -0.718423 -0.904428 -1.00954 -1.16082 -1.35166 -1.61515 -1.84469 -2.0476 -2.22423 
-0.779453 -0.698532 -0.808311 -0.89644 -0.878821 -0.90489 -0.712779 -0.351362 0.801045 1.39758 1.70459 1.53724 1.46271 1.2979 1.53074 1.60644 1.40514 1.31408 1.51265 1.52267 1.45824 1.41735 1.24507 0.600687 0.00932977 -0.488061 -0.740256 -0.929606 -0.935651 -1.00656 -0.9553 -1.03238 -0.967921 -0.985734 -1.1964 -0.907169 -1.05826 -0.84503 -0.724532 -0.780283 -0.775784 -0.732903 -0.635466 -0.722404 -0.609465 -0.534627 -0.379329 -0.283677 -0.179393 0.137444 0.45166 0.562649 0.618929 0.842653 
0.484244 0.695486 0.66604 0.609305 0.5395 0.190212 0.203567 0.645586 0.458751 -0.601473 -1.31109 -2.13911 -2.29865 -2.55186 -2.30868 -2.23604 -1.63978 -1.27407 -0.899754 -1.13894 -0.927498 -0.656838 -0.201319 -0.712313 -0.287931 0.573016 0.541704 0.256831 0.352993 0.0138682 0.104242 0.193563 0.418845 0.374969 -0.00904321 0.297389 0.0378513 0.444276 0.380128 0.482875 0.519 0.487382 0.962463 0.896616 1.2554 0.970269 1.18556 0.802833 0.50682 1.019 1.17635 0.919549 0.8312 0.696688 
-0.324497 -0.197181 -0.221366 -0.679935 -0.339165 -0.933535 -0.764375 -0.944852 0.0834643 0.710039 1.23213 1.40837 1.38465 1.85081 1.89478 2.09441 1.90353 1.74023 1.92486 1.60879 1.6122 1.35449 1.48496 0.500874 0.249253 -0.454094 -0.48833 -0.431426 -0.404605 -0.815984 -0.757001 -0.638 -0.520197 -0.340881 -0.398496 -0.770829 -0.659251 -0.769526 -0.692605 -0.49015 -0.743074 -0.712538 -0.773253 -0.825733 -0.699177 -0.724397 -0.419243 -0.61815 -0.916556 -0.755319 -0.630919 -0.829656 -0.694429 -0.65911 
0.520478 0.803903 0.495015 1.04848 0.512285 -0.682578 -1.07964 -1.72958 1.14458 1.14143 0.336396 0.5834 0.26723 -0.231592 0.38779 0.598952 2.15217 1.8943 2.18267 2.06655 1.03227 1.36618 1.12072 -0.0749727 1.04381 -0.327595 -0.678373 0.573341 1.1718 -0.687751 -0.970139 -0.544675 -0.61762 -0.37977 -0.7721 -1.23322 -0.730162 -0.475357 -0.419733 -0.819355 -0.506504 -0.0320124 -0.0139178 0.0860904 -0.912792 -0.686221 -0.339987 -0.673072 -1.22479 -0.662605 -0.615287 -1.65433 -1.82427 -0.929824 
0.0375924 0.148871 0.0357544 0.800448 0.578488 0.869656 -0.548805 -0.573125 0.324529 -0.755193 -1.29637 -1.45032 -1.24717 -1.79137 -1.96497 -2.32773 -2.35535 -0.897304 -0.335834 -1.05011 -0.877577 -0.236627 -0.235871 -1.04037 -1.26708 -0.998002 -0.378318 -0.00048575 -0.0186568 -0.34288 -0.43932 0.71065 0.612158 0.973027 0.550012 0.367707 0.593756 1.06609 0.37678 0.257093 0.612285 0.794933 0.888604 0.648675 1.38989 1.12556 0.419799 1.27757 0.834742 1.13589 1.45445 1.02459 1.18588 1.33339 
-0.506969 -0.300567 0.704198 0.837363 0.458045 2.32724 0.758067 -0.81729 -0.0324772 -0.290884 -1.01801 -1.29605 -1.26095 -1.05025 -1.3606 -0.869051 -0.696861 -0.730093 0.639033 0.0615156 1.03973 2.72071 1.14059 -1.78143 -1.14889 -1.32593 -0.64856 -0.378379 0.00779423 -0.757542 -0.577385 -0.246678 0.280945 0.102636 -0.749356 -0.213913 -0.389774 0.649258 -0.786161 -1.11408 -1.19916 0.246757 0.245743 0.217713 1.39242 0.960856 0.385784 -0.117288 -0.0261625 0.867615 2.0414 0.726126 1.18123 1.69798 
-0.262956 0.515263 0.936541 0.398304 0.534971 0.204956 -0.31638 -0.593386 -0.0292935 -1.87004 -1.40683 -1.28153 -0.474264 -0.0477683 0.248917 0.670683 -0.179832 -0.570926 -1.14639 -2.34269 -2.99058 -1.99653 0.218892 2.26504 2.5573 0.918151 0.636762 0.525707 0.00689865 -0.469631 -0.240542 0.206452 0.136835 0.187669 0.74491 0.926384 -0.44318 0.742075 -0.14241 -0.445162 0.0748187 0.365674 -0.09308 0.403013 -0.871977 0.522925 1.3008 0.26132 0.595326 0.519972 1.08301 0.230178 0.556033 -1.2804 
0.144173 0.712637 0.363243 0.385981 0.174423 -0.569808 -0.635708 -0.959949 -0.803564 -1.17959 -0.269507 -0.277922 -0.912618 -1.19461 -0.835617 -1.48674 -1.75377 -1.45736 -1.01427 -1.0689 -0.464843 -1.51975 -0.479842 -1.60634 -2.29098 -0.341416 0.804564 0.410609 0.506883 0.856991 1.32461 0.590137 -0.399674 0.535438 0.943522 1.15126 0.278887 0.470554 0.0912094 -0.884032 0.34538 0.426518 0.709699 1.41872 0.32985 1.52901 0.824789 0.1297 1.04258 0.88492 1.64965 2.44091 0.953437 -0.0234621 
-1.11917 -0.0424285 -0.279229 -0.0856502 -0.194703 -1.29472 -1.52937 -1.52307 -0.0849513 -0.0690028 -0.00827311 0.847521 1.28024 1.10687 1.48999 1.77214 1.82525 1.56187 1.92503 2.19192 1.67933 1.73309 -0.501986 -1.05802 -1.13915 -0.355701 -1.41681 -1.35938 -0.69682 0.0074949 -0.190411 -0.748886 -0.127382 0.165109 0.586437 0.154617 0.420849 -0.124206 -0.769229 -1.10043 -0.951606 -0.708237 -1.01254 0.256919 0.415858 0.509499 -0.428064 -1.47964 0.184377 -0.263844 -0.408013 0.331624 -0.01046 0.635343 
0.573568 0.503068 0.226634 0.00513835 0.713225 0.89094 -0.463305 0.172719 0.685175 -0.0723644 -0.77012 -0.221015 -0.335508 -1.2557 -1.48594 -1.56283 -2.69524 -1.74472 -2.23299 -1.71992 -2.16432 -1.95078 -0.624704 0.247894 0.944772 0.230526 -0.201833 0.397574 0.713425 0.131557 -0.185152 -0.62692 0.0777088 0.767111 1.28081 1.26804 0.688541 0.143834 0.765081 0.73996 0.625729 0.700987 0.574122 1.61154 1.10904 0.357475 0.197451 0.867493 1.25383 0.664511 -0.149889 -0.49585 0.501815 0.32781 
0.402929 -0.299857 -0.146534 -0.340252 -0.698029 -0.247142 0.263394 -0.191163 -0.573382 -0.475358 -1.14397 -1.33055 -1.31736 -1.17894 -1.69859 -0.360277 1.61085 0.316457 -0.895492 1.02294 -0.508161 0.0487025 -0.122001 0.178571 0.756122 -2.06633 -1.8359 -1.01521 -1.65963 -1.40858 -1.29056 -0.503421 -0.232656 0.83059 0.575708 1.24355 0.283682 -0.109894 -0.325467 1.3919 1.02163 1.24944 1.01037 2.11093 0.851566 0.593628 1.14275 0.315939 0.450781 0.858598 0.142439 0.40936 0.81385 2.07801 
0.768994 -0.315606 -1.06784 0.761168 -0.302624 -0.533957 -0.0908381 -0.679713 -1.17137 0.122395 0.743892 -0.79294 0.418984 1.67138 1.89927 2.57883 2.19283 1.52258 1.44674 0.159073 -1.74352 0.0467066 -1.09429 -1.42119 -0.387767 -2.16678 -1.16404 0.117151 -1.18062 0.274092 -0.187206 0.247096 1.27221 -0.1301 -0.0562874 1.57109 -0.709819 0.215629 -0.683618 0.265108 0.651236 1.01268 -0.251798 -0.0725938 -0.193381 -0.0100913 -0.281474 -0.0251007 0.40089 -0.381106 -0.413705 -0.897203 -1.54348 -0.409973 
0.0888801 0.0888801 0.0529596 0.403228 0.565781 1.1234 1.09646 2.06546 2.55853 0.875112 0.782287 0.590189 0.10433 -0.210416 -0.596916 -0.838923 -1.47241 -2.12477 -2.16248 -1.43083 -0.970441 0.124086 2.96299 3.03046 0.60593 -0.204841 -0.11981 -0.155584 -0.246493 0.119279 0.191996 -0.0411675 0.0649343 -0.0615282 -0.127371 -0.205746 -0.0477923 0.101527 -0.390884 -0.267322 -0.147705 -0.0672774 -0.159099 -0.396032 -0.202343 -0.324659 -0.412964 -0.34742 -0.5092 -0.720975 -0.793995 -0.679665 -0.579818 -0.579818 
-0.182206 -0.182206 -0.532446 -0.268503 -0.139925 0.221592 1.02439 3.01395 3.50107 1.74956 0.166921 -0.623541 -0.618286 0.0185137 0.516829 -0.38262 -0.728142 0.100307 0.30975 -0.235141 -0.340621 -0.564075 -1.8144 -2.68264 -2.3781 -1.67542 -1.03722 -0.52724 -0.281861 -0.163127 -0.175897 -0.148567 -0.0257827 -0.595781 0.040354 0.163783 0.00632424 0.569002 0.0117247 -0.228602 -0.0242556 0.168296 -0.100666 -0.0685479 0.266622 0.354382 0.397504 0.291813 0.750068 1.18501 0.758529 0.224132 0.457698 0.457698 
0.316205 0.316205 -0.164949 -0.237414 -0.762694 -0.61338 0.807415 0.447974 -2.24931 -3.18797 -2.77103 -1.78338 -0.751315 -0.0282068 0.556852 1.19079 1.71701 1.31851 0.232413 -0.0600237 0.855404 1.29365 -0.109817 -0.165724 2.2976 1.4794 -0.577921 -0.349042 -0.446452 -0.456844 0.312431 0.55466 0.315505 -0.778485 -0.149507 0.0739884 0.253526 0.604348 0.0590923 0.239134 -0.00211721 0.786028 0.72457 0.515757 0.122033 -0.135609 -0.310843 -1.22889 0.377924 1.19194 -0.188782 -0.629935 -0.410358 -0.410358 
0.241156 0.241156 -1.00404 -0.228393 -0.517015 -0.881741 -0.0020828 1.82391 3.53916 2.46326 1.50616 0.346118 0.962282 1.10616 0.539709 0.0405746 -0.730771 0.0673055 -0.257394 -0.642544 -0.518503 -0.24845 -1.79224 -2.60432 -2.00765 -1.54564 0.0701456 0.199912 -0.795345 -0.726989 0.400244 0.525256 0.653444 0.280622 -0.891811 -0.53222 0.0247374 -0.0489204 0.615736 -0.0852938 -0.450679 -0.0421718 -0.218609 0.179405 0.237343 0.616922 0.247779 -1.03498 -0.269562 0.629041 -0.136021 -0.113011 0.384437 0.384437 
0.0370654 0.0370654 0.306715 0.0797352 -1.66605 -1.52711 -0.982984 2.28347 2.92931 -0.744516 -0.494723 -0.00657455 -0.751314 0.182875 0.891824 1.8243 1.35595 0.0929496 0.234491 -1.08624 -0.636856 0.150811 -1.37656 -0.0143042 -0.189763 -1.65718 0.962113 1.90997 -1.19676 -2.07633 0.205358 0.414497 0.227156 -0.0917646 -0.789716 0.104368 0.819249 0.372467 -0.281005 -0.0241537 0.848686 0.554359 0.180422 -0.835074 -0.708696 0.634462 0.0756212 -0.821022 0.0729428 0.671104 -0.927792 -1.14473 0.785943 0.785943 
-0.0711375 -0.0711375 0.845266 0.692616 0.0285046 -1.64957 -2.09204 1.15628 -0.323908 -2.34185 -1.04346 0.000444088 -0.546888 -1.07526 -0.820797 -0.61606 1.9376 2.76378 -0.282874 -0.828345 1.07234 0.831424 -1.1958 -1.51481 -0.00913589 1.17791 1.33044 0.435859 -0.548762 -0.658533 1.409 1.40612 0.299419 -0.155718 -0.917512 -0.00720927 0.910913 -0.372866 -1.20317 0.261732 0.685753 0.318974 -0.273685 0.634482 0.600267 -1.42909 0.14463 0.513391 -0.267265 0.800567 -0.224654 -0.445224 0.364524 0.364524 
0.900548 0.900548 0.840725 -0.28986 1.12822 0.156281 -2.6574 -0.734545 0.341202 -0.893824 -0.909856 -0.287238 0.111983 -0.170188 0.0592252 0.453385 0.024717 1.00243 0.557833 0.238516 2.08337 -0.00640257 -3.76636 -1.95895 0.283285 0.319901 0.685217 0.447351 -0.39851 -0.566793 0.328508 0.612334 0.196545 -0.93039 -0.347363 0.204933 0.616289 -0.412579 -1.52917 -0.426152 1.0228 1.09148 -0.112515 0.847869 0.518244 -0.911058 -0.969471 -0.425289 0.715726 1.6001 -0.204366 -0.791424 0.705067 0.705067 
1.00522 1.00522 -0.0765095 -0.310374 -0.139278 -0.679958 -0.636401 0.255494 -1.02943 -1.11233 0.50317 0.785886 1.03338 0.613832 0.609945 -0.332707 -1.00063 -0.774623 -1.43626 -1.49577 0.30403 2.65681 3.52132 1.94106 -1.08714 -1.55851 -0.302874 -0.497962 -0.798272 -0.183726 0.575132 0.329685 0.00416123 0.51925 0.626596 -0.956656 -0.131851 0.266737 -0.955955 0.198092 0.685858 -0.118367 0.0502767 -0.620423 0.118127 1.80496 -0.195365 -0.560094 0.23213 0.420325 -0.218528 -0.413421 -1.22165 -1.22165 
0.262445 0.262445 -0.289911 -0.1504 -0.926687 -0.779259 -0.354168 -0.129182 -0.181595 0.581258 0.953335 -0.61021 -0.887115 0.118649 -0.254962 -0.888593 0.0704485 0.789193 0.433896 0.596818 -0.415618 0.0255328 -0.0469208 -1.79243 1.321 3.17387 0.801875 -0.260584 0.492519 0.868374 -0.229383 -1.70452 -0.0146494 1.40023 0.664015 -0.631996 -0.648261 -0.149244 -1.33033 0.297972 1.36718 0.409459 1.04497 -0.343751 0.152348 0.541666 -1.3756 0.261151 0.805108 0.655159 1.61561 -0.663959 -2.4536 -2.4536 
0.852478 0.852478 -0.105772 0.0328368 -1.37075 -1.50702 -0.306643 1.50836 1.51883 0.0243224 0.935577 1.33919 0.222525 0.168709 0.662964 0.304889 -0.287031 0.0493857 0.624743 -0.325458 -0.556709 -2.42566 -3.08731 -0.750211 0.703164 -0.360153 -1.1479 0.722337 1.42422 0.490592 -0.879568 0.00951255 0.932833 0.715636 -0.0702593 -0.238543 -0.361406 -1.35014 -1.1181 -0.256759 0.366664 -0.124985 0.988344 1.49097 0.21518 -0.974553 -2.21714 0.605639 1.26029 -0.701634 0.587223 0.372479 0.270667 0.270667 
-0.402142 -0.402142 -0.575045 0.55232 1.00945 -1.3521 -0.827299 1.31024 -0.285514 -1.67131 -0.175089 0.492798 -1.18967 -1.32222 -0.356572 -1.38962 -0.213142 0.524441 0.0235192 0.0737657 -0.269224 1.75813 2.51281 1.79232 -0.0247595 -1.31784 0.186413 1.04318 -0.309484 -1.03382 -0.873395 0.296128 1.59142 1.37279 0.568742 -0.683071 -1.29219 0.0827748 0.677746 -0.164442 -0.0494998 -0.0639663 1.03779 0.607663 -1.44089 -1.04873 0.579146 1.20478 -0.237305 -1.61226 -1.33359 0.741388 0.938293 0.938293 
-0.589748 -0.589748 -0.106947 -0.591675 0.01967 0.84318 -0.0155454 -0.862236 -0.338167 -0.609779 -0.879699 -0.233081 0.0751479 -0.430196 0.707787 3.07004 0.573179 -2.44566 0.601398 0.298709 -0.992608 0.297599 0.0545315 0.764178 -2.1977 -2.52692 0.928249 0.0985418 -0.441708 0.281386 0.789814 0.934687 1.19654 0.698018 0.323013 -0.345594 -1.35224 -0.646354 1.35567 1.20895 -0.203744 -0.0793131 0.748406 -0.219245 -1.50765 0.207522 -0.331997 -0.724899 0.446023 -0.361068 -0.494693 0.568132 1.51392 1.51392 
-1.5768 -1.5768 1.02279 0.744813 -1.09348 0.251028 -0.0679801 -0.902009 0.777728 1.77091 -0.754619 -0.227824 2.2608 1.38282 0.871711 0.323986 -0.880345 -0.603608 -1.15449 -2.78437 -0.0381898 0.641322 -1.24762 0.692447 -0.603176 -0.630547 2.09985 0.0472806 0.202093 0.948412 0.03798 1.3642 -0.274477 -1.12326 1.57991 -0.521031 -1.14731 0.0854435 0.106213 1.25306 0.729069 -0.743643 -0.906242 0.114188 0.117833 -0.0165318 0.0486748 0.670888 -0.25557 -0.664735 -0.398409 -0.945946 0.496786 0.496786 
-0.0116168 -0.0116168 0.318184 0.50506 0.700296 0.521875 0.909211 1.39883 -1.09858 -1.65024 -0.246069 -0.616136 -0.731617 -0.638064 -0.569576 -0.802128 -1.18851 -0.627541 0.675601 1.14458 1.48626 3.72579 2.75875 -2.19712 -3.02404 -0.661127 0.0685829 -0.0970762 0.281006 0.435071 -0.128866 -0.0974323 0.00303379 -0.158863 -0.113586 0.0971334 0.311523 -0.300839 -0.325091 0.251174 0.21056 0.011476 -0.28734 -0.0185118 0.0894072 -0.176109 0.000773612 -0.0684076 -0.329521 -0.245949 0.0611002 0.223867 0.116218 0.116218 
-0.360824 -0.360824 -0.104658 0.36005 0.454747 1.1091 2.68916 2.38279 -1.24803 -3.2568 -2.32407 -0.782972 0.602229 1.08076 -0.410217 -1.22919 0.447791 0.986402 -0.346468 -0.65211 -0.340145 -1.45125 -2.07703 -0.568 0.956627 1.28047 1.09344 0.712193 0.332478 0.0819368 -0.0067742 0.124786 -0.45494 0.043283 0.716276 -0.0539318 0.372373 -0.0156635 -0.795005 -0.0558248 0.364298 -0.0950631 -0.250769 0.33556 0.389561 0.106121 -0.0816296 0.321269 0.845969 -0.0126929 -0.953465 -0.312871 0.205779 0.205779 
-0.346814 -0.346814 -0.402737 -0.436791 -0.265638 1.2362 0.84358 -2.33445 -2.78145 -0.378123 1.10847 1.58318 1.37902 1.03405 0.96524 0.919829 0.123064 -1.1212 -1.03934 0.505284 1.06917 -0.720382 -1.10173 1.88237 1.29409 -2.19461 -1.38655 0.125964 -0.0586885 0.610155 0.80511 0.026878 -1.00432 -0.334357 0.682382 0.335536 0.433798 -0.125544 -0.25734 -0.0227318 0.446558 0.585309 -0.18407 -0.440489 -0.478172 -0.309557 -0.819209 0.556046 1.89272 -0.412837 -1.38148 -0.146491 0.193959 0.193959 
-1.06447 -1.06447 -0.396819 0.426567 -0.555027 0.450587 2.33628 3.05552 0.557685 -1.74258 -1.81501 -0.460798 0.661568 -0.356384 -0.909866 -1.08623 0.0303604 0.414817 -0.603661 -0.217401 0.346573 -1.08904 -2.0205 -0.178062 0.918625 1.79584 1.50986 -0.737631 -0.790491 1.03647 1.08524 0.225297 -0.203221 -1.32275 -0.692314 0.796283 0.423358 0.516062 -0.0239575 -0.910581 0.0444692 0.207109 0.198077 0.399818 0.38395 0.0163348 -1.41455 -0.437957 1.43968 0.122298 -0.63138 0.455343 0.435536 0.435536 
0.119123 0.119123 -0.0152856 -1.20875 -0.992064 0.363931 2.21592 2.27616 -1.83361 -2.06813 0.396427 -0.192496 0.0716317 0.932449 0.931432 0.234284 -1.06579 -0.704637 -0.73882 -0.556531 0.691977 -0.478578 -0.138327 0.662223 -1.0134 0.641543 2.07177 -1.31895 -2.40108 0.789728 1.43442 -0.0276446 -0.340341 -0.642705 0.0755891 0.912213 0.118205 -0.69208 -0.275416 0.628406 0.30202 -0.436273 -0.863321 -0.567053 0.829648 0.423889 -0.902433 -0.0421389 0.843026 -0.633149 -1.11582 0.974254 1.10272 1.10272 
0.515733 0.515733 0.425066 -0.51369 -1.41973 -1.28808 1.63798 1.02162 -2.1063 -0.455951 1.36265 0.266371 -0.667492 -0.19126 0.244175 1.60979 1.97891 -1.34743 -2.16213 0.77637 0.957259 -1.37575 -1.42213 0.676256 1.57079 0.767079 -0.469317 -1.14473 -0.67859 1.13425 1.19774 -0.687611 -0.956232 -0.751373 0.0596372 1.05743 -0.245754 -1.28424 0.348352 1.09336 0.00542927 -0.598433 0.158827 0.490518 -1.25424 -0.299198 1.12518 -0.273217 0.141999 -0.00326103 -0.768514 0.321375 0.452384 0.452384 
-0.0484632 -0.0484632 -0.74038 0.164093 0.261186 -2.32864 -0.557036 1.82329 -0.10933 -0.777497 0.359379 0.613513 0.059783 -0.0441392 0.369774 -0.0329703 0.324165 0.314415 -0.479367 0.921775 -0.161741 -3.59188 -1.20681 2.46653 1.3828 0.234131 0.066148 -0.675091 -0.632507 0.433083 0.709773 -0.0926123 -0.955997 -0.344723 0.682965 0.577902 -0.389768 -1.32487 -0.0201577 1.54995 0.916937 -0.706665 -0.16094 0.374173 -1.08831 -0.922331 0.285439 1.01949 1.22768 -0.574947 -1.47546 0.544721 0.903999 0.903999 
-0.665175 -0.665175 -0.826503 0.037739 -0.173913 -0.261894 0.726346 -0.190084 -0.862531 1.13828 1.39049 0.446793 -0.0376503 -0.211058 -0.571916 -1.02999 -0.22381 -0.219471 -0.416433 1.28155 2.94563 2.30044 -0.41271 -3.09804 -2.33308 0.622054 0.812638 -0.260704 0.29781 1.02846 0.435208 -0.312836 0.211807 0.510416 -0.937092 -0.442165 0.924978 -0.487456 0.033685 1.21362 -0.137265 -0.357407 -0.265297 0.127844 1.75415 -0.135219 -1.55046 0.375939 0.757366 -0.22984 -0.494108 -0.610948 -0.476504 -0.476504 
-0.267427 -0.267427 -0.176071 -0.322707 -0.317523 0.469175 0.519962 0.207278 0.559489 0.837457 -0.685936 -1.11091 0.571551 0.508224 -0.565299 0.307361 1.19294 0.332268 -0.0317006 -0.462015 -0.279822 0.335706 -1.09618 0.990027 3.34635 -0.245666 -2.15471 -0.108303 0.833547 -0.37845 -1.59053 0.234886 2.12735 0.538681 -1.23649 -0.765044 0.410392 -0.352366 0.387122 1.86068 0.167277 -0.116726 -0.398951 -0.490241 0.674069 -0.906272 -0.0894175 1.52226 0.35228 0.62501 -0.769525 -2.57036 -1.07764 -1.07764 
-0.611461 -0.611461 -0.519043 -0.81597 -0.999252 0.736952 2.03797 1.2446 -0.962029 -0.361428 0.904153 -0.447974 -0.752969 0.321121 0.118255 -0.605957 -0.142902 0.635386 -0.222472 -0.760281 -1.37286 -1.65983 1.14457 2.55477 0.287529 -1.20675 0.749211 1.74243 -0.12706 -1.50861 -0.293305 1.23588 0.498267 -0.641359 -0.608746 -0.166667 -0.713706 -0.477075 0.756473 1.01743 0.115317 0.441964 1.1049 -0.488054 -1.61644 -1.5943 1.08106 2.34605 -0.844173 -0.421315 0.743626 -0.183608 -0.0404271 -0.0404271 
-0.136901 -0.136901 0.555215 0.942008 -1.19992 -1.15838 1.60372 0.301863 -1.8612 0.0370407 1.29785 -0.653629 -1.14504 0.480709 -0.0721321 0.057304 1.14434 0.11454 -0.307432 -0.210473 1.00332 1.6772 -0.0097614 -1.58862 -1.94015 0.0988925 1.41873 -0.335195 -1.30587 -0.37695 0.785736 1.48246 0.630234 -0.658597 -1.29289 -1.17322 0.439419 1.17864 -0.182524 -0.477225 0.0309329 0.636762 0.381578 -1.55247 -1.04765 1.20939 1.35273 -0.53199 -1.76019 -0.703786 1.41421 1.36401 0.0901328 0.0901328 
0.238074 0.238074 -0.0668713 0.0139964 0.837017 -0.0878133 -1.13855 -0.268622 0.0931629 -0.40634 0.171324 0.535041 -0.189665 0.332338 2.13636 -0.150342 -3.53562 -0.0479063 1.66084 -1.06846 -0.0663575 0.593103 0.227868 -1.48255 -2.13611 1.90089 1.58603 -0.927507 0.0493692 0.709099 0.345337 0.190216 -0.214549 -0.615202 -0.722201 -1.11957 -0.25487 1.6379 1.10152 -1.04669 -0.876114 0.533344 -0.153691 -1.48496 0.202823 0.673953 -0.652251 0.423798 0.163229 -0.65747 0.518907 1.19797 0.52934 0.52934 
1.57179 1.57179 1.3933 -1.4562 -0.41443 0.56108 -0.837726 0.44564 1.61887 -1.08128 -1.38074 1.83878 0.936792 -0.989289 -0.777237 -1.22235 -0.692972 -0.273399 -1.49761 0.619381 2.10221 -0.873938 -0.0645508 0.316414 -0.946853 1.6382 0.337846 -1.3159 0.481227 -0.202752 0.169592 -0.298002 -1.69454 1.0933 0.289303 -1.84849 0.292031 0.707494 0.652331 0.30255 -1.37943 -1.14739 0.453424 0.560167 -0.18131 -0.141783 0.344005 -0.292729 -0.954962 -0.189092 -0.277939 0.477415 0.828981 0.828981 
