50
-0.379791 -0.352225 -0.409959 -0.296079 -0.171321 -0.111965 -0.0364971 0.6981 1.55267 1.93529 2.05517 2.00081 2.11413 2.06043 1.89843 1.48064 1.20792 0.555368 -0.319249 -0.803669 -1.13912 -1.17076 -1.39197 -0.976941 0.0616611 0.225969 0.318761 0.255989 0.141443 0.123369 -0.0159719 -0.0686099 -0.0500643 -0.0976498 -0.106661 -0.131859 -0.245269 -0.231262 -0.312174 -0.444579 -0.584548 -0.581926 -0.63975 -0.720608 -0.740892 -0.810253 -0.919139 -1.28941 -1.45662 -1.67936 
-0.891974 -0.944624 -1.04813 -0.98779 -0.955162 -0.863312 -0.928285 0.049246 0.967953 1.30622 1.34772 1.41111 1.38707 1.39713 1.48319 1.46139 1.35041 1.36994 1.48332 1.38481 1.35742 1.51858 1.44087 0.853821 0.223327 0.00856883 -0.37058 -0.728295 -0.680311 -0.846549 -0.882181 -0.987253 -0.994114 -0.905536 -0.857215 -0.823832 -0.948538 -0.922729 -0.80804 -0.882981 -0.885919 -0.767033 -0.602452 -0.713186 -0.66164 -0.418013 -0.247253 -0.0237705 0.327298 0.447306 
0.473493 0.462353 0.371767 0.570056 0.629176 0.746585 0.520436 1.13481 0.120366 -0.969484 -1.66254 -2.07406 -2.03955 -1.66198 -1.74061 -1.85516 -1.62314 -1.62444 -1.35732 -1.01105 -0.496958 -0.339046 -0.26051 -0.754245 -1.55552 -0.320148 0.332802 0.364207 0.674973 0.160948 0.528998 0.635786 0.797724 0.58257 0.367546 0.519838 0.647133 0.399184 0.60198 0.873091 0.703772 0.638568 1.07605 0.918841 1.05451 0.846177 0.896852 0.756326 1.09744 0.841414 
-0.771813 -0.65607 -0.501783 -0.222054 -0.245175 -0.388527 -0.486657 0.0789633 0.222201 0.591053 0.985352 1.14771 1.48869 1.67825 1.76563 1.97944 2.23622 2.21307 1.79745 1.37275 1.2284 1.07683 0.751161 0.380239 -0.127733 0.247008 -0.71605 -0.867447 -0.591748 -0.819702 -0.601126 -0.624278 -0.515181 -0.577373 -0.665889 -0.612715 -0.399226 -0.573669 -0.617032 -0.751763 -0.855663 -1.08029 -0.666009 -0.946364 -1.08097 -0.943682 -0.838913 -0.93637 -0.855202 -0.70394 
-0.88285 -0.705876 -0.137309 0.0588569 -0.533261 -0.506381 -0.755046 0.704026 0.729282 0.343015 -1.02895 -0.442196 -0.134888 -0.304932 0.568902 1.70823 1.46966 1.86435 1.1627 1.42877 1.79399 2.23361 1.02788 0.155915 0.39006 0.476357 -0.171342 0.349986 -0.630761 -0.116624 0.23226 -1.32714 -0.497618 0.184501 -0.83504 -0.719685 0.917515 0.385632 0.640648 0.0269106 0.569363 0.382374 -0.738153 -1.35649 -0.997752 -0.307847 -0.593441 -2.18342 -2.26661 -1.63118 
-0.0878202 0.00495896 0.403905 0.889828 0.699111 0.329809 0.266144 1.38591 0.275957 -1.18143 -1.74556 -1.83256 -1.65893 -1.93538 -1.80942 -1.89879 -1.3198 -0.634312 -0.8971 -0.977323 -0.297344 -0.610455 -0.553995 0.351782 0.696214 0.0207913 -1.27673 -0.568856 -0.285321 -0.325786 0.223486 0.0590612 -0.267409 -0.0270698 0.361917 0.60054 1.35161 1.36802 0.698897 0.192729 0.666699 0.986707 0.83336 0.79023 0.175723 1.38668 1.53087 0.700631 1.26517 1.67466 
0.39206 0.978481 1.95142 1.01747 1.08306 1.029 0.256277 1.27552 0.744368 0.461568 0.774518 0.27659 -0.795626 -1.02111 -1.25679 -1.28422 -0.912084 -1.38331 -0.549596 0.563021 1.82074 0.256151 -0.421744 -0.965557 -1.92891 -1.47526 -1.73932 -1.18563 -0.945131 -1.74476 -0.631778 -0.748594 -1.19175 -0.961175 0.162644 0.24353 1.2456 1.225 0.289327 0.045338 0.0673524 0.702377 0.0909769 0.731453 0.0681234 0.583833 1.27264 0.0787781 0.563538 0.891574 
-0.336468 1.01596 1.53379 -0.523669 0.220729 0.464124 0.109147 0.0894214 -0.747447 -1.53337 -1.02736 -0.472885 -0.55965 -0.586692 -1.19694 -1.92584 -1.19772 -0.877476 -2.14316 -1.66788 -0.402017 -1.43448 -1.67703 0.643295 0.869521 0.963901 -0.280581 0.126585 0.913353 0.643268 0.119253 -0.418521 -0.293521 0.0442521 0.0323048 0.193972 -0.0219651 1.30427 0.266317 -0.819072 0.460872 1.07874 0.271358 0.936098 0.583379 0.957989 1.72025 0.961302 1.56257 2.05774 
0.174495 1.12649 0.689662 -0.532712 -0.350647 0.0792008 -0.745694 -0.417389 -1.43803 -1.79838 -0.657852 0.0810957 0.228463 -0.391317 -1.68185 -1.71507 -1.03462 -0.559154 -1.46219 -1.35178 -1.13947 -1.01887 -2.16491 0.0195551 -0.0490115 0.0833298 0.679161 0.949471 0.986501 1.04766 -0.408998 -1.13217 0.222983 1.38225 0.672206 0.448982 1.31695 1.77585 1.51348 -0.581159 0.525061 0.923281 0.2512 0.166633 1.06286 1.42573 1.27937 0.29687 0.369383 0.853093 
-0.922634 -0.225695 0.0173006 0.554225 -0.571898 -0.87828 -0.552249 -0.667105 -0.472201 0.230121 0.564284 1.00443 0.98204 0.808928 0.412627 1.05336 0.867494 1.85214 1.01348 1.34481 2.6352 2.81763 1.77821 -0.313002 -1.30765 -1.38192 -1.53305 -0.404548 -0.0578303 -0.364735 -1.15494 -2.02927 -0.364905 -0.037322 -0.089488 -0.967021 -0.528312 -1.27683 -0.411498 -0.464337 0.387947 -0.220823 -0.584301 -0.164874 -0.111522 0.147646 -0.0671655 -0.644758 0.391594 -0.0932947 
0.222222 0.518277 -0.111386 0.303943 0.595156 0.330155 -0.272113 0.538805 1.03573 1.89278 0.869439 0.687036 0.232867 -0.0767889 -0.855142 -1.67873 -2.11057 -2.33651 -2.89556 -1.83927 -0.68918 -1.25401 -0.980272 0.036001 0.573292 0.272192 -0.310838 -0.610244 -0.202059 0.220079 -0.792294 -1.21173 1.08125 -0.503324 0.20959 0.873176 0.49998 0.406023 0.206665 0.772735 1.6494 0.121849 1.16571 0.547115 -0.255814 0.179203 1.31825 0.406262 0.818431 0.402223 
-1.14386 -1.67743 0.0610146 1.58418 -1.39259 -0.637747 0.0811981 -0.671336 0.09224 0.719505 2.34406 0.50205 -0.992063 -1.04642 -0.586853 -0.337945 -0.391029 -0.677419 -0.434782 -1.15695 0.462508 -0.378437 -1.51705 -1.28708 0.460128 0.938723 1.62567 0.984846 -1.01252 -1.51736 -0.429995 0.478051 0.691227 0.08697 -0.467381 1.39666 -0.0269831 -0.0626192 1.11075 0.0540862 0.25745 1.29599 1.11029 -0.0339383 0.709839 -0.270692 2.32104 -1.00866 -1.09716 0.887837 
0.609016 -0.697109 -0.797165 -0.238193 -0.88049 -0.381943 0.996169 0.436953 -0.456705 -1.19807 -1.39523 -0.366794 0.00894789 1.05017 1.44259 1.59828 2.43669 1.58773 0.65283 -0.75283 0.397067 -0.0127156 -1.25102 -2.29656 -1.96127 -1.33168 -0.633963 0.528468 0.86814 -0.701581 -0.356429 0.385047 0.253538 1.46234 -0.128212 0.318316 -0.0567912 1.13612 0.915038 -0.591087 -1.37992 0.436053 -0.521768 -0.485218 -0.496291 0.257839 1.51113 1.01227 -0.188351 -0.743354 
0.0452846 0.0452846 0.193825 0.50788 0.414049 0.329224 1.49127 2.83205 2.22633 0.96197 0.209956 0.19867 0.199803 -0.273997 -0.900578 -1.09113 -1.49514 -2.53095 -2.24161 -1.31374 -0.534539 -0.337945 0.43075 2.59881 2.16733 0.539652 0.148862 -0.207951 -0.131028 -0.1737 -0.233183 0.03853 0.0472249 -0.000198833 0.0383283 -0.141335 -0.0738644 -0.0179378 -0.269904 -0.371536 -0.139166 0.00220016 -0.141461 -0.0768567 -0.0570735 -0.209552 -0.727405 -0.827765 -0.573863 -0.573863 
-0.448004 -0.448004 -0.212212 0.0718772 0.137641 -0.0660414 1.78228 3.83512 2.50105 0.670397 0.0967506 -0.040008 -0.151296 0.0784682 0.0119623 -0.399241 -0.312971 0.155256 -0.0910982 -0.384872 0.157035 0.0520182 -1.50941 -2.66302 -1.88608 -1.36155 -1.65989 -0.768506 -0.368914 -0.543412 -0.415764 -0.355721 0.048403 0.163562 0.0483771 -0.312712 -0.328518 0.171075 -0.0391796 -0.284656 0.119841 0.469435 -0.00975724 -0.245649 0.493863 0.742651 0.700613 1.0769 0.860957 0.860957 
-0.195576 -0.195576 0.141666 0.38274 0.252498 -0.206873 0.593395 -0.676 -3.42032 -2.90279 -1.81046 -0.638864 0.631803 0.449612 -0.342843 0.157397 0.339754 0.39629 0.955974 1.35367 1.05037 0.348985 -0.700363 -2.11713 0.667261 3.00901 1.07025 0.519231 -0.359077 -0.26683 0.732865 0.400963 -0.11746 -0.724484 -0.132786 0.418453 -0.226056 -0.104478 0.731366 0.132149 -0.40942 0.567706 0.419557 -0.0664535 -0.148779 -0.285638 -0.176454 0.291245 0.105251 0.105251 
0.629117 0.629117 1.02197 0.59696 -0.416598 -0.596296 1.10216 1.6804 1.20901 1.81047 1.31577 1.18805 1.25322 0.645661 0.703762 1.10958 0.541926 -1.06893 -2.03093 -1.38104 -0.726694 -1.16108 -1.68659 -2.12332 -0.33696 -1.42719 -2.68764 0.279999 0.0965943 -0.0402515 0.450386 0.18811 0.0945832 -0.378831 -0.102454 0.621048 0.0757573 -0.539575 -0.444439 -0.589464 -0.804815 0.436561 0.303046 -1.01188 -0.0113597 0.562094 -0.000269699 -0.0568078 0.539038 0.539038 
0.781941 0.781941 0.801538 -0.383662 -0.556525 -0.205816 1.25663 1.53633 -0.347983 -1.77471 -0.781144 0.933597 0.160817 0.739307 2.07633 0.940438 0.180078 -0.292795 -0.424135 0.665281 0.842501 -0.761644 -2.10093 -0.630636 0.347863 -0.552607 -0.108387 -0.44847 -0.455814 0.901901 -1.21543 -0.724641 1.56422 -0.323896 -0.902632 1.81022 1.14932 -0.262061 -0.345646 -0.0521385 0.383624 -1.31448 -1.75493 -0.244429 1.09144 0.433503 -1.89454 -1.68786 0.584566 0.584566 
0.476491 0.476491 0.942536 0.243532 -0.770278 -0.619667 1.14552 -0.0947826 -3.14982 -2.50278 -0.878285 -0.00372665 -0.228302 -0.284805 -0.0630371 0.473997 1.39254 0.394666 -0.513031 0.604554 0.328482 -0.410656 1.03425 1.37562 -0.498781 -2.44521 -0.805402 1.06883 0.181728 0.496741 0.349795 -0.688338 -0.208517 0.639608 0.637573 1.06679 0.803381 -0.880157 -1.49964 -0.144583 0.834791 0.0911499 -0.339324 -0.885998 0.600632 1.50002 -0.919676 -0.421388 1.04823 1.04823 
1.58122 1.58122 -0.0106191 -0.960622 -0.0393742 -0.917101 0.20666 0.459593 -0.90366 -0.0198764 -0.245119 -1.69541 -1.41016 -0.534293 -0.326919 0.30947 -0.155191 0.328086 1.98639 2.43033 -0.372742 -2.39936 -1.33059 -1.62947 -0.585108 0.147058 0.251802 0.78008 -0.636867 0.27664 0.991558 -0.637745 -0.27402 1.36663 1.2099 1.08243 0.976167 -1.05268 -1.28657 -0.283855 0.636484 -0.0267093 -0.0210016 -0.0753724 -0.206004 1.2097 -0.580244 -0.793887 0.799565 0.799565 
1.63768 1.63768 -1.54951 -1.33774 0.812849 -0.214728 -0.460666 -0.911086 -1.62725 -0.372063 0.880794 0.326727 -0.216809 -0.706102 -1.36213 -0.111169 0.869464 -0.994126 -0.84922 1.517 0.107726 -1.30218 1.83164 2.26981 0.189233 -1.18543 -0.893066 1.00553 0.372505 -0.852673 -1.10288 -0.496251 0.322116 0.194113 0.0295074 -0.16116 0.927349 0.159021 -2.0951 0.0714142 1.66343 -0.287571 -0.243757 0.18121 -0.0899723 0.95219 -0.107338 -0.257818 0.914399 0.914399 
0.447603 0.447603 -1.51734 -0.958054 0.535029 -0.374942 -0.466705 -0.6436 -1.26592 0.687092 1.6805 0.783002 -0.444856 -1.74426 -1.21419 0.566947 1.02663 -0.404334 -0.734228 0.273691 0.282901 -0.944613 0.920462 1.89415 0.0396871 0.640091 0.764771 0.259793 0.0707831 -1.27903 -1.98781 0.553164 2.25429 0.38801 -0.861324 0.564702 1.18113 0.159651 -2.14794 -0.91116 1.34159 -0.265429 -0.701715 0.715542 1.11988 0.177711 -1.03808 -0.840288 0.484704 0.484704 
0.856025 0.856025 0.700578 -0.629466 -1.44871 -0.0379958 0.148065 0.0206804 0.814535 0.94982 0.695127 0.348749 -0.247006 -0.610245 0.180369 0.384802 0.718904 0.0847316 -0.549939 1.51836 1.37371 -0.889623 -3.09837 -3.05487 -1.09549 -0.27605 0.892391 1.37603 -0.0184067 -1.12288 -1.67412 0.710403 1.87802 0.210473 -0.960249 -0.483384 -0.358051 0.0563968 0.732222 0.719546 0.179481 -1.00158 -0.0027321 0.402202 0.246518 -0.0139925 -0.826873 0.388583 0.478641 0.478641 
-0.35778 -0.35778 -0.230948 0.748288 0.0248432 -0.925263 0.218842 1.38769 1.43676 -0.179856 -1.28519 -0.679945 -0.815263 -1.15999 -1.7065 -1.33802 -0.702494 -0.83777 0.525725 2.34318 0.619313 -0.312571 1.36874 1.64899 0.248129 -0.943192 -0.941391 0.112642 0.879914 -0.630672 -1.52558 1.98925 0.75027 -0.92993 1.46071 0.305762 -0.49979 -0.314934 0.386922 1.53114 -0.695166 -0.517383 0.449186 -1.51464 -0.39426 1.67079 0.238419 -0.534529 -0.00732645 -0.00732645 
0.718915 0.718915 2.07469 -1.03353 -1.53999 0.896184 -0.0974654 -0.0680447 0.841505 1.40906 -0.218668 -2.27446 -1.09606 0.191787 0.391695 0.053762 -0.299101 -0.104165 -0.391422 0.516161 0.437861 -1.38023 -0.674289 1.22802 1.3919 0.692988 -0.04492 -1.81439 -1.72475 0.308672 1.24003 0.663774 -0.33312 -0.839066 0.788013 0.214983 -1.03727 0.674656 0.0016076 -0.637807 0.743326 0.486857 -0.951998 -0.339294 -0.231389 0.986764 -0.561787 -2.32857 1.17483 1.17483 
-1.0266 -1.0266 0.417296 -0.00249018 -0.0492689 1.51487 0.695981 -1.06275 -1.20377 -0.664562 0.705566 1.14909 1.15899 1.1719 0.486345 0.831615 0.0538562 -1.31899 -1.74997 -0.135986 0.634992 -1.21388 -1.70606 -0.487833 0.808999 1.08958 1.50208 1.2249 -0.890248 -0.886006 0.903251 0.534235 0.896026 -0.233522 -0.823652 0.11731 0.695133 0.814378 -1.27513 -1.71467 0.857197 0.726371 -0.651202 0.0817408 0.637269 1.6161 0.646078 -1.25367 -1.29714 -1.29714 
0.16374 0.16374 0.474912 0.234766 -0.160452 1.08389 2.49641 0.744875 -1.83635 -1.9813 -0.739729 0.00650385 -0.451764 -1.07372 -0.793072 -0.572537 -1.41004 -0.723059 1.2226 1.70797 0.983401 0.97299 2.92636 1.7372 -2.02369 -1.98337 -0.724176 -0.260757 0.0505001 -0.0846532 0.226845 0.294397 -0.0218097 0.00774861 -0.123277 -0.0945991 0.138828 -0.177676 -0.333789 0.146101 0.386869 0.0142895 -0.0617675 0.100176 -0.114914 -0.647614 -0.595974 0.168696 0.268135 0.268135 
0.173382 0.173382 0.442487 0.281427 -0.180617 1.50792 3.64541 0.63088 -3.04777 -2.32745 -0.722906 -0.284936 0.0622542 0.104674 -0.502484 -0.357767 0.475276 0.160197 -0.561611 0.185072 0.363873 -1.62852 -2.6218 -0.406778 1.18284 0.164291 0.511792 1.17291 0.163248 -0.0943517 0.127818 0.389711 0.44192 -0.0499974 -0.501126 -0.406988 0.408297 0.224104 -0.481666 0.10066 0.664343 -0.172735 -0.727339 0.427083 0.886198 0.145872 0.266641 0.101913 -0.254521 -0.254521 
0.228997 0.228997 0.400343 0.0680722 -0.429778 0.231595 -0.344141 -2.8635 -1.59342 1.13352 1.59841 1.72517 0.762946 -0.703446 -0.218398 0.474462 0.159093 0.427284 0.669771 0.0563873 -0.724798 -1.25506 -1.76353 0.961354 3.63277 0.275728 -1.78034 -1.02662 -0.569406 0.76541 0.46394 -0.615083 -0.810629 -0.0215957 0.801655 -0.0769954 -0.382382 0.669797 0.157482 -0.821531 0.298876 0.578503 -0.46144 -0.414654 -0.166491 -0.0303733 0.399324 0.189522 -0.142901 -0.142901 
0.346247 0.346247 -0.0444229 -1.3372 -1.11171 1.38118 2.07787 0.0833473 0.104696 0.0832683 -0.586993 -0.0723586 -0.513427 -0.519924 0.411568 -0.163624 -2.01735 -2.37983 -0.301757 1.18399 0.187321 -0.897202 -0.899354 1.22572 0.625016 -2.17561 1.55439 2.54441 -0.309238 0.310341 0.195046 -0.341918 -0.535996 -0.195981 0.904225 0.148948 -1.08171 -0.493029 -0.0607228 -0.346121 0.928258 1.00348 -1.34628 -0.303866 1.43194 -0.00467028 -0.583759 0.480867 0.532837 0.532837 
-0.0108204 -0.0108204 -0.70976 -0.823257 0.0825027 1.04688 1.00501 -0.968651 -1.97498 -0.277822 1.57477 0.533118 -0.136954 1.10724 0.096234 -1.14064 -0.749642 -0.378695 0.542621 0.724586 -0.863867 -1.75819 0.0548814 1.42173 0.0236378 -0.291439 0.0390349 -0.227262 0.773967 -0.47034 -0.981586 1.61685 0.213951 -1.47714 1.23616 1.1877 -1.24445 -0.90399 0.101419 0.40769 -0.766809 -1.28353 0.608656 1.65619 0.377414 -1.78328 -1.27339 1.43961 1.31772 1.31772 
0.249004 0.249004 -0.181333 -1.09239 -0.569334 1.14153 0.285228 -2.6823 -1.52038 1.36054 1.50061 0.362243 -0.210957 0.0638311 0.429238 0.858199 -0.0867527 -1.21106 0.0913034 0.480157 -0.662919 0.396587 1.06179 -0.981711 -2.39017 -0.226681 2.12548 0.569805 -0.390117 0.0655561 -0.767496 -0.381633 0.779626 0.482976 0.225081 0.064165 -1.23654 -1.45575 0.414937 1.39926 0.107214 -0.760747 -0.639486 0.540763 1.43102 -0.973878 -1.22081 1.17361 0.866845 0.866845 
-1.05726 -1.05726 -1.70086 0.00167952 0.0506439 0.187841 0.953829 -0.731048 -0.303666 0.467302 -1.11396 -0.768118 0.807781 0.755022 0.592784 0.137501 0.0337719 1.47201 1.44537 -1.57708 -3.25081 -0.627752 0.542739 0.526201 1.2247 0.588142 0.450013 -0.580887 -0.319905 1.12437 -0.598308 -0.836231 1.37906 1.02647 -0.171375 -0.137186 -1.42531 -1.51177 0.542015 1.32397 0.195369 -0.424266 -0.0118076 -0.104174 0.89176 -0.232376 -1.33621 0.955939 1.10068 1.10068 
-1.75544 -1.75544 -1.63622 1.36901 0.671246 -0.678025 -0.353079 -0.617819 0.342454 1.45103 0.432404 -0.578984 -0.542516 -0.605848 0.373932 1.29539 -0.458137 -0.92866 1.45277 0.577749 -1.54825 1.00956 2.05005 -0.885717 -1.90636 -0.570369 1.27251 0.751508 -1.00721 -0.79168 0.239647 0.841265 0.42766 -0.125764 -0.161045 0.544472 0.219243 -1.66269 -0.0103458 2.15507 -0.163135 -1.03479 0.302907 0.12556 0.473048 0.0292008 -0.64227 0.614226 0.698948 0.698948 
-1.1005 -1.1005 -0.785452 1.1625 0.334849 -0.557917 -0.144965 -0.443835 0.755971 1.66613 0.0604011 -1.19087 -1.41727 -0.427005 1.30831 1.26866 -0.540762 -0.985544 0.388314 0.579337 -0.679913 0.365521 1.60549 -0.489779 -0.700057 0.414824 -0.207853 -0.384559 -0.860468 -1.15326 1.03848 2.39601 -0.0866597 -1.74869 0.105907 1.15691 -0.221797 -1.86893 -0.596828 1.97207 0.370123 -1.14465 0.558968 1.0325 -0.296593 -1.20924 -0.567079 0.864178 0.75276 0.75276 
-0.0901835 -0.0901835 -0.952846 -1.38338 0.394265 1.0463 0.0486962 0.442909 0.613276 -0.0668089 -0.379214 -0.600425 -0.611362 0.287833 0.656023 0.359931 -0.183985 -0.812329 0.940486 1.25831 -1.55117 -2.88993 -1.39373 1.3097 1.81297 1.29997 1.08217 -0.580101 -1.61015 -1.06325 1.1997 2.31454 -0.313614 -1.83025 -0.439394 0.401223 0.360739 0.717787 0.440755 -0.347867 -1.10568 -0.107544 0.92113 0.172302 -0.259303 -0.685559 0.271748 0.857391 0.0690503 0.0690503 
0.0631294 0.0631294 0.682968 0.144758 -1.07648 0.105644 1.44691 0.753765 -1.00938 -1.7401 -0.333701 0.280304 -0.321015 -0.581289 -0.129841 0.618364 0.299496 0.760288 1.99633 0.0420862 -1.69819 0.45722 1.22448 -0.726478 -1.65796 -0.770098 0.651171 1.1357 -0.487658 -1.53979 1.64121 1.42342 -1.86494 0.43254 0.765018 -1.25811 -0.410043 0.544119 1.15138 -0.702095 -1.31383 0.707202 -0.648399 -0.551039 1.99917 0.383321 -1.41308 -0.172705 0.316557 0.316557 
0.697726 0.697726 -1.05071 -2.09826 1.02058 0.746525 -0.607325 0.463264 0.765973 -0.661296 -2.13698 -0.558476 1.32239 0.771966 -0.142568 -0.453514 -0.153763 -0.116858 0.28402 0.401563 -1.13169 -0.690534 1.40227 1.09735 -0.36589 -0.873168 -1.47538 -1.00987 1.12934 1.60283 0.134826 -0.949858 -0.910305 0.565734 0.527998 -1.09168 0.19365 0.519462 -0.803214 0.352306 0.567721 -1.01858 -0.529653 0.340431 0.681009 -0.250782 -1.92987 0.911957 1.90581 1.90581 
0.913913 0.913913 0.64501 -0.309878 0.960968 0.466377 -1.66216 -1.22794 0.24406 1.21206 1.15077 0.279438 0.00360086 -0.441884 -0.228987 -0.28805 -1.38863 -1.16649 0.746789 1.51673 -0.70148 -1.51062 0.454077 1.60007 0.999435 0.43296 0.075674 -1.54347 -1.3632 1.13786 0.898757 -0.0156384 -0.502814 -1.11259 0.213723 0.961882 0.435513 -1.2731 -1.63105 1.3549 1.55265 -0.977248 -0.423942 0.814349 0.97186 -0.00536737 -1.84931 -1.25578 -0.0388527 -0.0388527 
