49
0.209621 0.481418 0.33035 0.336676 0.364134 0.428796 0.509514 1.2219 1.74914 1.80662 1.68261 1.75121 1.75932 1.59627 1.30838 0.856491 0.169132 -0.501358 -0.933488 -0.908985 0.21803 0.385347 0.599136 0.446889 0.264392 0.215267 0.0649337 0.05419 0.140765 0.0735038 -0.00812414 -0.0147066 -0.170958 -0.318851 -0.291857 -0.35211 -0.437482 -0.450459 -0.680987 -0.914649 -0.93839 -0.998577 -1.11478 -1.24608 -1.45303 -1.57886 -1.72226 -1.91961 -2.06844 
0.230666 0.286419 0.0742818 -0.198313 -0.231423 -0.0675737 -0.158889 0.652613 1.27553 1.47429 1.62648 1.61431 1.63655 1.78124 1.65503 1.47306 1.46651 1.46971 1.46181 0.928146 0.456461 0.0171844 -0.408581 -1.13368 -1.25525 -1.03865 -1.08509 -1.08847 -1.00226 -1.03712 -1.02658 -1.00639 -1.13057 -1.16038 -0.999887 -1.08575 -0.999912 -0.897456 -0.80375 -0.764386 -0.63237 -0.604305 -0.51636 -0.203384 -0.142198 0.000375742 0.247931 0.35429 0.496094 
1.52071 1.51973 1.5954 1.4112 1.25207 1.28205 1.29379 0.53539 -0.595736 -1.42233 -1.82008 -2.0216 -2.03689 -2.0766 -1.978 -1.68001 -1.41549 -1.04571 -0.778566 -0.596953 -0.801516 -0.363846 0.234521 0.374933 0.136884 0.151998 0.213516 0.16441 -0.10913 0.0180046 0.245652 0.145055 0.00895274 0.0135498 0.444002 0.232072 0.216636 0.312407 0.561934 0.659447 0.533583 0.445713 0.724034 0.791229 0.57267 0.251734 0.385036 0.336025 0.15813 
0.293244 0.0183874 0.479436 0.335548 -0.0565219 0.57264 0.769232 -0.117128 0.457212 0.906961 1.05382 1.29662 1.78611 2.12303 2.01291 1.96061 1.72708 1.72606 1.20382 1.49421 0.605265 -0.344213 -0.923566 -0.098165 -0.4079 -0.450006 -0.59788 -0.640607 -0.665547 -0.77962 -0.720274 -0.777425 -0.792469 -0.747351 -0.390261 -0.670054 -0.854336 -0.735947 -0.775295 -1.01803 -1.11693 -0.978716 -1.16202 -1.0046 -1.20483 -1.0737 -0.673519 -0.364717 -0.680572 
2.0903 1.89459 1.17001 1.43935 0.79158 1.57539 1.38235 0.982211 0.492219 -0.533818 -0.355224 0.00313078 -0.17857 0.0321273 0.798713 0.86187 1.30286 1.26348 1.00474 -0.17555 -1.39131 -0.697348 -0.0959987 0.544653 0.723031 0.312645 0.15117 0.17899 -0.14134 -0.730523 -0.0480245 -0.82238 0.263434 0.278214 -0.52244 -0.100297 -0.576958 -0.687534 -0.274097 -0.510005 -0.826091 -0.577749 -0.458979 -1.20562 -2.08123 -2.03909 -1.35384 -1.44323 -1.7098 
1.87361 1.6358 0.626871 0.890444 1.03903 0.827935 1.23017 0.0780694 -1.33242 -1.40282 -1.95736 -1.91063 -1.71107 -1.87216 -1.75663 -1.409 -0.987994 -0.896746 -0.891163 0.875698 0.930925 0.181268 -0.609161 -0.597085 -0.580343 -0.617133 -0.295528 -0.314854 -0.469208 0.00385243 0.407374 -0.227703 0.668153 0.544816 0.458598 0.745612 0.228776 -0.347595 -0.0418564 0.195167 0.739398 0.799287 0.350795 0.143712 0.298754 0.969203 1.05546 1.49609 0.933579 
1.62209 1.35995 0.941327 1.20895 0.761641 0.764878 1.71405 -0.936874 0.446704 0.697698 -0.178538 -0.346307 -0.767385 -1.35426 -1.5687 -0.995424 -0.286579 0.0514805 1.0324 0.552402 -0.315982 -1.18913 -2.46109 -0.952361 -2.51123 -0.911923 -0.575187 0.362527 -0.650024 -0.109978 0.0356185 -0.878383 -0.489064 1.71756 0.771838 1.53652 0.376591 -0.289465 0.114595 0.547675 0.409827 -0.0968872 0.0599327 0.230555 0.363497 -0.450727 -0.974312 0.0178098 1.59169 
-0.964411 -0.220264 -0.281847 0.444888 -0.978016 -0.778022 1.17854 0.0674433 -1.20291 -1.27765 -0.232873 -0.169406 -0.363167 -0.310994 -0.180632 -0.684927 -0.982004 -2.81484 -0.70637 0.486129 2.99102 -0.103816 0.839522 0.573969 -1.60207 -0.257435 -0.550629 0.786189 0.835574 0.0342156 0.795715 -0.286357 -0.353168 0.849015 0.662537 0.886183 -1.23121 -0.200281 0.768952 1.24763 -0.701612 0.719439 2.08346 1.4664 0.840336 -0.997524 0.00337501 -0.469648 0.341533 
-0.807509 0.150855 0.418645 0.0803892 -0.563088 0.207018 -0.149783 -0.363036 -1.26376 -1.02928 -0.711684 -1.05624 -1.06497 -2.39367 -2.32395 -1.85102 -1.66728 -2.03644 -1.56202 0.00895773 0.0228184 0.271154 1.02307 1.12574 0.769078 0.859063 0.744022 -0.335548 0.5547 0.918176 0.298711 0.952992 0.707313 0.131249 0.229819 1.85251 0.0557599 0.413113 1.36142 0.907867 0.345071 0.782668 1.11906 0.961419 0.371574 0.39541 0.801379 0.221129 0.117118 
-0.510751 0.0452207 -0.118792 -0.356601 0.0294081 0.283378 -0.185457 -0.165485 0.178735 0.490989 0.867572 1.16672 1.33102 1.60258 1.28574 1.5328 2.64022 2.20025 2.52194 0.88779 -1.45699 -1.44295 -0.832759 -0.655999 -0.728827 -1.44008 -0.894977 -0.747697 -0.923773 -0.848292 -0.709885 0.167367 -0.537686 -0.783298 -0.668277 0.36432 -0.182039 -0.249068 0.346821 0.836635 -0.179013 -1.29788 -0.991295 -0.553502 -0.849983 -0.326214 0.155003 -0.328138 0.0312128 
0.967498 1.18132 -0.353351 -0.0505442 -0.402329 -0.441171 0.443871 1.50885 1.24187 1.38466 0.537372 0.740721 -0.301845 -0.824095 -1.88202 -1.44168 -1.82967 -1.71462 -0.75225 1.99436 1.69136 0.600692 1.02479 -0.158225 -0.599835 -1.41989 -1.81672 -0.653846 -0.77727 -0.980619 0.0672258 0.440368 0.375926 -1.32373 -0.398363 0.656836 0.570906 0.609057 -0.427751 1.60817 1.23528 0.0492552 -0.404363 0.73757 0.228103 -0.376344 -0.191654 -0.707281 0.333389 
-1.10618 -0.730547 -0.633366 -1.12962 -0.922807 -1.37256 -1.96819 -0.4804 0.460037 1.42965 0.371447 -1.80556 -1.46212 -1.59017 -1.47776 -0.699471 -0.799195 -0.660704 -0.397772 -0.120608 0.232404 0.297998 -0.42763 -0.274006 -0.605474 0.692197 -0.421734 -0.328956 0.907548 0.391307 1.85616 0.288494 0.128143 1.21292 1.71597 0.775481 0.357888 1.6543 0.643571 -0.082057 1.76099 0.673353 1.07365 1.42672 1.0793 0.752357 -0.124431 -0.770685 0.210126 
-1.07232 -0.904602 -0.993066 -1.705 -1.0272 -1.29804 -1.84869 -0.280414 -1.39805 -1.42053 -0.0428964 0.691733 1.0197 1.96883 1.59986 1.75702 1.72698 0.0948677 -0.207476 -0.528922 -2.60244 -0.496696 0.46316 -0.0274234 0.31986 0.260995 1.32504 0.25245 1.16998 0.509396 0.303299 0.630237 -0.810758 0.364706 0.157232 0.0223754 0.345947 0.909687 -0.356547 -0.166341 0.000902405 -0.450359 -0.0307171 1.98185 0.297474 0.0081891 -0.127701 -0.225556 -0.159996 
0.440061 0.440061 -0.0889782 0.266794 0.383049 0.489187 1.78 2.66985 1.36471 0.0668713 0.0890604 0.352343 -0.109315 -0.699182 -1.27478 -2.07086 -2.5065 -1.99787 -0.612866 2.49426 2.77886 0.958949 0.32211 -0.467621 -0.262116 -0.19802 -0.121531 0.350588 0.237957 -0.0972435 0.0236793 -0.125032 -0.40664 -0.0414654 0.133188 -0.0907377 0.00347462 -0.285797 -0.725585 -0.313492 0.0322124 -0.15204 -0.293754 -0.474624 -0.463714 -0.337062 -0.479588 -0.490413 -0.490413 
-0.363739 -0.363739 -1.08732 -0.692796 0.268993 0.140726 1.56795 3.14191 1.79161 0.754259 0.289432 0.00306408 0.348759 0.0216184 -0.698265 -0.434566 -0.0264891 -0.0294657 -1.21256 -2.2346 -2.02659 -1.9254 -2.55526 -1.88491 0.19029 0.355857 -0.128899 0.16341 0.0940481 -0.0727011 0.0485921 -0.248285 -0.358459 0.268873 0.145329 -0.0191714 0.395834 0.413162 0.274128 0.358552 0.333651 0.236534 0.86439 0.805418 0.429906 0.840606 0.7608 0.527758 0.527758 
0.234935 0.234935 -0.0967846 -0.52192 -0.134132 0.17525 -1.25217 -3.32142 -3.4449 -2.11706 -0.985312 -0.292843 0.000128202 0.206347 0.817777 1.11817 1.24816 1.25292 0.912215 0.0581589 0.52177 1.97554 1.43733 -0.0770675 -0.30393 0.238459 0.122183 -0.484465 -0.165366 0.742073 0.329746 -0.328852 -0.138389 0.887403 0.495363 -0.311954 0.245165 0.724901 0.728054 0.0483791 -0.287271 0.444538 0.725295 -0.174345 -0.877086 -0.240015 0.252326 -0.31112 -0.31112 
0.402805 0.402805 0.653744 -0.980858 0.50033 1.62822 -1.27556 -0.551785 2.00824 1.18917 0.79266 1.44915 1.62946 0.480604 -0.265132 -0.501611 -0.40335 -0.95652 -0.39819 -1.10079 -3.47642 -2.88323 0.51749 1.03409 -0.628083 -0.317951 -0.319143 -0.0835984 -0.220299 -0.0588042 0.0502595 -0.0922742 0.103678 0.816697 0.194157 -0.843127 -0.0801982 0.197498 -0.494433 -0.608529 0.121388 -0.0403314 -0.00354347 -0.0359691 -0.0863374 1.06405 1.40448 0.0325407 0.0325407 
-0.967374 -0.967374 -0.366386 -0.26713 0.397707 0.985355 -0.544648 -0.928399 -1.73724 -0.873232 0.915803 0.450196 0.259381 1.48484 1.29418 0.873407 0.740904 -0.163346 -1.63773 -2.87447 -0.452405 1.89582 1.82693 1.28033 -0.0779126 -0.5171 0.0491881 -0.156099 -0.953445 0.3425 0.103203 0.624404 1.64419 -0.793668 -0.267237 0.151455 -0.536972 0.613293 0.451329 -0.491427 0.134364 0.696324 -0.589487 -1.87451 -0.855173 1.16191 0.99193 -0.23809 -0.23809 
-1.47972 -1.47972 -0.859797 0.571388 -0.015508 0.29811 -0.865375 -3.10668 -1.76923 -0.71092 -0.566096 0.366306 0.10935 0.00544948 0.634437 1.01214 0.695147 0.181505 2.25328 2.31466 -0.796834 -1.84243 -0.900597 0.0974108 0.0369914 0.413933 0.435527 -0.152963 0.455838 1.14561 -0.224521 0.384215 1.01694 -0.197319 0.31005 -0.222379 -1.28989 -0.272838 0.732867 1.02775 0.808731 -0.4187 -0.748792 -0.00256536 1.08244 0.997395 0.713232 -0.0889182 -0.0889182 
-0.602695 -0.602695 -0.140782 -0.165795 -0.396318 0.821303 -1.49291 -1.11415 1.41609 -0.554283 -0.919411 -0.52255 -0.887973 -0.707803 0.303749 1.10878 0.903693 1.14092 0.42764 -1.1848 -1.5276 -1.87949 0.197321 -0.0528389 0.0261361 1.67895 1.10209 -0.0743741 -0.42111 0.588702 -0.67911 -0.466604 2.25433 1.09028 -0.166972 -0.353747 -1.60124 -0.237562 0.720796 0.248295 -0.571129 -0.314202 0.27638 0.255561 -0.603146 -1.17558 0.399404 2.22822 2.22822 
0.44514 0.44514 0.433033 -0.513557 -0.879824 1.47008 0.558413 -1.68541 -0.964786 0.64503 0.741137 -0.120077 -0.127931 0.0974468 -0.289491 -0.58671 -1.5105 0.162183 2.26584 2.54149 -0.439694 -1.52552 0.441817 -1.72723 -0.607591 0.701638 0.696202 0.934413 -0.55236 -0.0571942 -0.252387 -0.82835 0.759998 0.676789 -0.00363317 -1.34629 -0.784947 1.36133 0.977322 -1.05203 -0.396755 1.90711 0.489922 -0.893881 -1.74276 -0.611456 0.337578 0.205659 0.205659 
1.41491 1.41491 -0.120589 -1.19974 0.112816 0.452307 -0.712216 -1.35635 -0.826122 0.616648 -0.0690735 -0.455513 -1.62097 -1.52806 0.605486 0.740506 -0.256719 0.0875075 2.38508 1.83968 0.273359 1.14739 0.974891 -0.337927 -0.352954 -0.0668124 -1.45184 -0.261342 1.44756 -0.340292 0.00408996 0.446738 -1.01027 -0.602604 2.00123 -0.243267 -1.74172 1.50906 0.548762 -1.24073 -0.185407 0.879438 0.174541 -0.922335 -0.707426 0.471847 -0.243531 -0.847463 -0.847463 
0.404428 0.404428 -0.433663 0.147061 0.666293 -0.236271 -0.483332 0.375111 0.683709 0.717878 0.704038 0.479906 0.450786 -0.0572179 -0.0830944 1.42068 0.695301 -0.134301 -1.39514 -4.21045 -2.47026 0.649665 0.82147 0.100322 -0.837265 -0.184836 0.721625 -0.0398145 -0.115622 0.216416 1.06295 0.172401 -1.01315 -0.147292 1.20227 0.503969 -0.657041 0.548971 1.1369 -0.564599 -2.26308 -0.867037 0.776524 0.139789 0.230565 1.05168 -0.011443 -0.140112 -0.140112 
-1.01824 -1.01824 -0.94593 0.0152329 -0.262376 0.742616 1.63954 0.703454 -0.0458797 -0.517419 -0.468211 -0.626882 -1.21647 -1.22895 -0.446794 0.0975632 -0.166745 0.930498 3.06879 2.0406 -1.0774 -0.486591 -0.561634 -1.26507 -0.970145 -0.933758 0.677485 0.899642 -0.210492 0.741232 1.20966 0.305867 -1.3784 -0.574124 1.66435 0.842617 0.0162069 -0.756436 0.866865 1.40634 -1.21168 -1.27728 0.614326 0.568945 -0.850089 -0.286046 -0.213875 0.481658 0.481658 
0.406322 0.406322 -0.416995 -0.313468 -0.269554 -1.02729 0.802303 2.25279 1.76348 -0.123806 -3.09512 -1.77157 0.163243 -0.0549176 0.800919 0.600604 -0.00354492 0.338906 0.469852 0.554914 0.355132 -0.663413 -0.580288 -0.208088 0.872219 0.133351 -1.00441 1.21507 0.639982 0.855607 -0.137237 -1.67189 0.832769 1.45922 -0.453219 -1.32257 0.789701 0.229614 -1.67977 1.01501 0.673171 -0.689203 0.671243 -0.0348112 -0.676944 -1.17682 -1.47834 0.275765 0.275765 
0.0436633 0.0436633 -0.794587 -0.0643929 0.355945 -0.814682 0.937864 0.39757 -1.11832 1.2595 1.98098 0.98072 1.18512 0.520986 -0.233703 0.089282 -1.61577 -1.87527 -0.626289 -2.3141 -0.0011523 2.88944 0.415322 -0.168416 0.242981 0.926003 -0.0400043 -0.179624 0.212991 -0.857745 0.083291 -1.09348 -0.284894 0.890565 -0.358079 0.147971 0.813684 -0.70129 -1.05724 0.308763 -0.302511 -0.0619928 2.28586 0.280882 -1.91262 -0.437024 -0.254604 -0.0626367 -0.0626367 
-0.39532 -0.39532 -0.102338 0.429068 0.223492 1.19075 1.83614 -0.30165 -2.10323 -1.01016 0.275438 -0.123016 -0.825593 -0.919427 -1.08924 -0.973982 0.100456 1.59978 3.73966 2.83347 -1.22399 -1.98281 -1.13445 -0.440768 0.262368 0.156122 0.492133 0.336391 -0.328445 -0.136111 0.0174648 -0.314024 0.109167 0.484903 -0.0002274 -0.0664711 -0.120285 -0.560039 0.0175418 0.664403 0.173306 -0.228088 -0.225302 -0.099615 0.153632 0.027277 -0.0859368 0.0314343 0.0314343 
-0.746868 -0.746868 -0.348923 1.35107 0.823743 1.29322 3.01021 0.208585 -2.42538 -1.53222 -0.774724 0.0428307 0.00170429 -1.07312 -0.477154 0.660594 0.391605 -1.21337 -2.24128 -0.838111 0.294867 -0.550262 0.0238313 2.75236 2.2432 -0.33897 -0.211128 0.20787 -0.255171 -0.0628615 -0.194119 -0.427594 0.504634 0.491148 -0.307555 0.235668 0.419074 -0.139774 -0.0720958 0.043029 -0.140088 0.518333 0.55681 -0.455265 0.0184814 0.316754 -0.332574 -0.252075 -0.252075 
-0.254305 -0.254305 -0.625624 0.00280266 0.64434 -0.941082 -3.01861 -1.87974 1.08732 2.18366 1.62872 0.896118 0.471422 0.749568 0.83182 0.411325 0.153111 -0.257996 -1.00809 -0.305597 1.71008 0.835084 -1.75735 -1.48542 0.311007 0.407595 -0.595988 -0.215726 1.1067 0.46786 -0.899936 -0.373452 1.09771 0.58895 -1.01211 -0.183104 0.941024 0.457184 -0.55546 -0.851374 0.381433 0.91981 -0.505117 -1.36412 -0.0219348 1.02187 -0.0266814 -0.456698 -0.456698 
0.199789 0.199789 -0.930507 -0.0798129 1.8304 -1.20173 -1.48116 2.29696 1.23011 -0.814281 0.20604 0.604904 -0.643461 -1.28381 -0.652913 -0.0693054 -0.288291 0.0298377 -0.0734929 -2.10226 -1.20625 2.78798 2.73502 -0.765872 -0.908638 0.239896 0.18832 0.0946188 0.0434144 0.213356 0.00312586 0.0632079 0.654806 0.0888338 -1.12147 -0.163442 0.745842 -0.260166 -0.531083 0.452098 0.419168 -0.0601184 0.0292861 -0.0309808 0.786914 1.05714 -0.687002 -0.922403 -0.922403 
0.381691 0.381691 0.446556 0.488282 0.807454 -0.626906 -1.26173 -0.79044 0.0249891 1.72274 0.853816 -0.440045 0.665092 0.665191 -0.410645 -0.372635 -0.688597 -1.56554 -1.78283 0.763566 3.1064 1.47852 -0.413296 -1.25591 -1.18571 0.0719986 0.224856 -0.666299 0.314778 0.679471 0.173165 0.995997 -0.937794 -1.26021 0.606588 -0.18734 0.290755 0.634805 -0.733014 -0.218205 0.765149 -0.484111 -1.69114 -0.184693 1.97328 1.19605 -0.925981 -0.8149 -0.8149 
0.405996 0.405996 1.43101 0.566686 -0.233715 -0.646668 -2.4765 -0.685333 1.67785 0.823689 0.733515 0.445761 -0.296438 0.338073 0.682996 0.00548687 -0.632892 1.07794 1.48977 -2.22248 -3.0153 -0.112309 1.35132 0.633507 0.1887 0.247438 -0.444004 -0.0234468 0.892045 -0.525266 -0.583305 0.851143 -0.454487 -0.544271 -0.0559414 -1.18387 -0.074132 1.41071 0.893483 0.0163402 -1.07394 -1.15349 0.260042 1.27353 0.678177 -0.302421 -0.81601 -0.612493 -0.612493 
0.203625 0.203625 0.186626 -0.283969 0.560552 -0.85557 -1.42568 1.86672 0.270196 -1.69756 -0.088734 -0.0889348 -0.236203 0.699619 1.12429 0.297434 -0.0884606 -0.433837 -1.69091 -1.43912 -0.582424 1.06199 1.13113 -0.226642 1.06666 0.620944 -1.3019 -1.1455 0.34034 -0.285643 -0.827509 1.88333 0.947793 -1.75587 -1.09169 -1.08506 -0.0313392 1.4678 0.219899 -0.98832 -0.492586 0.465685 0.276922 -0.708045 -1.08294 0.571054 2.203 1.1326 1.1326 
0.000350477 0.000350477 -0.546198 -0.750686 1.15267 0.837761 -1.8146 -0.872135 1.35291 0.99232 -0.434422 -0.494448 0.132936 -0.085942 -0.387682 -0.697656 0.439742 2.18775 1.38112 -1.5548 -2.3409 0.516314 -0.109126 -0.598574 1.40974 0.760135 0.141742 -0.713563 -0.5652 0.180542 -0.437915 0.59188 0.876389 -0.43357 -1.16076 -0.44378 1.57069 1.02485 -1.3861 -0.786034 1.71591 0.519297 -1.60992 -1.28178 0.17041 1.2085 0.479133 -0.0688277 -0.0688277 
-0.868072 -0.868072 -1.53744 0.229135 1.10908 -0.427388 -1.03751 0.0137068 1.30816 0.553939 -0.580676 -0.878244 -0.580918 1.46538 1.4915 -0.450445 -0.32068 1.723 1.17119 -1.22549 -0.34505 0.519503 -0.836945 -0.739271 0.252525 -0.59725 -0.0363024 1.88278 0.0353892 -0.810988 0.572535 -0.544826 -0.566522 1.95233 0.307248 -2.23731 1.17129 1.50509 -1.62127 -0.371028 1.39945 0.307627 -1.03324 -0.462704 0.949137 0.372103 -0.733977 -0.290245 -0.290245 
-0.506981 -0.506981 -0.137174 0.727172 -0.21739 -0.705366 0.416047 0.769892 0.244992 0.0396634 -0.124824 -0.134554 -0.315324 -0.313259 0.967849 0.522402 -0.9635 -1.30448 -2.56898 -0.657923 3.12165 2.1229 -0.323105 -1.02957 -0.154872 1.01942 0.119068 -0.506443 0.189886 0.777232 -0.00131167 -1.29534 -0.176863 1.4375 0.441442 -1.1573 0.0553749 1.1691 -0.682406 -2.1384 -0.165876 1.96235 0.667867 -0.32095 0.607409 -0.127394 -0.732215 -0.0552191 -0.0552191 
-0.00300104 -0.00300104 0.626199 0.397136 0.425828 1.1947 -0.075971 -1.15365 -0.849547 -0.326803 -0.121991 -0.540164 -0.444462 0.453516 0.818033 0.132993 0.494925 2.06772 0.676366 -2.76453 -1.7047 0.287302 -0.559947 -0.317755 0.166553 1.02824 1.14985 -0.631625 -0.154033 0.879334 -0.335335 -1.74454 -0.626397 1.94153 0.877099 -1.12925 -1.09711 0.506527 1.36547 -1.411 -1.8071 1.14501 1.15825 -1.00898 -0.610033 0.366147 0.452223 0.404978 0.404978 
-0.501671 -0.501671 -0.439618 0.0801815 -0.436044 0.634257 1.95782 0.567918 -1.43267 -2.92033 -0.995823 1.9448 1.02073 0.374018 0.384714 -0.49037 -0.165048 0.275553 0.121279 -0.0769524 -0.738431 -0.568862 0.26472 0.86241 0.19646 -1.133 0.640168 0.977423 -0.223646 -0.47404 -1.52312 0.57321 1.86853 -0.778985 -1.67554 0.736788 0.922157 -1.48834 0.46256 1.40211 -1.02966 -0.0093473 0.384037 -0.816266 -0.692688 -0.488531 0.862458 1.04318 1.04318 
-0.542824 -0.542824 -0.059875 0.772553 -0.484646 0.396473 0.813374 -1.34836 0.581675 2.06146 -0.172794 -0.514787 -0.292474 -0.926813 -0.273935 -0.902504 -1.28776 0.666035 -0.278647 0.425057 3.4532 0.287048 -2.01087 -0.102393 0.73544 -0.175573 -0.719666 0.178923 -0.436915 -0.07419 -0.144321 -0.231924 1.32384 -0.0368112 -0.479557 0.786595 -0.550106 -1.22583 0.67964 0.510769 -0.233624 1.72354 0.23837 -2.76527 -0.463228 1.1082 0.259212 0.13856 0.13856 
