44
-0.819869 -0.673764 -0.608209 -0.377322 -0.298648 -0.190457 0.710843 1.01224 1.14341 1.17397 1.05854 1.15235 1.25068 1.22131 1.14967 0.987497 0.690897 0.338005 0.203238 0.0585074 0.119807 0.311324 0.48305 0.731749 0.767597 0.750027 0.751796 0.786911 0.759299 0.618882 0.332007 0.0214381 -0.296159 -0.520586 -0.670506 -0.868308 -1.14136 -1.24906 -1.51628 -1.69074 -1.77545 -1.91055 -1.99489 -1.98289 
-2.51221 -2.39623 -2.51049 -2.36012 -2.31161 -1.59097 -0.0985729 0.294242 0.303948 0.287571 0.458972 0.409537 0.377082 0.506265 0.677186 0.888172 0.932049 0.710193 0.337048 0.21365 0.256907 0.550587 0.924342 0.818253 0.76925 0.663352 0.595658 0.557666 0.367609 0.452212 0.558402 0.72166 0.684672 0.548596 0.47733 0.338674 0.27184 0.208583 0.0125507 -0.10943 -0.378159 -0.562744 -0.719099 -0.624428 
1.55765 1.77185 1.23156 0.884112 0.88982 2.09371 0.591287 -0.520513 -1.04403 -1.17343 -0.997245 -0.979234 -1.13816 -1.06962 -1.00632 -0.844285 -0.579107 -0.585929 -0.232435 -0.16531 -0.174491 -0.334623 -0.474389 -0.94217 -1.07064 -1.00962 -0.670615 -0.606589 -0.886476 -0.91384 -0.81188 -0.654875 -0.206858 -0.0534665 0.010951 0.300213 0.570291 0.849484 1.27975 1.5763 1.43985 1.17433 1.38513 1.53987 
-1.69458 -0.679793 -1.00545 -0.458999 -0.176354 1.25847 0.759824 0.41362 -0.230229 -1.46367 -1.19262 -1.54116 -1.97822 -1.63989 -1.38898 -0.972435 -0.0802517 0.0410653 0.70382 1.10473 1.08422 1.4284 0.442956 0.242715 0.0308586 -0.735497 -0.720114 -0.32824 -0.544155 0.496899 0.851266 0.430239 0.763675 1.54713 2.06345 2.011 0.694331 -0.0314954 -0.616658 0.0469519 0.260794 -0.227018 0.487406 0.541984 
0.664057 0.931195 0.774446 1.78296 2.29906 -0.0114578 0.717655 -0.311146 -0.639082 -0.548239 -1.15275 -0.960075 -0.471028 -0.692805 -0.850033 -0.845222 -1.21927 -0.976203 -0.919403 -0.542867 -0.463468 -0.904731 -1.23494 -1.41192 -1.38045 -0.849472 -0.814653 -0.871469 -0.664 -0.435223 -0.0888681 0.515174 1.01629 0.831808 1.13282 1.37289 1.8861 1.53697 0.403574 0.345762 0.520347 0.843283 0.432174 1.25222 
1.43848 1.0049 1.3278 0.151474 1.12291 0.876374 -0.0337709 -0.850761 -0.849174 -0.675982 -0.587355 -0.488399 -0.389461 -0.481328 -0.96104 -1.05976 -0.441409 -0.787169 -0.146574 -0.0571293 -0.523446 -1.16051 -1.38101 -1.23342 -1.20966 -1.47128 -1.37404 -1.19245 -0.801654 -0.445861 0.0528395 0.181239 0.517723 0.343823 0.72664 -0.132067 0.903138 0.69745 1.04739 1.62784 1.9497 1.6695 1.29705 1.79844 
-0.114716 0.482606 0.798686 -1.99003 -1.49049 -1.19298 -1.25396 -1.21158 -0.953046 -0.318965 -0.217767 0.25396 0.732083 0.69677 0.81605 0.395648 0.405005 1.67047 2.29697 2.09623 1.92745 1.68393 1.25267 0.560984 0.915133 0.443567 0.160628 0.0744465 -0.103667 -0.340013 -0.516179 -0.411166 -0.872954 -0.141714 -0.519704 -0.61487 -0.959135 -1.31682 -0.653355 -0.589688 -0.283871 -0.394313 -0.587474 -0.614828 
0.147165 -0.0514012 0.865434 1.03955 0.374524 -0.179565 -0.112941 -0.0986683 1.45478 2.00528 2.47771 2.3467 1.78303 1.48371 1.21271 0.468456 -0.0435249 0.32067 0.243522 0.435598 0.536341 0.0854499 -0.513163 -0.766517 -0.932034 -1.1548 -1.40615 -1.15535 -0.976825 -0.773007 -0.722936 -0.974737 -0.983606 -0.442606 -0.489776 -0.748639 0.271741 -0.428761 -0.407319 -1.04121 -0.943877 -0.860439 -0.833087 -0.511418 
1.67446 1.53468 1.63645 1.75085 1.9871 0.824549 -0.486979 -0.478169 -1.2993 -1.4682 -1.09741 -1.58524 -1.79538 -1.6402 -1.67341 -1.56054 -1.09868 -0.219844 0.218974 0.258734 -0.244217 -0.612305 -0.789874 -0.870322 -0.386785 -0.194925 -0.104252 0.104946 0.54884 0.585449 0.839811 0.262336 0.210526 0.596827 0.538731 0.398452 0.192714 0.108985 0.305249 0.18713 0.453379 0.882237 1.16253 0.342078 
-0.291677 -1.14093 -0.682833 -1.69987 -2.01704 -0.553379 -0.444627 0.675098 1.33184 1.95037 1.77224 1.69928 1.8653 1.66369 1.31494 1.03034 0.300955 0.625365 0.393125 0.12401 -0.478767 -0.894088 -0.812824 -0.837039 -0.551438 -0.113106 -0.0539992 0.175377 0.145212 -0.287178 -0.616913 -0.353468 -0.465143 -1.15555 -1.01031 -0.864479 -1.39579 -1.23904 0.091265 0.440026 0.528125 0.956496 0.414611 0.461857 
1.64913 1.01199 0.998303 -0.504773 -0.246384 0.987346 1.62656 1.31102 0.612755 0.408765 0.532714 0.57137 -0.0358259 -0.452906 -0.371072 3.61759e-005 -0.133992 -0.0471856 0.641017 -0.81114 -1.44351 -1.94744 -1.52349 -1.31563 -0.424436 0.995928 0.653186 0.77554 0.71853 -0.427988 -0.797004 -0.935344 -0.10296 -1.24008 -1.54178 -1.16483 -1.88527 -1.07049 0.0693812 0.916161 1.02375 1.49242 1.24295 0.184663 
-2.14816 -1.24901 -1.78558 -1.77067 -1.58642 -1.51579 -0.0296882 -0.0311001 -0.133237 -0.830978 -1.59299 -1.5527 -1.23451 -0.497856 0.233552 0.445243 0.39787 0.562231 0.236236 -0.0213181 -0.158479 -0.274273 0.147432 -0.0665285 0.852016 0.839709 1.12797 1.21314 1.47599 1.25898 1.08329 1.46768 0.926457 1.06663 0.934431 1.07772 -0.430803 0.078621 0.593748 0.897575 0.440682 0.311777 -0.133648 -0.625248 
-0.156749 -0.790156 0.181601 0.472928 0.333346 0.825146 0.180578 -0.3746 -0.599504 -1.10496 -0.75431 -0.471189 -0.697612 -0.66242 -0.253746 0.314673 1.20264 0.789048 1.33187 1.04096 1.33799 2.05607 1.87669 1.86245 1.77193 1.52441 0.836107 0.459776 -0.406379 -1.07607 -1.43645 -1.14763 -0.435115 -0.809182 -1.29004 -1.53566 -1.30751 -0.596706 0.135559 -0.552187 -0.993854 -0.47872 -0.263521 -0.339485 
0.667209 0.667209 0.88071 0.913749 0.604773 2.67634 3.16289 1.22352 0.541453 -0.0795385 0.079778 0.61806 0.307848 -0.12017 -0.454599 -1.02109 -1.50137 -1.09384 -0.569639 -0.0758994 0.770852 1.04893 1.19293 0.850756 0.180227 0.0944098 0.227085 0.153096 -0.288937 -0.941822 -1.3703 -1.44767 -1.23074 -0.808493 -0.741444 -1.05153 -0.824617 -0.809927 -0.978066 -0.518457 -0.419326 -0.418406 -0.0479646 -0.0479646 
-0.149455 -0.149455 -0.083504 0.228616 1.32205 4.09056 3.46199 0.619062 -0.165527 0.144509 0.0811227 -0.309753 0.0327294 0.422687 0.579538 0.335941 -0.493997 -1.2936 -1.10481 -0.306402 0.493309 1.12701 0.360491 -0.450112 -0.449746 -0.485585 -0.35538 -0.590002 -0.354937 0.213093 0.363907 0.0893743 -0.484571 -0.550296 -0.555244 -0.546746 -0.402175 -0.649902 -0.762499 -0.901888 -1.02193 -0.80646 -0.271011 -0.271011 
-0.495675 -0.495675 -1.3717 -0.520085 1.8996 -0.452697 -4.06459 -2.53774 -1.00544 0.0859063 0.315835 -0.20685 -0.128039 0.218569 0.364405 0.679292 0.41591 0.553661 0.668999 0.103318 -0.251146 -0.454827 -0.93468 -0.917061 -0.092265 0.636878 0.641567 -0.323748 -0.466295 0.129291 0.416862 0.956622 0.950986 0.352668 0.564591 0.885371 0.869665 1.11952 1.1466 0.262658 -0.61404 -0.072417 0.5831 0.5831 
0.626959 0.626959 0.119507 0.7786 1.74116 0.894629 -1.03513 -1.19245 -2.15378 -1.16248 -0.203686 -0.970936 -0.226706 0.518721 0.603469 1.29829 0.978409 0.729821 1.03276 0.292443 0.230975 -0.81454 -1.40443 -0.566235 -1.17962 -0.933408 0.32154 0.0709276 0.774318 1.39222 -0.191952 -0.214631 1.09043 1.28859 0.382879 -1.60317 -2.33277 -1.54019 -0.034727 0.830999 -0.416573 0.12581 0.713493 0.713493 
0.134751 0.134751 1.16935 2.10832 -2.52343 -2.22617 -0.437516 -1.91264 -0.350163 -0.736126 -0.59402 0.93205 0.35368 -0.548203 -0.231999 -0.534573 -0.202084 0.39917 0.585427 0.616963 -0.524283 -1.0959 -0.727087 -0.222352 0.765606 0.770276 -0.0499947 0.190941 0.589487 0.783304 1.30699 1.52296 0.422568 0.143327 0.735784 1.03191 0.20968 -2.08818 -1.68164 0.143658 0.674998 -0.142344 0.551376 0.551376 
-0.207803 -0.207803 -1.43359 -0.363268 1.17119 -1.93408 -2.87551 -1.37084 0.263302 0.406948 0.284433 0.30145 -0.013474 -0.968447 -0.979752 0.832427 0.424721 0.461436 1.17967 -0.647113 -1.8461 -1.44042 -0.145475 0.257634 -0.4177 -0.296423 0.435026 0.91949 1.20699 1.38507 1.00979 0.742075 0.243176 0.319641 -0.810527 0.266139 1.34385 0.212922 1.51033 1.46399 0.0436106 -1.10226 0.187643 0.187643 
1.16293 1.16293 -3.05602 -2.82743 1.01795 0.319547 0.00167734 0.399782 1.13702 0.940987 0.738697 1.20834 0.576576 0.129466 -0.350348 -0.487311 1.61325 2.38219 0.555329 -0.435566 -0.488873 -0.815918 -1.37433 -0.395726 -0.121457 -0.915255 -0.435073 -0.304464 -0.491566 -0.489139 -0.0638117 -0.419692 0.360576 0.464986 -0.5647 -0.52268 -0.849779 0.405839 0.930841 0.485214 0.268278 -0.35344 -0.249914 -0.249914 
1.00866 1.00866 1.52592 -0.669578 -1.68027 -0.664797 0.124044 2.18764 2.93187 1.43151 0.485634 -0.952402 -1.186 -0.779794 -1.39733 -1.73178 -0.193349 0.410163 0.171276 0.418174 -0.474213 -1.44486 -1.1707 -0.569594 -0.527145 -0.646276 0.0110015 0.607639 0.542431 0.364142 -0.26822 -0.350024 0.750321 0.697161 -0.412985 1.06869 0.455731 -0.930715 -0.838272 -0.732935 0.262667 0.165533 0.496179 0.496179 
0.0201079 0.0201079 0.388489 0.583404 -1.26733 -3.5106 -1.81289 -1.10214 -1.3597 0.367793 -0.0944365 -0.936393 -0.00446398 0.251967 0.190645 0.908164 2.01832 1.98492 0.768813 -0.59613 -1.18724 -0.715652 -0.298763 0.659405 1.05407 0.484677 0.509806 1.02174 0.771603 0.496906 -0.393109 -0.836857 0.559982 0.550872 -0.212322 -0.426304 -0.344344 0.238292 0.188449 0.289881 1.08264 1.10299 -0.707683 -0.707683 
-0.54616 -0.54616 -0.762536 -1.76234 1.43683 1.98611 1.54256 2.24926 1.60291 0.526238 -0.365532 0.078291 -0.087613 -0.751471 -0.858501 -1.34937 -0.563979 0.0771493 -0.688275 -1.16613 -1.35468 -0.472525 0.0318568 0.295374 0.891885 0.599794 0.33032 0.215191 -0.63824 -1.02457 -0.127204 0.154011 -1.0761 -0.744783 0.33366 -0.538831 -0.524766 1.87602 2.12366 0.52167 0.624336 -0.188107 -0.679614 -0.679614 
-0.546323 -0.546323 -1.3644 -1.10736 1.47819 1.83797 0.374323 -0.889239 -0.783851 -0.00707924 0.222157 -0.468581 -0.89913 -0.24818 0.496448 0.292516 0.0239264 0.800715 -0.653195 -1.90078 -1.00496 -0.00702785 0.665436 1.10685 2.25234 1.0866 -0.139669 0.130272 -1.06848 -1.36324 -0.410778 0.724225 -0.219355 -1.29076 0.13963 -0.255969 0.157661 1.91516 1.9454 0.970159 0.612952 0.275628 -1.16695 -1.16695 
0.435462 0.435462 -0.784311 0.210021 0.286892 2.08272 1.98334 -0.207543 -1.16809 -2.07836 -1.06028 0.429804 1.3904 1.96041 1.23625 0.161964 0.0966754 -0.287669 -0.869678 -0.60919 -0.41364 0.357284 0.221869 0.907232 1.1854 0.315961 0.450423 0.415364 -0.001472 -0.606401 0.223191 -0.28105 -0.617932 -0.053703 -0.049401 -1.94797 -1.44291 1.34861 1.065 -0.275849 -0.872779 -0.856961 -1.35728 -1.35728 
0.425594 0.425594 1.6567 0.177165 0.444058 -0.228238 -1.62209 -1.06339 -0.997194 -0.230951 0.818892 0.0506269 -0.279445 0.566069 1.27596 1.91405 0.606687 0.147185 0.310516 -0.0167106 1.32657 0.692325 -0.282629 -0.164325 -0.474887 -1.27072 -1.44222 -1.67899 -2.06956 -1.3962 -0.120116 1.30823 0.425723 -1.16303 -0.992024 -0.0481121 1.22518 1.89632 0.0344138 -1.52846 0.0729521 0.947447 0.160509 0.160509 
0.255619 0.255619 0.291907 -0.281938 1.95701 2.83075 -1.57453 -2.85804 -1.41004 -0.485938 0.787311 0.271621 -0.789682 -0.81628 -0.96837 -1.12856 -0.0587724 1.04447 1.13915 1.49341 1.25655 0.484704 -0.196535 -1.09114 -0.809579 0.0725918 0.0855837 -0.545627 -1.18144 -1.16656 -0.534454 0.174408 0.723146 0.558534 -0.245798 -0.0702225 0.286478 -0.147408 0.341254 0.6348 0.131015 0.429 0.42799 0.42799 
0.0470673 0.0470673 0.301194 1.13776 3.13775 1.7357 -2.83311 -2.96014 -0.393009 0.194191 -0.376487 -0.0460316 0.589719 0.438579 -0.0772578 -0.880697 -1.33339 -0.503954 0.797141 1.29455 1.16045 -0.11477 -1.29072 -0.666321 -0.0355124 0.0702026 -0.0916452 -0.00626918 0.647246 0.578649 -0.107361 -0.697456 -0.527447 -0.0641721 -0.00373929 0.117998 -0.090619 -0.300004 -0.211796 -0.217855 0.071067 0.604762 0.429331 0.429331 
-0.642647 -0.642647 -0.0478006 2.25423 0.01632 -4.19668 -1.48713 2.10603 1.80184 0.892151 -0.235237 -0.340792 0.266401 0.313217 0.29106 0.00522557 -0.118502 0.14603 -0.34531 -0.673462 -0.420609 -0.508192 -0.353616 0.557668 1.05466 0.481824 -0.701738 -0.80458 0.285693 0.586126 0.547133 0.34233 -0.452606 -0.300643 0.341337 0.182342 0.132798 0.162684 -0.629257 -1.26054 -0.264796 0.80544 0.427122 0.427122 
-0.397469 -0.397469 0.112984 1.25148 0.0854038 -2.15464 -1.62086 -0.870827 0.018758 1.50584 0.143885 -0.0222866 1.14925 0.638494 0.599302 0.285924 -0.444727 0.0376383 -0.343199 -0.625427 -0.861793 -1.27104 0.187849 0.169647 -0.288827 1.15816 0.773378 0.346209 1.01885 -0.752814 -1.24893 0.988718 1.15975 -0.552441 -2.24406 -2.10767 0.0443213 1.77533 1.83197 -0.30019 -0.550612 0.870753 0.450689 0.450689 
0.668497 0.668497 1.31138 -2.56818 -3.00755 1.3883 0.174806 0.0199482 0.765661 -0.20682 1.10229 0.609 -1.05334 -0.440855 -0.0305271 -0.0193778 0.599444 0.499323 0.109257 -0.799642 -1.2126 -0.178713 0.558231 0.982139 0.63976 -0.598275 -0.436512 0.397973 0.365712 0.451391 0.466558 -0.645395 -0.984449 0.174589 0.568523 -0.400066 -2.17608 -1.33479 1.48821 1.57365 -0.235677 -0.124499 0.435108 0.435108 
-0.854178 -0.854178 -0.119973 1.77346 -1.09085 -2.78922 0.373029 2.13979 1.20617 0.00116508 -0.0856974 -0.217683 -0.884433 -0.676162 1.22201 0.950089 -0.267817 0.504541 -0.773754 -2.0889 -0.557507 1.15324 1.15147 -0.200066 -0.393392 0.571609 0.820743 0.51621 0.306038 -0.148603 -0.454398 -0.539198 -0.303105 -0.736132 -0.0500296 1.46449 -0.0498347 0.10087 0.844856 -1.01944 -1.77368 0.0854716 0.871495 0.871495 
-2.46799 -2.46799 -2.32908 2.57162 2.00829 -0.521725 0.144625 0.785816 0.424757 -0.146196 0.258336 -0.00265526 -0.559766 -0.467427 -0.27895 1.28915 1.83967 -0.547035 -1.61649 -0.538697 -0.135274 -0.442227 0.351218 0.857239 -0.219852 -0.094719 0.467045 0.0615356 -0.016361 0.355813 0.13807 0.353767 0.633486 -0.466426 -0.50434 -0.0773762 0.660128 1.17795 0.144102 -0.306774 -0.413785 -0.21904 0.158779 0.158779 
0.39106 0.39106 -1.256 -2.40225 0.00660569 1.35661 2.14291 2.10945 -0.564224 -1.83215 -1.78539 -1.25104 0.132509 -0.155521 -0.711162 0.906242 1.6099 0.27656 0.00902878 -0.481226 -1.39463 -0.519482 0.659643 0.48581 -0.0545073 0.406736 0.943704 0.401697 -0.179652 -0.60513 -0.532747 0.767127 0.788615 -0.869691 0.281738 0.654728 -1.49693 -0.96774 0.151393 0.828941 0.677048 0.1782 0.25107 0.25107 
0.328632 0.328632 0.476142 -1.20327 -3.04847 -0.363029 1.87255 0.392811 1.16228 1.00739 -0.937157 0.117934 0.949187 0.197501 0.546449 1.43301 0.864725 -0.895773 -1.90348 -1.43049 -0.0406104 0.722237 1.09048 1.07366 -0.0823897 -0.362053 0.456292 0.247969 -0.347351 -0.831604 -0.959541 0.771137 1.10007 -0.534632 -0.689678 -0.0500706 0.552805 0.453058 0.0888854 0.72656 0.6652 -1.30506 -1.32046 -1.32046 
-0.156868 -0.156868 -0.96439 1.79427 3.04543 0.103288 0.230433 0.0666344 -1.37375 -1.57197 -0.343903 0.242362 -0.652286 -0.604735 -0.465019 0.255773 1.17006 -0.0824982 -0.986275 -0.520348 0.578103 1.13777 0.638108 0.712519 0.263767 -0.43567 -0.292741 -0.76439 -0.983435 0.430645 0.969808 -0.748511 -0.708042 1.15653 0.184237 -0.675438 1.96832 2.15696 -1.07599 -1.19307 -0.555377 -1.03528 -0.379086 -0.379086 
-0.509378 -0.509378 -0.332081 2.01559 2.08645 -0.706503 -1.82621 -0.743959 0.66337 0.748795 -0.263426 -0.718516 0.206919 1.0175 0.427844 -0.271027 0.405429 -0.412151 -1.80847 -0.187738 1.36112 1.20706 0.823201 1.14947 0.0409292 -1.595 -0.604738 -0.585752 -0.975258 0.508546 1.49473 0.186932 -1.33495 0.302508 0.768649 0.0673334 1.55244 1.288 -0.596923 -0.864164 -0.424159 -1.1728 -0.940125 -0.940125 
-0.780151 -0.780151 -0.0744239 0.845869 1.41473 1.28964 -1.53993 -2.15115 -1.24223 0.162104 1.86575 1.82495 1.17193 -0.0238218 -1.19086 -0.723231 -0.233545 -0.600287 -0.142617 0.409255 0.771538 0.536635 0.475908 0.769451 -0.334072 -0.43607 0.156134 -0.23515 -0.639615 0.245037 0.3165 -0.511405 0.246942 0.489098 -1.25887 -0.903458 2.42533 1.86557 -1.06738 -1.28976 -0.326861 -0.258291 -0.269518 -0.269518 
0.897103 0.897103 -0.179319 -0.880826 -0.293525 -1.50178 -0.606184 0.456061 0.607053 1.3227 0.206281 -0.797661 0.376426 1.13304 0.982133 -0.485502 -1.28404 -0.214054 -0.117819 0.740644 0.517273 -1.16934 -0.621825 -0.138453 -0.803527 -0.702349 -0.29561 -0.454991 0.207165 1.41972 1.969 0.398541 -1.79652 -1.03004 0.812568 1.61453 1.41607 -0.86491 -2.49024 0.0294601 1.80274 0.0651229 -0.571106 -0.571106 
