54
-0.0572278 0.0890804 0.152669 0.510466 1.19783 1.45117 1.48543 1.51281 1.47179 1.46884 1.43931 1.35771 1.26016 0.956314 0.764855 0.561245 0.390219 0.348974 0.526068 0.727512 0.906016 0.995478 1.00146 1.05268 0.998414 0.795989 0.517324 0.284377 0.00720291 -0.204963 -0.407392 -0.409116 -0.448779 -0.596762 -0.739873 -0.945026 -0.960514 -1.05944 -1.16484 -1.15667 -1.18251 -1.24861 -1.31664 -1.32045 -1.2575 -1.32186 -1.18973 -1.10993 -1.17983 -1.22994 -0.641225 -0.869406 -1.07901 -1.13414 
-2.74517 -2.37589 -2.39618 -1.10769 0.340141 0.432958 0.36297 0.220623 0.425228 0.505645 0.683325 0.971268 1.27071 1.73818 1.3688 0.766204 0.724881 0.54777 0.768095 1.2495 1.2294 0.855454 0.662291 0.527708 0.588745 0.577947 0.803343 0.965767 0.839731 0.650711 0.76927 0.664044 0.553073 0.351038 0.168146 -0.117773 -0.367967 -0.25729 -0.726236 -0.668819 -0.751981 -1.1082 -1.16782 -1.10487 -0.908852 -1.15723 -1.13388 -1.06437 -0.891933 -0.992569 -0.579158 -0.469994 -0.232746 -0.25634 
2.24002 2.07093 1.89484 0.888716 -0.62622 -1.11356 -1.26943 -0.936577 -1.20557 -1.42332 -1.61829 -1.27361 -1.04865 -0.755088 -0.531652 -0.6548 -0.475005 -0.423539 -0.732486 -0.731821 -1.0964 -1.18393 -1.0057 -0.973618 -1.09942 -1.18561 -0.96324 -0.872416 -0.446236 -0.1083 0.298469 -0.115597 0.42061 0.688007 0.713485 0.79011 0.756981 0.799704 0.843076 0.758709 0.687445 0.444771 0.36596 0.455719 0.566992 0.6266 0.44247 0.653659 0.650494 0.461971 1.40001 1.34691 1.26434 1.33909 
0.101734 0.499752 1.19652 0.322884 -0.886715 -1.62277 -1.9323 -1.72481 -1.60233 -1.59131 -1.88188 -1.57939 -1.65216 -1.13583 -0.879654 0.210636 0.862822 0.843857 1.0084 0.823621 -0.300312 -0.871225 -0.805698 -0.573559 -0.625341 -0.117951 0.929653 0.62166 1.13699 1.59386 0.855721 0.724978 1.0225 0.788707 0.944486 0.900045 0.569903 -0.161206 0.368408 0.532246 0.256981 -0.235951 -0.250251 -1.16828 -1.21848 0.412615 0.0143693 1.08877 0.747603 -0.517333 1.15943 1.14344 0.870204 0.781936 
1.27457 0.944571 0.573177 0.200868 0.142793 -1.05738 -1.41355 -1.91254 -2.03981 -1.61067 -0.61838 -1.21817 -1.60163 -1.57054 -1.28743 -1.3111 -0.810474 -0.247697 -0.371625 -1.27057 -0.87103 -1.15155 -1.14908 -0.817499 -0.578956 -0.56303 -0.137464 0.408272 0.616547 1.44803 0.865591 0.906821 0.519168 1.03328 1.07416 0.992636 0.312361 1.08419 0.424685 0.782337 0.740113 0.785919 0.792249 0.670734 0.268534 1.04782 0.575006 0.72119 1.16636 -0.10706 0.163991 0.689139 1.05204 1.4401 
0.752416 0.395216 0.528348 0.657262 -0.864554 -0.913369 -0.809874 -0.865407 -0.919384 -0.877511 -0.799361 -0.896729 -0.956967 -1.06454 -0.811395 -0.87179 -0.442899 -0.798387 -1.0437 -1.46259 -1.52654 -1.57833 -1.47769 -1.37218 -1.24847 -1.02049 -0.404267 -0.170008 -0.814718 -0.255694 -0.0489265 -0.0817498 -0.00505962 0.358586 1.11549 0.860417 0.655876 0.93738 1.26366 1.60943 1.58672 1.22425 0.739941 1.27913 1.21966 1.17254 1.48367 0.957224 0.803478 0.691517 0.531196 0.946783 1.40898 1.22341 
-1.11886 -0.637415 -1.97704 -0.687841 -0.0977479 -0.497659 -0.635406 -0.0874146 0.0599949 0.446207 1.00846 0.961219 0.548925 1.02069 1.42764 1.97147 1.77768 2.20306 2.48282 1.74579 1.06606 0.793315 -0.0959291 -0.590867 -0.807945 -1.33807 -0.844148 -0.618746 -0.998186 -0.833689 -1.56482 -1.59196 -0.923924 -0.439148 -0.145593 -1.05703 -0.6115 -0.450128 0.998172 0.940763 0.36566 0.750329 -0.546133 -0.269241 -0.154712 -1.07525 0.333986 0.0778093 -0.21617 0.181611 -0.369037 0.234593 0.0677554 -0.182383 
0.737907 0.821834 0.124381 0.418304 1.09755 2.34712 2.27063 2.25581 2.18791 2.07295 1.68457 1.43773 0.955755 -0.366591 -0.659516 -0.0196776 0.435541 0.86644 0.0385308 -0.094385 -0.523346 -0.612448 -0.0401323 -0.25671 -0.287079 0.0877023 -0.0163532 -1.01042 -0.837317 -0.927019 -0.438271 -0.893774 0.0188902 -0.386884 -0.904382 -1.78048 -0.887208 -0.879107 -0.184926 -0.66714 0.548275 -0.321481 -0.589369 -0.326335 -1.03341 -1.42063 -0.555633 -0.192753 -0.268148 0.284279 -0.461811 -0.513939 -1.11675 -1.21869 
1.06072 0.686788 0.308621 -0.407886 -1.11686 -1.68688 -1.34045 -1.26539 -1.13994 -1.24083 -1.67053 -1.5192 -1.53547 -1.27831 -0.734427 -0.156499 -0.0533843 -0.235824 -0.697947 -1.19328 -1.48853 -1.29675 -0.93453 -0.916122 -0.475572 -0.407831 -0.147536 -0.182747 -0.110463 0.152871 0.189944 0.370743 0.74224 0.563966 0.929653 0.830135 0.461584 0.957596 1.25081 0.765873 1.01213 0.901891 1.61535 1.57968 0.661936 1.58748 0.800203 1.22566 1.20423 1.40905 1.03836 0.779685 -0.0716078 0.217592 
-1.25484 -1.12067 -1.58498 -1.76742 -0.0210837 1.38947 1.68821 1.96246 1.81105 1.31466 0.886013 0.737266 0.646953 0.27948 -0.443611 -0.193639 -0.268763 -0.955653 -1.30859 -1.18594 -1.49838 -0.972031 -0.316174 -0.338972 -0.194436 -0.328766 -0.788187 -0.765294 -0.629204 -0.922672 -1.26218 -1.7114 -1.32056 -0.751807 -0.423187 0.33348 -0.0516521 0.8961 1.00634 0.107135 0.485052 0.813774 1.21535 0.763755 1.09448 1.67102 0.817602 1.11809 0.854518 0.263894 0.194666 0.108688 0.123914 -0.20333 
-0.0294353 -0.694303 0.51088 0.72718 1.08116 0.877539 1.86957 1.7441 0.739496 0.551737 0.058338 0.00924298 0.136668 -0.137811 0.778089 0.990774 -0.462005 -1.21114 -2.30436 -2.17343 -1.31319 -0.776728 0.677484 0.600596 1.33134 0.267424 -0.455269 0.058494 -0.0459038 0.102842 -1.31276 -0.493423 -0.653032 -0.364739 0.851651 2.28515 0.523701 0.327524 0.124164 0.322512 0.747526 0.968559 0.0235984 1.5186 -1.0927 0.508349 -0.601588 -1.45386 -1.00342 -1.21376 -0.761212 0.00927807 -1.037 -1.73249 
-1.3368 -1.75629 -1.17627 -0.731185 0.671813 -0.18746 -0.680664 -0.460948 -0.53985 -0.114915 -0.497987 0.30735 0.878588 1.27127 1.03159 0.816325 0.9297 1.08012 0.824305 1.07132 1.28624 1.6549 1.67705 1.61611 1.83609 1.4093 0.762847 0.782861 0.821297 0.338352 0.263437 0.931967 0.901132 0.0576441 -0.189757 -0.0571898 -0.11876 -0.56653 -0.651402 -0.911873 -0.36086 -0.730677 -0.589888 -0.0861753 -1.08562 -0.87081 -1.32731 -1.14179 -0.954195 -0.707909 -0.976064 -0.738161 -1.52031 -2.15396 
-0.611974 -0.506193 -0.19568 0.619139 -0.8648 -1.70236 -2.51817 -2.04149 -1.35663 -0.902554 -0.984669 0.143563 0.46684 1.1659 0.986044 1.42972 0.453417 0.581853 0.349768 1.24123 1.03584 0.889792 0.945181 0.453065 -0.430124 -0.284817 -1.47163 -1.1519 -0.536641 -0.611298 -0.0441818 -0.630016 -0.171294 -1.42716 -1.53386 0.161695 -0.0178403 -0.167739 1.39019 0.809816 1.16766 1.23852 0.654577 1.93875 -0.047924 0.679103 0.282872 0.80584 0.620068 1.37264 0.46285 -0.374078 -0.719681 -1.04123 
0.756939 0.756939 1.39097 3.26101 2.94787 0.989886 0.312467 0.0867945 -0.00415414 0.0303048 -0.205465 -0.409395 -1.07569 -1.35722 -1.05671 -0.995454 -0.508694 0.534948 1.26252 1.26674 0.931027 0.413819 0.299157 0.118548 -0.641849 -1.3146 -1.4061 -1.40163 -1.33933 -1.11525 -0.484357 0.00360315 -0.43487 -0.744999 -0.916395 -0.533788 -0.215322 -0.484884 -0.163801 0.0747041 -0.147966 -0.274436 -0.0876967 0.305 0.123469 0.330842 0.763042 0.157354 -0.232108 1.7424 1.20854 -1.18477 -0.665983 -0.665983 
0.435749 0.435749 2.02023 4.55086 2.48984 -0.126465 -0.531825 -0.0585024 0.325484 0.279072 0.636789 0.846669 1.15613 0.00326627 -1.84124 -1.27575 -0.542338 -0.0913274 1.04378 0.629354 -0.845048 -1.14337 -0.730761 -0.292591 -0.0792187 0.204092 0.502679 -0.103094 -0.708888 -0.287272 -0.142836 -0.538481 -0.705354 -0.829326 -0.973918 -1.08993 -0.406307 -0.783374 -0.875181 -0.210196 -0.92319 -0.882614 -0.160078 0.280577 -0.256064 -0.5537 -0.00576512 0.251229 -0.0420446 0.373322 0.734959 0.431303 0.202465 0.202465 
-0.52139 -0.52139 -1.9428 -4.21638 -3.3354 -1.02748 0.36534 0.173254 -0.761781 -0.636086 0.319039 1.03215 0.945338 0.942756 0.235105 0.160996 0.45752 -0.372449 -0.458718 -0.553184 -0.702964 0.21882 0.421949 -0.0943537 -0.295196 0.296053 0.596651 0.94276 1.3624 1.32944 0.0524066 0.272214 1.42946 0.562151 0.238187 0.138662 0.08109 0.211004 -0.00481645 -0.19949 -0.468322 -0.481137 0.0833896 0.406186 0.354984 -0.146662 0.110749 0.41806 -0.26072 1.3376 1.56758 -0.165578 0.051511 0.051511 
1.17536 1.17536 -0.232363 -2.34271 -2.19041 -1.19403 -0.149532 0.32871 0.111212 -0.346034 -0.0233768 0.217728 0.454454 0.818593 1.45397 1.89235 0.664405 0.124585 -0.0589728 -1.48531 -1.91276 -0.596033 0.292946 0.163084 0.467788 1.68481 0.782178 0.192952 1.03965 -0.347936 -0.998419 0.148057 0.0339765 -0.122935 0.0866815 -0.451234 -1.21138 -0.259626 0.731081 -0.15992 -0.886964 -0.598076 -1.06866 -1.1084 1.71348 1.32819 0.711933 0.775119 -1.81453 0.419325 1.80191 -0.356747 -0.436758 -0.436758 
-1.06421 -1.06421 -1.12787 -0.656488 -1.90198 -2.35046 -1.29556 -0.951172 0.445171 2.12951 0.581517 -1.48826 -0.539118 0.463715 0.381339 0.708587 1.59087 0.651249 -1.54788 -0.760327 0.170088 -0.427313 0.493578 0.848756 0.373855 0.655226 1.45231 1.1254 1.5553 0.365694 -0.82322 -0.530171 0.181274 0.825978 -0.0701417 -1.15509 0.128755 0.160002 -0.463117 0.465565 -0.00359808 0.0694508 -0.182279 -0.796902 0.558328 0.452093 -0.500392 0.880682 -1.25506 -1.51702 1.18887 1.32706 1.12081 1.12081 
-0.491653 -0.491653 0.45474 -2.7672 -3.11321 0.0510284 0.0379498 -0.268623 -0.0789887 0.178241 -0.0928401 -0.36226 -0.382136 0.227982 0.31984 0.661984 0.0874793 -1.22509 -1.34853 -0.995449 -0.280765 0.0396813 0.345918 0.390836 0.629278 1.58811 1.60033 -0.854512 -0.222243 1.43546 0.283219 0.0299777 0.801845 2.12611 0.921565 -0.950218 0.0944099 1.12783 1.25295 0.573529 -0.805311 -1.70398 0.0514334 0.878526 -0.262949 0.458557 -0.474613 -1.37966 -0.572717 -0.585517 0.44154 1.6535 0.483128 0.483128 
-1.10747 -1.10747 -0.0732534 2.39748 0.234813 -0.697087 0.516572 0.881676 0.67454 1.2057 0.650712 -0.597066 0.0674502 1.11638 1.20866 0.439487 0.287825 0.894149 -0.594159 -1.82265 -1.2282 -1.49646 -1.78094 -0.920329 -0.965387 -0.0550426 0.912312 -0.205914 -0.283895 -0.73418 -0.97955 0.811883 1.46733 0.987856 -0.799809 -0.605219 0.768371 2.05227 1.77216 -0.818535 -0.252514 -1.17612 -1.31411 0.492472 -1.04068 0.617022 1.46765 -0.713089 0.124214 -0.204415 0.0591473 0.550563 -0.542571 -0.542571 
-0.664426 -0.664426 -0.394537 1.3748 2.603 1.63173 0.00673287 0.0177655 -0.110935 -0.522807 -0.692305 -0.812597 -2.19484 -1.95187 0.569934 1.53145 1.26292 -0.386158 -1.11077 -0.598045 -0.541736 0.745108 0.581276 -0.193297 0.56672 0.472018 -1.28722 -0.931025 0.231262 0.636936 0.166807 0.711625 0.775537 -1.06251 -1.66697 0.146152 1.28252 1.02666 0.396501 1.06639 0.568323 -1.33802 0.117841 -0.446603 -1.28231 0.738122 1.70215 0.493557 0.737162 -0.124816 -0.901791 -0.717647 -0.781664 -0.781664 
-1.19796 -1.19796 -1.78583 -2.3535 -2.10212 -0.291035 0.815931 0.436739 0.134801 -0.817851 -0.385034 0.324431 0.506039 1.46726 2.0177 1.26134 -0.0434674 -1.01343 -1.55036 -1.264 -0.084907 1.04334 0.745826 0.880237 0.964896 0.655574 0.478906 0.156275 0.668583 0.608161 0.46653 1.04041 0.424231 0.414261 0.549409 -0.710561 0.311382 1.44698 -0.236345 -0.316927 0.326066 1.1278 1.25576 -1.54342 0.106044 0.329926 -0.528232 0.785975 0.407351 -0.191972 -0.98735 -1.81208 -0.871909 -0.871909 
-0.451569 -0.451569 -0.847868 1.91917 3.9131 2.10117 0.678874 0.115419 -0.849191 -1.1962 -0.76105 -0.337565 -0.611343 -1.40338 -0.630534 0.180519 -0.992142 -1.33988 -0.326587 -0.275893 0.229412 1.44141 0.754055 0.114041 -0.0255621 -0.781529 -0.584734 0.16066 -0.235325 -0.830624 -1.02559 -0.111414 1.16278 1.0849 1.3201 0.426708 0.665888 1.28594 -1.02588 -0.690826 0.846155 0.875763 -0.100946 -0.189624 1.09728 -0.384902 -0.730437 0.00787071 -1.10752 -0.864267 -0.232607 -0.126897 -0.428887 -0.428887 
0.544512 0.544512 1.34359 0.571683 0.190883 0.769495 0.840363 -0.970267 -1.02675 -0.563171 -0.437425 0.125564 -0.078823 0.636199 1.07798 -1.07004 -1.94226 -1.61619 -0.818113 0.953367 1.32112 1.85976 1.30355 0.647478 -0.247602 -1.56564 -0.134935 0.425761 0.0947483 -1.09431 -0.486187 0.652803 0.171228 1.41904 2.45756 -0.242867 -1.72073 -0.307786 0.049986 0.619823 0.640394 -0.601956 0.553336 -0.957774 -0.861611 0.499892 -1.72488 -0.309869 0.272264 0.274178 1.16364 -0.195563 -1.52497 -1.52497 
0.298181 0.298181 1.62336 2.88479 0.885526 -2.02089 -0.367064 0.267961 0.582511 0.116292 0.699356 2.16208 1.52958 0.286644 -0.645192 -0.104049 0.456462 -0.109419 0.0386394 0.760159 0.946608 0.651147 -0.00732652 0.295891 -0.264857 -1.59289 -0.908061 0.141716 -0.629199 -0.802938 0.961995 1.02956 -1.288 -1.61994 -0.123886 0.160947 -0.728569 -0.764285 -0.4772 0.497456 0.329855 -0.298919 1.03999 -0.70771 -1.15053 -0.318325 -0.363228 0.62402 0.717167 0.018606 0.00575741 -0.782069 -2.11794 -2.11794 
0.470022 0.470022 1.23996 -0.708625 -2.50294 -1.77742 -0.350289 1.27928 1.25473 0.421887 1.15395 1.59416 1.12812 0.581771 0.304454 -0.560408 -0.902728 -0.0945815 0.733982 0.762978 -0.363653 -0.0804819 -0.456271 -1.47547 -0.783294 -1.11299 -0.923595 1.03327 0.60501 0.55273 -0.00235669 -0.120061 -0.847646 -1.46164 1.7433 1.66421 -0.339762 1.54695 1.07949 -0.22368 0.4835 -0.539183 0.778349 -0.744873 -1.34988 0.377181 0.155593 0.38413 0.633456 -0.152753 -1.87879 -1.26614 -0.706493 -0.706493 
0.633218 0.633218 2.41286 1.51148 -2.1315 -2.47817 -0.829598 -0.271479 -0.0239221 -0.161743 -0.388607 -0.798317 -0.872168 0.0478932 0.374113 0.551364 1.48626 1.71543 0.726255 -0.285628 -0.781855 -0.571488 -0.25116 -0.86568 -1.33403 -0.69747 -0.0529873 0.0933786 0.302375 0.843481 1.0946 0.0769317 -0.682578 -0.428411 0.230838 0.697019 0.0763764 0.0788675 0.562374 0.0449063 -0.302425 0.0871929 0.581262 0.230795 0.0544293 0.638492 -0.135264 -0.917207 1.53826 1.40084 -2.75582 -1.75407 0.523541 0.523541 
1.21051 1.21051 3.16418 0.349831 -3.62363 -2.34545 0.0397572 0.649138 0.247899 0.227619 0.425478 0.388223 -0.663823 -2.3267 -1.00012 0.990048 0.901674 1.21178 0.54366 -1.47089 -1.38126 0.0755197 0.644092 0.490284 0.370732 0.436518 -0.249859 -0.948048 -0.154897 0.424285 -0.206645 -0.446978 -0.237244 -0.220044 -0.213898 0.425489 0.223953 -0.374685 0.429786 -0.0497732 -0.531821 0.576417 0.88528 -0.0868126 -0.656777 0.180522 0.6087 -0.0407184 0.0815458 0.587141 0.032051 -0.4238 -0.189375 -0.189375 
-1.18676 -1.18676 -3.08648 -1.1627 2.66542 3.09309 1.00419 -0.940869 -0.675345 0.903993 1.39481 0.524215 -0.0737852 -0.592535 -0.6523 0.186746 -0.444818 -0.764664 -0.15011 -0.203177 0.64596 0.940835 -0.26077 -0.598311 0.327113 0.746095 0.541267 0.640732 0.323995 -1.09367 -0.882464 1.15151 0.243164 -0.994469 -0.352944 -0.130359 0.0613514 -0.0708744 -0.342086 -0.38638 -0.234426 0.461893 0.742315 0.227839 -0.461031 -0.203167 0.472764 -0.309479 0.769234 1.52856 -1.25509 -1.26586 0.182296 0.182296 
-0.928519 -0.928519 -2.41247 -1.3155 0.869083 1.49646 1.13212 0.244708 -0.413108 -0.033282 0.457784 0.397359 0.483873 0.764195 0.816401 -0.493845 -1.1817 -0.447306 -1.07069 -1.24219 0.686682 1.61237 0.595153 0.184303 1.1314 0.282431 -0.987682 0.242408 -0.318983 -1.37177 0.41013 0.787317 -0.129197 0.0984193 -0.169494 -0.851408 0.196093 1.42725 0.131469 -1.07642 -0.246743 -0.0664095 -0.297489 2.01771 1.77471 -0.642912 -0.327549 -1.71519 -0.188829 2.60436 -0.484359 -1.51282 0.00509618 0.00509618 
-0.102686 -0.102686 0.244092 -0.625345 -1.30205 0.390262 0.973549 1.22474 2.21049 0.0444466 -2.71733 -0.880269 1.38014 0.62129 0.124286 0.833953 -0.0980391 -2.36493 -1.09431 1.20799 0.189129 0.182122 0.882902 -0.143934 -0.198231 0.737523 0.290033 0.0199086 -0.614747 -1.80565 -0.714914 0.683113 0.941813 -0.240816 -1.51326 0.0904632 0.911607 -0.491278 0.168934 0.282194 -0.347265 -0.187307 -0.693203 0.488981 0.862984 -0.834722 0.25944 -0.611044 -1.81976 1.74206 2.03643 -0.105928 -0.20759 -0.20759 
0.613738 0.613738 -1.54871 -2.41613 1.87004 2.0935 -0.235986 -0.0999321 0.278472 -0.0307438 -0.384212 -0.215612 0.374702 0.449694 0.269839 -0.177399 -1.28798 -0.985241 0.132679 0.695195 0.673295 0.399159 0.214235 0.168734 0.782118 0.630289 -1.66085 -1.24469 1.5155 0.3178 -0.964755 0.326636 1.3854 0.0589047 -2.08617 -0.576604 1.37327 0.756123 -0.393477 -1.40288 -1.55003 0.553569 1.71183 -0.232449 -0.303315 -0.163508 -1.25519 -0.0872911 0.511554 0.659285 1.4813 0.0064647 -0.806958 -0.806958 
0.706967 0.706967 2.42893 0.200883 -2.17056 0.182549 1.08648 0.0962737 0.212001 -0.0304277 -1.27024 -0.420321 1.18035 0.781533 -0.485577 -0.655587 0.303052 -0.628512 -1.90727 -0.455711 0.213517 -0.399051 0.387708 0.554575 0.589233 1.29482 -0.11897 -0.847507 -0.381992 -0.498652 1.06369 1.69151 0.108822 -1.59388 -1.1241 1.07911 1.8383 0.685758 -2.01461 -1.4249 -0.263034 -0.753692 1.14909 0.176745 0.0729831 1.73434 -0.94083 -0.950117 0.340695 -0.0591685 0.512354 -0.433184 -0.775671 -0.775671 
0.182622 0.182622 1.37751 2.02468 0.173871 -1.75298 -1.0896 -0.0791067 -0.364707 -0.392259 -0.195346 -1.01435 -0.769028 1.86749 2.35275 0.468353 -1.29466 -1.60267 -0.142736 0.384647 0.907429 0.758762 -0.633375 -0.00947267 0.449665 -1.25167 -0.94716 1.02584 1.05925 -0.0431708 0.0507972 0.411452 -1.19777 -1.64914 0.816605 1.99224 0.594988 -0.598001 0.0271933 0.116395 -1.62342 -0.303866 0.602361 -0.945207 0.800439 2.01585 -0.164805 -0.651328 -0.417248 -1.10648 -0.399999 0.0814828 -0.0428752 -0.0428752 
-0.49906 -0.49906 -0.966193 -0.275578 1.68188 2.38594 0.583575 -0.575804 -1.0477 -0.443075 0.924671 0.717952 0.92512 1.22863 -0.184754 -1.71143 -1.8872 -1.25532 -0.221504 1.1906 1.88339 0.668299 -0.149518 0.164965 -0.20018 -0.415224 -0.426175 0.140778 0.356548 -0.181574 0.340388 -0.0501138 -0.530559 0.0877029 -0.940915 -0.211177 1.76012 -0.466027 -1.46682 0.447499 1.17355 0.749734 -2.21344 -0.961401 1.52626 -0.537248 0.359974 0.75458 -0.820052 -1.163 -1.34848 0.0796893 0.758357 0.758357 
-0.285961 -0.285961 1.77352 3.55253 0.144456 -2.3982 -1.46897 -1.12832 -0.967223 0.0746015 0.64807 0.120425 -0.784278 -0.00528481 1.18788 -0.260141 -1.12261 0.504364 0.800909 0.422824 1.28717 0.399485 -0.978949 -0.571261 -0.657563 -0.407186 0.71026 0.269061 -0.728802 -0.579183 0.544299 1.63778 0.8994 0.126094 -0.480883 -0.477926 0.648514 -1.25016 -1.46228 1.40233 1.17499 -0.695917 -0.783956 0.900823 -0.136344 -1.35135 0.301336 -0.271661 -0.640123 0.660189 0.557815 -0.13709 -0.215769 -0.215769 
0.614489 0.614489 0.0788556 -0.739872 0.197264 0.51068 -1.14723 -1.2356 0.342488 0.468938 0.53792 0.308838 0.414334 0.862715 -1.12397 -2.03576 -0.31898 0.840055 1.84304 1.54443 0.688953 0.0478062 -0.781209 -1.01635 -1.4757 0.138182 1.44185 0.21938 -0.994787 -0.343114 1.27234 0.516186 0.591699 1.64651 -1.09321 -2.83934 0.0149532 1.28871 0.703676 0.46969 -0.7878 -0.000409473 -0.186904 -0.921841 1.07149 -0.53903 -0.501898 1.44584 0.465276 0.678531 -0.265956 -1.80565 -0.862487 -0.862487 
0.973322 0.973322 1.8411 -0.44588 -3.31306 -0.799994 1.63626 0.714934 -0.0426409 0.142077 1.46905 0.632829 -1.22847 -1.43439 -0.207072 0.819553 0.0580018 -0.225735 0.659902 0.686312 -0.0132959 -0.59454 -0.182694 -0.115466 -1.23765 -0.380781 1.25498 0.253533 -0.588157 1.15632 1.32232 -1.48613 -1.76097 0.86252 1.28682 -0.354281 -0.574796 0.234619 0.929681 0.616891 -0.486151 0.550219 -0.219522 -1.44522 0.329564 0.603301 0.70996 0.804928 -0.354784 -0.427701 -0.489109 -1.39926 -0.857289 -0.857289 
0.563688 0.563688 -0.828636 -2.66087 -0.750145 1.55167 2.19765 1.16038 -0.599091 -0.0584746 0.851165 -0.0049094 -0.709839 -0.574992 -0.802579 -0.849025 0.346389 1.18302 0.626294 -0.77075 -0.589134 -0.0526363 -0.983217 -0.220125 0.272542 -0.0867074 1.54711 1.10578 -0.329815 -0.420439 -0.467186 -0.590442 -0.945052 1.86485 2.24705 -1.47487 -0.0702445 1.02764 -1.25162 -0.412313 -0.211894 0.224221 -0.133429 -1.50714 0.815283 1.08925 0.0185077 0.354989 -0.370076 -1.78153 -0.782003 0.851179 0.413424 0.413424 
