53
-1.11085 -1.17834 -1.10676 -1.11336 -1.16149 -1.12019 -1.10725 -1.03391 -1.10704 -1.1316 -1.16101 -1.07201 -0.487248 -0.378454 -0.39741 -0.176255 0.575662 1.19875 1.41063 1.49028 1.55038 1.54569 1.47059 1.39818 1.3281 1.32335 1.24225 0.905758 0.596491 0.290662 0.128196 0.0121986 0.426925 0.863489 1.02563 1.00244 0.999075 0.96657 0.891739 0.681813 0.41796 0.0544426 -0.135541 -0.335774 -0.513704 -0.634403 -0.680926 -0.842578 -0.953016 -1.02266 -1.14743 -1.28555 -1.40248 
-1.11853 -1.29789 -1.26419 -1.28006 -1.2234 -1.34618 -1.08818 -1.06682 -1.04358 -1.06833 -1.17449 -1.20413 -1.94173 -2.13281 -2.25627 -1.85086 -0.0715147 0.692768 0.692285 0.701377 0.646513 0.622986 0.67556 0.826046 1.01971 1.04297 1.19056 1.20723 0.967245 0.674393 0.526856 0.365523 0.60177 0.967879 0.844962 0.816951 0.642014 0.671156 0.668385 0.704523 0.681642 0.715047 0.709933 0.624239 0.617752 0.555677 0.545853 0.471914 0.459618 0.0822376 -0.0649643 -0.240086 -0.499571 
0.81394 0.678445 0.804083 1.01664 1.11325 0.767683 0.708703 0.814538 0.842557 0.929866 0.536532 1.0303 1.5076 1.42234 1.15787 1.02846 0.627982 -0.608733 -1.14921 -1.48986 -1.63132 -1.63611 -1.38698 -1.25707 -1.36544 -1.33264 -1.39998 -1.13286 -0.647849 -0.29359 0.0818496 -0.104361 -0.500035 -0.953222 -1.13434 -1.2152 -1.04152 -1.01198 -0.993627 -0.758603 -0.549066 -0.0434816 -0.0328796 0.0784428 0.153847 0.337663 0.549353 0.853365 1.20899 1.43886 1.27738 1.01287 0.87655 
0.119698 -0.620059 -1.03904 0.0769794 0.424337 1.28648 -0.115735 -0.0745445 0.923363 1.58984 1.08625 0.672485 -0.801921 -0.787859 0.251512 0.0246994 0.194834 -1.00151 -2.02118 -1.76635 -1.87217 -1.78304 -1.51342 -1.83529 -1.77852 -1.16152 -0.356597 0.659116 0.230793 -0.442089 -1.21802 -0.852168 0.541663 0.842779 0.4514 -0.111011 0.033639 -0.28255 -0.0384023 -0.0501118 1.17861 1.21147 0.53449 0.868631 0.427452 0.94446 1.17054 0.982906 0.334645 0.614183 1.45674 0.947289 1.44182 
0.767092 0.258402 -0.0136804 0.238283 0.80957 0.0257901 -0.393879 -0.35692 0.397089 0.913782 0.298712 1.16413 1.37849 1.20328 1.10278 0.7486 0.560496 -0.193882 -0.594504 -1.05157 -1.34884 -1.56729 -1.36244 -1.65261 -1.33612 -1.27085 -0.896926 -0.960893 -0.828718 -1.17131 -0.669173 -0.445245 -0.352575 -0.885806 -1.25483 -1.20646 -1.01211 -0.834232 -1.10307 -0.318342 0.546847 1.18844 1.85855 1.73893 1.74763 1.43824 0.815206 0.183112 0.0857214 0.894871 0.975189 0.786491 0.95655 
1.62155 1.05994 1.30623 1.41022 1.51142 0.90332 1.26396 1.15472 1.41206 1.13143 1.31352 1.13787 0.886897 0.716591 0.949927 0.403539 0.235504 -0.92346 -1.10194 -0.840718 -0.565495 -0.498302 -0.529832 -0.708611 -1.06263 -1.27829 -1.42314 -1.13115 -0.849929 -0.808404 -0.775954 -0.890707 -1.07166 -1.59062 -1.53306 -1.40746 -1.33904 -1.22423 -1.0586 -0.650955 -0.236078 -0.367954 -0.245621 0.36057 0.730733 0.217261 0.403715 0.588663 0.752669 0.711782 0.463772 1.01662 0.449345 
0.443576 -0.0565313 -0.153111 -0.166905 -0.469141 -0.888689 0.514948 0.911606 1.00572 0.357358 -0.721164 0.253712 0.443314 -0.169309 -0.729072 -0.908046 -0.068926 -0.100679 0.0333387 -0.406473 0.123683 0.703352 0.247087 0.4032 0.672687 0.660997 0.62147 0.626249 1.20434 1.14436 1.36581 2.12956 2.85646 2.2925 1.55553 0.420179 -0.220272 -0.968659 -0.996295 -1.72811 -0.936284 -0.917572 -0.127553 -0.724108 -1.54985 -1.37961 -0.858298 -1.38391 -1.06943 -1.16861 -0.514749 -0.397769 -1.21193 
-0.482893 0.744295 0.282242 -0.571332 -1.16442 -0.570152 -0.345287 0.53492 -0.0845692 -0.467261 -1.02998 -0.912058 0.782778 1.45766 0.38154 0.858001 0.636355 0.849534 1.78399 1.86857 2.17731 1.96234 1.80673 1.44794 1.47099 1.16235 0.116722 -0.537467 -1.20154 -0.516897 -0.966092 0.470336 -0.0605523 -0.797465 -0.845924 -0.330515 -0.17506 -0.111153 -0.258659 0.0558996 -0.229272 -0.540366 -0.00431002 -0.078412 0.297285 -0.374175 -0.162786 -0.755789 -1.08562 -1.39233 -1.80978 -1.60759 -1.67809 
0.608632 1.68569 1.74225 0.655944 0.524882 0.564793 0.507659 1.31306 0.39957 0.78324 0.268919 0.643654 1.30952 1.67143 1.56989 1.31432 -0.47061 -1.1237 -1.63395 -1.84385 -1.9096 -1.87781 -1.32786 -0.50724 -0.457232 -0.576427 -1.41593 -1.45136 -0.366058 0.183597 0.163848 -0.451264 -1.12916 -1.15115 -1.14715 -1.01105 -0.787237 -0.66645 -0.381879 -0.189215 -0.0976068 0.380539 -0.162995 0.304012 0.16802 0.76221 1.11375 1.19091 0.654399 0.469949 0.0834499 0.589824 0.508815 
0.0662149 0.867423 1.3962 1.49299 0.358046 0.606914 0.426944 1.17616 0.375196 0.958644 0.914124 0.0515319 -1.39373 -0.580942 -0.574578 -1.54989 -1.21631 0.106733 1.76112 1.96268 1.47286 1.07667 1.42231 1.25964 1.22746 0.775292 0.749271 0.271375 0.203087 0.161466 0.170647 -0.73102 -1.36859 -0.867022 -0.645957 -0.0433135 -0.108078 0.182613 0.341824 -0.539468 -0.784569 -1.45035 -1.61131 -1.19501 -1.50181 -1.49369 -1.65287 -1.00107 -0.389972 -0.492648 -0.182943 0.182787 -0.643064 
-0.130189 0.0824946 0.504926 -0.487149 -0.923951 -0.737803 0.285837 -0.0323685 -0.81887 0.620819 0.575253 -0.037401 0.922936 1.70261 1.86703 0.560401 1.28365 0.193896 0.00636847 1.03477 1.61328 1.97277 1.69593 1.08754 0.0986202 -0.0963261 0.382716 0.971316 0.563801 0.145849 -0.00714986 -0.706346 -1.965 -2.00988 -1.45457 -0.0469478 0.165151 0.346124 0.28245 0.132301 -1.29256 -1.29486 -0.959059 -1.78133 -1.92695 -1.08775 -0.899012 -0.205684 -0.691555 -0.531276 0.259739 1.169 -0.403599 
-1.57207 -1.74174 -0.893117 -0.59481 -0.12238 -0.0509578 -0.0171688 -0.709839 -0.0493045 0.243304 0.0756143 -0.681431 -1.13221 -0.563976 -1.18391 -1.00207 -0.971401 0.371605 0.217957 -0.300411 -0.762932 -1.32137 -1.36336 -0.916748 -0.133293 1.34208 2.09846 1.90497 0.732292 0.498004 -0.236724 0.106137 0.460492 1.51207 1.58021 1.87744 1.43953 1.35365 1.94595 1.80211 0.171261 0.236735 0.245932 -0.404274 -0.179944 -0.618356 0.129885 -0.422314 -0.0909797 -0.29898 0.0507512 -0.424712 -1.63569 
0.614657 -1.42608 -0.270315 0.0296631 0.283882 0.871384 0.90984 1.42811 1.04808 0.574524 0.132912 0.344326 -0.318874 0.536149 1.22168 1.02914 1.68041 -0.742699 -1.90354 -1.62884 -1.26182 -1.06813 -0.412478 0.0555163 0.533847 0.284481 0.528464 0.574958 0.363193 1.53744 -0.502406 0.439981 1.07798 0.727899 1.01109 0.748577 1.4372 0.0860881 -0.861685 -1.15413 -1.0816 -1.0156 -0.908459 -1.11815 -1.55525 -1.61519 -1.07774 -1.58238 -0.394102 0.983288 1.56711 0.150537 -0.912917 
0.0393169 0.0393169 0.185771 -0.102128 0.0130514 0.159933 0.236993 0.0299922 -0.205459 -0.100324 0.172801 1.64993 1.69754 0.245553 0.515786 2.36978 3.33645 2.03764 0.73065 0.365575 0.162757 -0.162393 -0.325296 -0.313214 -0.15048 -0.177007 -0.974849 -1.52359 -1.44986 -1.09679 -0.640235 0.747947 2.07689 1.46941 0.363662 -0.0343836 -0.0567713 -0.228664 -0.655371 -1.10998 -1.47938 -1.30172 -0.909007 -0.880019 -0.688733 -0.372691 -0.471188 -0.624905 -0.403617 -0.438102 -0.602787 -0.583907 -0.583907 
-0.300105 -0.300105 -0.00517302 0.0362583 -0.156595 0.206625 0.466659 0.043128 -0.0400552 -0.273492 -0.282313 -1.42149 -1.71273 -0.604776 0.471332 3.90416 4.5516 1.34064 -0.0217924 -0.119901 -0.178747 0.0150805 0.329013 0.583558 0.354028 0.270896 0.259014 -0.440201 -0.998609 -0.831824 -0.594553 0.0978265 1.04938 0.401416 -0.30961 -0.40346 -0.300351 0.0102531 0.0228738 -0.0134084 -0.0183381 0.0137172 -0.201149 -0.203628 -0.161016 -0.167035 -0.188441 -0.192898 -0.740334 -0.983717 -0.618823 -0.821393 -0.821393 
-0.0175077 -0.0175077 0.617286 0.564343 -0.453591 -0.737361 0.0859265 0.244598 0.210809 -0.557669 0.183655 1.77153 0.715481 -0.63738 -0.717897 -0.965956 -2.98551 -3.24084 -1.60657 -0.878817 -0.266254 0.446114 0.691769 0.0397525 -0.137359 -0.0625289 0.36483 1.37224 1.53117 1.33132 0.345593 -1.06079 -1.54771 -1.15641 -0.477329 0.169764 0.371103 0.0878219 0.46259 0.811275 1.30473 0.94191 0.22284 0.341029 0.473245 0.721808 0.941025 1.20354 1.06832 0.125197 -0.776478 -0.730579 -0.730579 
-1.20305 -1.20305 0.671327 1.44535 1.18893 -0.578184 -1.40737 1.01682 1.64836 0.131821 -0.959243 -1.9398 -1.50768 1.03129 0.788005 -0.0899442 -1.06919 -2.27093 -0.805208 0.117812 -0.0495555 0.329643 -0.0854669 -0.300451 0.647823 1.40347 1.80619 0.560579 -1.14494 -1.49603 -0.446888 1.74462 1.67924 -0.123866 -0.996049 -0.454646 -0.205956 -0.105462 0.20207 1.19651 1.24153 -0.683271 -0.378978 -0.140808 0.0438905 0.717842 0.00613315 -0.876976 -0.405117 1.10064 0.303746 -0.0477693 -0.0477693 
-1.1123 -1.1123 -0.0265138 1.17734 -0.301115 -1.71564 -0.54409 1.13126 1.81605 -0.138223 0.359566 1.54352 0.0580807 -0.39135 -0.64682 -0.771877 -1.34313 -1.64648 -1.22209 -1.07457 -0.733951 -0.0171973 -0.119586 0.0397668 0.54715 0.629128 0.444643 0.0995676 -0.298148 0.229945 1.03861 0.454128 -0.626668 -1.28571 -0.455509 0.348669 0.533536 -0.127634 0.738606 2.35736 2.15303 1.87458 0.788003 -0.156131 -0.427018 -1.32876 -1.78941 -1.03909 1.0182 1.27186 -0.152501 -0.024401 -0.024401 
-0.621109 -0.621109 0.823543 0.508651 -1.03692 -0.473815 0.608943 0.384706 0.0127214 -0.150574 0.0772678 -0.862695 -0.851091 0.200085 -0.616183 -1.48734 -2.81691 -2.83957 0.24287 1.2276 0.806481 0.140687 -0.393185 -1.09313 -1.17317 -0.719196 0.382632 1.30742 0.763793 0.223842 -0.115352 -0.578535 -1.45585 -0.938159 0.460825 0.48438 0.460957 0.671963 1.30756 1.84854 0.677524 0.0425707 1.64451 2.18242 -0.247764 -0.646498 0.869394 0.820671 0.330508 -0.563755 0.724922 0.0319692 0.0319692 
-0.636393 -0.636393 -0.0574805 -0.302297 -0.785311 1.24538 2.217 0.658127 -0.585873 -1.98179 -0.0494721 1.46012 -0.42966 -1.32171 -0.805492 0.859754 1.03501 0.195646 -0.290111 0.181456 1.39506 0.22081 -0.283395 0.580548 0.380793 0.0129396 0.032545 0.767761 0.690675 0.266129 1.2467 1.8484 0.267878 -1.47473 -2.15492 -2.04003 -1.57938 -0.849877 -0.830147 0.145347 1.03878 1.03663 0.30421 -1.61921 -0.706405 0.897141 0.0687926 -0.177421 0.330203 0.734205 0.991523 -0.756024 -0.756024 
0.982052 0.982052 -1.52478 -1.68265 0.0616657 1.04711 1.3916 0.374347 -1.14715 -1.07875 -0.475632 2.24419 2.9152 -0.423153 -0.662206 0.367236 0.0500438 1.44288 1.28794 0.534095 0.17322 -0.386211 -0.559492 -0.344247 -0.283821 -1.57133 -1.98764 -1.52796 0.0850263 0.343908 1.24963 1.15121 -1.46716 -0.885945 0.622809 0.868478 0.324524 -0.0404736 0.261503 0.0956485 -0.658116 0.331271 0.61679 0.423596 -0.296081 -0.494034 -0.399511 -1.05156 -0.706637 -0.812191 -0.199093 0.218896 0.218896 
1.36197 1.36197 -1.25298 -1.47978 -0.118464 -0.0291032 0.896181 -0.138938 -0.648706 -0.16621 -0.177009 1.24953 1.23403 0.306444 -0.439935 -2.47473 -2.95523 -1.41447 -0.878761 -0.341473 -0.0493342 0.694885 1.64838 1.04408 -0.0919146 -1.16711 -1.06585 1.26075 1.96796 0.632236 -0.775672 -1.5712 -0.854268 -0.0300309 0.161056 0.426757 0.408249 0.48169 0.568571 0.335327 0.680401 -0.0873233 -0.100787 0.391828 0.545559 1.13487 0.509906 -0.563529 -0.879746 -0.698418 0.136613 0.505872 0.505872 
1.4651 1.4651 0.694853 -1.12437 -0.958086 0.086149 0.633258 -0.045773 -0.22703 0.600111 -0.981084 -2.51275 -0.680776 0.906526 -1.0487 -0.690901 1.82227 3.26653 2.04022 -0.304391 -0.958007 -0.0444539 0.210882 -0.202259 -0.518802 -0.512067 -0.540204 -0.586421 -0.109369 -0.0246608 -0.965091 -1.67229 -0.137902 0.800987 0.911509 0.598964 0.257854 0.502765 -0.778758 -1.22086 -0.985211 -0.893195 0.290022 0.130539 -0.315785 -0.154361 0.549475 1.39174 0.566754 0.237191 0.749378 -0.492314 -0.492314 
0.608791 0.608791 -0.573604 -1.41689 -0.260535 1.1728 0.677806 -1.09873 0.626529 1.35371 -0.660536 0.326696 1.69318 0.912033 -1.13554 -0.587087 -0.374236 -1.2681 0.810731 1.56255 0.906053 0.066582 -0.883327 -1.5822 -1.17643 0.264288 1.03329 0.16319 -0.824678 -0.574887 -0.850911 -1.93604 -1.29387 0.48642 1.91196 1.57512 0.371242 0.100588 -0.224389 -1.56031 -1.41521 0.312778 -0.491975 -0.964454 0.666179 0.994319 0.851155 0.189072 -0.334082 0.919102 1.65418 -0.665559 -0.665559 
0.709534 0.709534 1.20196 0.806116 0.56738 0.105825 -0.698182 -0.0386965 0.998051 0.126562 -0.977923 -1.2758 0.118709 -0.0592841 -0.465858 0.218732 1.44055 1.24661 -0.712004 -1.03701 -1.07917 -0.63667 0.420875 1.28944 2.37195 2.34346 0.58741 -1.44242 -1.48535 -1.02452 -0.417219 0.728755 1.4745 1.17333 0.379575 -0.152913 -0.556037 0.527991 0.467006 -1.87228 -1.65203 0.0736889 -0.679376 -0.453005 -0.230148 0.321132 0.201401 -0.237284 0.124894 0.144252 -0.137182 -1.77942 -1.77942 
-0.717893 -0.717893 1.32536 0.538382 0.789366 0.601023 0.540586 0.175289 -0.690491 -0.744253 -0.14633 -0.339757 0.22206 1.39939 0.484954 0.455046 -1.49205 -3.07388 -0.718914 0.614782 0.544072 0.796022 1.03546 0.880677 0.254481 0.0499149 0.308177 -0.0896534 0.894781 -0.700981 -0.903377 1.43416 0.305942 -0.00377705 0.0726649 0.42657 -0.523683 -1.95212 -1.02799 -0.137349 0.175533 0.205748 -0.0349015 -0.509984 -0.379262 0.47144 0.0832562 0.651377 2.29423 1.76659 -0.672308 -2.11024 -2.11024 
0.161446 0.161446 -0.117124 -0.147386 0.273308 0.236423 -0.105993 -0.408379 -0.106356 0.385742 1.71329 1.49507 -1.33914 -1.12372 2.07514 2.74901 -0.301641 -2.50163 -1.59816 -0.529755 -0.491124 -0.452503 -0.126196 0.188889 0.151531 -0.777921 -1.28322 -0.43988 0.43271 0.803127 1.8047 2.64883 0.717828 -1.63798 -1.43534 -0.387074 -0.168248 -0.559468 -0.833024 -0.777571 -0.165787 0.571628 0.427772 0.232874 0.510627 0.230235 -0.224305 0.0851186 0.200488 -0.172979 -0.121343 0.0380061 0.0380061 
0.241516 0.241516 0.273499 -0.103051 0.145357 0.494967 -0.112373 -0.377323 -0.230578 -0.173173 -0.872368 -1.09039 0.64431 1.69985 3.49456 3.16365 -1.9651 -3.51664 -1.11364 -0.107323 0.11804 0.405811 0.452682 0.0331511 -0.227522 -0.0595071 -0.535099 -0.956995 -0.288477 0.325756 0.731493 1.28289 0.248199 -1.03525 -0.607492 0.0209879 0.33321 0.263357 -0.00442563 -0.0179738 0.0347801 -0.127283 -0.153942 0.0448216 0.042088 -0.00733071 -0.00612501 -0.4122 -0.59664 0.107642 0.139148 -0.142536 -0.142536 
0.561307 0.561307 0.515508 -0.914214 -1.11389 0.478887 0.861629 0.120199 -0.681848 -0.0113228 2.02709 0.472233 -2.07171 -1.2278 -0.272073 -1.94947 -1.95577 1.20505 2.05548 1.17163 1.15832 0.840923 -0.339363 -0.705086 -0.076313 0.446595 1.25334 1.02113 -0.023229 -1.01344 -2.05717 -1.62567 -0.0705467 0.938122 1.1594 0.746119 -0.0587182 0.0913098 0.638004 0.74068 0.125176 -0.923745 -0.507636 0.228785 0.341567 0.416829 0.428902 0.122287 -0.920676 -1.58371 -0.728138 0.0518726 0.0518726 
1.08393 1.08393 1.5495 0.267831 -1.26066 -1.60518 0.915885 1.79452 -0.575829 -1.61198 -1.28958 -0.37339 1.7436 1.33735 -0.71793 -1.16061 -1.35537 0.11528 1.39332 0.411019 0.0839105 -0.0651064 -0.422507 0.397568 0.981405 0.653249 -0.550507 -1.81861 -1.28056 0.376373 1.90575 1.23536 -1.1674 -1.65269 -0.24247 0.431735 0.166529 0.201922 0.739629 0.581731 -1.17419 -1.01824 0.282785 0.210849 0.472972 -0.0662168 -1.00279 -0.290872 1.14603 0.382875 -0.734274 -0.254942 -0.254942 
0.765483 0.765483 1.66733 -0.253624 -2.21514 -0.229931 2.08479 1.72014 -0.998922 -1.13901 1.21194 -0.273764 -1.49738 -0.575974 -0.332976 -0.569538 -0.703106 0.042761 0.38053 0.317769 0.744196 0.412328 -0.00523796 0.45156 0.393597 -0.124703 -0.444622 -0.604359 0.0497582 0.953497 0.12003 -1.29542 -1.35127 0.0803092 1.17645 0.693012 -0.404724 0.105712 1.81367 1.01168 -0.409577 -1.0705 -1.56918 -0.958121 -0.926367 -1.06852 0.169093 2.05535 1.68329 -0.924917 -1.01898 0.0480522 0.0480522 
0.994389 0.994389 0.771655 -1.34344 -0.722397 1.13671 0.579798 -0.449193 -0.406086 0.0181919 -0.531172 -0.684124 0.724277 0.138694 -1.22104 -1.58412 -0.983944 2.13683 2.84939 0.371198 -0.796278 -0.87603 -0.900188 -0.579177 0.237035 1.07301 1.40603 0.242145 -0.793916 -0.649314 -0.595013 -0.975642 -0.281838 1.32826 0.978748 -0.0273704 0.10522 0.571369 0.804769 -0.473112 -1.30489 0.656519 1.48612 -1.36594 -2.02845 0.762741 1.01032 -0.408637 -1.00672 0.251519 0.393913 -0.517614 -0.517614 
0.396529 0.396529 0.236198 -0.459262 1.03098 1.98362 -0.367196 -1.81822 -1.71149 0.368688 2.27152 -0.231589 -1.80443 -0.228737 1.44605 1.22275 -0.41753 -0.850428 0.00810386 1.12102 0.0431701 -1.08183 0.252991 0.452376 -0.354332 -0.210672 0.511732 0.448409 -0.311123 0.381539 1.05363 -0.623636 -2.15894 -1.56931 -0.352816 0.394323 0.796831 0.508072 0.669173 1.24136 0.601102 -0.463676 -1.72192 -0.644459 1.66536 0.525077 -0.686338 0.188596 0.614424 0.450498 -0.95856 -1.12708 -1.12708 
-1.53695 -1.53695 -1.63645 1.04285 1.76343 0.881182 -0.381022 -1.55706 -0.872831 0.466214 2.13729 2.18007 -1.63811 -2.21168 0.541135 0.491887 0.720915 0.823178 -0.529773 -0.659566 -0.537036 -0.418804 0.0694378 0.216732 -0.730383 -1.03085 0.0703271 1.34929 1.22274 0.776982 0.551792 -1.66927 -1.24093 1.3602 1.14872 -0.145005 -0.529879 0.00327031 0.128781 -0.536602 0.191491 0.846503 0.101178 -0.532349 -0.535349 -0.0221975 -0.30839 -0.150577 0.193851 0.36287 0.692835 0.306429 0.306429 
-1.73348 -1.73348 -1.88824 0.825153 1.0409 0.74335 -0.0239913 -1.00327 0.0323493 0.372844 1.01706 1.01385 -0.592601 -1.09135 -1.84691 -1.66547 0.774483 1.46794 0.783168 0.616958 0.758168 1.20948 0.289252 -1.13661 -1.45796 -0.613654 1.70773 2.12123 -0.377935 -1.82129 -1.45266 -0.00267446 1.10265 0.743814 0.36267 0.219644 0.0884456 0.160362 -0.048918 0.127273 -0.237456 -0.482121 0.377931 0.492024 0.558006 0.0266306 -1.10802 -0.897335 -0.0410885 0.74452 0.872764 0.302941 0.302941 
-0.441955 -0.441955 -1.66308 -1.03445 0.887601 1.14322 -0.0134892 -0.502392 0.5086 -0.431085 -2.01439 0.276638 2.37019 -0.171903 -0.997184 2.00215 2.73141 0.221354 -2.32186 -1.93745 0.24954 0.859657 -0.0308625 -0.414726 -0.132893 0.060695 0.0251522 0.364252 0.452133 -0.499327 -1.03088 0.630297 1.73521 0.77946 -0.0605429 -0.363693 0.0104891 -0.620747 -1.08189 -0.0635166 0.295001 0.931039 0.762225 -0.331577 -0.116173 0.655852 1.11286 0.086659 -0.699913 0.197644 -0.414606 -0.758403 -0.758403 
-0.664446 -0.664446 -1.18898 0.265744 1.68182 0.654669 -1.3419 0.039118 1.59645 -0.729552 -0.567799 1.53504 0.435097 -1.68848 -0.861452 0.544552 -0.352585 0.808071 1.8317 0.130304 -0.859492 -1.042 -0.954541 -0.111298 1.21954 1.44547 0.00812888 -1.08466 -0.388077 0.054696 -0.775636 -0.20451 1.5778 2.06506 0.748193 -0.887326 -0.846159 -0.299474 -0.962079 -0.669685 1.23609 0.64527 -0.723436 0.791394 1.28939 0.18607 -0.429857 -0.666215 0.525097 1.30773 -0.91466 -1.37189 -1.37189 
0.436097 0.436097 0.152193 -0.372207 -0.419337 -0.824758 -0.0207308 1.29949 0.201449 -1.33428 -0.922876 0.869444 0.95543 -0.336337 0.28232 1.45023 0.820129 -1.46092 -1.55492 -0.180416 0.370053 1.15878 1.46436 1.48226 0.838883 -1.19697 -2.63237 -1.40369 0.38265 0.849 1.3404 1.43969 0.40178 -0.702372 -0.868281 -0.588113 0.571277 0.816665 -1.63859 -1.43688 1.4786 0.780526 -0.29483 0.405116 0.638145 0.392436 -0.317582 0.0280505 0.356567 -0.105042 -1.29676 -1.09492 -1.09492 
1.43006 1.43006 0.89013 -0.339525 0.0711898 -0.142473 -0.26388 -0.816417 -0.602676 0.401556 0.305733 0.280961 1.22142 0.208582 -0.619692 -1.32819 -2.39294 0.558655 2.55896 0.894735 0.152559 0.365348 0.0862935 -0.507609 -0.541765 0.0650521 -0.0675441 0.430676 -0.391213 -1.20549 1.49311 0.857914 -0.958342 -0.131837 0.323469 -0.380936 -1.60378 -0.317787 1.27331 0.853937 0.263608 -0.116165 -0.462844 -0.20805 0.701557 0.345542 0.151666 1.54514 0.793348 -2.0071 -2.63164 -0.95834 -0.95834 
