40
0.570174 0.720462 1.19629 1.15565 1.15289 1.19372 1.11489 1.09776 1.10628 0.982999 0.849329 0.748568 0.655097 0.590183 0.519643 0.469796 0.464302 0.44757 0.457518 0.441642 0.441578 0.371814 0.312905 0.226096 0.109542 -0.0556561 -0.516655 -1.09503 -1.7203 -1.93545 -2.03731 -1.31436 -1.14547 -0.981171 -0.767678 -0.758968 -0.914442 -1.21754 -1.40154 -1.53513 
1.04075 0.912224 0.738269 0.966631 0.763077 0.575072 0.749316 0.835137 0.596729 0.661138 0.798682 0.756511 0.747659 0.762576 0.725688 0.685475 0.52197 0.394778 0.291766 0.251239 0.18518 0.0610611 0.0703429 0.100991 0.133678 0.303541 0.349559 0.318302 0.184503 -0.00850264 -0.00506318 -0.773551 -1.50364 -2.02939 -2.1042 -1.98154 -2.08491 -2.08029 -1.61806 -1.29269 
-1.15879 -0.787278 -1.27939 -1.61232 -1.16649 -1.23194 -1.2341 -1.32416 -0.956286 -0.688152 -0.777945 -0.575472 -0.486793 -0.490719 -0.528111 -0.492611 -0.450304 -0.391685 -0.34896 -0.333799 -0.242153 -0.207667 -0.140397 -0.123257 0.0178786 0.141939 0.682025 0.922505 0.74008 0.887642 0.969734 1.32711 1.66135 1.61957 1.80964 1.8733 1.54151 0.919577 0.950938 0.96398 
-0.942755 -0.876513 -0.289997 0.00952527 0.0209488 0.299584 0.431755 0.505368 0.487179 0.523202 0.692922 0.726308 0.752212 0.639054 0.657769 0.502623 0.67811 0.808564 0.801558 0.910421 0.898409 1.14899 1.17953 1.17352 1.2203 1.02654 0.506142 0.124308 0.197867 -0.0591639 -0.447142 -1.34748 -1.65094 -1.56233 -1.66151 -1.33916 -1.59608 -1.52169 -1.69057 -1.93738 
-1.69118 -0.599671 -1.6642 -1.50898 -1.38391 -0.867074 -0.651886 -0.305428 -0.271807 -0.242879 0.377916 0.562026 0.452857 0.800079 0.458465 0.905823 0.34382 0.177251 0.226995 -0.257072 -0.348182 -0.808754 -1.11005 -1.67798 -1.85161 -0.735012 -0.561439 0.241467 1.00814 1.16318 1.26068 1.43929 1.85375 1.29403 1.12932 0.575115 1.02683 1.03978 0.71074 -0.510438 
-1.10172 -1.06205 -1.2102 -1.41866 -1.31671 -1.24554 -1.36371 -1.41334 -1.16899 -0.999972 -1.16546 -0.971071 -0.822635 -0.73628 -0.600964 -0.540356 -0.36514 -0.0156759 0.0290637 0.156679 -0.0224322 0.169391 0.321873 0.670211 0.978558 0.716485 0.267547 0.708779 0.959852 1.54064 1.87868 1.59287 1.11736 0.687905 1.15185 0.988185 1.11591 0.928981 0.752597 0.807499 
-0.34689 -0.0653478 -0.689487 -0.851835 -1.03154 -0.661048 -0.112154 0.274354 0.0834541 -0.234077 0.17129 0.334742 0.11555 0.0403148 0.173003 -0.0203664 -0.0509532 -0.306311 -0.300521 -0.237795 0.280074 0.103839 0.368808 0.050523 -0.176731 1.11209 1.18951 1.03401 1.98199 2.70114 2.75839 0.445199 0.0678808 0.0435861 -0.569872 -1.70135 -1.13746 -1.19535 -1.7622 -1.87847 
0.0552406 -0.286007 0.271525 -0.726785 -0.312305 -0.0914817 -0.293824 -0.997794 -0.444452 -0.204894 -0.837047 -0.674886 -0.352584 0.188381 0.317459 0.252953 0.222829 0.157922 -0.111538 -0.183843 -0.0941152 -0.563595 -0.549643 0.0479314 0.208015 -0.458628 -1.12765 -1.60048 -1.33734 -1.71265 -1.3157 -0.255082 2.07454 2.33893 1.42668 0.793087 1.98816 2.08626 1.79108 0.311325 
2.16689 0.684165 0.0727675 0.151553 -0.27131 0.074376 -0.296137 0.251311 -0.112752 -0.323552 -0.192023 -0.584948 -0.634289 -1.45961 -1.63848 -1.47134 -1.26583 -0.874285 -0.445751 -0.0491414 0.0378074 0.166276 0.833847 0.732777 1.16812 1.58075 2.47813 1.77115 1.4602 -0.167767 0.135947 0.567134 0.159834 -0.654561 -0.105374 -0.976357 -1.22236 0.0976217 -0.0265924 -1.81819 
3.43935 0.725865 1.76228 0.962343 0.4673 0.0233386 -0.273426 -0.658134 -0.912257 -1.27598 -1.36742 -1.15362 -1.16836 -0.497786 -0.472271 -0.341149 -0.398372 -0.491397 -0.516535 -0.643663 -0.413622 -0.218035 -0.354502 -0.531428 -0.0619101 -0.48986 -0.695282 1.22152 1.63241 1.40465 1.07292 -1.3142 0.416036 1.2454 0.682708 -0.620075 -0.118641 0.304408 0.0110996 -0.383701 
3.16148 1.65666 1.65909 1.23475 1.51511 0.722666 0.207412 -0.0394919 -0.485946 -0.618856 -0.996968 -1.21019 -0.942942 -0.7441 -0.522496 -0.296181 -0.549305 -0.386399 -0.418618 -0.507212 -0.935877 -0.775895 -0.492211 -0.491607 -0.641886 -0.958619 -0.636326 -1.12553 -0.724733 -0.798887 -1.14649 0.270439 -0.0654857 1.03594 0.950921 0.282363 0.872787 1.2727 0.875771 0.794145 
-1.20586 -2.03451 -0.662816 -0.60695 -1.23498 -1.52429 -0.883806 -0.729645 -0.988962 -1.13441 -1.00032 -0.743114 -0.734042 -0.515152 -0.157731 0.252815 0.65857 0.899961 1.0233 1.08474 1.26263 1.52348 1.43896 1.17436 1.09749 0.933741 1.25888 0.733964 0.957468 1.26899 0.117485 -1.26465 -0.614498 -0.588957 -0.639914 0.042747 -0.608579 0.203518 1.2191 0.720981 
1.38736 1.48835 1.67255 1.70778 2.18489 1.77219 0.706074 0.444715 0.0302563 0.65244 0.186214 -0.198918 -0.221646 -0.29181 -0.291188 -0.33277 -0.00473094 -0.00331857 -0.333096 -0.119955 -0.064239 -0.475169 -0.680387 -0.727426 -0.983599 -1.3148 0.134813 0.192678 -1.6626 -1.97081 -1.61434 -0.246689 -1.00094 0.863432 0.93547 0.908712 -0.0922735 -1.45348 -0.693531 -0.490205 
1.7235 1.7235 1.26904 0.129884 0.323819 0.14274 0.004773 0.212687 -0.0399684 -0.378406 -0.324809 -0.229128 -0.143803 -0.0892228 -0.053359 0.101465 0.180286 0.217043 0.21908 0.19525 0.0669844 -0.0730818 -0.113652 -0.250861 -0.437447 -1.2573 -2.24077 -2.63176 -1.7672 -0.521383 1.71154 2.356 1.02625 1.13241 0.762086 -0.116143 -0.858327 -0.926216 -0.522748 -0.522748 
-0.4621 -0.4621 0.392322 0.321458 -0.675348 0.229123 0.884677 -0.103236 -0.154499 0.745553 0.490397 0.139915 0.276585 0.209465 0.077483 -0.225646 -0.433878 -0.289056 -0.0815756 0.00689574 -0.19323 -0.0128611 0.357661 0.413694 0.746983 0.778899 0.297403 -0.133087 -0.520321 -0.191767 -1.5695 -3.32562 -2.74447 -1.17571 0.376608 0.308264 0.0256494 1.37972 2.14763 2.14763 
-0.626837 -0.626837 -2.67859 0.0532483 0.832278 -0.47252 -0.544163 0.533573 1.57683 0.243846 0.0526018 0.572421 -0.0287384 -0.395933 -0.281102 -0.0489694 0.0183664 0.0195827 -0.106991 0.0354975 0.091783 0.0207842 -0.0297364 0.185403 0.496817 1.6588 1.99789 -0.1065 -0.377132 0.393299 1.00439 1.7388 0.576253 0.156331 0.463405 -1.05654 -3.05339 -1.99569 -0.146261 -0.146261 
1.54275 1.54275 2.06279 0.780765 0.734202 1.00338 0.546332 0.211142 0.127345 0.546241 0.540363 0.219759 -0.106924 -0.122948 -0.216552 0.132932 0.769609 0.362784 0.314653 0.303495 0.619408 0.714282 0.142275 0.178478 -0.240053 -1.50446 -1.92373 -0.599635 -0.321418 -1.3503 -2.78439 -2.59599 -0.391388 0.0640367 0.585098 0.233435 -0.319319 -0.123039 -0.83908 -0.83908 
0.00387311 0.00387311 -1.29667 0.355713 0.858017 0.98319 0.74653 0.494329 0.0532711 0.868872 1.08442 0.0704828 0.29705 -0.0258218 0.11327 -0.192857 -1.04562 -0.195886 -0.636899 -0.83255 -0.799915 -1.09186 -1.24098 -1.06367 1.27619 1.75847 1.32275 2.14658 1.24668 0.317175 0.349902 0.790178 -0.235377 -1.03987 -1.0322 -0.175972 0.611819 -0.472666 -2.18691 -2.18691 
-0.503979 -0.503979 -1.14251 -0.498884 0.220729 -0.345732 -0.65662 0.276306 0.839011 -0.215706 -0.150413 0.65748 0.379448 0.345681 0.279421 0.382106 1.12548 0.789696 0.218768 -0.357314 -0.192074 0.661281 1.06407 1.46519 -0.105701 -2.05458 -0.244622 1.55686 1.916 2.13981 -0.0903762 -2.18404 -2.55371 -0.136027 0.547982 -0.317286 -0.37715 -1.15977 -0.537423 -0.537423 
-0.274852 -0.274852 -0.791285 -0.274219 0.345701 1.19337 1.21201 0.35131 -0.467787 0.225926 0.785513 0.058885 -0.21881 0.190576 0.0531365 -0.136822 -0.208941 -0.166619 0.203448 0.799214 0.521201 0.226971 0.0617051 -0.51096 1.35879 1.71326 0.0328934 1.04573 2.06332 1.02701 -2.50089 -3.00647 -0.343512 -0.618244 -1.90637 -0.536607 0.712434 -0.603106 -0.671026 -0.671026 
0.192693 0.192693 -0.450262 -0.590242 0.602715 -0.000863126 -0.9058 -0.166341 0.756927 -0.403113 -0.478848 0.455113 0.825784 0.636709 0.0442383 -0.111546 -0.111938 -0.346135 -0.353374 -0.00189841 -0.390546 -0.464694 0.579449 0.722442 -0.514631 -1.32593 -1.13628 -0.224136 -0.128716 0.002226 1.40733 3.29851 2.51937 -0.652899 -1.5316 0.530477 1.24646 -0.211793 -1.75577 -1.75577 
-1.97185 -1.97185 -0.330977 -0.13286 0.147607 0.202618 0.414635 0.421412 -0.375375 0.145407 -0.0459757 -0.236039 -0.690411 -0.826528 0.216383 0.620303 0.856105 1.09047 1.09579 0.736843 0.455073 1.06521 0.824002 0.579968 1.11978 1.6053 0.428784 -0.840967 -1.80876 -1.16285 1.00096 0.253807 -1.05508 -0.0499807 -0.109445 -0.945058 1.35727 1.48526 -1.78448 -1.78448 
-1.48595 -1.48595 0.404008 -1.10856 -0.756977 -0.561144 -0.502622 -0.460507 -0.439784 -0.279098 0.291306 0.367049 0.818189 0.857949 0.325152 0.243435 0.0220516 0.0537402 0.0200581 0.272091 0.590826 0.228838 -0.139082 0.45943 0.211502 -0.455114 1.86073 2.46943 0.351313 -0.382145 -2.51487 -0.478333 2.69848 0.43383 -1.67202 -0.62102 1.08353 0.298587 -0.509176 -0.509176 
-2.15922 -2.15922 -0.461465 -0.0247457 -0.603153 -1.85331 -0.996091 -0.887986 -0.708868 -0.60148 -0.727682 0.286377 0.93386 0.862132 0.905302 0.159363 0.0597276 0.406834 0.0116524 -0.611281 -0.220695 0.898618 0.648189 -0.0336964 -0.53233 0.210223 -0.0607766 0.0625718 0.714737 -0.461215 1.88172 1.90006 1.40432 1.79856 -0.982613 0.0787151 1.7576 0.206176 -0.550462 -0.550462 
0.54533 0.54533 1.79167 -1.02606 -1.51243 0.27498 0.899855 -0.368018 -0.790181 -0.235855 0.331509 0.155359 0.101365 0.592209 0.862265 0.930371 0.692022 0.294084 0.0405124 0.117376 0.398376 0.0286162 -0.71179 -0.700997 -0.558889 0.00756472 -0.501344 -0.644559 0.534032 -1.40343 -3.78989 -1.25125 0.732241 -0.255659 0.670262 -0.175695 0.00668869 2.35546 0.509291 0.509291 
0.371663 0.371663 0.302905 0.609167 0.140824 -1.47274 -1.3145 -0.633144 0.290672 0.236545 -0.816687 -0.352973 -0.0236487 0.000765753 0.0306516 0.372992 0.417946 -0.269855 -0.0484754 0.35459 -0.297927 -0.570756 -0.190278 -0.243555 -0.540675 1.24287 1.64967 -1.80586 -2.18863 0.12394 1.87619 0.714835 1.2342 2.09815 0.120822 -1.00111 -2.39639 -0.555186 1.08067 1.08067 
-0.325199 -0.325199 -1.41195 -0.793379 0.120627 -0.196008 0.175093 0.0656794 -0.455542 -0.163376 0.250775 0.281043 0.241833 0.194647 0.290279 0.331261 0.218625 0.145373 0.0875716 -0.0367374 -0.147626 -0.0639647 -0.0612396 -0.200539 -0.851788 -1.61201 -1.20288 0.56015 2.12167 3.4271 2.8534 -0.545411 -1.05894 -0.143647 -1.08277 -1.43752 -0.66445 0.428507 0.493273 0.493273 
0.627557 0.627557 0.562482 -1.13753 -0.241866 1.27553 -0.462284 -1.11137 0.622385 0.435145 -0.713241 -0.35342 -0.0932043 -0.339912 -0.556644 -0.626665 -0.215303 0.166453 0.114704 -0.259607 -0.175216 0.34882 0.23464 0.200448 0.178301 -0.56993 -0.994566 -0.908004 -0.21096 -1.12056 -3.03495 -1.23607 1.81723 2.70907 1.20569 -0.479365 0.826865 1.79158 0.548108 0.548108 
-1.42071 -1.42071 0.453584 2.39576 -0.373741 -0.957379 0.677256 1.44218 -0.211794 -1.05878 0.212416 -0.0688223 -0.677394 -0.18616 0.225033 0.192447 0.0340174 -0.0990222 -0.00209658 0.123362 -0.0231102 -0.0963889 0.0999275 0.348248 0.997871 1.01685 -1.22417 -1.64249 0.329892 0.934835 0.910121 -0.306758 -1.09873 -0.0904393 -0.845157 -2.42586 -0.657357 1.98154 1.25586 1.25586 
0.639287 0.639287 -0.633294 -1.19572 0.344053 -0.0634076 -0.663322 -0.292822 0.455707 0.533052 -0.200998 -0.51944 -0.217104 0.0142581 0.377072 1.10197 0.351237 -0.328526 0.0642255 0.425587 0.530838 -0.350539 -0.408777 -0.256433 -1.54746 -1.54819 1.02124 1.71358 -0.622058 -2.32174 -1.11343 2.49844 2.76351 1.09237 0.291228 -0.774675 -0.23077 -0.392853 -0.587687 -0.587687 
-0.956544 -0.956544 0.460208 2.00597 0.696538 0.0629516 -0.260608 -0.435859 0.479673 1.04265 -0.525998 -0.516554 0.0759691 0.000968325 0.0153251 -0.835091 0.155943 0.508978 -0.387334 0.018771 -0.0637932 -0.219633 0.182714 2.31677 2.57824 0.198457 0.491299 0.0933201 -1.40999 -0.610355 0.564093 -0.343277 -1.41054 -0.524659 0.899246 1.56813 -0.0958444 -2.24109 -1.31125 -1.31125 
-0.414966 -0.414966 0.00467641 0.89018 0.101208 -0.570672 0.406919 0.976497 -0.319435 -0.643745 0.570667 0.346821 -0.201937 -0.063863 0.0251029 0.552978 0.2671 -0.589816 -0.74649 -0.266513 0.665472 0.820355 0.5255 -0.761332 -2.29352 -0.0892215 2.35599 1.41007 0.381432 -1.30679 -2.81777 -1.60473 1.33665 2.02364 -0.116825 -0.601827 -0.547941 -0.103143 0.407121 0.407121 
-0.32642 -0.32642 0.0237361 0.793272 1.01716 0.609967 -0.546935 -1.11424 -0.0616027 0.87204 -0.0898121 -0.656818 0.112488 0.207469 -0.198405 -0.154171 0.00312854 0.302576 0.677368 0.23849 -0.364214 -0.287862 -0.476418 0.901688 1.52954 -0.874584 -0.428744 1.39831 0.0106338 -3.06757 -2.70816 1.48428 1.64061 -1.03506 0.078592 1.79676 -0.0217255 -0.913569 -0.0226879 -0.0226879 
-0.31773 -0.31773 -0.408339 0.780038 0.479953 -0.878003 -0.00866211 1.17473 -0.0548098 -0.701459 0.653977 0.942932 0.215997 -0.407439 -0.38589 -0.00264113 -0.0533976 -0.0578292 0.321274 0.0743905 -0.201114 0.726323 0.866879 -0.609741 -1.22745 -0.303938 0.811639 0.75064 0.244974 1.09272 2.23212 0.81827 -2.45927 -2.52372 0.864445 1.89667 -0.382017 -1.84487 -0.900956 -0.900956 
1.14309 1.14309 1.27852 0.34858 0.250756 0.203966 0.170994 -0.518598 -0.167238 0.246601 -0.239314 -0.419087 -0.382211 0.641294 1.01045 0.45873 0.342824 0.185275 -0.220295 -0.416546 0.245894 0.273623 -0.310265 0.22362 0.722325 -0.450916 -1.65078 -1.5081 -0.1986 1.94209 0.989824 -1.38403 -0.186229 0.667847 -0.590419 1.02404 1.68273 -2.12619 -2.21368 -2.21368 
1.11428 1.11428 0.18519 -0.759745 0.28963 0.109619 0.015199 -0.00801934 0.0648121 0.40245 0.350275 0.277017 0.254915 -0.349461 -0.424078 -0.232795 -0.163136 -0.0478415 0.0875038 0.303974 -0.0731851 -0.494958 0.0950227 0.168727 -0.60837 0.966409 1.74977 -0.973765 -1.79818 -1.80715 -0.1057 3.15565 0.513673 -2.73117 -0.694552 1.64596 0.518246 -1.02493 -0.54278 -0.54278 
1.31772 1.31772 1.6788 -0.203104 -1.59779 -0.410834 0.712156 0.151515 0.150922 -0.101513 0.648112 1.28778 0.390069 -0.109569 -0.666999 -0.785068 0.118648 -0.125706 -0.927723 -0.278059 1.16241 0.632425 -0.856784 -1.062 0.115712 0.303917 -0.208034 0.555227 -0.519018 0.878888 1.86632 -0.480662 -0.169875 -2.05945 -1.50791 2.17962 0.0194252 -1.99423 -0.711537 -0.711537 
0.83565 0.83565 -1.02847 -2.17477 0.871838 1.607 -0.414272 -1.10696 0.0985474 0.753184 0.269926 -0.141142 0.300118 0.514498 0.234829 -0.101514 -0.409833 -0.419904 -0.105791 0.247863 -0.0476079 -0.723335 -0.471575 0.112267 0.479873 0.0491825 -0.42031 0.696082 -0.490934 -2.84945 0.11179 3.0028 0.669765 -0.0298901 0.0640147 -0.427885 1.68564 0.343617 -1.21025 -1.21025 
-0.0878315 -0.0878315 0.0997712 -0.144997 -1.321 -0.937183 0.468586 0.937546 0.487019 -0.724032 -0.406826 0.440067 0.170971 -0.0124516 0.182296 0.191526 -0.439493 -0.331423 0.336794 -0.198516 -0.612539 0.0202273 0.154715 -0.260351 0.864803 1.296 -1.91323 -2.39689 1.1364 2.44421 0.316243 -0.438966 0.801645 -0.72772 -1.94418 -1.58765 0.227441 2.08418 0.956337 0.956337 
