42
1.51938 1.67738 1.69709 1.66153 1.60818 1.38773 1.132 1.18929 1.06859 0.717788 0.488573 0.250931 0.159666 0.161865 0.0910856 0.0345184 -0.102743 -0.0524031 -0.0536802 -0.0561991 -0.129197 -0.185599 -0.30921 -0.418202 -0.623523 -0.653236 -0.683963 -0.882106 -1.06912 -1.55543 -1.74242 -1.82659 -1.92877 -1.83771 -1.19083 -0.110664 -0.0539766 0.258818 0.24509 0.106292 0.043999 -0.0342329 
1.55389 1.38511 1.52414 1.28059 1.14151 1.27249 1.38332 1.00807 0.677372 0.436518 0.605529 0.302926 0.199289 0.26216 -0.0759868 -0.329128 -0.305099 -0.286735 -0.298251 -0.0702726 -0.0348148 0.135413 0.0435934 -0.158455 -0.0147365 0.0414329 -0.143754 -0.248083 0.117075 0.028897 0.25286 0.533986 0.425933 0.477977 -0.292157 -1.09999 -1.84016 -1.93034 -1.99997 -2.20992 -1.96887 -1.78335 
-2.25302 -2.22408 -2.1297 -1.90208 -1.65725 -1.30142 -1.40271 -1.39648 -1.21188 -0.821818 -0.454213 -0.192651 -0.239508 0.0486026 0.449052 0.495561 0.420892 0.389217 0.414022 0.670139 0.513623 0.881789 1.00757 1.07876 0.90871 0.722235 0.746572 0.780581 0.931614 0.680307 0.506605 0.414417 0.422908 0.309122 0.600442 0.26891 0.808958 0.751657 0.719776 0.739994 0.320161 0.184617 
-0.211111 -0.087323 0.135058 0.313939 0.544516 0.71155 1.04122 1.18503 1.45601 1.38944 1.14294 1.10362 0.733662 0.553398 0.580943 0.850514 0.821456 0.777599 0.704111 1.01867 0.855749 0.657125 0.59948 0.447741 0.429602 0.255932 0.0680879 -0.384913 -0.614735 -0.701712 -0.841581 -0.987889 -1.00293 -1.30615 -1.48638 -1.53838 -1.72593 -1.68668 -1.60332 -1.47 -1.37573 -1.35264 
-2.37632 -2.0413 -1.2483 -0.382136 0.119378 0.0355088 0.0162826 0.025744 0.479982 1.2524 1.03019 0.604728 -0.17671 0.615312 0.183725 -0.224677 0.477808 0.605373 -0.191246 -0.314907 -0.502456 -1.0567 -0.505042 0.305928 0.258717 -0.356338 0.237895 1.01653 1.85646 1.25599 1.58149 1.62083 0.320511 0.431608 1.10375 0.0496603 -0.616964 -2.37453 -1.9237 -0.375192 -0.130781 -0.688497 
-2.06526 -2.2508 -2.2727 -1.76913 -1.58142 -1.3526 -1.03987 -0.628281 -0.619731 -0.154096 -0.419656 -0.569438 -0.104836 -0.200146 -0.939812 -0.323336 0.425027 0.432936 0.79306 0.360591 0.701716 1.20182 1.12217 0.942723 1.15649 0.830833 0.499778 0.699556 0.472524 1.33096 1.50879 1.12067 0.37793 0.835932 0.555816 0.126949 0.690582 -0.394413 -0.120988 0.277919 0.458012 -0.116268 
-0.732989 -0.994905 -1.41754 -1.63217 -1.47119 -1.30448 -1.0277 -0.68317 -0.185202 0.529725 0.301824 0.767847 1.26541 0.475797 0.5464 -0.0206135 0.837871 0.99018 1.17346 0.309737 0.474916 -0.235509 0.129921 0.642154 0.749118 1.07601 0.931949 0.83817 0.893251 1.31527 1.63161 1.3788 0.340438 0.438128 -0.134745 -0.861616 -0.365297 -0.88926 -1.41987 -1.12001 -1.26758 -2.27415 
-0.227622 -0.61664 -1.45681 -1.8416 -1.70769 -0.873326 0.759916 0.691377 0.391858 -0.338014 -1.21293 -0.134845 -1.0067 -1.25349 -0.619548 -1.19299 -1.18229 -0.923327 0.265755 0.244614 0.502689 0.829886 0.967118 0.169586 0.401203 0.00627569 0.402968 -0.202455 -0.907305 -0.367961 0.217854 1.95062 0.429997 0.366427 0.985777 1.74989 2.55563 1.09303 -0.927673 0.515497 1.18693 0.308322 
-1.04814 -1.19071 -1.28366 -1.02939 -1.64408 -1.18925 -0.0233633 0.068323 0.361981 0.617006 1.07692 1.40338 1.54457 0.830497 0.674721 0.282043 0.900308 1.61019 1.9014 1.39574 1.00405 0.776336 0.420513 1.10463 0.62992 0.795735 0.506465 0.0799248 -0.627145 -0.307989 -0.166656 -0.384985 -0.739146 -0.769832 -1.62545 -1.39504 -0.849149 -1.28012 -0.761414 -0.0917829 -0.263469 -1.3139 
2.79964 2.77262 1.24601 0.538603 -0.274767 -1.48243 -0.936102 -0.73646 -1.18639 -0.984567 -0.284598 -1.05724 -0.50465 -0.972569 -1.0905 -1.42443 -1.66581 -0.512713 -0.103047 -0.655818 -0.469326 -0.040939 -0.252311 0.573999 0.368691 0.912295 0.942447 0.475525 -0.0396525 1.19411 0.866011 0.8718 0.556217 1.06017 -0.696969 -0.421653 0.147905 -0.457145 0.62571 0.0101028 -0.0446657 0.332904 
1.64427 1.13411 0.837679 -0.0516756 -0.541816 -1.45336 -1.89738 -1.54933 -1.99414 -1.31387 -0.23804 0.117332 0.522877 -0.326136 -1.16714 -1.32802 -0.218306 0.17027 -0.22811 -1.29484 -0.628166 -0.600919 -0.0405776 -0.307432 -0.0073701 0.201935 0.695137 0.196059 1.20818 1.00271 0.371819 -1.07443 1.50691 0.271009 1.91476 1.76476 1.00947 0.779026 0.706883 0.51001 0.0557179 -0.359858 
-1.08259 -0.546726 -0.672281 -0.788891 -1.23865 -0.532952 -0.348616 -0.153223 0.177297 0.336681 -0.566597 0.729367 1.50636 1.06156 1.10652 0.627201 1.06252 1.05605 1.12879 1.41719 1.69752 1.36723 1.61453 1.08257 0.278286 0.947101 0.0479066 -0.558863 0.558008 0.253897 -0.0360813 -0.918436 -0.523183 -1.17479 -2.15448 -1.53369 -1.36987 -1.10209 -0.861998 -0.533857 -0.344899 -1.01384 
0.293068 0.499397 1.59192 0.745028 0.169949 1.04646 -0.330325 -0.813081 -0.686109 -0.990441 -0.712584 -0.670853 -0.455178 -0.847089 -0.96657 -1.06571 -0.575492 -0.485203 0.331922 0.541522 0.703418 1.34658 0.307271 -0.27322 0.241769 0.850885 2.04994 0.92075 0.43079 -1.87944 -1.26492 -0.99816 -1.9219 -1.67134 0.57653 2.23814 0.889313 0.89824 0.134061 0.833785 -0.446797 -0.586342 
0.580407 0.580407 0.135841 -0.031976 -0.456587 -0.921386 -0.283506 0.0266002 -0.910668 -1.15988 -0.899988 -0.583159 -0.0323162 0.0147317 -0.120237 -0.272924 -0.0273914 0.284923 0.163523 -0.00119773 -0.124953 -0.241195 -0.361976 -0.549642 -0.367563 0.0334284 -0.353404 -0.71234 -1.37418 -1.37414 -0.450538 -0.255744 0.1467 1.86708 4.13875 2.78324 1.02083 0.859108 -0.178067 -0.289605 -0.150501 -0.150501 
0.267853 0.267853 0.101141 -0.51904 0.316114 0.873418 -0.255442 -1.24004 -0.940338 0.173989 0.0362926 -0.571701 0.243291 -0.279657 -0.98435 -0.176714 0.428731 0.349467 0.816898 0.921648 0.792866 0.509043 -0.321117 0.204123 0.779939 0.0464936 -0.311413 0.915833 0.951851 0.636992 1.46052 0.720141 0.209299 -1.26711 -3.18461 -3.11779 -1.51744 -0.0221728 -0.289245 0.40355 1.28542 1.28542 
0.0456633 0.0456633 0.651004 1.10937 1.49999 0.445464 -0.619678 0.251369 1.42077 1.97832 1.58683 0.324094 0.40498 1.76779 1.0317 -0.415843 -0.654043 -0.350976 0.525839 -0.0265895 0.314785 1.17485 0.27006 -0.631236 -1.41626 -0.82403 -0.152283 0.233721 -0.635548 -1.62492 -1.14013 -0.585045 -0.650845 0.210845 -0.45256 0.305238 1.14074 -0.601753 -0.365577 -1.54755 -2.02211 -2.02211 
1.19669 1.19669 1.36445 1.38941 1.35333 1.65509 1.58437 1.40565 0.764997 -0.810767 -0.727782 -1.10373 -1.5329 -0.322477 1.04732 0.874954 -0.0794658 -0.214761 0.876663 0.604323 -0.958381 -0.637797 -0.495027 -0.374729 -0.44151 -0.958278 -1.80887 -1.9367 -0.822118 -0.548203 -0.728868 -0.348753 -0.826585 -1.32959 -0.564592 -0.58688 -0.309012 0.515927 0.80237 0.835611 0.499967 0.499967 
0.990757 0.990757 1.50518 1.22288 0.302735 -0.201617 -0.111224 0.347341 1.08629 0.431123 -0.729058 -1.27068 -0.0915151 0.247326 -0.915322 0.183062 0.702164 -0.749766 -0.993087 -0.403183 -0.820211 -0.10427 1.21798 0.637957 -0.743191 -0.121933 1.2279 1.46586 0.130158 -0.368086 0.2516 -1.32306 -1.25357 0.656826 -0.471695 -1.76833 -2.44967 -1.36738 1.83465 1.63473 -0.405212 -0.405212 
-0.552511 -0.552511 0.699869 1.0808 0.581483 0.808706 1.14086 0.588033 0.686265 0.188099 -0.930357 0.396636 0.495634 -1.693 -0.399401 2.30493 1.19893 0.493345 -0.306996 -0.341524 1.35332 0.588622 -0.646395 -0.113153 -0.378863 -1.36902 -0.414098 -0.225048 0.971999 1.70778 -0.557708 -2.23073 -0.69299 0.147772 -1.46402 0.0694061 -1.12304 -1.65046 1.04637 0.876754 -0.891908 -0.891908 
-0.8746 -0.8746 -0.805392 0.0487624 0.606867 0.776352 1.0366 1.36031 1.90241 0.840066 0.475782 1.53753 -0.300153 -0.92503 -0.599245 0.55386 1.60663 0.618432 -0.868587 -0.89508 -0.670719 -0.377641 1.41178 1.0335 0.762245 0.394861 -0.22081 0.0706414 0.825533 1.2079 0.220267 -1.76241 -1.24945 -0.568178 -1.77496 -0.210148 0.086819 -1.41614 -0.210432 0.350157 -1.56187 -1.56187 
-1.0545 -1.0545 -1.05094 -0.229664 0.798254 2.0624 1.30113 -0.328454 -0.886048 -1.37119 0.153169 0.155749 -0.961305 0.308292 0.0328795 -0.492596 0.209236 1.20277 0.966604 0.181637 0.475334 0.373447 -0.574854 -0.495274 -0.155824 -0.0166427 -0.194119 -1.12287 -0.157675 0.930533 1.93675 0.160734 -1.35383 0.450468 1.14832 1.30547 -0.571958 -2.95504 -0.505066 1.76477 -0.192807 -0.192807 
-0.299678 -0.299678 0.249454 -0.4725 -0.194977 2.26889 1.76639 0.55945 0.785469 1.01552 1.11438 0.673345 -0.766497 -1.17742 -0.73269 0.338386 1.86406 1.41149 -0.270525 -1.21547 -0.830861 -0.781242 0.480508 0.315997 -0.401202 -0.144599 -0.964269 -1.5424 -0.510543 0.663432 -0.0803129 -0.76595 -0.506299 -1.20018 -0.838894 1.10043 0.185241 0.147634 1.67059 0.71526 -1.66487 -1.66487 
-1.59681 -1.59681 -2.37367 -1.55929 -2.13049 -0.577995 1.02885 -0.108669 -0.106176 1.20677 0.0941305 -0.0741439 0.273787 -0.491803 -0.338824 -0.479781 1.2181 1.96146 0.013713 -0.241104 0.879171 0.424894 0.879238 0.886162 0.563371 0.832217 -0.32159 -0.944241 0.997586 1.21119 -0.190904 -0.176611 0.392191 -1.25376 -1.51482 1.14178 0.136585 0.722662 0.710607 -0.588318 0.54568 0.54568 
-0.700574 -0.700574 -1.08376 -1.27951 -1.30193 -1.25532 0.0175229 0.016717 0.352438 1.88908 1.56076 0.883424 -0.333633 -1.5933 -0.89792 1.07332 1.62855 0.104594 -1.36602 -0.289764 0.815724 0.708271 0.411076 0.148058 0.629227 0.824399 0.108563 0.632942 0.929636 -0.73066 -1.98449 1.26154 1.4741 0.526634 1.62397 -0.800314 -0.881606 -0.191264 -0.157344 -0.543515 -0.764519 -0.764519 
0.574778 0.574778 -0.350019 -0.809536 0.355984 1.25473 0.53144 0.738639 0.687601 -1.06116 0.549806 2.93139 0.464065 -0.5735 -0.622432 -0.0691449 0.601057 0.0871481 0.5051 0.799321 -0.0775914 -0.124408 -0.410246 -1.90074 -0.198796 -0.333315 -2.1413 0.716228 1.14521 -0.848829 -1.66842 -0.697188 -0.370124 -2.31894 -0.515478 1.10531 0.604964 0.713069 0.798616 0.726146 -0.687104 -0.687104 
1.07945 1.07945 0.2343 -1.10385 0.27908 -0.364242 -1.45497 -0.248299 -0.105124 0.0159519 0.293646 0.243749 -0.104222 -0.373165 -0.138237 0.351012 0.503021 0.76534 0.86108 0.335299 0.683209 -0.280687 -1.2626 -0.0153653 0.939221 1.48814 0.093259 -1.26207 -2.20978 -1.32351 0.74437 -0.489989 -0.502987 2.04203 3.17431 0.288185 -1.03799 -0.568847 -0.0145247 -0.428906 -1.10237 -1.10237 
-0.367529 -0.367529 -0.52077 -0.502548 -0.773736 0.19647 0.904071 -0.534265 -1.04501 0.0481756 0.565056 0.830732 0.584383 -0.0418606 -0.224248 0.123204 0.547817 0.212755 -0.222846 -0.224996 -0.180729 -0.178013 -0.243233 0.0333214 0.57085 0.0513527 -0.64257 -0.893689 -0.565891 0.881838 1.05968 0.583787 1.97686 3.68374 0.875014 -2.80869 -1.71859 -1.05634 -1.01052 0.0635949 0.165445 0.165445 
-0.19064 -0.19064 -0.699828 0.122736 1.08949 -0.523029 -1.78898 -0.616085 1.1072 0.748081 -0.665998 0.116189 0.186014 -1.0617 0.0307556 1.10642 0.378247 0.264934 0.416016 -0.0734947 -0.392525 -0.968378 -0.304113 0.850238 -0.183182 -0.949797 0.659991 0.983416 -0.282701 0.363872 0.0145049 -1.08106 -1.68536 -2.84027 -1.57323 1.31503 2.48783 0.954626 0.295769 1.23908 0.670277 0.670277 
0.599103 0.599103 0.99101 0.807425 -0.48612 -1.73082 -0.0844271 1.82615 1.5581 0.223511 -1.33286 -0.928977 1.31591 0.617383 -1.78551 -1.35981 0.136989 1.09034 0.358883 -0.0989272 1.10878 0.0432869 -1.46271 -1.36031 -0.0833146 1.16225 0.985921 -0.331673 -1.50764 -0.349899 0.970634 0.499875 0.762025 0.251064 0.162235 1.44382 -0.693965 -1.20639 -0.727145 -1.33484 -0.324229 -0.324229 
0.214708 0.214708 0.240854 0.0272987 0.317295 0.280994 -0.222388 -0.819484 -2.28312 -1.52499 -0.267984 -0.804552 0.857442 2.74216 1.29346 -1.14155 -1.10271 1.04065 0.897074 -1.88357 -1.26238 0.524387 0.314554 0.0950149 -0.572418 -1.39359 -0.98611 1.07273 1.49362 0.136641 0.247903 -0.0634291 -0.988642 0.313428 0.817056 0.306709 1.19432 1.20331 0.373868 -0.277872 -0.312697 -0.312697 
0.394816 0.394816 0.214234 -0.703409 -0.845445 -0.19904 0.416905 0.831764 0.119348 -1.09546 -1.02283 0.47357 1.03677 -0.461206 0.0246481 1.10041 -0.530943 -1.01864 0.287453 0.176338 0.25696 1.36951 0.540533 -1.18874 -0.420321 1.32659 1.08142 -0.63643 -1.10736 0.143437 -0.54511 -0.897049 1.33222 0.565893 -1.48553 -1.19949 0.322232 2.80629 1.9861 -1.36701 -1.23912 -1.23912 
0.795582 0.795582 1.0322 -0.0558602 -0.151339 0.365125 -0.119395 -0.264692 -0.230742 -0.986481 0.147205 0.90342 -1.28029 -0.538271 2.50096 1.01047 -1.10758 -0.917721 -0.500899 1.04897 0.595429 -1.22444 -0.418229 0.18385 -0.762398 -0.00421238 0.728244 0.87864 1.21824 -0.932494 -2.42871 -0.0663554 1.49506 -0.461244 -0.0310025 0.229472 -1.05061 1.36519 1.58744 -1.18628 -1.08092 -1.08092 
0.110953 0.110953 0.760911 1.13293 0.61194 0.385288 0.502647 0.717121 -0.337583 -1.02729 0.589019 -0.532147 -1.81557 -0.169299 1.18363 1.73682 0.107426 -1.82519 -1.0934 0.208856 0.452029 1.64294 1.13208 -0.435968 -0.427677 -0.689752 -0.18842 0.854491 0.923672 -0.402279 -2.20193 -1.06007 0.967029 -0.341593 0.330729 1.47499 -0.859392 -0.167899 1.40233 -0.970067 -1.39664 -1.39664 
0.00543012 0.00543012 0.497865 1.11207 1.37762 0.304816 -1.43027 -1.30814 -0.621931 0.626407 0.918843 -0.664946 0.0947575 0.599406 -0.476921 0.109036 1.01983 0.45741 -0.608978 -0.291273 0.118302 -0.6264 -0.517593 0.254543 0.29028 -0.0196696 -0.660001 0.0251441 1.23451 1.25911 -0.458279 -1.96974 0.177017 1.50358 0.515954 -1.02818 -2.55131 0.0434006 2.83329 0.190523 -1.17047 -1.17047 
0.440696 0.440696 -0.0430273 -0.22501 1.90955 1.38692 -1.07259 -0.584471 0.378344 0.293141 -0.156498 -1.18745 -1.16728 0.0954189 1.08839 1.81264 0.791769 -1.35744 -1.68735 -0.302669 0.363709 0.951409 0.807938 -0.517995 -0.235841 -0.304499 -0.863785 0.376772 1.55072 0.361029 -0.884946 -0.212651 -0.218178 -0.150079 1.61422 0.758957 -0.565625 1.06798 0.453087 -2.16206 -1.52197 -1.52197 
-0.702162 -0.702162 -0.0577697 0.104964 0.689016 2.41244 0.283908 -0.985573 0.953411 0.0710405 -1.10101 0.0547003 -0.417939 -0.572199 -0.0779435 1.14449 1.84423 -1.04046 -1.83028 0.597356 0.439529 -0.0874032 0.277532 -0.337393 -0.130142 -0.787703 -1.49312 0.956371 1.61807 -1.02788 -1.18558 0.373931 -0.939779 -1.59643 1.80807 1.21926 -0.419091 0.366751 -1.1248 -0.217959 0.809845 0.809845 
-0.249942 -0.249942 -0.383706 -0.137174 0.0284383 0.913565 0.881166 0.240777 1.2914 0.837623 -0.675309 -1.28263 -1.68057 -0.373697 1.83416 1.73839 -0.650073 -2.03445 -0.257576 1.50282 0.693924 -0.264607 -0.370914 0.160986 0.474092 -0.343887 -0.118922 0.572996 -0.919913 -1.97947 1.37329 2.37536 -0.490289 0.114326 -0.894865 -1.70029 0.428108 0.506839 -0.228801 -0.403005 -0.139113 -0.139113 
-0.518441 -0.518441 -0.812905 0.526593 1.39699 0.186613 -0.256541 0.174248 -1.07915 -0.0141218 2.63265 0.0192345 -2.17179 -0.62206 0.397375 0.858204 0.174333 0.0126883 0.530546 -0.299216 -0.517757 -0.13899 -1.06411 0.209678 1.0786 -1.1706 0.746737 2.18021 -0.928727 -1.72883 0.171352 0.906141 -0.965059 -0.0189657 2.26847 0.79217 -0.177171 0.198273 0.0825588 -0.877887 -0.831447 -0.831447 
-0.466685 -0.466685 -1.35237 0.122337 0.582226 -1.05503 0.169438 0.98613 0.267599 0.356634 0.243471 -0.170641 -0.315622 0.0701843 0.572013 0.51713 0.366931 0.329688 -0.191936 -0.02503 -0.315008 -1.19518 0.268308 1.55003 1.08783 -0.467223 -1.7276 -1.43163 0.0520369 2.04798 0.644382 -0.732897 1.76858 2.52661 -1.06813 -2.69532 -0.474551 0.770107 0.185322 -0.627319 -0.35305 -0.35305 
