26
1.29805 1.57119 1.55989 1.53452 1.27647 1.21685 1.02944 0.759862 0.404977 0.00765619 -0.61395 -1.08869 -1.26522 -1.29964 -1.53741 -1.6249 -0.612874 -0.397796 -0.513661 -0.459996 -0.308159 -0.212123 -0.177106 -0.101774 -0.244557 -0.201045 
1.07256 0.689153 0.582736 0.702048 0.723439 0.728684 0.845049 0.802981 0.624797 0.450623 0.55734 0.829091 0.673239 0.703923 0.887158 0.777196 -0.116556 -0.358583 -1.01676 -1.2482 -1.70078 -1.76665 -1.43327 -1.42282 -1.40854 -1.17787 
-1.70569 -1.66586 -1.45756 -1.51047 -1.36737 -1.22332 -0.785137 -0.464545 0.14176 0.585425 0.031786 0.016829 0.0877817 -0.057844 -0.151598 -0.0402368 0.220243 0.613998 1.19439 1.19333 1.06893 1.35348 1.34229 0.995838 0.873798 0.709731 
0.254655 0.351192 0.700783 1.05435 1.43532 1.40798 1.33536 1.60522 1.41073 0.962504 0.681543 0.513217 -0.0767168 -0.75904 -0.698517 -0.731046 -0.395973 -0.711211 -0.999087 -1.15798 -1.00296 -0.689433 -0.983003 -1.13899 -1.23638 -1.13251 
1.0346 0.267968 0.747398 0.569046 0.612748 0.317307 0.130875 0.330018 0.842209 1.49547 1.37333 0.251446 0.320205 -0.267239 0.801557 1.07543 0.163942 -0.287685 -0.621185 -1.41332 -2.18576 -0.831666 -0.122398 -1.15497 -1.37457 -2.07475 
-1.75088 -1.84377 -1.92472 -1.45251 -1.03862 -1.0762 -0.802228 -0.132613 0.0335783 1.23005 0.91465 -0.184503 0.356295 0.708954 0.588135 0.776483 1.00146 -0.242663 1.38367 -0.00737906 0.995611 0.961488 0.857703 0.43356 0.208753 0.00568416 
-0.857328 -1.64134 -1.56345 -0.988215 -0.624179 -0.598335 -0.249831 0.177446 0.650937 0.131646 1.01321 1.51446 2.4503 0.684717 1.46214 1.23079 -0.376974 -0.701444 -0.217256 0.152137 0.415419 -0.111812 0.419416 -0.591901 -0.431568 -1.34898 
0.358809 -0.0886953 -0.469666 -0.496246 -0.301205 -0.399301 0.127028 -1.07531 -1.48643 -1.86729 -0.703313 -0.640008 0.619924 -1.23249 -1.15387 -1.2591 1.27556 0.980151 0.758187 1.26144 1.11811 1.65178 1.22301 0.812047 0.79246 0.194425 
0.484015 0.24646 0.079348 -0.677905 -0.42436 0.0821787 0.729798 0.973617 0.941109 -0.350021 -0.501091 -0.689905 -1.51128 -2.76136 -0.946188 -1.39032 -0.878152 0.332822 0.84977 1.08828 0.124594 0.386127 0.197153 1.0896 1.8672 0.658509 
-1.66745 -2.11086 -1.65006 -1.21241 -1.39113 -0.381637 0.421922 0.33451 0.959021 0.842257 0.736888 1.50562 0.49932 1.15142 1.0451 1.19284 -1.21739 -0.0737499 0.459764 0.598823 -0.290894 0.137675 -0.0773143 0.0874093 0.545922 -0.445599 
1.33055 1.29841 0.586602 -0.181155 -1.14645 -1.38851 -1.38395 -0.776269 -1.22014 -1.26703 -1.26333 -0.608056 -0.463967 0.131698 -0.514524 0.0915204 -0.157424 -0.227951 -0.115179 0.442485 1.00923 0.325462 0.761137 1.40507 1.2616 2.07017 
0.18811 -0.394503 -0.532056 -0.990401 -1.23893 -1.10531 -0.536282 1.2043 0.705052 1.64374 0.268084 0.473629 0.381664 -0.58593 -0.29207 -0.493055 -0.175066 -0.324309 -1.02292 -1.91188 -0.540442 -0.434372 2.30811 0.983803 0.899348 1.52168 
-1.01504 -0.107164 0.668426 1.04455 1.43189 1.61891 1.49646 1.11978 1.08384 0.205497 0.796779 1.02294 0.56902 -0.776319 -0.148604 0.120944 -0.589238 -0.898514 -0.602431 -1.56625 -0.685323 -0.881156 -1.06964 0.000620585 -1.39798 -1.44199 
0.746513 0.746513 0.164802 -0.316038 -0.382787 -0.245127 -0.654265 -0.980622 -1.22956 -1.74932 -1.90019 -1.03286 -0.174805 -0.294156 -0.397568 2.0379 2.62751 0.429599 0.115053 0.636724 0.719292 0.491646 0.451301 0.104821 0.0428132 0.0428132 
-0.696361 -0.696361 0.421472 0.705662 0.452026 0.663205 0.558005 -0.0969423 -0.390687 0.242806 1.23434 0.650508 0.114481 0.868459 0.555728 -1.83901 -2.13266 -1.60885 -1.5853 -1.12814 -0.760018 0.987625 1.15734 0.44778 0.937448 0.937448 
0.131112 0.131112 -0.0749459 -0.219818 0.217817 0.873455 1.2657 1.63925 1.9127 -0.664548 -1.68355 -0.295784 -0.586113 -0.952071 -0.381078 0.405985 1.03343 1.74423 0.867012 -0.698943 -0.0643636 0.187166 -1.21484 -1.46113 -1.05589 -1.05589 
1.08746 1.08746 1.60208 1.66491 0.902273 -0.00592747 0.589125 0.345138 -1.09262 -1.26575 -0.705337 -1.32396 -2.35309 -1.05074 0.250273 0.799975 0.233937 -1.01333 -0.700294 0.186467 1.13234 0.234181 -0.705888 -0.313081 0.207202 0.207202 
-0.0635036 -0.0635036 0.580414 0.103478 -0.0246836 -0.276582 0.264776 1.02947 1.52653 0.832208 -1.11081 -0.901854 -0.316876 0.777738 1.72052 -0.447053 -1.24117 -0.608515 -0.981225 -1.46168 0.887524 2.50936 -0.103018 -1.11974 -0.755905 -0.755905 
-0.433019 -0.433019 0.390319 1.11129 0.368549 0.164683 1.19504 1.03801 1.80562 1.10396 -2.24069 -0.993237 1.12201 0.158052 -0.0813435 0.422474 -1.6646 0.377131 0.16307 -0.745122 1.23188 -0.380658 -0.948905 -1.12523 -0.803133 -0.803133 
-0.748044 -0.748044 0.752818 1.06877 0.462142 0.444991 0.888248 1.02626 -0.0189295 0.431654 1.55852 1.61847 -0.884543 -1.05948 0.634607 -1.99908 -2.1019 0.208001 0.974153 0.730233 -0.259806 0.0360547 -0.498465 -0.908002 -0.80431 -0.80431 
-0.784803 -0.784803 -0.372094 0.192677 0.122557 0.447379 -0.635318 -1.55447 -0.749019 0.795343 1.23084 1.32492 -0.553412 -1.71167 0.00140785 2.40952 2.22306 -0.479773 0.303302 0.380403 0.410229 0.130355 -0.795843 -0.394644 -0.578066 -0.578066 
-0.426346 -0.426346 -0.928124 -0.521972 0.698246 1.07873 0.825072 0.168394 -1.31363 -1.42811 -0.363797 -1.01099 -2.03566 0.509978 1.28813 0.0300599 1.6281 1.63271 0.69378 -0.735804 -0.713575 0.0344269 0.643584 1.57684 -0.451855 -0.451855 
-0.13116 -0.13116 0.900992 0.1518 0.821716 1.97244 0.68743 0.477677 0.443291 -0.411754 0.625594 -0.429835 -0.566472 0.487848 -0.102996 -2.80201 -1.63533 1.81324 0.636383 -1.03091 -0.691757 0.0986784 -0.210413 0.578586 -0.77594 -0.77594 
-1.01226 -1.01226 -1.98189 -2.31602 -1.62309 -0.344686 0.775383 0.184279 -0.67852 -0.0885594 0.83698 1.02203 0.943459 -0.0982736 -0.0845926 0.43907 -0.452737 0.0240524 0.852087 1.45048 -0.185884 -0.35865 1.39142 0.628044 0.845059 0.845059 
-0.733772 -0.733772 -0.621781 -0.721797 -0.18831 0.548482 1.99669 1.03395 0.311271 -0.478552 -1.13927 0.0176065 -1.03964 -0.691927 -0.00105311 0.0206914 0.0673217 -0.848841 -1.51549 0.350056 1.24679 2.48239 1.19332 -1.35434 0.399988 0.399988 
1.86389 1.86389 1.29436 0.878539 0.675999 0.129989 -0.473747 -0.381089 -0.918385 -0.246614 0.936352 -0.183099 -1.86623 -0.70776 1.02184 -0.411096 -1.03104 0.0467084 -0.654327 -0.027941 0.794596 -0.350773 1.00525 -0.290834 -1.48424 -1.48424 
-0.442132 -0.442132 -0.864935 -0.412128 0.131719 -0.169343 -0.577354 -0.43649 -0.606547 -0.520322 0.699349 1.5865 0.71891 -0.126508 2.11994 2.72932 -1.34481 -2.13984 0.251492 0.600674 -0.0581999 -0.166277 -0.270768 -0.289816 0.0148442 0.0148442 
0.794766 0.794766 1.03754 -0.13408 -0.196453 -0.0696465 -0.809565 -0.970635 0.130059 1.22806 0.188112 -1.11686 0.0260099 0.216768 -2.47313 -2.45684 0.0364359 0.307422 0.250481 0.544845 1.64729 1.47779 -0.621364 -0.348036 0.258134 0.258134 
-0.09542 -0.09542 -0.208349 0.293414 0.917416 0.882031 0.662145 0.569548 -1.73062 -2.73809 0.352657 0.920661 -0.446376 0.225029 1.12382 1.16782 1.10837 -0.0645181 -1.83927 -0.660809 0.755931 -0.831602 -1.21965 0.189107 0.38109 0.38109 
0.446378 0.446378 0.498076 -0.552821 -1.35176 -0.234688 0.311811 -1.36074 -1.30244 0.341607 -0.0249309 -1.33277 0.24776 2.16495 1.54569 0.00952145 -1.46898 -0.745701 1.01013 1.53081 0.0622197 -1.48949 -0.427312 0.77423 0.451039 0.451039 
0.400568 0.400568 0.110411 -0.359306 -0.222398 0.184924 0.803397 0.77645 -0.111186 -1.59568 -1.04614 0.491836 1.03065 1.24833 -0.736314 -1.79301 -0.0894074 0.166968 -0.510222 1.14573 2.42472 -0.593802 -2.19904 -0.38838 0.230169 0.230169 
0.543114 0.543114 1.02788 -0.0251162 -0.646956 0.545233 0.576727 0.400065 0.0338646 -2.73113 -1.42059 2.25052 0.763621 -0.819584 0.167313 -1.07502 -0.0409664 1.2184 -0.765057 0.708162 0.234579 -1.47679 -0.511113 0.0875349 0.206092 0.206092 
0.970727 0.970727 1.1832 -0.234068 -0.458076 0.247962 0.352305 -0.648661 -0.438458 1.02223 0.75953 -1.68153 -1.83949 0.983025 -0.670468 -1.87887 1.44565 2.03003 0.312606 -0.868419 -0.505421 -0.199087 -0.673462 -0.24427 0.0311408 0.0311408 
0.240194 0.240194 0.589829 0.290921 0.142376 -0.484486 -1.2546 -0.0856941 1.43941 1.21038 0.312542 -1.11989 -1.89518 0.32817 2.53602 1.36006 -1.80399 -1.20378 0.517209 0.0508916 -0.170103 -0.761954 -0.340319 0.119516 -0.128857 -0.128857 
-0.268239 -0.268239 0.00244027 1.15006 1.13296 0.150693 -0.540524 -1.35916 -0.997814 0.699186 0.344156 -1.04804 1.07982 2.2813 -0.25367 0.292746 1.13426 -0.556508 -1.51233 -0.871759 0.57949 0.970647 1.09411 -0.663883 -1.28585 -1.28585 
0.672084 0.672084 0.211891 -0.0106132 1.15642 -0.0444032 -0.880082 -0.111881 -0.508254 0.150062 0.0269762 -0.694147 0.601771 0.322774 -1.98272 -0.903157 2.87301 1.43349 -1.70894 -0.777731 0.731937 0.333749 0.332867 -0.309294 -0.793939 -0.793939 
-0.930926 -0.930926 -1.21798 0.210388 1.59576 1.96274 0.356577 -1.34698 -0.332281 1.20414 0.856272 -0.00639642 -1.06037 -0.981111 0.363776 -0.414162 -0.454432 1.02315 1.12762 -0.989633 -1.65216 1.25725 0.749828 -0.567277 0.0885701 0.0885701 
-0.0319379 -0.0319379 -0.0998986 0.186506 0.755112 1.37666 0.221835 -1.25327 -1.13577 -1.09367 0.229102 -0.040336 -0.590159 0.597675 0.376185 -0.0615751 -0.698878 -1.18354 0.706609 1.76892 1.34087 -0.14437 -2.71507 -0.647099 1.08402 1.08402 
-0.199423 -0.199423 -0.539026 -0.2393 -0.345626 -0.673286 -0.151681 -0.0974192 0.375545 1.78049 0.317592 -2.02317 -0.162775 2.62442 0.508007 -1.41088 0.63961 0.573379 0.204752 1.44906 0.00206033 0.437763 0.314672 -1.76747 -0.708946 -0.708946 
