71
1.25559 1.29668 1.49833 1.39118 1.32262 1.37333 1.33079 1.17931 0.978067 1.09996 1.0265 0.966653 1.01654 0.965827 0.941943 0.865194 0.873059 0.820757 0.771731 0.734541 0.749161 0.669592 0.647175 0.55019 0.498384 0.371688 0.287943 0.326608 0.330492 0.339714 0.400076 0.438424 0.378796 0.360856 0.381879 0.292557 0.05111 -0.0197922 -0.0097195 -0.011781 -0.015005 -0.0531071 -0.171181 -0.189057 -0.209426 -0.225437 -0.212047 -0.286465 -0.414334 -0.425446 -0.496635 -0.582573 -0.600845 -0.636901 -0.716848 -0.733047 -0.845229 -0.901603 -1.03514 -1.09774 -1.17784 -1.30094 -1.37235 -1.41438 -1.60263 -1.6843 -1.53376 -1.5219 -1.92362 -2.48106 -2.88111 
-0.183657 -0.0990067 -0.045484 1.14577 1.58247 1.68502 1.83397 1.7979 1.77032 1.72911 2.16002 1.91595 1.74555 2.16455 1.67307 1.40395 0.843271 0.658698 0.382339 0.350819 0.0649969 0.0651651 -0.275441 -0.179703 -0.270722 0.223261 0.615977 0.638807 0.462756 0.323049 0.109111 -0.0358438 0.197355 0.34846 0.0117205 -0.646121 -0.306474 0.0574116 -0.221724 -0.514627 -0.719995 -0.485421 -0.79036 -1.12807 -1.33945 -1.4833 -1.69265 -1.36044 -0.975783 -1.15593 -1.2912 -1.15718 -1.12241 -1.02077 -1.11207 -0.613296 -0.489589 -0.773853 -0.465165 -0.675721 -0.785446 -0.810613 -0.921498 -0.745832 -0.437667 -0.28667 -0.522193 -0.476139 0.115286 0.173112 -0.631714 
-2.0642 -1.65259 -1.757 -1.85314 -1.76856 -1.54767 -1.26688 -0.931032 -0.60135 -1.07074 -1.20911 -1.25285 -1.2779 -1.54318 -1.23231 -1.03603 -1.07188 -0.990881 -0.692621 -0.660949 -0.532776 -0.479578 -0.303668 -0.283899 0.00835879 0.178077 0.117998 0.0499556 0.0883413 0.14506 -0.0698244 -0.104713 -0.361825 -0.653665 -0.636742 -0.268571 -0.0509341 0.101533 0.338661 0.303425 0.0168817 -0.0975108 0.0167725 0.0616485 0.309684 0.522716 0.427627 0.507317 0.671596 0.839296 0.943294 0.941624 1.02589 0.980478 0.998431 0.803715 0.840615 1.20918 1.18812 1.45424 1.59701 1.52617 1.3726 1.31498 1.34061 1.17852 0.922437 0.769089 1.27216 1.68656 1.25392 
-2.05431 -1.79948 -1.67757 -1.70138 -1.8807 -2.20159 -2.35831 -2.03581 -1.86329 -1.51567 -1.51751 -1.20453 -1.08297 -0.904145 -0.7863 -0.43645 -0.231042 -0.0493896 0.000440967 0.154648 0.126274 0.303303 0.455318 0.515389 0.351856 0.449693 0.533213 0.410757 0.504874 0.370489 0.273012 0.33137 0.363039 0.416048 0.367185 0.335358 0.595776 0.581421 0.631295 0.628383 0.735695 0.725178 0.749085 0.390805 0.378933 0.765112 0.821681 0.743029 0.859181 0.682668 0.776664 1.10819 1.16956 0.941936 1.07594 0.881448 0.923497 0.885347 0.997808 0.932203 0.883516 0.832723 0.714263 0.343994 0.189993 0.110793 0.0681659 0.321791 -0.12004 -1.30958 -1.97831 
-2.13206 -2.64996 -1.79535 -2.27701 -2.15663 -1.71935 -0.218964 0.196326 -0.149249 -0.346301 0.0458363 0.744202 1.29917 0.532162 0.008301 -0.1989 -0.17324 -0.363014 -0.173375 -0.321958 0.0376714 0.0706227 0.255077 -0.143367 0.485857 -0.647894 -0.741192 -0.753526 -1.06244 -1.14602 -0.849778 -0.279161 0.0314505 0.476596 0.701069 0.186731 -0.0967959 -0.433209 -1.02306 -0.237602 0.253483 0.0773673 -0.931087 -0.424126 -0.473354 -0.632746 0.433196 0.811914 -0.618739 -0.0184341 0.547373 0.651888 1.23854 1.40868 0.974729 0.753764 0.856771 0.951459 0.109494 0.111579 -0.527475 1.03115 1.1854 1.25684 0.11328 -0.078135 0.372967 1.06822 1.0653 2.44038 3.00864 
-0.709007 -1.12461 -0.971961 -1.19463 -1.27205 -1.35114 -1.67271 -1.2981 -0.898998 -0.971548 -0.694324 -1.01608 -0.978041 -0.889966 -1.23993 -1.54672 -1.10777 -0.979747 -0.932423 -0.626014 -0.641471 -1.0072 -1.36531 -0.906102 -0.706126 -0.534179 -0.654256 -0.206007 -0.0592447 -0.105104 -0.0796213 0.0776358 -0.267647 -0.56892 -0.54123 -0.366156 -0.365901 -0.477974 -0.287804 -0.320745 -0.168173 -0.0470773 -0.0596867 0.391969 0.693493 0.581522 0.617063 0.61444 1.2554 1.10998 1.05748 0.92737 0.997164 1.1954 1.04398 1.24656 1.02192 0.960767 1.24282 1.27988 1.10155 1.28756 1.26508 1.15315 1.15025 1.42602 1.55119 1.11504 0.794435 1.6027 2.44988 
0.637099 0.527706 -0.39097 -0.0137652 -0.472032 -0.267153 -0.26055 -1.04083 -1.33667 -0.614748 -1.30668 -1.24899 -1.13342 -1.13149 -1.2841 -1.45116 -1.97697 -1.57501 -1.63282 -1.98338 -1.95702 -1.95343 -1.20023 -1.0058 -0.817721 -0.495028 -0.135008 0.0458286 0.145427 0.385054 -0.008406 -0.250731 -0.41213 -0.170986 0.0187067 -0.0758744 0.444201 0.505305 0.636785 0.45241 -0.0686933 -0.289447 0.327754 0.94358 1.45739 1.25607 0.652181 0.527581 0.938865 1.15888 1.13477 0.492668 0.536855 0.4311 0.350668 0.534566 0.536577 0.39658 -0.108735 0.239383 0.408129 0.148278 -0.024139 0.397745 1.55389 1.78581 1.76617 1.23149 1.35239 2.31807 1.41815 
-0.24465 -0.346723 -0.317995 -1.16328 -0.585173 -0.514357 -0.646978 -0.120116 0.872157 -0.102406 -0.564245 -1.49365 -1.50847 -1.38447 -1.04938 -1.26326 -1.74647 -2.50063 -1.65646 -1.28458 -0.940492 -0.172475 -0.0779938 -0.385523 -0.298661 0.52825 1.15074 -0.247063 -0.48032 -1.17102 -1.25167 -0.6861 0.580332 0.0657046 -0.10843 -0.624764 -1.1729 -0.35776 -0.541645 0.023157 0.242854 0.695372 0.159212 0.223671 0.351472 1.17863 0.885917 0.931369 0.514481 0.115655 0.320937 -0.00126503 0.247991 0.365241 0.463446 0.436804 0.567466 1.45492 0.634201 0.056023 1.95842 0.541589 2.17773 1.89649 2.12732 1.42792 0.906928 1.4688 1.49808 1.1 -1.15789 
0.654048 0.757907 1.50406 1.82724 1.88784 1.29078 1.05709 0.749052 0.450969 0.156531 -0.12731 -0.144278 -0.248508 -0.731455 -0.705131 -0.0105362 -0.0170968 0.148329 -0.106651 -0.296952 -0.28562 -0.465085 -0.751194 -1.39136 -1.56102 -1.8347 -1.78705 -1.17883 -1.09299 -1.07588 -1.19628 -1.10672 -1.5166 -0.96277 -0.985889 -1.09651 -1.04056 -1.3064 -0.893154 -0.172939 0.219095 0.0207875 0.422957 0.199696 -0.0597727 0.274084 0.300947 -0.188286 -0.555545 -0.900196 -0.774658 -0.252958 -0.08815 -0.011899 -0.0192474 -0.15552 -0.314769 -0.648586 -0.0166445 0.503296 0.402896 0.873023 1.67639 1.74227 1.6562 1.83558 1.96827 1.58847 1.53244 0.809433 1.56602 
1.02969 1.41691 1.93884 1.86155 2.08983 2.5398 2.56307 2.10013 0.996985 1.17893 1.69659 1.51483 0.844691 0.43156 -0.170709 -0.786352 -0.945668 -1.5179 -1.32344 -1.02955 -1.08623 -1.0477 -1.14209 -1.28995 -1.04167 -1.14975 -1.34204 -1.58879 -1.25366 -1.1991 -0.750099 -0.338447 -0.164033 -0.321687 -0.436846 -0.813723 -0.713668 -0.347064 -0.418684 -0.165247 0.508723 0.973994 0.614277 0.281587 0.15411 -0.234051 -0.245121 -0.0822809 0.0753517 -0.0345189 -0.0775795 0.0335681 -0.419314 -0.385837 -0.424755 -0.390483 -0.502688 0.0857568 0.433899 0.325462 0.210788 0.427034 0.416308 0.316074 -0.440964 -1.17235 -0.221031 0.248622 -0.292433 0.0852023 -0.0866381 
2.09307 1.96714 2.33851 2.43313 1.91505 1.89318 1.8081 1.99455 2.53761 1.61321 1.38267 0.659304 0.0310719 -0.260585 -0.164584 -0.399278 -0.0732893 -0.163554 -0.651539 -0.997784 -0.765097 -0.811464 -0.570278 0.0610714 -0.152363 -0.261118 -0.249132 0.0614943 -0.0442079 -0.12858 -0.96653 -0.910754 -0.921875 -0.91827 -0.732955 -0.407892 -0.109198 -0.488571 -0.542772 -0.779322 -0.412382 -0.445726 -0.610475 -0.381342 -0.0669872 -1.45985 -1.47485 -1.60718 -1.17602 -0.976743 -1.06391 -0.679099 -0.845328 -0.873958 -0.344638 -0.234675 -0.223468 -0.55974 -0.452889 0.0386819 -0.120785 0.71638 0.394468 0.533324 0.474673 0.0967488 0.152071 0.270947 0.139471 0.624606 0.250499 
-0.60077 0.109974 -1.88128 -1.48853 -1.91983 -1.07679 0.491292 1.12228 1.00499 1.19313 -0.322254 -0.884054 -0.518247 -0.0801477 -0.343104 -0.286405 -1.42248 -1.44283 -1.09008 -1.14655 -1.39832 -1.40228 -0.551443 0.0972755 0.439144 0.297489 0.130964 -0.358927 -0.560161 -0.986518 -0.993155 -1.22525 -1.41455 -0.702415 -0.0572866 0.155679 0.203172 0.0763954 -0.10564 -0.0101066 0.400461 -0.116378 -0.618887 -0.407606 0.0781804 0.417065 0.0882912 0.445387 -0.55638 0.21551 0.296702 0.1036 1.74567 1.61744 1.58449 1.18788 1.17387 1.44225 1.43221 0.256635 0.638349 1.29318 0.26747 0.367733 2.22389 2.23907 0.999579 1.61034 0.862655 -0.997189 -1.34383 
-1.21027 -0.946865 -2.03905 -1.64627 -0.0298184 -0.0393769 -0.775571 -0.927072 -0.484423 -0.311215 0.344403 0.685474 1.10206 0.602458 0.699339 0.541518 0.31048 0.36142 0.645284 1.04433 1.5674 1.48951 0.784355 0.00876946 0.217284 0.568755 1.78942 1.44817 1.10451 1.31868 1.40639 1.60355 1.64886 0.624419 0.504123 0.181204 0.216325 1.23276 0.86913 0.213104 0.114362 0.473342 -0.249431 -1.25551 -0.531568 0.0322851 0.473159 0.537158 -0.250073 0.0429411 -0.289671 -1.107 -1.48211 -0.694875 -1.0773 0.331496 -0.353722 -0.487203 -1.0719 -0.650582 -1.86544 -2.09896 -0.740805 -0.480478 -0.271793 1.63958 -0.509581 -0.772457 -0.822639 -2.57721 -0.727564 
1.70918 1.70918 1.01365 -0.25419 0.486508 0.608583 -0.340075 -1.08469 0.197944 0.797471 -0.0552407 0.523542 0.566369 0.220231 0.0980812 0.247044 0.36175 0.0948255 0.165728 0.464349 0.26551 0.0917349 0.0100198 -0.127873 -0.267274 -0.417123 0.358738 0.769878 0.631736 0.896727 1.03338 0.4704 0.206305 0.58471 0.249792 -0.981693 -0.895273 0.284838 0.607833 0.545446 0.376346 -0.162519 -0.0676226 0.390802 0.399556 0.557947 0.283905 -0.378869 -0.0818428 0.184094 -0.16698 0.0813042 0.315343 0.025966 0.119132 -0.0321059 -0.220603 -0.32078 -0.35002 -0.0993167 -0.383132 -0.342366 0.0379885 -0.510241 -0.696209 0.893409 1.33221 -1.25896 -3.93003 -3.92223 -3.92223 
0.309926 0.309926 2.60821 3.40403 1.14292 0.5453 0.257385 -0.109233 -0.119904 0.832306 0.410993 -0.837855 0.539269 -0.127574 -1.55671 -1.70044 -1.52486 -0.934347 -0.616474 -0.636128 -0.570314 -0.684096 -0.485607 0.0327566 0.859866 1.86453 0.885997 -0.295267 -0.632837 -0.711524 -0.722424 0.206229 0.821112 -0.362587 -2.04268 -0.637899 1.48411 0.198972 -1.1651 -1.0119 0.0836127 -0.123186 -1.31175 -1.11745 -0.714813 -0.710585 0.278113 1.5118 0.447708 -0.632125 0.0203478 0.373512 0.306274 0.044436 0.869233 1.31577 -0.310503 0.0736816 0.226765 -0.642231 -0.2572 -0.259609 0.157498 1.02782 0.976584 -0.152596 -0.370549 1.34693 1.37138 -1.52848 -1.52848 
0.687177 0.687177 -0.979323 -0.359051 0.681492 1.32545 1.70275 1.86323 -0.779636 -2.31582 -0.918789 -0.54687 -1.27399 -0.171472 1.34339 0.205427 -0.172901 0.923667 0.761761 0.203525 0.274174 0.430852 0.321132 0.702995 1.19514 0.0387458 -0.741607 -0.418438 -0.00895868 -0.840213 -1.14088 -1.27947 -2.12281 -1.2234 0.942811 1.60157 0.89361 0.95758 0.341527 -1.3772 -1.63701 -0.321459 0.201273 0.640259 1.19216 0.065997 -0.371641 0.479626 0.76848 0.570636 0.0147485 -0.0500022 -0.193579 -0.411238 -0.901251 -0.839064 1.00966 0.819451 0.483215 1.02089 -0.0850101 -1.05764 -1.01424 -0.42609 -0.768982 -1.69357 -1.66488 0.826727 2.69012 -0.380972 -0.380972 
0.857788 0.857788 0.244361 -0.418802 -1.07284 -1.02309 0.393357 1.11821 1.1735 0.789643 0.713375 0.985042 0.689696 0.681519 1.05804 1.25081 0.880519 0.538009 0.477588 0.305418 0.35566 0.752792 0.495307 -0.199384 -0.116241 0.427657 -0.057327 -0.0339989 -0.0602606 -0.482061 -0.0577305 0.22659 0.214813 0.0375187 -0.14925 0.531643 0.570108 0.106588 0.131779 0.258231 0.24149 0.0578713 -0.707742 -0.786511 0.852442 1.00312 -0.0202255 0.11095 -0.104496 -0.153272 0.965202 0.893371 -0.33763 -0.177713 -0.104775 -0.307225 0.0369744 0.19199 0.131546 -0.223227 -0.190617 -0.344225 -1.04756 -1.12581 -0.48501 -0.239815 0.492911 -0.385951 -3.56313 -4.06265 -4.06265 
0.190136 0.190136 0.23306 -0.636733 0.45188 2.08667 2.06062 -0.126161 -0.851562 0.0223574 1.0831 1.276 -0.459938 -1.73796 -1.07479 -0.423806 -0.403163 -0.208908 -0.160111 0.0412658 0.256317 0.0487991 -0.462246 0.0646422 -0.806428 -1.66235 -0.333882 -0.589304 -0.673711 0.0431753 0.818166 0.835185 0.686547 0.584505 -0.552131 -1.15392 -0.943149 -1.30603 0.022975 1.30348 0.164376 -1.61203 -0.802833 0.333498 -0.455885 0.865182 1.50264 -1.4549 -1.19241 1.17267 0.585339 0.610038 0.687776 -0.521272 -0.984584 -0.348485 0.0254484 -1.094 -1.2037 -0.963323 0.880602 1.82038 0.0586229 -1.47882 -1.79021 0.0988862 1.14926 0.611411 1.41676 2.0934 2.0934 
-0.859792 -0.859792 -0.40592 -0.947152 -0.609371 -1.18375 -0.116384 1.57902 0.527046 0.240331 -0.345936 -0.908638 0.0555072 -0.85729 -1.78623 0.0697374 1.09266 0.171343 0.591 0.443303 -1.13793 -1.94405 -0.00334574 1.30959 0.633792 -0.119151 0.530867 1.15862 -0.00379759 -0.289114 0.18873 -0.683517 -1.76224 -0.884796 0.235839 0.171296 -0.504236 -0.057449 0.128714 0.0402619 0.402642 0.0140426 0.791703 1.53072 0.204758 -0.420982 -0.163735 1.26054 0.924601 -0.706782 -0.67077 -0.383079 0.389377 -0.131029 -0.120813 -0.293088 -0.913526 0.278497 0.509566 -0.573507 -0.223122 0.143538 -0.55738 -0.511337 0.400757 0.70207 -0.972775 -2.02149 0.906088 3.65336 3.65336 
-1.7997 -1.7997 -0.966253 -0.177662 -0.472822 0.32341 -1.36398 -1.882 0.690978 0.0125452 -1.12515 0.257947 0.162444 -0.296904 -0.58635 -1.22557 -0.250947 0.55065 -0.738287 -0.594112 0.0124838 1.25742 1.58429 0.616336 0.836028 1.13054 0.887564 0.441512 0.542209 -0.302304 -1.12779 -0.730318 0.0977685 0.699121 0.12409 0.689971 0.956628 0.29104 -0.129416 -1.24716 -1.30948 0.640219 2.07312 1.89603 0.496419 -1.41799 -1.28658 0.452216 1.04247 0.296737 -1.1799 -1.06294 -0.144272 -0.35772 0.138399 0.279608 -0.27516 -1.14411 -0.308067 0.846471 -0.194862 -0.779209 0.388469 2.66403 2.33866 0.32478 -0.988253 -0.74755 1.82229 0.0738143 0.0738143 
-0.0473747 -0.0473747 -0.877449 -0.263861 0.759308 -0.0344868 0.474857 1.73121 0.0543207 -1.56973 -1.5193 -1.02003 0.15649 0.54728 0.16991 -0.744009 -1.34743 0.135071 1.39271 0.834181 1.27661 0.997837 -0.203405 -0.211915 1.05511 1.65333 -0.83138 -1.78713 -0.997394 -0.826953 0.576131 2.08064 0.874208 -0.734714 -0.73662 -1.15433 0.33275 0.739566 0.459975 0.910723 0.785316 -0.0588753 -0.492285 0.249271 1.1011 0.631446 -0.241612 -0.380303 -0.876502 -0.181621 -0.0960422 -0.0469297 0.443881 0.275176 0.114468 0.150718 1.17165 0.109075 -1.52785 1.51352 0.576854 0.279484 1.54779 -0.0217673 -0.488791 -1.32847 0.0801951 0.694776 -0.377355 -2.93182 -2.93182 
1.49588 1.49588 1.89405 0.649496 -1.02113 -1.55537 -1.03068 -1.14759 -1.12289 -1.09704 -0.593318 -0.267251 -1.11319 -0.876184 1.26153 1.20183 0.241177 -0.209804 -0.855594 -0.37213 -0.352458 -0.892435 -1.7288 -1.5174 -0.852063 -0.457547 1.14344 1.21276 0.13967 -0.234736 -0.10321 -0.628748 0.214094 0.916233 -0.290014 -0.14647 -0.428279 0.220365 2.01047 1.97196 0.304464 0.322865 0.277563 -0.923579 0.0878164 0.607625 -0.886617 -1.60211 -1.33963 -0.445007 1.12777 1.19906 0.390393 0.0778581 -0.307959 -0.583721 -0.942343 0.49399 2.04391 0.714407 0.623975 2.26468 1.53082 -0.0838907 0.122167 0.519319 -0.495836 -0.838437 -1.4615 0.0137225 0.0137225 
1.54133 1.54133 0.76976 0.281986 1.1578 0.817271 -0.699119 -2.57016 -1.49899 1.19326 0.589142 -1.38386 -1.76818 -1.65545 -1.99183 -1.25606 -1.18396 -0.596304 0.842366 0.425198 0.0010433 -0.0615893 -0.371206 0.197983 0.264065 -0.467735 -0.698083 0.177988 0.678484 0.867626 1.46079 1.00468 0.0590257 -0.42197 -0.78611 -0.428628 0.806334 0.521173 0.333196 1.57166 1.92353 0.206518 -1.11894 -0.733175 -0.825316 -0.631955 0.283287 0.56351 0.110523 -0.222839 0.144284 -0.536452 -0.665466 0.02215 0.0234701 -0.0982623 0.822248 1.58691 0.429351 -0.339411 0.199905 0.372567 -0.153123 -1.39279 -2.44117 0.396508 2.3915 -0.0874145 -0.24026 0.373024 0.373024 
0.561678 0.561678 0.995926 -0.755299 -0.984657 -0.13214 0.278035 1.51476 -0.672377 -2.1955 -1.7997 -2.5827 -1.73272 -0.306784 -0.19463 0.258189 0.542555 -1.06007 -1.56406 -0.145142 0.445284 0.462017 1.79636 0.901269 -0.555915 -0.112088 0.713628 0.481914 -0.295794 -1.73751 -1.46157 0.166361 0.0636422 0.450402 1.08332 1.30655 -0.0804062 -0.775218 -0.494015 0.335165 0.735253 -0.311583 0.205206 1.14851 -2.04503 -2.69348 -0.211629 0.666808 1.3197 0.299166 0.664467 0.508802 -0.305214 1.06424 1.33712 0.31701 -0.561574 -0.373265 1.25666 0.732317 1.41275 1.09291 -0.281978 0.236356 -0.781127 -0.556726 0.421417 0.0536319 0.774756 0.297042 0.297042 
-1.17545 -1.17545 -1.48556 0.0357094 0.47484 2.42464 2.21784 0.574266 0.1424 -1.22102 -1.95236 -0.117825 0.85728 0.244107 -0.127834 -0.9793 -1.05444 0.397462 0.362247 -0.22729 -0.17609 0.899187 1.53568 1.03933 0.268556 -0.22723 -0.56683 -0.600678 -0.538721 -0.348949 -0.159502 -0.337634 0.583176 1.39691 0.910123 0.327308 -0.00400957 -0.227847 -0.0110491 0.566859 -0.0303278 -0.920762 -0.210698 0.753089 0.877529 0.0831678 0.100927 -0.555377 -0.150868 0.905235 -0.0358274 1.48634 1.54961 -0.0838753 -0.345606 -0.32713 0.32137 0.325246 -1.0829 -0.700869 1.08414 -0.288374 -0.829185 1.98121 1.89824 -1.12064 -0.53983 -0.0602211 -2.46956 -2.07846 -2.07846 
-0.859622 -0.859622 -0.721007 2.18123 1.75014 -0.770661 -0.92275 0.340348 0.688266 0.916455 1.09632 0.840201 -0.0605586 -0.403113 -0.036904 -0.388261 -0.164578 0.387125 0.760108 1.01642 0.505388 -0.810623 -1.55818 -0.579209 0.6284 1.71289 0.970659 -0.705466 -0.110352 0.351845 0.333625 0.288195 -1.02072 -1.19817 -0.446501 -0.279976 1.15511 0.727854 -1.06414 -0.780321 0.307229 -0.361403 -1.82402 -0.27391 1.40823 1.10493 0.569349 -0.746531 -0.501148 -0.0140361 -1.20374 -1.24927 0.469975 0.462128 1.12812 0.803687 -0.848822 -0.741117 -0.146664 -0.821867 -1.52351 1.23341 1.76255 0.530925 2.29997 -0.226392 -2.55604 -0.307041 -1.90535 0.130262 0.130262 
-0.516668 -0.516668 -1.75916 -0.35165 1.01047 -0.645103 -1.49446 0.692213 2.00948 -0.0831698 -0.103501 0.774132 -0.132294 -0.293972 0.191229 0.423349 0.0157774 -0.0271504 0.527087 0.262739 -0.200211 -0.08543 -0.050265 -0.106797 -0.118514 0.778446 1.32822 0.432492 0.289264 0.558566 -0.25285 -0.645586 0.276976 0.20757 -1.37013 -0.957217 1.40616 1.638 0.420349 -0.0619054 -0.528856 -0.27014 0.707209 0.622789 0.328756 0.0516136 -0.753132 -0.193482 0.716659 0.0815176 0.0642176 0.637631 0.11072 -0.0273355 0.108041 -0.16799 -0.11795 0.0381229 0.381987 0.132502 -0.0732379 0.577652 0.000434633 -0.554565 1.54054 2.15281 -1.94438 -4.99207 -2.44507 0.172592 0.172592 
1.60818 1.60818 2.1508 -0.95802 -1.90814 -0.562718 -0.405207 -0.216167 0.683077 0.40308 -1.09771 0.128553 0.525394 -1.38806 -1.03137 0.062802 0.563447 0.660471 0.244429 0.0725617 0.00838093 0.0988457 0.529874 0.9585 1.29008 0.0589052 -1.43157 -0.994531 -0.242738 -0.019998 0.666859 1.09355 -0.346761 -1.91159 -0.146634 2.44584 0.611709 -1.76529 -0.784544 0.892526 0.647055 -0.910345 -0.636852 0.448113 0.318508 0.718115 1.55642 0.156726 -1.42075 -0.250309 0.726782 0.236047 -0.183293 0.424942 0.907948 -0.763317 -0.805832 0.407424 -0.447059 -0.288904 0.301979 0.32385 0.918922 0.599582 -0.76378 -0.877456 1.06354 1.22882 -1.91951 -1.93618 -1.93618 
-1.03661 -1.03661 -0.626984 1.16072 1.17636 0.738369 0.419082 -1.57541 -2.69587 -0.0279596 1.23213 -0.170638 0.311846 1.79243 0.312837 -0.937409 0.538255 0.681178 -0.41164 -0.258062 0.214061 0.0949464 0.243657 0.641126 -0.374728 -1.21508 -0.237984 0.54777 -0.214601 -0.683573 -0.226146 -0.584521 0.100966 2.08844 1.92952 0.031444 -0.361347 -0.300655 -1.47794 -1.24267 0.761141 1.27792 0.699046 0.718308 -0.315301 -0.968783 0.337093 0.816862 0.124038 -0.433822 -0.345928 -0.0736417 -0.174621 -0.403404 -0.218596 1.32588 1.1592 -0.28372 0.196965 -0.311315 -1.30871 -0.549722 0.481005 0.225905 -0.773096 -0.527707 1.72832 2.93994 -0.733617 -1.96419 -1.96419 
-0.478008 -0.478008 -1.16841 -1.21069 -0.468494 1.68704 2.38987 0.972805 -0.181444 -0.318409 0.364042 0.135965 -0.155375 0.544091 0.753295 -0.0241973 -0.581467 -0.258866 -0.0815284 0.0336803 0.626367 0.306 -0.830672 -0.476052 0.813414 0.22195 -0.320002 0.157562 -0.30585 0.16325 0.898375 0.444355 -0.0362208 -0.218401 0.675037 0.909523 -0.281898 -0.295718 0.318489 0.274834 -0.0479735 -0.827606 -0.718451 1.78489 2.02376 -0.747898 -0.768197 0.0728839 -0.114459 1.27425 1.25025 -1.19573 -0.954464 0.403036 0.0257851 0.308189 0.680337 0.259073 -0.271657 -0.17478 0.0346488 -0.73153 -0.653073 0.746277 1.083 1.17871 0.00847768 -4.06203 -3.66711 -0.359423 -0.359423 
-0.0140477 -0.0140477 -0.600805 0.104611 1.79419 1.04224 -1.53577 -2.00755 0.0571858 1.26211 0.802694 -1.08393 -2.0762 -0.457778 0.843515 0.410071 0.101965 0.120958 0.125762 0.237916 -0.037922 -0.527743 -0.0323163 -0.275187 -1.20802 0.275773 0.680868 -0.272251 0.383663 0.963409 0.491282 -0.131793 -0.212111 -0.87861 -1.21574 -0.306783 -0.145611 0.608738 1.71736 0.0523845 -2.00979 -0.695478 1.26944 0.191045 0.315667 1.27821 -1.60812 -1.86107 1.72954 1.15625 -0.422551 0.0260994 -0.80618 -1.17117 0.0735577 0.638359 -0.545922 -0.872179 0.0451479 1.36305 1.83487 -0.597507 -2.26863 -1.29022 1.02131 1.93994 0.302743 0.137453 0.956739 0.413453 0.413453 
0.194063 0.194063 -0.178851 -0.258839 -0.281674 0.221013 1.78491 0.32467 -1.04103 -0.720152 -0.91031 0.157939 -0.0832805 -1.38763 0.520071 1.86493 -0.048652 -0.46431 0.0687232 -1.30991 -1.76357 0.663079 2.12313 0.320334 -1.10308 -0.189576 0.761737 -0.487048 -1.11616 0.0139938 -0.390407 -1.46289 -0.257343 1.25803 0.608998 -0.628578 -0.276267 0.317449 -0.0513358 0.0700793 -0.136725 0.149407 0.926346 -0.52307 -1.4634 -0.372555 1.03993 0.631215 -1.47416 -1.21789 0.104375 0.611792 0.0550054 -0.470185 -0.23032 -0.664846 0.275168 0.861864 -0.705698 -0.623488 0.375392 -0.348967 -0.569875 0.541506 0.71739 -1.06504 -1.99522 1.17589 3.79136 1.77424 1.77424 
0.526861 0.526861 1.05042 0.301118 0.30619 -0.61814 -1.4907 1.33785 1.23135 -1.23225 0.136446 0.828382 -0.39486 -0.523623 -0.643045 0.196199 1.15279 -0.350037 -0.786514 0.471971 1.20279 1.01708 -0.452114 -0.523271 0.314907 0.00773369 -0.48394 -0.255771 -0.520317 -1.13523 -0.31065 0.787195 0.922554 -0.00900643 -0.0325573 0.526258 -0.29134 -0.747531 -1.04773 -0.809948 1.22659 2.21929 0.80728 -1.07329 -2.22673 -1.21025 1.21519 1.51982 -0.129708 -1.50196 -0.9292 0.661096 0.441728 0.16119 0.396654 -0.301053 -0.971721 -0.0483294 1.29511 0.0486773 -1.10581 0.360804 2.25956 1.26829 -1.57956 -2.23529 -0.738425 1.8395 0.518839 -1.18733 -1.18733 
-0.473411 -0.473411 -0.0591224 1.19217 0.241917 -0.105012 1.27923 -0.196895 -2.14171 -0.975444 0.458195 1.21852 1.14528 0.0961081 -0.784819 -0.937447 0.680593 1.93716 0.559078 0.00865736 0.197546 -0.912245 -0.729765 0.936779 1.34644 -1.18669 -2.23592 -0.0250446 0.735351 1.14948 2.05023 0.288305 -1.81385 -1.00057 -0.196272 0.809075 1.36578 0.172947 0.20261 0.306714 -0.567616 -0.775577 0.295104 1.16288 0.345087 -0.819538 -0.596076 -0.341625 0.221195 0.614005 0.177989 0.451597 0.304529 -0.13537 0.00301371 0.800843 0.0589296 -1.73562 1.03531 1.50812 -0.746162 0.742612 -0.116355 -1.28803 -0.795226 0.47122 1.45312 -0.221887 -2.3616 -1.6377 -1.6377 
0.317771 0.317771 -0.638582 -2.22831 -1.68248 0.00446942 0.325161 -0.0590546 0.0506495 0.41875 0.649444 -0.387682 -0.456116 1.83662 1.60862 -0.772268 -1.07294 -0.830987 -0.112929 0.398433 -0.388012 -1.04582 -0.468436 0.685521 0.826232 1.54522 1.29533 -0.759522 -1.1005 -0.17483 -0.290964 0.255634 1.19902 -0.375566 -0.804808 -0.0944397 0.293695 1.88582 1.35779 -1.29914 -1.25541 -0.00886477 -0.946001 -0.134 1.18843 -0.736979 -1.68622 -0.336305 0.900961 1.90784 1.27516 -0.554819 -0.849762 -0.524829 -0.496571 -0.475674 0.839955 2.30654 0.181183 -1.07931 1.20309 0.708653 -1.79291 -1.07064 0.475333 -0.463086 -1.03154 -0.730242 0.666634 1.14542 1.14542 
-0.516503 -0.516503 -0.858608 0.296801 0.400072 -1.27772 -2.35116 -0.53635 2.66416 1.48917 -1.78284 -1.62868 -0.165838 -0.132211 0.304757 0.591252 0.487373 1.44583 0.741085 -0.565423 -0.316767 -0.236435 0.206698 0.470198 -0.442261 -0.650166 0.477528 0.990113 0.508329 0.57332 0.120766 -0.958492 -0.975944 -0.568098 0.0199759 1.14152 0.690796 -0.307194 0.761414 1.14004 -0.932809 -2.10922 -0.634416 0.23058 0.0956366 0.802173 0.863095 -0.0965238 -0.526867 0.0483239 -0.195309 -0.54328 0.416425 0.507837 -0.0598068 0.584875 1.20655 -0.250916 -1.3264 -0.136279 0.523997 -0.222954 -1.2135 -1.5801 1.27958 3.41408 -0.314758 -1.82117 0.347578 0.454778 0.454778 
0.31124 0.31124 -0.92103 -1.38798 0.44417 0.894185 1.16454 -0.663092 -2.6051 -0.787577 -0.266782 0.0528086 1.60715 1.08797 0.403226 0.524405 -0.921931 -1.47667 0.649475 1.41958 0.43291 0.95638 0.314761 -1.64953 -0.707384 0.899005 0.423652 -0.704616 -1.55605 -0.814637 1.34536 1.07891 0.205545 0.723183 0.608113 -0.813191 -1.45918 -0.285365 0.78701 0.870665 -0.449416 -0.367297 1.03309 -1.57773 -2.69778 1.29577 2.37018 1.08322 -0.253019 -0.455388 0.153189 -0.676651 0.396518 1.16132 -0.520122 -1.33036 -0.480044 1.2851 0.783632 0.115509 0.259415 -1.18684 -0.597051 -0.345556 -0.552385 0.85186 0.435162 0.254308 0.176955 -0.330473 -0.330473 
-0.209381 -0.209381 0.905065 1.45394 1.76788 1.29468 -1.33774 -1.50262 -1.29739 -1.51678 0.825975 2.07608 0.282942 -0.703873 -0.878442 -0.661013 1.02638 1.05563 -0.43988 -0.376574 0.84303 1.2718 0.120464 -0.910469 -0.910054 -0.594186 -0.255781 0.038391 0.20221 0.295606 0.0260882 0.561868 1.28849 0.257313 -0.765768 -0.651874 -0.388894 0.0126418 0.599982 0.00367568 -1.072 -0.114337 1.24402 0.815009 -0.472971 -0.551122 -0.449985 -0.166661 1.08781 0.102075 0.443505 1.17925 -1.13251 -1.37059 -0.160404 0.50641 0.495714 -1.01094 -0.73391 1.60533 0.319984 -1.38386 1.68045 2.01585 -2.25455 -1.76827 0.794641 -1.39588 -1.46071 0.304312 0.304312 
0.050969 0.050969 1.89751 1.53504 -1.91536 -1.73785 0.669653 0.987781 0.329322 0.222397 -0.0857413 -0.773285 -0.828282 -0.0221748 -0.0277752 -0.118457 0.456113 0.551105 0.363161 -0.199291 -1.19968 -1.35016 0.110012 1.35398 1.42112 0.180537 -1.5759 -0.725017 0.635487 0.245255 -0.0777223 -0.898927 -0.98292 0.328123 0.546973 0.981795 0.604005 -1.44922 -0.996799 0.835308 0.229311 -1.39323 0.0184426 2.01929 0.840059 -0.57096 -1.21521 -0.718327 0.428824 -0.484248 -0.82314 1.02767 1.05165 0.381519 0.180091 -1.29505 -1.0201 0.409522 -0.0886024 -0.913241 1.27044 2.05353 -0.484179 0.304707 -0.519066 -3.12685 -0.0885381 0.376774 0.241008 1.25793 1.25793 
