31
0.638691 0.645764 0.878751 0.936782 0.771409 0.754853 0.762612 0.968999 0.928433 0.952889 0.704331 0.597061 0.690423 0.683545 0.534332 0.513453 0.178068 0.00286578 -0.156085 -0.527081 -0.48692 -0.420757 -0.438714 -0.262147 -0.418922 -0.469401 -0.911907 -1.01963 -1.57943 -2.51424 -2.93802 
1.38871 1.09056 0.779284 0.945211 1.2106 1.15465 0.976231 0.0113414 -0.212121 -0.506916 -0.0634455 0.187212 0.033493 0.0337655 0.364432 0.331882 0.832253 0.999414 0.951227 0.964457 0.469565 -0.0424989 -0.552454 -1.67007 -1.36263 -1.81091 -1.51413 -1.27765 -1.79996 -0.765672 -1.14583 
-1.06877 -1.40162 -1.5287 -1.734 -1.49579 -1.16435 -1.03653 -0.560481 -0.367034 -0.327028 -0.219577 -0.330656 -0.593551 -0.561555 -0.548247 -0.424943 0.00322607 0.101363 0.335645 0.974579 0.756984 0.517448 0.808275 1.06513 1.4061 1.42199 1.32813 1.18768 0.867691 1.43832 1.1503 
-0.740331 -0.210514 0.0591195 0.000284066 -0.0220983 -0.00749132 0.442918 0.1817 0.446107 0.597482 0.590069 0.729751 1.02144 0.969015 1.00438 0.762863 -0.00430317 -0.0591556 -0.225997 0.0351837 0.490088 0.560394 0.327532 0.448906 0.67142 0.542091 -0.165812 -0.506942 -1.77682 -2.88207 -3.2792 
-1.70292 0.124731 -0.545749 -0.496541 -1.32897 -1.07259 -1.67652 -0.996486 -1.44705 -0.593815 -0.628873 -0.631678 -0.213544 0.309471 0.0960173 0.443443 0.744087 1.15781 1.19759 0.517931 -0.396027 -1.22124 0.54843 1.80246 1.13644 1.63529 0.28451 1.15645 1.33132 -0.0601807 0.526216 
0.318235 -0.155515 -0.303728 0.508416 1.07107 0.426445 0.0324709 -0.623259 -0.727585 -0.600649 -0.189992 -0.0955265 -0.453892 -1.06008 -1.23169 -0.919606 -1.04035 -0.989783 -1.361 -1.53058 -0.490843 -0.0409075 -0.203315 -0.0146358 0.693966 0.7409 1.24112 1.18661 1.16472 1.82741 2.82157 
-2.28263 -1.86634 -1.1997 -1.29113 -1.29696 -0.895874 -0.182007 -0.237586 0.10997 -0.237205 -0.390624 -0.214675 -0.373392 0.273698 0.515958 0.299727 0.452562 -0.0214828 0.318275 -0.451904 -0.290947 0.563298 0.306704 0.0317367 0.173527 0.662136 0.645558 1.21206 1.33912 1.79897 2.52917 
0.300415 0.638652 -0.332606 -0.219929 0.240819 -0.300199 -0.688332 0.725872 0.372689 0.602115 0.83531 1.16236 1.2119 -0.409048 -0.783218 0.0549481 -1.13525 -1.03608 -0.778182 1.58242 -0.31987 -0.447821 -0.823968 1.55972 1.53251 0.990984 1.11095 -0.568809 -1.13847 -1.44125 -2.49863 
1.25468 0.0736208 0.395511 1.40427 0.792506 0.78776 -0.381147 -0.0198788 -0.0315769 0.713378 0.924068 -0.0526103 0.645296 1.2462 1.48845 0.277249 0.121148 0.413412 -1.01124 -1.57015 -1.4041 0.28131 -0.0420586 -1.62669 -2.3252 -0.00708789 0.103502 0.458071 0.141933 -2.07156 -0.979055 
0.401168 0.390846 0.491359 -0.102734 0.0197495 -0.306145 -0.518486 -0.983075 -0.903473 -0.934428 -0.881145 -0.905404 -0.984752 -1.06605 -0.998708 -1.2348 -0.870327 -0.478746 -0.306155 -0.599854 -0.0040333 0.0474808 -0.100181 0.504007 0.726372 0.890015 1.34646 0.868221 1.69414 2.72655 2.07213 
1.35262 1.08926 0.536393 -0.06948 -0.862242 -0.739961 -0.438328 0.257361 0.786768 1.1029 0.113963 0.352415 -0.076647 0.406108 -0.138884 0.898823 0.253729 -0.309295 -0.0968397 1.78987 1.46444 0.649068 -0.0725096 -2.10013 -1.88401 -0.986601 -1.25332 -0.83079 -0.995081 1.31843 -1.51803 
0.17561 0.0296131 0.897474 0.237591 0.0572619 -0.0626972 0.226087 -0.031491 -0.450688 -1.15018 -1.64272 -1.49342 -1.44493 -1.59025 -1.13962 -0.735935 -0.408787 0.0791683 -0.106683 -0.57651 -0.431716 -0.309021 -0.540528 0.750145 1.50413 1.92105 1.59203 1.77487 0.998317 0.717794 1.15404 
1.95998 1.69457 0.745103 0.806495 1.18938 1.30312 0.577005 0.830755 0.62102 0.273507 1.14721 0.698274 0.429261 0.260969 -0.380659 0.0380298 0.30266 -1.1248 -0.372851 -0.535154 -1.05485 -0.766881 -0.420064 -0.758274 -0.653935 -0.610896 -0.217558 -0.535282 -1.79827 -1.93856 -1.70931 
1.06387 1.06387 1.17374 0.314887 0.15408 0.527349 1.00801 0.903819 0.511583 0.0631558 -0.220843 0.516327 0.732771 0.209787 0.179599 -0.221784 -0.554499 -0.17411 -0.596237 -0.166959 0.775545 0.650245 0.888273 0.588985 0.0994795 -0.516549 -0.639963 -0.892854 -2.67604 -2.38277 -2.38277 
-0.742995 -0.742995 -0.00816558 0.904952 0.553626 -0.149113 -1.58837 -1.6597 -0.59864 0.457412 1.32111 0.375489 -0.020983 0.746015 0.694042 0.962761 1.27899 0.410382 0.16664 -0.540694 -1.37247 -1.39632 -2.35518 -1.06087 -0.00101026 -0.0179047 1.06637 -0.230599 1.03268 1.25777 1.25777 
-1.58922 -1.58922 -1.2609 -0.32063 1.06095 0.776809 1.14905 1.31797 0.195572 -0.0257857 -0.414683 -1.36797 -0.999689 -0.288732 -0.0536998 1.01417 0.949392 0.450315 1.84235 0.679201 -1.58202 -0.273319 1.00441 1.13348 0.513228 -0.606049 -1.00846 -1.59052 0.239815 0.3221 0.3221 
1.27101 1.27101 0.515424 0.140598 0.234867 0.841733 0.487689 0.248941 0.778538 0.429634 0.414625 0.798545 0.551962 0.222947 -0.0197652 -1.04987 -0.810279 -0.0397143 0.36594 1.164 0.918998 0.0361933 0.101743 0.686256 0.364458 -0.829806 -1.10167 -1.82301 -2.80382 -1.68358 -1.68358 
1.11077 1.11077 -0.718562 -0.885149 -0.672043 -0.437007 -0.00123222 0.156525 0.334681 0.762082 -0.118458 0.347703 0.88857 0.238908 0.058294 0.587104 0.655297 0.386964 -0.737702 -1.71873 -1.86845 0.891971 3.03071 0.525326 -0.251466 -0.955821 -0.572054 0.997258 -1.33095 -0.907659 -0.907659 
-1.02346 -1.02346 0.621484 1.53084 -0.33269 -1.55643 -1.57064 -1.20011 -0.198908 0.45987 0.418333 -0.56542 -1.46172 -1.2228 -0.0481291 0.016929 -0.317604 -0.638017 -0.919627 0.885296 1.67779 0.139981 -0.194224 0.919991 0.738668 0.472104 0.342327 -0.325565 0.591899 1.89165 1.89165 
1.33606 1.33606 0.41458 -0.805895 0.0879836 1.39417 0.565366 -0.0994562 -0.628678 -1.53791 -0.588481 -0.598094 0.256984 0.984722 -0.58213 -0.744429 -1.21234 -0.87309 -1.41055 -1.73506 1.21313 0.455315 -1.59411 -0.871075 0.514749 0.227325 0.368686 0.629382 0.435824 1.53047 1.53047 
-0.3334 -0.3334 -0.516223 0.644455 0.114618 -0.573422 1.01134 1.03966 0.079371 0.554645 0.633776 0.484912 -1.09399 -1.43741 0.55576 -0.105656 -0.704631 0.469096 2.30205 0.551152 -1.46588 -0.228905 1.80685 2.08967 -0.2813 -0.162006 -1.08457 -1.64354 -0.527461 -0.922769 -0.922769 
-0.511071 -0.511071 1.20008 0.470509 -0.321457 -0.756815 -0.470807 0.43345 0.733268 0.907045 -0.438261 -0.0575438 1.1752 0.819142 -0.596859 -0.908134 0.266692 -0.724568 -1.38969 -0.146693 1.60705 1.22461 -1.33065 -1.62378 1.42587 2.05811 0.523773 0.190322 -1.81639 -0.715661 -0.715661 
-0.107823 -0.107823 -1.27003 -1.22629 -0.692342 -1.35893 -1.63505 -1.05383 -0.190532 -0.242928 -0.229598 -0.493648 -0.607213 -0.315164 -0.623333 -0.0317936 1.21782 0.835805 -0.528489 0.3141 1.00137 -0.478798 0.621496 1.35817 0.481106 0.947127 -0.330769 0.404793 3.41229 0.465159 0.465159 
-0.601409 -0.601409 -0.900886 -1.11065 -0.473972 0.482933 0.984303 1.18346 0.851591 -0.476003 -0.543926 -0.0543874 0.159224 0.0578584 0.54309 0.455564 -0.944063 -0.19425 1.94772 1.47741 -0.885204 -1.23158 -2.29153 -1.47165 1.08591 0.663737 0.248512 0.33807 1.99148 -0.344971 -0.344971 
0.877396 0.877396 0.172666 -1.2648 -0.524358 0.118972 -0.0697549 -1.04066 -1.6467 -1.74728 -0.583258 0.158692 -0.245342 0.306155 1.05904 0.889691 1.00526 0.301747 -1.01173 -0.558291 0.254279 -0.261774 1.33996 2.69145 1.49319 0.00799086 -0.313015 -0.926756 -1.5622 0.10101 0.10101 
-1.43392 -1.43392 -0.936989 1.08899 1.1686 -0.51775 -0.304861 0.480355 -0.43393 1.21355 1.05933 -0.67829 -0.251544 -0.818145 0.074422 1.45248 -1.35478 -0.613761 1.31004 -0.623631 0.0610592 1.37869 0.426514 0.0577987 0.637528 1.07698 0.528403 -1.99021 -1.7204 0.548695 0.548695 
0.429767 0.429767 -0.726491 -1.09089 0.567892 1.43148 0.788691 -0.386468 -0.849911 -0.704193 0.891954 1.56569 -0.130832 -0.462867 -0.299158 -0.706445 0.34604 0.225666 0.291485 2.12866 1.38204 0.433621 0.199385 -0.780081 -1.2065 -0.713639 -0.224755 -2.45927 -1.72399 0.676676 0.676676 
0.497469 0.497469 1.28776 0.347706 -1.0508 -1.9924 -1.44592 0.718086 1.69382 1.523 -0.209423 -1.30008 0.182168 0.480328 0.0490726 0.367749 -0.616598 -1.10125 -0.961666 -1.4706 -0.879055 -0.989051 0.151805 1.899 0.764161 0.785292 -0.322604 -0.16768 1.14965 0.0562956 0.0562956 
0.145112 0.145112 0.856645 1.65368 0.727128 -0.036669 0.30618 -0.824861 -1.1202 -0.565135 -1.11901 -0.546028 0.713354 0.612522 0.88261 0.655733 -0.530023 0.572392 0.0698681 -2.69466 -0.824136 1.85389 0.961227 -0.475027 -1.41969 -1.25485 -0.848318 0.841274 1.344 -0.0410685 -0.0410685 
-0.656211 -0.656211 -1.08269 -0.115717 1.00127 0.491171 -0.470985 0.534439 0.409101 -0.210562 0.623259 0.35977 -0.451421 -0.447017 -1.24473 -0.695956 1.35288 1.54183 1.57311 0.832785 -1.07974 -0.726382 0.943159 0.502427 -1.5215 -1.46468 -0.926579 -1.73323 0.362146 1.47813 1.47813 
-1.05392 -1.05392 -1.16008 0.141539 0.397487 0.539391 0.490142 0.325966 0.497805 -0.176886 -0.152185 0.753657 0.0425597 -0.41723 0.333793 0.492354 -0.0156533 -0.775845 -1.23003 -0.608715 1.77565 3.23405 -0.121765 -1.97979 -0.83202 -0.0924128 1.35656 -0.371743 -1.10208 0.381653 0.381653 
0.963435 0.963435 1.60674 -0.875256 -2.38427 -1.07601 0.0518203 0.770156 0.974074 0.236408 -0.925565 -1.53025 -0.665298 0.799767 0.676776 -0.390881 -0.663574 -0.626135 0.877389 1.63724 -0.727503 -1.52456 0.351555 0.459709 -0.517095 -0.480629 -0.76454 -0.0236915 1.36828 0.719235 0.719235 
-0.684416 -0.684416 -1.57341 -0.251099 1.58933 0.334523 -1.10117 -0.882951 -1.06098 0.0160757 0.671357 0.602635 1.13972 -0.624418 -1.27272 -0.47225 -0.106922 -0.157581 -0.641063 1.89789 1.58227 -2.05801 -0.979352 1.52289 0.786874 -0.119597 0.279655 0.0356988 0.643148 0.784136 0.784136 
-0.0802814 -0.0802814 0.658371 0.437532 -0.738987 0.606736 1.06263 -0.557034 -0.272599 0.388888 -0.00831126 -1.06348 -1.1873 1.08596 0.883593 -0.766043 0.401837 1.94951 0.0882873 -2.36184 -0.46036 2.11883 1.5116 -1.29282 -1.39689 -0.475135 -0.906777 0.390612 0.494763 -0.215506 -0.215506 
0.937961 0.937961 0.519076 -0.918095 -0.749172 -0.13025 0.638894 0.646823 0.227415 -0.717138 -0.598322 0.881873 0.458851 -1.06193 -1.03622 0.451309 0.0608944 -0.995518 0.287288 1.67609 0.742835 -1.73119 -1.67991 1.53816 2.06947 -0.562444 -1.1169 -1.38812 -0.564674 0.587489 0.587489 
-0.791023 -0.791023 -0.758584 0.499318 -0.0274766 -0.62824 0.297158 1.14218 0.67228 0.0419214 -0.115046 -0.209154 0.203261 0.058939 0.281047 1.43633 0.714323 -1.2242 -0.316014 1.20547 -0.517136 -0.210829 1.43323 -0.0332226 -0.233944 -0.531211 -0.331313 2.84682 0.115662 -2.11476 -2.11476 
-0.147346 -0.147346 -0.281149 0.316009 1.06021 0.973898 0.490542 -0.0409689 -1.01486 -0.846494 0.312628 0.492215 0.115286 0.288548 0.297377 -0.904947 -0.370821 1.88831 1.11001 -1.76339 -1.68434 -0.853391 -0.109447 2.19811 1.40582 -0.490477 -0.164052 1.1555 -0.392016 -1.4467 -1.4467 
-0.503093 -0.503093 -1.55796 -0.497437 1.02954 0.347676 -0.836921 -1.14316 -0.504475 0.794464 1.41275 0.262046 0.122284 0.971278 0.442292 -0.0253953 -0.41739 -1.46609 -0.617064 0.943121 0.231666 0.81079 2.18127 0.126516 -1.95517 -1.3114 -0.671888 -0.902633 0.768287 1.2346 1.2346 
0.169125 0.169125 1.39375 1.1415 -1.10247 -1.0219 0.472067 -0.209269 0.311937 0.771368 -1.2748 -0.923625 -0.215789 0.0657828 1.24126 -0.995149 -1.38022 1.47953 -0.137218 -0.886214 1.07908 0.0896522 -0.929681 -0.00370091 0.484807 -0.197213 -1.98526 -1.49057 1.40342 1.24033 1.24033 
