35
0.315697 0.347763 0.386844 0.378944 0.483011 0.519856 0.521739 0.551736 0.472532 0.52419 0.623889 0.635472 0.693498 0.681903 0.682025 0.633084 0.619018 0.614811 0.559777 0.504462 0.415952 0.38888 0.304845 0.159681 0.191693 0.0935243 0.0245472 -0.0460009 -0.176727 -0.641649 -1.59189 -2.18671 -2.43064 -2.57876 -2.677 
1.6475 1.39282 1.09628 1.5515 0.289562 0.965214 1.42049 1.11356 1.21887 1.3964 0.760796 0.48346 0.275898 0.223892 -0.188076 -0.529725 -0.377181 -0.76668 -0.430442 -0.501867 -0.378541 -0.0691804 -0.0516557 -0.0727834 -0.804432 -0.413864 -0.69254 -1.00495 -1.0538 -2.11689 0.0182524 -0.786957 -0.0237224 -1.30479 -2.28641 
-0.959528 -1.03227 -1.13366 -1.49246 -1.04357 -1.19999 -1.46613 -1.20234 -1.02095 -1.06561 -0.759774 -0.583296 -0.478907 -0.578945 -0.342865 -0.245012 -0.274163 -0.0255273 -0.120264 0.0232407 0.191581 0.338638 0.476567 0.704087 0.86584 0.870473 0.950666 1.08835 0.965497 1.25496 1.65065 1.86215 1.72408 1.33604 0.72245 
-0.931274 -0.344436 0.267016 0.446911 0.0869552 -0.0355136 0.24464 0.0966399 0.475824 0.439915 0.153038 0.0503175 -0.164849 0.326485 0.266137 0.452181 0.78669 0.516851 0.707478 0.874698 0.439996 -0.133958 0.159022 0.334616 0.396357 0.189202 0.40192 0.830277 0.974668 1.05741 -0.335402 -0.447768 -1.92643 -3.21583 -3.43977 
0.0276069 -0.533813 -1.82967 -1.58435 -0.35197 -0.55167 -0.958149 -0.365339 -0.946225 -0.925292 -1.01858 -0.476695 -0.0110366 -1.06673 -0.472328 0.00581624 -1.06489 -0.408708 -0.555561 0.0341483 0.817635 2.00904 1.08557 1.67445 1.04788 1.81929 1.26936 0.831912 0.752267 0.874815 1.26153 -1.03768 0.704851 0.46738 -0.524861 
-0.317525 -0.303109 -0.0785369 0.249556 -0.518496 -0.194122 0.098905 -0.231631 -0.286226 -0.295468 0.449912 0.0602595 0.27493 0.422931 0.109312 -0.221417 0.0722099 -0.378694 -0.140885 -0.530679 -0.488273 -0.442543 -0.950138 -1.3581 -0.981722 -0.268183 -0.199003 -0.94743 -0.82642 -1.72661 0.490719 1.60108 2.76598 2.50229 2.58713 
-0.909489 -1.03798 -1.20478 -1.02432 -0.513353 -0.467969 -0.517174 -0.382506 -0.740803 -0.73477 -0.921183 -0.977837 -0.905922 -0.91942 -0.503493 -0.284277 -0.543022 -0.0855352 -0.112485 -0.168637 -0.11073 -0.193458 0.207465 0.154504 0.267321 0.106743 0.521513 0.443579 0.897778 0.465544 1.23801 1.91452 2.45646 2.18366 2.40205 
-0.631413 -0.182702 1.14766 0.598909 1.08392 0.763696 0.35622 -0.0939287 0.856878 1.13549 1.21321 0.699804 0.491283 0.738978 0.224039 -0.300128 0.567726 0.168191 0.104695 -0.168653 -0.153745 -0.144072 0.0816247 0.970295 1.31943 0.269504 -0.396578 -0.473012 -1.01325 -0.396195 -0.217577 -1.31571 -2.79999 -1.72288 -2.78173 
0.491427 0.483334 0.152224 -0.244318 -0.137595 0.325766 0.616957 0.980491 0.561869 0.535363 0.399643 0.844686 0.748224 0.693614 0.347096 0.335612 0.126117 0.141041 0.0585659 0.510882 0.571303 0.439224 0.464359 0.183615 0.105857 0.0269917 -0.0462019 0.962398 0.541054 0.255408 -1.76726 -2.5895 -2.42731 -2.08539 -2.60555 
0.618966 0.637902 0.626581 0.67571 0.493909 0.317567 0.259752 -0.011605 0.250359 -0.136108 -0.143652 -0.518819 -0.701911 -0.663136 -0.43891 -0.343215 -0.319439 -0.398504 -0.496671 -0.852502 -1.09552 -1.21616 -1.31174 -1.1477 -1.05561 -0.975063 -1.05175 -0.938525 -0.349874 0.681023 1.49424 1.84508 1.96957 2.17744 2.11832 
1.82719 1.5085 1.42199 1.10386 0.779605 0.577009 0.484576 0.161261 -0.513754 0.132031 0.626015 0.268104 0.478833 0.546365 0.621598 0.445618 0.25845 0.114734 0.274163 0.432442 -0.142432 0.339683 -0.25235 -0.877892 -1.71745 -0.291028 -0.147772 0.0684855 0.718386 -0.373008 -2.04185 -1.42248 -1.40838 -2.66334 -1.33716 
0.564479 1.06933 1.18879 1.60272 1.36967 1.34999 0.919219 1.06584 1.32995 1.07913 -0.157693 -0.224129 -0.307634 -1.07086 -1.13811 -1.03215 -1.56874 -1.27144 -1.61822 -1.47727 -0.86088 -0.785392 -0.539321 0.213713 0.105961 0.0477829 0.866156 -0.0475245 0.359432 0.948005 1.11594 -1.14471 -0.779674 -0.741861 -0.430492 
1.10262 1.42272 1.89568 2.34325 2.27345 1.14554 0.536189 -0.168253 0.335917 0.131985 0.129952 0.0374645 0.327272 0.460014 0.274612 -0.356959 0.113905 -0.0943723 0.101625 -0.2174 -0.644374 -0.756466 -0.834737 -0.99369 -0.0418279 -0.82014 -0.834131 -0.640032 -0.166547 -1.10504 -0.78422 -0.414323 -0.000116794 -1.3434 -2.41616 
0.641088 0.641088 0.536624 0.706481 0.823435 0.55635 0.538451 0.32651 0.383124 0.850736 0.745989 0.637064 0.576485 0.425137 0.327524 0.290442 0.407364 0.300282 0.1667 0.0792019 0.153021 0.164718 -0.143945 0.159374 0.282208 0.0182473 0.0904403 -0.0709573 -1.10175 -3.24377 -3.58328 -1.73714 -0.569594 -0.18882 -0.18882 
-0.377061 -0.377061 0.574341 -0.719474 -0.42406 1.87733 0.560482 0.0914645 0.740744 -0.252224 -0.861843 -0.28818 0.0138051 -0.260137 -0.648313 0.108238 0.0441107 0.290294 0.716574 0.431232 0.941555 0.799762 0.356846 -0.647186 -0.0954377 0.51163 -0.430496 -0.122477 -1.12853 1.79842 2.14403 0.305421 -0.332312 -2.67074 -2.67074 
-0.674054 -0.674054 -1.42648 0.0209431 0.553255 -1.3275 -0.222193 0.954934 0.143606 0.470961 1.05261 0.522742 -0.20458 0.141807 0.662322 -0.0353161 0.361288 0.188777 -0.0877511 0.604223 0.613569 0.533577 0.74522 0.807887 0.221622 0.00709291 0.357048 -0.177018 0.222226 1.58614 1.38107 -0.0228834 -1.59985 -2.85062 -2.85062 
1.58384 1.58384 1.11027 -0.0201889 -0.372058 0.372856 0.343145 0.458389 0.588832 -0.186281 -0.264032 -0.180581 0.510738 0.690905 0.33563 0.795136 0.264612 0.0971725 0.605791 -0.121923 -0.984449 -0.137624 0.734646 0.465547 0.0201321 0.195828 0.935391 0.855878 0.453675 -1.33521 -1.56227 -1.66218 -3.03193 -1.57176 -1.57176 
-1.82304 -1.82304 -0.997671 1.58894 1.13364 -0.543056 0.267753 0.0893189 -0.495762 0.00309612 0.536074 1.10792 -0.526542 -0.394822 1.17443 -0.529123 -0.346976 0.598207 0.530201 1.48202 2.09761 0.351243 -0.265198 0.0385572 0.225305 0.30371 -0.933057 -0.451909 0.121013 0.598143 -1.87953 -0.492415 1.61693 -1.18099 -1.18099 
0.0863304 0.0863304 0.451649 -0.704398 -0.708729 0.527044 -0.23569 -0.640543 -0.266352 0.66533 0.222289 -0.395796 0.230377 -0.384891 -0.942438 -0.235215 -0.375176 -0.440184 -0.369013 -0.596586 -0.0893581 -0.729911 -1.2583 -0.22879 1.07736 0.719581 -0.983082 -0.922719 -1.09946 1.34199 3.68355 2.45785 0.857576 -0.400309 -0.400309 
-1.19852 -1.19852 -0.413964 1.30719 0.964178 -0.45835 -0.231617 -1.01654 -1.3432 -0.906712 -1.0659 -0.409893 -0.300301 0.573301 1.16427 -0.54903 0.056049 0.644681 -0.659681 -0.44419 -0.511678 0.359394 0.434986 -0.296646 -0.569934 0.196862 0.406732 0.506859 -0.39287 0.41535 3.23095 2.64554 0.234837 -0.586813 -0.586813 
2.01512 2.01512 0.918651 -0.01061 0.240602 -0.740467 -0.883292 0.609811 1.41091 0.451158 -0.419475 -0.734123 0.10252 -0.234311 -1.08279 0.43726 0.574262 -0.449532 -0.310819 -0.224633 0.0864791 0.318191 1.28444 1.42013 -0.710892 -1.82688 -0.756758 -0.618418 0.143901 0.934105 -0.95132 -2.77928 -0.388126 0.0795342 0.0795342 
-0.220503 -0.220503 -0.747472 -0.153511 1.01303 1.26328 1.12786 0.164925 -0.364202 0.0195832 0.659284 0.712541 0.034714 -0.304512 -0.246007 -0.0601219 -0.0242969 0.148018 0.741382 0.935234 0.142447 0.0945778 -0.107101 -0.246685 0.0271835 0.0333755 1.50863 1.03633 -0.719442 -2.89179 -3.61974 -0.655771 0.923537 -0.00213327 -0.00213327 
-0.154402 -0.154402 -0.0986899 -0.413258 -0.829294 -0.600517 -0.775839 -0.185786 -0.398184 -0.895478 -0.874629 -1.19855 -0.434745 0.316833 0.421862 0.0519949 -0.270471 -0.495481 -1.00617 -1.27345 -0.839462 -0.567421 -0.0421482 0.304157 0.150102 -0.161321 -0.101033 1.12664 2.81992 3.23428 1.97946 0.70863 0.444805 0.10602 0.10602 
-0.237152 -0.237152 -0.236451 -0.539488 -0.392213 -0.0967235 -0.2506 -0.993198 0.242083 1.73217 0.452788 0.091733 0.634032 0.461319 0.150921 -0.183552 -0.142425 0.299369 0.684312 -0.251679 0.161104 0.139231 -1.27266 -1.58817 1.0274 2.28016 0.737601 1.3834 -0.283417 -3.23904 -1.05839 1.08679 -1.30234 0.370122 0.370122 
0.870797 0.870797 0.753793 0.300149 -0.257852 -0.512289 -0.298287 0.595938 0.0844911 -1.84703 -1.60975 -0.125571 -1.02226 -1.00134 0.117199 -0.48678 -0.240553 0.0037066 -0.197492 1.04199 0.957743 0.48119 1.35311 0.897782 -0.146149 1.04566 -0.0552655 -0.584708 1.34851 1.04092 -2.62568 -2.37204 0.585795 0.516738 0.516738 
1.19431 1.19431 1.34371 0.70758 -1.13896 -1.77134 -1.27501 0.0300827 0.616703 0.0234115 0.154028 0.496078 0.760058 0.203091 -0.692717 0.0764558 0.572574 0.250418 0.120617 -0.609533 -0.366998 0.0416971 -0.0132259 1.19414 0.468219 -0.663803 0.475906 1.04725 -0.280194 -0.459129 1.07436 1.18381 -0.824105 -2.5669 -2.5669 
-0.06593 -0.06593 0.10653 0.331342 -0.112298 -0.249218 -0.193229 -0.117574 0.572397 0.408562 -0.176813 -0.131967 -0.175041 -0.212643 -0.096625 0.121199 0.0501252 -0.204219 -0.184334 0.0262461 0.126961 -0.261383 0.034709 0.47282 -0.103155 -0.154572 -0.0504374 -1.17033 -3.18132 -2.47943 1.56986 3.10002 1.61219 0.426746 0.426746 
0.807957 0.807957 -0.123642 -0.595981 1.99271 0.831819 -1.16298 0.252706 -0.124561 -1.03102 0.0970189 0.753411 0.143101 -0.353843 0.388154 0.621482 0.253996 0.60711 0.22439 0.284905 0.388266 -0.298106 -0.918953 -0.202754 0.957304 -0.118347 -0.333675 -0.379702 1.50603 2.47928 -0.952113 -1.66016 -2.02005 -1.56086 -1.56086 
-0.49696 -0.49696 0.763186 1.8817 -1.01586 -0.517005 2.14523 0.476582 -0.263242 0.949505 0.203193 -0.936417 -0.173536 0.912849 0.00390636 -0.103972 0.35321 -0.232828 0.519805 0.768691 0.096607 0.272729 0.39693 -0.29774 -0.539071 0.276016 -0.00217803 0.0407341 1.69314 1.16702 -1.24272 -2.43712 -2.30376 -0.930828 -0.930828 
-0.33298 -0.33298 -1.50402 -1.37795 0.564749 0.898472 0.246197 0.412102 -0.510221 -0.725889 0.163499 0.960178 1.06037 -0.0238012 0.265567 0.0840263 -0.565428 0.511021 -0.0693678 -1.48974 0.141329 1.93841 0.782419 -0.582572 -0.121809 1.10571 0.84134 -0.341416 -2.11216 -1.93072 -0.181108 -1.36483 0.251253 1.67018 1.67018 
0.534642 0.534642 2.17114 1.36088 -1.33643 -0.535386 0.412535 -0.470617 -0.0421071 0.665267 0.711447 -0.659852 -0.938314 1.08862 -0.072525 -0.950121 0.725683 0.567417 0.571615 1.00411 -0.702976 -1.48246 -0.185386 0.322776 0.180201 -0.720428 -0.465621 0.679333 0.676791 -1.25326 -0.67753 2.22458 -0.423201 -1.75774 -1.75774 
0.284347 0.284347 -0.50088 -0.751959 0.872647 0.357514 -0.756855 0.0153832 0.923203 0.368111 -0.684543 0.0417032 0.0436168 -0.760405 0.137875 0.421513 -0.103012 0.0403959 -0.0700237 0.226161 -0.0543489 -0.757775 0.376588 1.62267 0.680375 -1.36331 -1.0793 -0.0428402 1.57447 3.28499 0.794145 -1.88329 -1.90515 -0.818188 -0.818188 
0.527191 0.527191 1.73596 0.944069 -1.26375 -0.863615 -0.415825 -0.804475 0.0533296 0.170944 0.325114 0.513881 0.666696 1.00477 -0.812022 -0.80211 0.814543 -0.526464 -0.788522 0.0801382 0.540555 0.641042 -0.484543 -0.729563 0.322788 0.662111 0.193908 -0.585367 -0.0880717 2.52122 1.54247 -2.12798 -2.2939 -0.600852 -0.600852 
-0.660448 -0.660448 -1.29453 -0.374939 -0.41029 -0.679163 1.0091 1.65319 -0.0205267 -1.16124 -0.72105 0.443916 0.428779 -0.721068 0.54598 1.21842 -0.517375 -0.516208 0.241192 0.358829 0.458129 0.905163 0.839644 -1.27379 -2.12788 0.0564339 0.912331 0.702299 1.1471 -0.659598 -2.44611 0.472029 2.03845 0.40684 0.40684 
-0.336112 -0.336112 0.0648125 1.20793 0.975927 0.097099 -0.721798 -0.987548 -0.0785138 0.710447 0.48734 -0.401993 -0.666919 -0.169895 0.184556 0.169247 0.160087 0.536427 0.550964 -0.38469 -0.547852 -0.148853 -0.210761 0.110235 0.208634 1.01957 0.696585 -1.48436 -2.63189 -1.93811 1.52891 3.08631 0.460799 -0.605236 -0.605236 
0.0489878 0.0489878 -0.266024 -0.738438 -0.194326 0.0467277 0.408514 0.371384 -0.717496 -0.48392 -0.3103 0.433701 1.51072 0.851013 -0.272015 -0.700113 -0.555052 -0.743536 -0.785869 0.160136 0.700222 0.791636 0.866005 0.185719 -0.472939 -0.258292 1.28297 2.91827 2.10382 -0.848451 -2.53602 -1.54362 -0.610264 -0.346067 -0.346067 
-0.05087 -0.05087 -0.23931 -0.148165 0.224023 0.036755 -0.608769 0.255064 1.64343 0.0797192 -1.07139 0.0613993 0.178518 -0.351723 -0.452312 -0.23372 0.248994 0.462793 -0.393969 -0.376658 0.191778 -0.942879 -1.12547 1.37896 2.35418 -0.231512 -0.608943 -0.686215 -2.92572 -0.533213 2.63867 -0.203008 -0.496961 0.988701 0.988701 
-0.0607904 -0.0607904 -0.362326 -0.655454 -0.523042 -0.00989576 0.753615 0.271413 -1.60685 -1.10917 1.16122 0.407486 -0.565139 0.774373 0.359008 -0.220814 0.343006 0.0456044 0.707124 0.784861 -0.355779 0.27978 0.293889 -0.979569 0.115276 0.0773914 -1.06672 0.950064 1.09753 -2.62464 -2.2516 2.15163 1.93714 -0.0289207 -0.0289207 
0.302295 0.302295 -0.166896 -1.63904 -1.63628 0.0917566 1.52078 1.58737 0.187181 -0.149154 0.540727 0.639092 -0.0239973 -0.879424 0.0986992 1.12534 0.320412 -0.141249 -0.442174 -0.167549 0.672431 0.453034 1.04211 0.547202 -1.17826 0.197771 1.45413 -0.365577 -0.918961 1.19118 1.40389 -1.20815 -2.57432 -1.09333 -1.09333 
