51
0.000559949 0.0764516 0.117941 0.229575 0.213898 0.250636 0.238097 0.308069 0.301443 0.38262 0.449187 0.519087 0.600788 0.615657 0.61343 0.59009 0.62204 0.660283 0.675848 0.732226 0.73138 0.854244 0.78157 0.719181 0.713032 0.694706 0.640287 0.651047 0.54653 0.534973 0.510278 0.404627 0.349014 0.248947 0.153145 0.111814 0.0958945 0.055449 -0.105688 -0.165781 0.0438444 -0.059946 -0.356456 -0.575145 -0.742469 -1.47592 -2.38325 -2.53989 -2.81876 -2.96788 -2.8467 
0.814516 0.675457 0.677252 0.360123 0.415413 0.444066 0.44101 0.439735 0.831036 0.899902 0.731996 0.8605 0.844205 0.755829 0.86796 1.0765 1.09724 1.02323 0.884621 0.734355 0.815876 0.666542 0.745301 0.656329 0.743316 0.57403 0.702824 0.473843 0.502057 0.125528 0.0411237 -0.0724192 -0.178156 -0.300647 -0.519375 -0.467345 -0.292072 -0.360293 -0.435572 -0.590563 -1.63267 -1.67933 -1.23286 -0.608091 -1.21739 -0.829025 -1.52798 -1.63786 -2.31509 -2.74311 -2.28187 
0.323151 0.368347 0.124838 0.417779 0.44886 0.578385 0.677805 0.309273 0.137974 -0.209764 0.131035 -0.137028 -0.427534 -0.394434 -0.667518 -0.784303 -0.971083 -1.13147 -1.19673 -1.08059 -0.980581 -1.15403 -0.94638 -0.743381 -0.945657 -0.759978 -0.921462 -0.856905 -0.878967 -0.682026 -0.717234 -0.516615 -0.34576 -0.152878 0.340937 -0.11375 -0.07081 -0.0400586 -0.231229 -1.13898 -0.769986 -0.0876965 0.829231 1.6696 2.1318 2.60223 2.18686 1.78439 1.53385 1.62724 1.83123 
-0.528066 -0.977212 -0.661359 -0.51489 -0.280717 -0.189205 -0.266879 -0.236937 -0.403826 -0.501309 -0.372999 -0.451943 -0.383986 -0.265317 -0.0385724 0.0769268 0.0282021 0.154395 0.422843 0.365679 0.0929072 0.243682 0.335706 0.481552 0.445327 0.525121 0.609975 0.615612 0.896152 0.765858 0.4908 0.835003 1.0529 1.23447 0.840644 0.856775 0.737646 0.311268 0.285266 0.954009 1.22272 1.1231 1.09434 0.555253 0.889636 -0.0866949 -1.71482 -2.15798 -2.76815 -2.96737 -2.77554 
-2.0514 -1.68221 -1.9143 -1.78682 -2.08099 -2.25595 -1.82529 -1.50643 -1.03315 -0.787374 -0.617402 -0.600171 -0.423464 0.0183497 -0.169574 -0.186293 0.369795 0.505702 0.110187 0.194522 0.415441 0.289559 0.431394 0.634791 0.74415 0.580898 0.435338 0.594336 0.605956 0.719495 0.66313 0.571793 0.0704878 -0.19391 0.220542 -0.0318523 -0.393659 0.497858 0.567425 0.196068 0.642318 0.786624 0.413113 0.226572 0.0609885 0.954966 1.05594 2.1672 1.71839 0.82335 1.25358 
-1.0155 -0.340633 0.0861181 -0.177526 -0.433547 -0.080511 -0.267408 0.0799168 0.537428 0.836935 0.485768 0.663669 0.536198 0.265222 0.460288 0.204354 -0.437076 -0.394118 -0.320201 -0.202085 -0.195531 -0.217984 -0.274436 -0.713665 -0.899077 -0.906796 -0.984019 -1.24745 -1.36089 -0.858728 -0.581643 -1.26973 -1.48706 -1.44292 -1.04654 -0.326035 -0.265298 -0.340524 -0.715472 -0.539068 0.119008 0.403124 0.187448 0.574855 1.18997 1.41703 2.17668 2.37001 2.33631 1.749 2.66213 
-0.475847 -0.390493 -0.666926 -0.379605 -0.113093 -0.111717 -0.103089 -0.512514 -0.73714 -0.819073 -0.983717 -1.25032 -1.01024 -0.972798 -0.961528 -0.688697 -0.257989 -0.276297 -0.450787 -0.675562 -0.607016 -0.54128 -0.645778 -0.465765 -0.213389 -0.212291 -0.0719246 0.0660399 0.205892 -0.199121 -0.518894 -0.369609 -0.233625 -0.265941 -0.582093 -0.43255 -0.233738 -0.195564 -0.0101696 0.221481 0.0119023 0.224959 0.702914 0.866089 0.833947 1.66508 2.14417 2.67645 3.03089 2.46676 2.5196 
-1.90284 -1.33993 -0.945272 -2.003 -1.32092 -1.061 -0.146037 -0.611048 -0.485941 -0.172514 -0.0598229 0.891905 0.690475 0.272406 -0.349537 0.37995 -0.504907 -0.29289 -0.127567 0.571235 0.069155 0.0965859 0.509195 0.180168 -0.326184 -0.250445 0.217359 0.363363 0.232105 0.243517 -0.0527208 -0.295514 0.175199 0.340547 0.7822 0.991049 0.847503 0.914806 1.83765 2.19213 1.04374 0.950916 1.74581 1.51951 0.999824 -0.304769 -0.631076 -2.80065 -0.405847 -0.591248 -2.07662 
0.290098 0.346282 0.857466 1.07275 0.641997 0.628809 1.01842 1.22174 1.03555 0.156866 0.940279 0.10316 -0.201915 -0.0812651 0.312731 -0.278916 0.249018 0.176854 0.293491 0.120334 0.668199 0.275522 0.353843 0.691498 0.786459 0.83037 0.293021 0.326313 0.552013 0.394771 0.495716 0.784745 0.329245 0.39307 0.837227 0.196655 0.128933 -0.437806 -0.335547 0.0639624 0.0320856 -0.590318 -1.1943 -0.430541 -0.293141 -2.06571 -2.73248 -3.26243 -2.08498 -2.44094 -1.46919 
1.4864 0.839774 0.360715 0.716952 0.583072 0.289896 -0.0878644 -0.154389 -0.262285 -0.21173 -0.482097 -0.403435 -0.546544 -0.44425 -0.773124 -0.790738 -1.01166 -0.795825 -0.916679 -0.736426 -1.05139 -0.535516 -0.607533 -0.53594 -0.722692 -0.670394 -0.821973 -0.973666 -1.13564 -1.0049 -0.920362 -0.46529 -0.547733 -0.680762 -0.332701 0.153879 0.0869994 -0.484965 -0.388254 -0.498723 0.0624425 0.121951 0.102678 0.929696 1.47402 1.69693 1.68446 2.41417 1.90968 2.52124 2.56052 
1.47592 1.27212 1.21977 0.474095 0.117325 0.27029 -0.0133108 0.677265 1.19368 1.16843 1.11855 0.660651 0.872751 -0.0246779 -0.595083 -1.24028 -1.08827 -1.35996 -1.24059 -1.91201 -0.7819 -0.80877 -0.627338 -0.602537 -0.901084 -1.27902 -0.985598 -1.16215 -0.845165 -0.67358 -0.358023 -1.20946 -0.479419 0.038152 0.212029 1.53611 -0.452293 0.0861791 -0.494496 -0.208711 -0.377127 -0.144319 0.684938 -1.30101 1.15924 2.1536 0.039442 0.378089 0.863402 1.20125 2.29292 
1.30984 2.80818 1.97241 1.5544 1.12766 1.29599 0.582959 -0.713665 -0.525682 -0.981248 -1.21512 -0.396633 -1.30674 -1.20297 -0.545268 -0.0882744 -0.285545 0.277019 -0.0543411 0.677867 -0.176501 -0.550257 -1.11773 -1.77141 -0.784807 -0.88492 -0.339381 0.145035 0.251342 -0.0497196 -0.480894 0.201038 0.0435888 0.186068 0.435055 -0.474725 0.132768 -0.244305 0.223418 -0.299409 -0.65406 -0.617514 -0.651644 -0.967586 -0.947628 -0.774265 0.162005 0.206463 1.49506 3.01904 0.995035 
1.52945 0.315506 -0.915923 0.432264 0.363075 0.56362 -0.00862948 -0.115783 -1.98375 -1.13128 -0.591592 -2.69884 -1.16258 -0.596949 0.654489 1.07417 1.32784 0.0426162 -0.458362 -1.24337 -1.26721 -0.908212 -1.13788 0.0586951 -0.88448 -0.669653 0.12506 0.121888 0.298615 -0.496891 0.117453 -0.28347 0.637148 0.0702619 -0.491698 0.385319 1.14963 2.03619 1.46624 0.55603 -0.154935 1.40783 1.49388 2.32001 -0.238143 0.315971 0.368364 -1.23928 0.263245 -0.862925 0.0469608 
0.702445 0.702445 0.811065 0.637342 0.409735 0.419272 0.520271 0.538236 0.572287 0.794717 0.760447 0.80644 0.639202 0.384152 0.268039 0.371897 0.559045 0.509253 0.564362 0.514492 0.716536 0.498256 -0.0647123 0.137451 0.271354 0.124667 0.213058 0.0608111 -0.00700974 0.235568 -0.0503772 -0.144339 -0.127369 -0.249498 -0.0710053 0.171752 0.174445 -0.266864 -0.32657 0.800153 0.667359 -0.870754 -1.21992 -0.827333 -2.39167 -4.64048 -2.88758 -0.977752 -0.954926 0.260804 0.260804 
-0.0193932 -0.0193932 -0.48112 -0.34241 0.554184 0.402896 0.325292 1.34784 1.52971 0.0797191 0.234358 0.627476 0.0651164 0.398119 1.16801 0.931037 0.198401 -0.214788 -0.412515 0.158272 0.160688 0.153525 0.310043 0.331377 0.123127 0.231531 0.0767444 -0.184054 -0.566637 -0.858651 -0.176743 -0.232056 -0.255259 -0.548238 -0.0957124 0.925906 0.614103 -0.0355641 -0.260555 -2.76748 -2.48658 1.3732 3.11418 0.376632 -0.236347 -0.468806 -1.76075 -1.7044 -2.52932 0.422648 0.422648 
-0.465087 -0.465087 -0.0123629 0.48942 0.190796 0.315677 -0.594465 -1.08917 -1.05117 -0.115373 0.030223 -1.12341 -0.573073 -0.541238 -0.815134 -0.657424 -0.737097 -0.515035 -0.00971823 0.292292 -0.236893 -0.0401953 0.647714 -0.101372 -0.133022 -0.0584788 -0.279816 -0.025039 0.216878 0.192856 0.199577 0.576132 0.561995 1.15217 -0.0311909 -0.855114 0.0319687 -0.39584 -2.11084 -1.08721 1.8184 2.81969 3.10856 2.2776 1.60158 -0.00207235 -1.59721 -1.29599 -0.389865 0.440736 0.440736 
-0.0804465 -0.0804465 0.929483 0.790987 0.6978 0.169029 0.0646323 -0.0866402 -0.302704 0.197836 0.229272 0.126937 0.462011 0.731252 0.725876 0.25879 0.276922 0.814723 0.503821 -0.413875 -0.0612919 0.557257 0.5489 0.33144 0.219443 0.424746 0.299003 0.63081 0.400325 -0.54175 0.26281 1.09867 0.822913 -0.21434 -0.494863 -0.0290766 -0.779397 -0.621492 1.2354 1.73512 0.43228 -0.0721196 -0.817279 -0.201527 -0.942924 -4.27056 -3.36651 -1.64047 -1.22684 0.133036 0.133036 
0.0584903 0.0584903 -0.419157 -0.541834 -1.13944 0.292834 1.26863 1.35287 1.20844 0.609088 0.157482 0.170791 1.00978 0.289256 -0.616815 0.853372 1.15496 -0.725427 -0.827334 0.390753 -0.0246405 -0.180912 0.469752 0.405579 -0.318928 -0.822656 -0.185881 0.124708 0.0348811 -0.0994585 -0.504299 -1.38351 -1.72548 0.0840762 0.107796 -1.42611 0.834285 1.68669 -0.80878 -0.0644463 0.954518 -0.665349 -1.31911 -0.908242 1.22689 1.75361 2.18296 1.09659 -2.86791 -1.13092 -1.13092 
1.7376 1.7376 0.0398612 -1.19526 -0.0796995 0.0453441 0.035014 1.20074 1.11424 -0.348648 -0.568632 -0.163971 -0.975983 -0.392517 -0.365306 -1.87851 -1.33782 -0.0437731 0.0921861 -0.0296707 -0.283958 -0.397935 -1.15188 -1.38516 -0.604567 -0.408856 -0.871431 -0.936951 0.447989 1.15445 -0.998685 -1.89308 -0.568496 0.541693 1.76522 1.15806 -0.281406 -1.06955 -0.614361 1.25436 1.44921 -0.13139 0.0554613 1.55835 1.26828 1.52974 1.46873 0.0335783 -1.37859 0.334193 0.334193 
-0.679494 -0.679494 -0.209617 1.05355 0.388298 -0.211673 -1.1674 -1.71007 -0.948157 -0.80861 -1.23825 -0.296654 0.410717 -0.121617 0.426018 1.40184 0.724504 -0.683493 -1.16384 -0.598415 0.0774624 -0.325126 -0.059262 0.771008 0.354762 0.0941722 0.412593 0.411396 -0.851844 -1.92117 -0.631588 0.428732 0.00623754 -1.04566 -0.622564 0.575503 0.316402 0.285186 0.735311 -0.183596 -0.226856 1.3727 1.25665 0.0699031 1.62391 2.8133 2.11801 1.82801 -0.722788 -1.42447 -1.42447 
1.042 1.042 -0.716548 -0.404676 1.0251 1.27781 0.491184 -0.365887 0.478794 0.465322 1.15794 0.817087 -0.669274 -1.12557 0.119638 -0.165649 -0.727154 0.412392 0.940602 0.216404 -0.512098 0.480428 0.0936364 -0.903525 -0.464313 0.592739 0.668982 0.0189427 -0.127102 -0.306121 -0.581958 0.250257 0.693129 0.661597 0.7088 0.0738019 -0.0797895 1.07734 1.38897 -0.858525 -1.3439 0.76476 0.619918 -0.806528 -1.97657 -1.76674 -2.70533 0.247337 2.40036 -1.81 -1.81 
0.939451 0.939451 1.17546 -0.221797 -0.560714 0.65621 0.97737 0.123227 -1.48179 -0.0434915 0.0181602 -1.59649 -0.175748 0.861245 -0.195367 0.00331555 0.773909 0.163797 0.0139853 0.653662 0.32803 -0.368485 0.71488 0.739563 0.303827 -0.634132 -0.649885 0.482011 0.199376 0.0143167 0.676309 -0.149115 -0.483179 0.85136 -0.193534 -0.952847 -0.843324 -0.591176 0.842143 0.643167 -0.872724 -1.72138 0.334837 1.4346 -2.32776 -3.52066 -1.67737 1.05832 1.31641 1.01129 1.01129 
-2.44728 -2.44728 -0.350327 0.371432 -0.986469 -1.49642 -1.02249 -0.458217 -0.213407 -0.553128 -0.494357 -0.228264 -0.178853 -0.567281 -0.818003 -0.592284 -0.104146 0.105099 0.0306939 -0.375188 0.326586 0.834582 -0.0943947 -0.334303 -0.374648 -0.301102 -0.727642 -0.749366 -0.15882 0.356622 1.0348 0.685646 -0.544055 0.356116 1.6517 0.78407 -1.42931 -1.08725 -0.122276 0.848882 1.2043 -0.00937754 1.59546 2.77392 1.51076 0.346515 1.40622 0.377426 0.13037 1.26737 1.26737 
-0.316454 -0.316454 -0.900136 -1.22804 -0.260071 -0.181256 0.397834 1.25958 0.488522 -0.121471 -0.5875 -0.305304 -0.778747 -1.62162 -1.34993 -0.571782 -0.169453 -0.204613 -0.63518 0.45354 1.14781 0.125946 0.181604 -0.335408 -0.76922 -0.131576 0.0853462 0.110728 0.485726 0.484186 -0.617769 -0.171303 1.30333 0.704255 1.57299 -0.756118 -1.60234 -0.0859995 -0.358183 0.0858828 0.0288183 1.10347 -1.28648 0.470356 3.68061 -1.24674 -1.95304 0.846991 0.846135 1.49927 1.49927 
0.800418 0.800418 -1.51867 -1.02367 -0.314097 -0.660557 -2.43338 -1.34302 -0.325206 -0.835718 0.706083 -0.112257 -0.977178 0.920103 1.34756 0.312915 0.440671 0.278402 0.483697 -0.149222 -1.48761 -1.14043 -1.47917 0.401502 1.07139 0.537644 1.24501 0.713475 -0.237074 -0.887508 0.302065 0.633315 -0.0195057 0.472344 -0.801051 -0.367204 0.277453 0.10831 -0.0680749 -1.06327 -0.386345 0.00153336 -0.425031 -0.359575 0.232557 1.34144 1.18544 1.61181 3.40225 -0.606495 -0.606495 
-1.96341 -1.96341 0.185455 1.16023 0.197699 -0.224219 -0.482286 -1.56901 -0.764166 1.25514 -1.22719 -0.391358 1.85039 1.61151 1.48911 0.652274 -0.777639 -1.41056 -0.991027 -0.590849 0.368626 0.195997 0.898478 0.300057 -0.523337 0.934234 0.751398 0.233092 -0.43144 -0.0644103 0.266526 0.523399 0.384207 -0.859235 0.35177 1.46411 1.47212 0.353075 -1.15388 -1.27215 0.801939 1.4704 0.852576 -1.36512 -1.59326 0.596209 -1.21686 -0.00063343 0.403177 -0.0938672 -0.0938672 
0.101099 0.101099 -0.074584 -0.414604 -0.229277 0.103037 0.11156 0.043857 0.250629 0.181537 0.00310906 -0.131359 -0.435799 -0.384097 -0.021139 0.285543 0.130161 -0.0033683 -0.00344853 0.145145 -0.0251653 -0.79881 -0.373622 0.331113 -0.0216744 -0.0677002 -0.073322 -0.231297 0.167983 -0.0526028 -0.39294 -0.0866068 -0.115092 0.0482539 0.417257 0.239474 -0.452311 -0.515414 1.07031 0.996398 -1.69851 -1.91732 0.035165 -1.19372 -3.86492 -0.510246 3.69532 1.94571 1.24379 1.2207 1.2207 
-0.342126 -0.342126 -0.252228 0.628101 0.440153 -0.191226 0.569538 0.737706 -0.86475 -0.882401 0.312121 -0.152566 -0.191526 0.671903 0.302504 -0.671282 -0.785491 -0.438816 0.1989 0.328613 -0.0459572 0.0539164 0.0723854 -0.164021 -0.10759 -0.0729409 -0.312222 -0.459857 -0.480087 0.20981 0.363216 -0.0937668 -0.247798 0.0605221 0.912513 0.417152 -0.66601 -0.609747 -1.81344 -1.48557 2.6407 3.58697 -0.688757 -2.21436 -0.590809 -1.03085 -0.843672 -0.540993 1.33566 1.87029 1.87029 
0.311571 0.311571 0.71036 0.11323 -0.186311 -0.672312 -1.16473 -0.411197 0.725692 0.811205 -0.849366 -0.527697 0.414453 -0.240606 -0.140568 0.0137902 0.064934 0.529851 0.593389 -0.228776 -0.312472 0.654807 -0.0968496 -0.668716 -0.0141405 -0.164894 -0.0216536 0.346516 0.124941 -0.0619791 0.256377 0.2398 0.409572 -0.519662 -1.64351 0.00196609 0.316776 -1.75122 -0.597694 3.07452 3.05677 0.977121 -0.479058 -1.2459 -1.85999 -2.59045 -1.07657 0.911301 1.33203 0.611887 0.611887 
0.790893 0.790893 0.676207 -0.237263 -0.560443 -0.569726 -0.257126 -0.349595 0.190159 0.395109 -0.104121 0.147316 0.455012 0.173091 -0.436648 -0.417182 0.414947 0.14248 -1.06279 -0.513371 0.758766 0.459878 -0.232406 -0.318228 0.0318533 0.0204713 0.125228 0.0384919 -1.01639 -0.159285 1.31299 0.4184 -1.13269 -1.13664 0.108003 -0.281028 -0.53598 1.62301 1.90606 -0.710462 -1.54195 -1.08015 -0.152571 -0.149455 -3.41491 -2.05234 2.13252 1.72641 1.42319 1.08068 1.08068 
-0.297481 -0.297481 -0.377565 -0.455874 0.559205 1.58633 0.706324 -0.0249589 -0.471212 -0.671744 -0.271793 0.570711 0.0916643 -1.04752 0.382587 1.17096 -1.01632 -1.27972 0.742977 0.538332 -0.358856 0.337071 0.397194 -0.500525 -0.787468 0.101184 0.632774 0.158444 -0.132008 -0.33765 -0.823906 -0.782867 0.972377 1.2111 -0.971529 0.488586 2.04638 -1.05827 -1.12882 1.16542 -0.377943 -1.46991 -0.144232 1.67637 1.752 0.638457 -0.414571 -3.2829 -1.4398 1.14824 1.14824 
-1.11176 -1.11176 -1.94753 -0.0438615 0.876518 0.114664 0.818858 0.767315 -1.01138 -1.1017 0.162006 -0.238599 -0.117609 0.450266 -0.968483 -0.621028 1.27855 1.00468 0.0465839 -0.217483 -0.212151 -0.55025 -0.630983 0.407387 0.697676 -0.143537 -0.320303 0.929849 1.45222 -0.941875 -2.02512 0.328136 1.68457 1.61619 0.454118 -1.34784 -1.47031 -0.188258 1.60956 1.43339 -0.900651 -0.906063 1.18043 0.857716 0.0176855 0.172679 -0.975365 -1.88965 0.240457 1.19603 1.19603 
0.390429 0.390429 1.36966 0.489686 -0.954653 -1.17984 -1.13542 0.196136 0.725 -0.198717 0.42305 1.30449 0.161864 0.038033 1.20719 0.257564 -1.59042 -1.43771 0.092126 0.988454 0.23803 -0.07982 0.875917 0.347131 -0.498525 0.0710026 0.27209 -0.954045 -1.78208 0.196918 1.84786 0.520626 -1.1168 -0.461288 1.28293 0.754077 -0.198888 0.350918 -0.337238 -0.71972 1.23264 1.17621 -0.98378 0.310883 2.15291 0.409204 -0.737643 -2.17607 -2.49522 -0.517787 -0.517787 
-0.906885 -0.906885 -0.721987 1.16826 1.13318 -0.180844 -0.838792 0.128349 0.628489 0.538336 0.344244 -0.947594 -1.01604 0.603412 0.704799 -0.366337 0.478395 1.12445 0.019501 -0.725558 0.292225 0.494813 -0.684801 -0.195093 1.02278 0.807586 -0.204488 -0.336275 -0.0570236 -0.133972 0.465552 0.891649 0.379564 0.144986 -0.212788 -0.331831 0.73066 1.00647 -1.01201 -1.48452 1.09808 1.29997 -0.795865 -1.40367 -0.433581 -0.296358 1.32977 3.16267 -1.08403 -2.36048 -2.36048 
0.146656 0.146656 -0.727 -1.08648 0.548071 0.960792 -0.334168 -1.53854 -0.105157 0.936949 -0.971945 -0.122158 1.53581 -0.013181 -0.537345 0.605138 0.0994291 -0.476066 0.30538 0.195446 -0.640025 0.240969 0.691907 -0.257931 -0.859834 -0.597234 0.696968 0.530097 -0.293346 0.297295 -0.103102 -0.725899 0.624645 0.18019 -1.12902 -0.407204 0.225225 1.05295 0.770874 -1.07316 -1.47938 0.754128 1.9724 -1.66574 -3.09925 0.405752 2.86215 1.87099 -0.0303224 -0.191697 -0.191697 
1.52977 1.52977 2.11462 -0.684898 -1.68297 -0.198615 0.671843 0.486192 -0.246331 -0.397081 0.0938188 0.0862344 -0.444133 -0.687336 -0.189683 0.409026 0.395676 -0.0601605 -0.558606 0.0703429 0.810871 -0.51055 -1.11659 -0.396516 -0.14252 -0.455459 -0.532658 0.291501 0.726774 0.797785 0.0971899 -1.44879 -0.436446 1.60983 0.177355 -2.66601 -1.68578 0.889687 1.39945 0.90552 -0.864883 0.147539 2.08592 -0.238055 -2.13638 -0.254138 -0.144376 -1.20326 0.551711 0.751904 0.751904 
-0.42937 -0.42937 -0.643911 0.371303 0.637411 0.382976 0.89523 0.0118565 -0.951071 -0.751499 -0.167757 -0.172608 -0.908721 -0.421196 0.639412 0.724887 0.192753 -0.352195 0.383138 1.1191 -0.261817 -0.679651 -0.349334 -0.669584 0.0858845 0.511647 0.111056 0.214482 0.196868 -0.769473 -0.476353 1.20946 0.525381 0.128954 -1.00297 -2.12503 0.390967 0.766549 0.0649803 0.205728 0.618306 -0.908052 -0.461711 3.20239 -1.17094 -3.73346 1.32241 1.78396 0.379292 0.379852 0.379852 
-1.44846 -1.44846 -1.11339 0.936707 0.367127 -1.31321 -0.340624 1.54836 0.464724 0.819413 0.611044 -1.01807 0.820138 1.69495 -0.289672 -0.49254 0.0979713 0.150458 -0.168126 -1.21304 -0.549613 0.127046 1.16507 1.84781 0.213488 0.238856 0.240353 -0.881892 -0.962373 0.486276 1.15078 -0.0963378 0.012372 -0.407695 -0.446957 0.851373 0.443209 -0.112555 -0.671712 -0.0941042 0.842101 0.0951467 -0.123101 0.566455 1.27275 0.766341 0.304349 1.62189 -1.38024 -2.59219 -2.59219 
1.31858 1.31858 1.94766 -0.0603152 -0.961687 -0.507054 -0.936094 -0.250131 1.75438 -0.367036 -1.1308 1.91794 1.22436 -0.30138 -0.687271 -1.53109 -1.39949 -0.205929 0.460794 0.809251 0.439584 0.273729 -0.00106116 -0.985802 0.341057 0.754448 -0.520708 -0.831576 -0.260214 0.382224 0.311133 0.00772897 -0.960516 -0.0891508 1.43118 0.654812 -0.785239 -1.76294 -1.11708 1.19399 1.70172 -0.0355383 -1.89815 -1.64667 1.19755 0.174699 -0.453397 0.977291 -0.128387 -0.38899 -0.38899 
