53
-0.450023 0.368755 0.589545 0.830095 0.925209 0.949606 0.973449 0.93043 0.915364 0.878046 0.841934 0.842527 0.816781 0.792716 0.683935 0.624551 0.521694 0.512637 0.525989 0.513055 0.517195 0.500998 0.400041 0.442295 0.538737 0.589908 0.606929 0.635113 0.666784 0.682288 0.607353 0.521697 0.259543 0.217381 0.230085 0.192435 0.152215 0.00148847 -0.198827 -0.625395 -0.938795 -1.19129 -1.3786 -1.0683 -1.76922 -1.67673 -1.12641 -1.98104 -0.967725 -1.42179 -1.82061 -2.3498 -2.83426 
1.40461 1.82993 1.45254 0.299656 -0.0723366 -0.21927 -0.353049 -0.152074 -0.178177 -0.186725 0.037889 -0.190964 -0.145209 -0.289159 -0.156448 -0.225684 0.012887 0.177891 0.154292 0.141163 0.0855906 -0.136462 -0.231453 -0.304313 -0.00500303 0.165352 0.361233 -0.108284 -0.28691 -0.227399 -0.241909 0.00357996 0.860632 1.1992 1.36514 1.48849 1.29029 1.54893 1.68596 1.49556 0.997414 0.777237 -0.759495 -0.0208017 -0.999286 -1.12321 -0.697549 -2.00596 -1.65024 -2.12436 -1.27289 -1.93163 -2.53921 
-0.180849 -1.31422 -1.36282 -0.823872 -0.305239 0.174776 0.51674 0.563096 0.637026 0.685017 0.643932 0.719244 0.728629 0.676798 0.616633 0.904942 1.10112 0.963157 1.14894 0.967664 0.835346 0.69523 0.656617 0.707486 0.574078 0.272694 0.129371 -0.261557 -0.402631 -0.804991 -1.04922 -1.37029 -1.27874 -1.46257 -1.69376 -1.84183 -1.80851 -1.79667 -1.78355 -1.30389 -0.780079 -0.334883 -0.357289 -0.176502 0.163271 0.40624 0.191639 0.612307 0.349472 0.803787 1.86402 1.56175 1.62294 
1.0025 0.927838 0.49821 0.080805 -0.175948 -0.333904 -0.402817 -0.543644 -0.657865 -0.711624 -0.77327 -0.925916 -0.81357 -0.738241 -0.644352 -0.883703 -1.03503 -0.820645 -1.06186 -1.00612 -1.05596 -1.19248 -1.26569 -1.01759 -0.97957 -1.2112 -1.20365 -1.06371 -0.708639 -0.605438 -0.382541 -0.23754 -0.133319 0.0463038 0.207367 0.374217 0.646449 0.761167 0.741213 0.490374 0.349149 0.42964 0.737277 1.38812 0.543768 1.44839 1.7185 1.28711 2.49963 2.24944 1.76689 1.57268 0.818794 
2.24688 -0.240686 -1.37933 -1.15829 -0.655804 -0.81116 -0.94642 -0.683556 -0.70776 -0.615774 -0.457485 -0.598094 -0.579691 -0.692104 -0.932092 -0.886893 -0.74871 -1.06306 -0.649092 -0.740617 -0.639547 -0.850363 -1.15711 -1.1183 -0.798019 -0.356568 -0.752512 -0.877177 -0.65989 -0.319303 0.529028 0.822434 1.05868 0.948752 0.914777 1.11089 1.25377 1.17461 0.896996 1.31064 1.46686 1.69779 1.43083 0.59335 0.449087 1.6014 0.417327 1.759 -0.674068 -0.766197 -0.355134 0.497623 1.69008 
0.832865 0.643268 0.315912 -0.230487 -0.786599 -0.945883 -1.08164 -1.03466 -1.04957 -1.2323 -1.34497 -1.29862 -1.42004 -1.43855 -1.15888 -1.08728 -1.00386 -0.707443 -0.598381 -0.43255 -0.292557 -0.393868 -0.687322 -0.671601 -0.778831 -0.946251 -0.990259 -1.02565 -0.810151 -0.527902 -0.160599 0.39127 0.511638 1.00828 1.19127 1.02503 0.86026 0.711001 0.718629 0.986742 1.42605 1.09713 1.34323 0.525882 0.589094 0.962434 0.290317 1.19575 1.13962 1.11514 1.93138 1.61241 1.71209 
-0.383876 -0.599706 0.234092 0.960052 1.21656 1.19155 1.03573 0.48782 0.185892 0.111416 0.307889 0.315799 0.459009 0.331314 -0.104561 0.191376 0.0661533 0.178779 0.453415 0.657422 0.776454 0.463414 0.411482 0.340342 0.666476 0.454916 0.790117 1.32677 1.89543 1.93895 1.36862 1.43505 0.919761 0.583239 0.138671 -0.193933 -0.551083 -0.66916 -0.943716 -1.26566 -1.55155 -1.38449 -1.89595 -1.47612 -2.11243 -0.774356 -1.37608 -1.3766 -0.948027 -1.74619 -0.937666 -0.963144 -0.639674 
-0.341445 -1.01187 -1.04476 -0.733889 -0.377622 0.0894795 0.40572 0.583285 0.649331 0.761805 0.660741 0.584595 0.700049 0.623784 0.798606 0.528465 1.14805 0.768221 0.856016 0.973669 1.0764 1.05902 1.21989 1.41435 1.59388 1.38809 1.44778 1.23276 0.966184 0.372229 0.0894117 -0.336981 -0.815322 -0.80013 -1.06274 -1.46577 -1.90067 -1.94514 -1.8225 -2.02596 -1.71248 -1.36602 -0.702982 -0.298724 -0.538814 -0.195877 0.309041 -0.473498 0.0736521 -0.262843 -0.0824995 -0.908037 -0.147915 
-1.29892 -0.335273 -0.0864572 -0.0960855 -0.273524 -0.796556 -1.46757 -1.22683 -0.853801 -0.748185 -0.494704 -0.590445 -0.814218 -0.84679 -1.05989 -1.03525 -1.35435 -0.981145 -1.12544 -1.04359 -0.602125 -0.241686 0.0975768 0.164461 -0.157776 -0.490583 -0.995257 -0.966349 -0.858306 -0.427765 -0.049286 0.0989651 0.433615 0.477536 0.561806 1.35887 1.91245 1.98891 2.24456 1.67336 2.26517 1.02848 0.858431 0.751236 1.36028 -0.163814 0.157117 0.167195 1.06821 1.45771 0.734132 0.0121812 0.609712 
-2.91505 -2.44059 -1.03198 -0.720055 0.38162 0.303639 0.792435 0.859555 0.788506 1.0229 1.02532 1.02016 1.36311 1.27749 1.26272 1.02849 0.554711 0.858822 0.753392 0.0779721 -0.179925 0.00978191 0.22375 -0.101491 0.0414235 0.465605 0.764298 0.664082 0.0743041 0.0600462 -0.43654 -1.40911 -1.34842 -1.45812 -0.807958 -0.0795319 0.668998 1.10659 1.28973 0.970804 0.199587 0.421646 0.417874 -0.69372 -0.230661 -1.41823 -0.760089 -0.124198 -1.59478 -0.916734 -1.42822 -1.12221 0.468249 
0.659327 1.13019 0.430451 -0.743852 -0.883012 -0.501879 -0.366435 0.125304 -0.219364 -0.468381 -0.528331 -0.555456 -0.919446 -0.665608 -0.273567 -0.348714 -0.386383 -0.98193 -1.48837 -1.38376 -1.56775 -1.54971 -1.54803 -1.16709 -0.912973 0.26154 0.524415 -0.217538 -0.295385 -1.11873 -0.967348 -0.279176 0.897919 0.576545 0.634853 0.44459 0.106612 0.666734 0.442752 0.904232 0.278399 1.60115 2.9198 1.50878 1.99404 0.742952 -0.389014 0.906311 0.260531 0.1159 -0.611213 0.952308 2.25281 
0.154173 0.9037 1.39962 1.43861 0.640903 0.800666 0.926638 0.580117 0.59299 0.345518 0.162806 0.272763 0.232251 -0.105667 -0.0408631 0.238075 0.265471 -0.110828 -0.043619 0.105078 0.470009 0.130601 0.542708 0.115858 0.187279 -0.145597 0.0913693 0.456894 1.45304 1.47453 1.35786 1.57837 1.18366 0.776405 0.41285 0.178589 0.0626653 -0.230088 -0.00688251 0.220355 -0.426462 -0.810846 -0.997556 -1.99545 -1.36008 -2.3296 -1.31199 -0.928451 -1.71095 -2.38208 -2.00381 -1.62424 -1.18737 
-1.37983 -0.726537 -0.697501 -1.43995 -1.18286 -0.80537 -1.04249 -1.35789 -1.29701 -1.11666 -0.827738 -0.557983 -0.34659 -0.182992 -0.184958 0.248563 0.416632 0.448511 0.27148 0.217374 0.157213 0.269422 0.391708 0.129125 -0.265929 -0.198775 -0.125166 0.184884 -0.245107 -1.07391 -1.56079 -1.22043 -1.37112 -0.772815 -0.573347 -0.545025 -0.5978 -0.081658 0.663388 0.878461 0.550371 1.05717 1.07796 2.05115 1.7549 1.28051 1.64195 1.71485 1.55213 2.11163 1.51508 0.811163 0.382599 
2.7172 2.7172 1.33335 1.03258 0.51527 0.344699 0.183355 0.0902381 0.103883 0.0535122 0.144244 0.169052 0.110039 -0.0886863 -0.173213 -0.159033 -0.0385894 0.239529 0.230251 0.208203 0.200394 -0.0511301 0.0887574 0.561184 0.582525 0.39245 0.337436 0.372498 0.342151 0.0870151 -0.155086 -0.603147 -0.499057 0.158749 0.169547 0.0428868 -0.227733 -0.610883 -1.27104 -1.54168 -1.12508 -0.823306 0.523605 -0.705615 -1.2269 1.76766 -0.499037 0.609022 1.56769 -1.81193 -1.99171 -2.19666 -2.19666 
0.354512 0.354512 -2.2321 -2.22324 -0.574539 -0.184118 0.386086 0.562563 0.219165 0.630077 0.269008 -0.0241332 0.115019 0.257535 0.379988 0.553488 0.937396 0.507711 0.21576 0.163357 -0.179059 -0.243663 0.000855945 0.647095 1.04571 0.876198 -0.172521 -0.786319 0.0807323 0.349709 0.654519 2.08297 2.23552 1.10281 0.750096 0.153276 0.375007 0.924455 0.18848 -0.852545 -0.901335 -2.60353 -1.03199 -0.11705 -1.53084 0.770488 -1.17082 -1.28547 0.0819126 0.894427 0.591817 -1.79949 -1.79949 
-2.33019 -2.33019 0.803761 1.86677 1.75633 1.42525 0.612565 0.110265 0.113329 -0.102211 -0.0510125 0.0435705 -0.194698 -0.325036 0.312392 0.792781 -0.00605741 -0.0255276 -0.106706 -0.702843 -0.625701 -0.450095 -0.0921852 -0.269833 -0.929961 -0.948543 -1.11635 -1.11214 -1.13356 -1.32687 -1.17453 -0.545284 -0.288097 -0.892913 -0.825892 -0.330198 -0.0305224 -0.068379 0.808332 1.76538 1.70078 0.677162 0.181657 0.860386 0.976916 -0.0619909 0.271018 0.180629 0.243685 2.72314 1.30529 -0.566937 -0.566937 
-1.04858 -1.04858 -1.7887 -1.41539 -0.855137 -0.449515 -0.412526 -0.510363 -0.32235 -0.208821 -0.422355 -0.0466364 0.445652 0.405796 -0.273725 -0.80324 0.176556 -0.0175543 -0.360124 0.0531239 -0.362038 -0.412508 0.418033 0.658243 -0.37768 -0.44349 0.358856 1.10931 1.02999 0.744564 0.834827 0.578556 0.65332 0.776064 0.748483 0.988542 0.875969 0.245021 -0.544366 -0.806238 -0.0907622 0.878513 2.11013 -0.377477 0.170542 2.57711 -0.307892 1.72716 2.11844 -1.5419 -1.421 -2.00693 -2.00693 
-3.51142 -3.51142 -0.869315 0.731522 0.364364 -0.257723 0.150228 0.258557 0.0918744 0.269887 0.0430038 -0.0934477 -0.0659443 -0.317991 -0.164249 0.204636 -0.146079 0.12293 0.340278 0.0350678 -0.0812943 -0.479102 -0.235603 0.376036 0.768788 0.0701467 -0.482068 0.116105 0.569932 1.18548 1.13946 0.542407 0.148973 -0.114616 0.183911 0.356422 0.0879151 -0.322252 0.158445 0.581631 0.403404 -0.00938749 -1.05156 -0.931882 1.00906 -0.00522216 0.179488 -1.03884 -2.43743 0.336859 1.25854 2.02075 2.02075 
-1.17444 -1.17444 -1.95342 -2.45284 -1.60768 -0.689951 -0.239641 0.0242118 -0.477305 -0.690756 -0.190583 -0.209697 -0.351322 0.524355 0.7211 0.292634 0.783448 0.83944 0.554341 0.621871 0.0386393 -0.907671 -0.652165 -0.245599 -0.645433 -0.507405 -0.219167 0.347404 1.04089 1.37231 1.96095 1.42183 1.30126 1.43799 -0.00924815 -0.768492 -0.731407 -0.355023 0.556193 1.49866 0.195188 -0.226626 -1.29297 -1.69227 0.90728 -0.69811 0.463577 1.80841 -0.221804 1.68277 1.03984 -0.524563 -0.524563 
1.09981 1.09981 2.79127 1.75446 0.405707 -0.33483 -1.27394 -1.53636 -0.686076 0.209052 0.357017 0.261356 0.0178086 -1.02223 -0.261383 0.296547 -0.0326791 0.685466 0.849586 0.570124 -0.358492 -0.665545 -0.231092 0.447913 0.195719 0.212005 1.5558 1.97509 1.08941 -0.956206 -0.915053 -0.816208 -1.5399 -1.41289 -1.40586 -1.24885 -0.863561 -0.715221 -1.08137 -1.10172 -0.223465 -0.628597 -0.174626 -0.398846 1.25031 1.31242 -1.09169 0.758724 -0.673822 0.00855387 1.39629 0.525137 0.525137 
-1.41084 -1.41084 0.582844 1.37348 1.69089 1.60957 1.02133 0.51301 0.380765 0.0412517 -0.341965 0.0979305 0.0976886 0.218305 -0.175589 0.728026 0.505177 -0.575248 0.435476 0.465818 0.191478 0.309601 0.739987 0.777892 -0.0352883 -0.278762 -0.297501 -0.960376 -1.73027 -1.76326 -1.42282 -1.82007 -0.922905 -0.484609 -1.33431 -1.68435 -0.95586 0.176897 -0.146126 0.241592 1.35885 2.06905 2.18648 0.351605 0.227023 1.74065 -0.54597 -0.460168 0.446055 -0.299182 -1.29276 -0.114834 -0.114834 
1.69988 1.69988 0.260432 -0.369983 -1.12929 -1.85928 -0.729677 0.814431 0.61458 0.437774 0.139974 -0.565868 -0.472444 -0.456651 -0.372037 -0.528824 -0.0133041 0.245242 -0.185666 0.680639 1.09266 0.941515 0.507359 -0.470976 -1.0621 -1.33192 -0.796959 0.109228 0.703227 1.10319 0.685697 0.620876 0.466574 0.0962712 1.21015 1.90424 0.838482 0.397857 -0.560009 -0.0628334 -1.04707 -2.17383 -0.503349 0.648898 -1.44664 -1.87275 0.396232 1.25416 1.81531 -0.587414 -2.23121 -0.277331 -0.277331 
1.95846 1.95846 1.77372 1.42485 0.981672 0.285058 0.449983 -0.186352 0.00377781 0.0872858 -0.184999 0.202052 0.110603 -0.295988 -0.464913 -0.986633 -0.374734 0.04394 -1.06942 -1.24272 -0.259393 0.276941 -0.308362 -0.389123 0.46269 0.639753 0.0437084 -0.966152 -0.86845 -0.762525 -1.85177 -1.21835 -0.237597 0.432416 1.38506 1.49686 1.16629 0.523654 -0.336219 -1.42097 -0.806075 0.0662254 -1.44964 -0.91903 -1.00538 -0.783649 1.28894 -1.13062 -1.08271 0.007433 -0.415441 1.97369 1.97369 
-0.297902 -0.297902 -1.90319 -1.35619 0.161531 0.429476 0.537401 0.0689301 -0.653867 -0.376053 -0.15954 -0.456208 -0.182057 0.555644 0.234635 -0.184657 -0.692439 -1.14985 -0.466666 -0.152025 -0.236499 -0.0553362 0.298766 0.545081 1.31942 1.32796 -0.542039 -0.8745 -0.953915 -0.730247 0.744619 1.74547 0.760398 -0.331264 -0.203332 -0.590009 0.142182 0.253414 0.157165 -0.234944 0.605445 2.50278 -0.164709 -0.977897 -0.821834 -2.39985 0.0848225 0.55922 -0.845823 -0.925185 0.741553 2.72 2.72 
2.02283 2.02283 0.899546 -1.14553 -0.954597 0.505633 -0.294746 -0.473543 -0.316958 -0.626155 -0.0611006 0.163702 -0.544338 -0.377846 0.597334 0.538198 -0.497658 -0.43472 0.39524 0.865905 0.094266 0.168847 0.0306103 -0.507976 -0.359415 -0.0977057 1.00639 2.20657 1.66269 -0.0965573 0.218067 -0.221474 -1.2139 -1.16464 -0.891162 -0.499685 -0.592156 -0.0560301 0.766017 -0.60939 -1.57629 -0.848918 -1.81881 -0.519198 -0.47434 0.129954 2.26898 -0.576806 -2.2441 -0.409058 1.25198 1.34461 1.34461 
1.0466 1.0466 -1.27744 -0.897703 0.967095 0.144179 -1.00953 -0.513336 0.312135 0.691851 0.840711 0.711623 0.534861 0.179595 0.629046 0.912172 0.243396 -0.331232 -0.474404 -0.279803 -0.00287238 0.30092 -0.323146 -1.18457 -0.635525 0.144847 0.549294 -0.289252 -2.18556 -2.28028 -0.333507 0.22628 0.655794 1.23883 0.289756 -0.130253 0.682016 2.01047 1.50916 -0.277722 0.208032 0.788948 1.56553 1.03764 -1.37272 -0.277608 0.633679 -0.239096 0.571137 -0.151235 -2.25494 -1.97523 -1.97523 
-1.20861 -1.20861 -1.51972 -0.623393 -0.488717 -0.120514 -0.0403978 0.140606 0.184822 0.264559 0.342322 0.18743 -0.0437878 -0.0701791 0.150045 0.362062 0.635073 0.500892 0.190408 0.191927 -0.0454372 0.107336 0.856173 0.733551 0.0482757 -0.0307032 0.202173 0.227687 -0.0724865 -0.291519 -0.491076 -0.132985 1.0109 0.914398 0.102966 -0.188127 -0.453433 -0.856361 -0.739986 0.373787 0.965882 1.92817 0.344547 -1.58786 2.78111 0.97569 -0.975658 2.36058 -2.28136 -3.45894 -0.175144 0.0108163 0.0108163 
-1.81979 -1.81979 -1.81311 1.38311 1.67107 0.857166 0.695711 0.00625188 0.183171 0.169836 -0.361485 0.0160112 0.344784 0.332182 0.355565 0.552874 0.0976751 -0.412369 -0.127649 -0.165733 -0.174941 0.267995 0.80444 0.920733 0.305115 -0.787131 -1.12241 0.32334 0.989535 0.565234 1.44024 1.32534 -0.607461 -0.988765 -0.584358 -0.150844 0.714198 -0.00854383 -1.20881 -0.690219 -1.18918 0.0336192 2.00867 -0.244244 0.80201 0.403913 -1.41933 1.07761 1.7773 0.517025 -1.90077 -1.6724 -1.6724 
2.38319 2.38319 3.21554 0.675135 -0.41646 -0.966326 -1.10039 -0.461649 -0.237112 -0.199422 0.0434084 -0.183249 -0.359364 0.326318 0.804525 -0.320091 -0.711488 -0.14955 -0.601088 -0.47712 0.127164 0.347009 0.0704073 -0.72673 -0.602179 -0.216686 -0.198836 -0.0842154 -0.238878 -0.102821 0.54125 0.623348 -0.342939 -0.491841 0.369873 0.552045 0.134267 0.586094 1.36511 0.628057 -0.922827 -1.26023 0.0727268 0.551958 -0.792974 -0.623468 0.119234 -0.0921432 1.92008 0.760508 -2.64691 -1.53672 -1.53672 
-0.579508 -0.579508 -0.26087 0.849071 0.876652 0.430017 0.000286683 0.129194 0.309607 -0.0331359 0.190657 0.793116 0.4384 -0.561805 -0.979757 0.436564 0.722851 -0.405863 0.112552 0.0505897 -0.345219 0.718058 0.96617 -0.626962 -0.888167 0.680898 1.37763 0.625074 -0.259109 -0.114359 -0.0894735 -0.102703 0.220808 0.133451 0.233585 0.16104 -0.582413 -1.16011 -0.845086 0.4394 1.49025 1.93081 -1.01983 -1.60332 2.57413 -0.356147 -0.673255 2.12324 -2.73811 -2.96889 -0.344701 -0.447896 -0.447896 
1.93461 1.93461 3.24185 0.784494 -1.03074 -0.397789 0.198667 -0.270577 -0.213674 -0.262834 -0.519624 -0.311893 -0.406287 -0.303201 0.20385 -0.208088 -0.289647 0.174233 -0.294674 -0.567181 -0.642796 -0.348934 0.475378 0.597258 -0.472714 -1.24437 -0.185397 0.636135 0.650325 0.242149 -0.74806 -1.03175 -0.759449 -0.194395 0.161722 -0.301316 -0.777129 -0.165331 0.515184 -0.0228928 -0.705551 -1.41105 -0.976234 1.45977 0.533783 -0.900349 -1.06697 -2.3599 0.900466 2.7952 1.15214 0.39949 0.39949 
-0.684901 -0.684901 -1.1354 0.329624 1.60794 1.25178 0.661959 -0.196619 -0.627161 0.276395 0.451693 -0.12723 0.679899 0.98512 -0.191257 0.0740018 0.510998 -0.188899 -0.178492 -0.447417 -1.36193 -0.605365 0.614972 0.0238346 -0.218395 0.402268 0.788826 1.15437 0.942257 0.847681 0.0624352 -0.577293 0.0323364 -1.16436 -1.97255 -0.633648 0.390724 1.17922 1.68984 -0.307876 -1.5385 -1.32461 -1.30429 2.00246 0.914524 -0.382472 2.27872 -0.600473 -0.0955694 1.15581 -1.97332 -1.39338 -1.39338 
1.4432 1.4432 0.561798 -2.02272 -1.77085 -1.42262 -1.01616 0.505033 1.48908 0.892026 0.0497429 -0.283088 -1.08591 -0.232067 1.12638 0.199702 0.335903 0.755304 -0.0927758 -1.02173 -1.04518 0.113583 0.951844 0.368116 -0.195271 1.1615 1.5041 -0.391208 -2.48666 -1.69874 0.124292 -0.525916 -0.501972 0.119234 0.144732 0.46629 0.458924 -0.179882 -0.323292 0.734592 0.407488 0.0467969 0.200593 1.21663 1.46005 -1.98569 -0.465429 0.360515 -0.632452 1.76511 0.444433 -0.735298 -0.735298 
1.70156 1.70156 2.41528 0.902084 0.114957 -0.702597 -1.08805 -0.676411 -0.52403 -0.750586 -0.0470034 0.298713 0.010496 -0.344859 0.361964 0.516368 -1.27465 -0.161088 0.841616 -0.318429 -0.239187 0.396978 0.324565 -0.798019 -1.05202 -0.334871 -0.71347 -1.39155 -0.82294 0.179367 -0.14945 0.353114 1.10737 -0.469547 -1.18119 0.243462 1.582 0.63279 -0.0397665 1.2604 1.55151 0.648944 -1.64853 -1.867 1.15574 -0.79596 -2.08487 0.797347 0.0471566 -1.66782 0.0682449 0.965165 0.965165 
-0.950845 -0.950845 -1.38694 -0.916448 -0.985329 0.321332 1.89445 0.974796 -0.215656 -0.283413 -0.649376 -0.378745 0.12045 0.114356 -0.00502767 0.293054 0.580363 -0.0743334 0.346087 0.929189 0.225361 -0.359988 -0.9322 -1.04079 -0.550665 0.228315 1.04182 1.08266 0.73248 0.0327722 -0.288747 -0.106681 -0.317999 0.559268 1.29557 -0.212202 -0.997147 -0.922515 -0.273787 -0.292028 -1.4154 0.42102 1.99754 -0.60763 -1.69947 1.31972 2.20796 1.02656 -1.22902 -2.75431 0.2594 1.3965 1.3965 
-0.202286 -0.202286 -0.513302 -0.743704 -1.05372 -0.511593 -0.457854 -0.435384 0.206357 -0.205887 0.0647219 0.225937 -0.481594 -0.550664 -0.653302 0.0428029 0.881164 -0.656906 -1.18465 0.684549 1.31719 -0.0812477 -0.631389 0.649801 0.879651 -0.411114 -1.46926 -0.850781 0.143942 -0.914221 -0.443962 1.40144 1.43407 1.40901 0.911363 -0.232627 -0.905208 -1.37708 -1.77123 -0.456469 1.28824 -0.611331 -0.915947 0.358467 0.0831 2.0078 -0.346915 -2.15192 0.976981 0.557275 1.71533 2.09232 2.09232 
-1.21434 -1.21434 -0.829545 1.3674 1.1711 0.179347 -0.338701 -0.923089 -0.398099 0.262678 -0.141454 -0.100906 0.626742 0.208064 -0.605847 -0.737237 -0.764051 0.0737585 0.616873 0.0768491 -0.0170489 0.291477 0.33731 0.632932 0.465668 -1.39455 -1.63444 -0.37481 0.0164107 1.1098 1.65653 -0.0739664 -1.54599 -0.763024 -0.267086 0.157992 0.508257 -0.0745269 -0.428612 0.230286 1.84085 -0.626848 -2.53363 -0.547335 -1.08537 0.55274 1.99655 -0.739749 -1.1293 1.03161 2.47922 1.30672 1.30672 
-0.769865 -0.769865 -2.23005 -1.2917 1.21109 0.503291 -0.666973 0.0162987 -0.0768069 0.21484 0.596116 -0.312873 -0.354507 0.847311 0.686212 -0.749666 -0.662504 0.669687 0.960803 -0.182737 -0.465541 -0.013292 -0.451093 -0.24632 0.32509 1.00734 1.67741 0.500759 -1.61227 -0.999304 -0.0570323 -0.990263 -0.641265 0.262591 0.506939 0.245648 0.348927 1.00189 -0.362941 -1.64025 -0.138865 -0.140995 0.267578 0.992106 0.495652 1.99088 -0.472468 -3.19017 0.15193 2.52835 1.28428 0.0982996 0.0982996 
-1.5415 -1.5415 -1.27192 1.70172 0.847962 -1.29487 -0.358435 1.04658 0.963891 0.483567 0.122369 -0.108789 -0.269353 0.175195 0.628388 -0.165439 -0.774356 -0.401231 0.144843 0.443072 0.520587 -0.119028 -0.946211 -0.113424 1.05208 0.949432 -0.199832 -1.83313 -1.30509 1.4231 1.88773 0.810635 0.827139 -0.151516 -0.863575 0.386797 1.62802 0.695519 -1.51605 -0.815332 0.865559 1.07202 0.284881 -1.97753 -0.825359 1.53267 0.135672 0.0639349 0.170705 -1.89789 -1.18652 0.306897 0.306897 
