25
0.590432 0.515805 0.45516 0.521549 0.436862 0.56357 0.611407 0.647972 0.670362 0.65133 0.634039 0.642652 0.69243 0.688709 0.620007 0.529997 0.447616 0.191656 -0.274271 -0.764017 -1.19986 -1.49267 -1.87261 -2.07482 -2.43331 
-0.292211 0.32882 1.12848 0.315234 0.655005 0.679514 1.13828 1.13156 0.550883 0.734945 1.15655 1.1948 1.1818 0.612194 0.0116424 -0.176961 -1.00587 -0.863984 -0.96997 -1.16874 -1.00387 -0.642058 -1.17952 -1.26032 -2.2562 
-0.680749 -0.441001 -0.530705 -0.127418 0.0788269 -0.378063 -0.701478 -1.02195 -0.944343 -0.939237 -1.20096 -1.02681 -0.777126 -0.61786 -0.541197 -0.433834 0.00495508 0.231981 0.763853 1.00864 1.28642 1.6876 1.98493 1.54075 1.77478 
-0.836066 -0.874296 -1.00351 -1.15697 -1.23237 -0.942857 -1.06848 -0.890136 -0.754907 -0.759169 -0.812636 -0.508376 -0.26795 -0.0588746 0.633965 1.01116 1.44385 1.75301 1.66999 1.31923 0.993366 0.801557 0.827003 0.479038 0.234417 
-0.292737 -0.479907 -0.0902607 -0.106033 -0.530994 -0.786465 0.151866 -0.470165 -1.17205 -1.43296 -1.60023 -1.72784 -0.492985 0.438169 0.751142 0.562353 0.150369 0.28486 0.0618864 -0.380817 0.51661 1.00265 2.12578 1.74798 1.76977 
0.182304 -0.649632 -0.546897 -0.637068 -0.30558 -0.709896 -0.964043 -0.489256 0.00305632 0.268459 0.964919 0.830843 -0.577361 -1.53305 -1.61788 -0.986942 -0.823985 -0.177366 0.0567495 0.693151 1.36401 2.38457 1.67156 0.418059 1.18128 
0.83255 1.21568 1.29317 1.3655 1.26708 1.22274 1.46538 1.33594 0.718348 0.0058089 -1.07655 -1.55261 -1.39473 -0.921793 -0.792868 -0.780663 -0.516575 -0.933428 -0.947689 -0.802864 -0.154953 -0.420945 -0.411806 -0.218364 0.20363 
0.371446 0.376703 0.414681 0.430044 0.376256 1.39958 0.739081 0.186275 1.06028 1.60724 1.40461 1.35068 0.640454 -0.0540576 -0.915023 -1.64889 -1.79304 -1.55454 -0.892406 -0.844445 -0.226123 -0.495096 -0.127883 -0.654096 -1.15173 
-0.570034 -0.841756 -1.14482 -1.24108 -1.1519 -1.28863 -1.10662 -0.517866 -0.547389 -0.83445 -0.977331 -0.463789 -0.102749 -0.46197 0.351143 0.948046 0.678338 1.16738 1.40747 1.42417 1.30996 1.55612 1.23002 0.435719 0.742031 
-1.23393 0.0529082 0.288149 0.617808 0.912664 0.264458 0.359063 -0.633664 -1.34251 -1.14362 0.515149 1.81588 1.78702 1.34804 0.133734 -1.54702 -0.926688 -1.35103 -1.14916 -0.506688 0.108362 -0.42704 0.0592253 0.887661 1.11124 
1.10429 0.269906 0.626113 0.487572 0.298328 -0.135104 0.330754 0.837887 0.535706 0.530998 -0.0388563 -0.810483 -2.23438 -1.68133 -2.09985 -1.30724 -0.791574 -0.657961 -0.266307 1.07425 0.922806 0.716024 0.193225 1.28564 0.809582 
-0.64839 -0.432134 -0.827542 -0.91548 -0.795056 -0.512701 -0.840795 -0.813363 -0.221272 0.215491 0.456765 1.36601 2.30705 2.44861 1.33103 0.678148 -0.377924 -0.942823 -0.599878 -0.530813 -1.10869 -0.406774 0.112504 0.880006 0.178023 
-0.994152 -0.533633 -0.312125 0.132655 0.145672 0.873198 0.0268523 -0.0246799 0.941726 1.44193 1.20467 0.214597 -0.551773 -2.18174 -2.20503 -1.10973 0.217725 0.703711 0.983095 0.732692 0.986206 1.26022 -0.371427 -0.465084 -1.11558 
0.336359 0.336359 0.741272 0.672238 0.845436 1.22597 0.967132 0.894061 0.73442 0.620484 0.699861 0.892442 0.857029 0.516823 0.269053 0.229778 -0.246733 -1.34805 -2.01933 -1.93295 -1.36748 -1.20694 -0.946792 -0.885218 -0.885218 
2.15125 2.15125 0.159399 -0.479268 0.68416 0.849417 0.806042 -0.637485 -0.372529 1.01938 0.816891 0.213335 -0.630829 -1.44679 -0.917673 -1.2348 -0.775838 0.228122 -0.244966 0.131182 0.909699 -0.0656612 -0.680344 -1.31697 -1.31697 
-0.0568118 -0.0568118 0.314199 0.9856 -0.965834 -2.16744 -1.85797 -0.948184 -0.209554 -0.979379 -0.595882 0.564316 0.530553 0.13803 0.0202795 0.841814 1.11329 1.32446 1.36476 0.788304 1.14311 1.18746 -0.730365 -0.87397 -0.87397 
-0.476091 -0.476091 -0.710543 -0.601075 0.300226 0.198051 -0.0281394 0.502606 0.131063 -0.252868 0.374867 0.972838 0.779169 1.69967 2.04175 1.51243 1.37399 0.32471 -1.01801 -1.51211 -1.18869 -0.473901 -0.791623 -1.34112 -1.34112 
0.0432091 0.0432091 0.24336 -0.707903 -0.987813 0.604181 0.176127 -1.73925 -1.31755 -0.693237 -0.537576 1.09975 2.33613 1.2596 -0.0482164 -0.894789 -0.517278 -0.296561 -0.970583 0.337772 1.42232 1.68589 0.677123 -0.608966 -0.608966 
-0.74015 -0.74015 -0.0206824 0.201195 -0.103508 -0.671539 0.181139 0.90516 0.702071 0.900082 0.51261 -1.52879 -2.3257 -1.04212 0.49682 0.737167 0.752372 0.821392 0.811481 1.2351 1.60771 0.265437 -1.94027 -0.508413 -0.508413 
0.729425 0.729425 0.27609 0.019519 -0.150639 0.346815 0.22268 -1.03201 -1.88249 -2.56039 -2.21547 -0.406508 0.977659 0.935432 0.263426 0.460568 -0.165238 -0.571228 0.248015 1.21383 0.614631 -0.317058 0.353056 0.95523 0.95523 
0.221509 0.221509 0.233635 0.123532 1.3329 0.604959 -1.28611 0.555013 1.87454 0.582778 -0.138191 -0.747221 -1.5158 -1.69666 -1.74388 -0.88383 0.282841 1.25023 1.02162 0.969056 0.588792 0.287506 -0.0211374 -1.0588 -1.0588 
-1.13464 -1.13464 -0.821547 -0.121608 -0.193816 -0.0281813 1.26639 0.888935 -0.673895 -0.876173 0.552439 1.45165 -0.105728 0.700959 2.40709 0.474878 0.282411 1.1921 0.349252 -0.282972 0.126475 -0.251615 -2.10825 -0.979755 -0.979755 
0.988081 0.988081 0.256014 0.301608 -0.446278 -0.599432 -0.862927 -1.47742 -0.566053 1.24473 2.08744 0.796713 -0.533841 -1.44049 -2.39022 -0.987056 -0.026129 -0.346179 0.469733 0.785741 -0.115114 -0.213611 0.829472 0.628563 0.628563 
-0.583959 -0.583959 0.208836 -0.412608 -0.748585 -0.00221287 1.06939 0.19435 -0.388802 -0.693767 -1.56754 -2.54056 -1.03133 0.114113 0.387046 1.45139 0.700586 0.559292 1.9344 1.31563 -0.447295 -0.870384 0.609817 0.663074 0.663074 
-0.27489 -0.27489 -0.596319 -0.0512585 0.340015 -0.133917 -0.403284 0.56904 1.00156 0.630869 1.13012 1.86954 1.05836 -1.11691 -1.95636 -1.89137 -1.7984 -0.320116 0.349769 -0.623224 0.0454811 1.2048 1.2741 -0.0163551 -0.0163551 
0.559263 0.559263 0.546443 0.376625 0.606925 -0.0930324 -0.727581 0.748918 1.19831 0.217919 -0.995923 -1.42689 -1.94809 -1.34284 0.876912 1.9771 1.48081 0.627146 0.0273519 0.00628113 0.433423 -1.10206 -1.40153 -0.602371 -0.602371 
0.790125 0.790125 0.677422 0.299134 1.03308 0.327757 -0.412775 -0.250834 -0.31755 0.0726609 0.573069 0.385666 -0.48414 -0.830823 -0.339536 -0.712969 -2.44681 -2.76479 -0.825816 1.19328 1.31433 0.815873 0.654317 0.229605 0.229605 
-1.32565 -1.32565 -1.85176 0.74745 1.4097 0.415572 -0.90969 -0.655697 1.68004 1.29497 -0.348826 -0.877413 -1.05239 0.0788769 0.489797 0.432009 1.52028 0.752484 0.235314 1.26634 0.153017 -0.994654 -0.715615 -0.20926 -0.20926 
0.367809 0.367809 0.945752 -1.05341 -2.6657 -0.719509 1.09798 1.4674 0.0215907 -0.284109 1.37726 1.01808 -0.318504 -0.390801 0.654261 0.989306 0.463904 0.264911 -0.41308 -0.142352 0.392038 -1.56425 -1.72604 -0.0751728 -0.0751728 
-0.147466 -0.147466 -0.0269 1.22399 0.990894 -0.2509 0.446184 0.286097 -0.721307 0.379274 1.46072 0.556044 0.911277 1.50133 -0.0954773 -0.624696 -1.19737 -2.52374 -1.91227 -0.0772303 1.25421 0.548075 -0.844379 -0.494446 -0.494446 
0.196962 0.196962 -0.436527 -0.756222 0.937448 0.838792 -1.49692 -0.931033 0.760258 0.58309 1.25771 1.97741 0.170123 -1.52417 -1.37103 -0.248697 0.462059 -0.238204 0.486103 1.65722 0.961443 -0.43259 -1.46457 -0.792793 -0.792793 
0.427179 0.427179 0.581326 -0.130206 -0.678987 0.125091 1.02273 0.289248 -0.0761927 -0.20429 -1.7601 -2.04455 0.265447 1.88825 1.16347 0.104878 -0.0141494 -0.0315987 0.214752 0.480505 -0.746325 -2.53758 -0.610288 0.922102 0.922102 
-0.384576 -0.384576 -0.591281 -0.363141 0.244334 0.281412 -1.13019 -1.71537 -1.25067 -0.287606 1.71591 2.55317 1.06177 -0.594767 -0.40192 -0.3647 -0.850609 0.313584 1.41877 0.276012 -1.2527 -0.230086 1.00566 0.465787 0.465787 
0.118455 0.118455 0.0346208 0.946229 0.475791 -1.88495 0.0711929 2.51581 0.130363 -1.42331 -0.903465 -0.939716 -0.613698 -0.064443 0.728127 1.65241 1.73414 0.671744 -0.104873 -0.220342 -0.409723 -0.355189 -0.915881 -0.680874 -0.680874 
0.186011 0.186011 0.721716 0.426823 0.0178882 1.06397 0.648306 -1.53863 -1.40456 0.884969 1.728 -0.557351 -0.628162 1.86959 -0.22665 -1.67976 0.495312 -0.00245896 -1.18257 -0.224121 -0.0296173 -1.76398 -0.610905 0.810085 0.810085 
-0.489086 -0.489086 -0.455603 -0.46722 -0.613177 -0.25745 -0.596246 0.266546 2.04762 1.9972 -0.280489 -1.87649 -1.59442 -1.31476 0.381517 1.78467 0.519175 0.412678 0.879786 -0.380971 -0.685374 0.742212 0.667003 -0.0990154 -0.0990154 
0.504137 0.504137 0.0288678 -0.834397 0.211684 1.28818 0.0481493 -1.21738 -0.781395 -1.00365 -1.51458 0.307903 1.92807 0.982569 0.920551 0.137611 -0.784443 0.841417 0.476252 -1.92365 -1.774 0.706282 1.07058 -0.0614487 -0.0614487 
-0.211785 -0.211785 0.203995 0.747654 -0.0296475 -0.533592 0.569631 1.10504 0.0805703 0.13147 0.978278 -0.0213373 -2.2447 -2.26626 -0.55736 0.1539 1.23198 1.67206 -0.197809 -0.198709 1.42784 0.970616 -0.898106 -0.950974 -0.950974 
0.0355131 0.0355131 -0.0884312 0.0890138 -0.297917 -0.929142 0.659382 1.45051 -0.342689 -1.55663 -1.15562 -0.650085 0.106216 2.10675 2.46798 0.485632 -0.940415 -1.01596 -0.408279 0.341248 -0.764068 -1.2944 0.409574 0.628148 0.628148 
