19
0.809103 0.84973 0.91735 0.839882 0.796611 0.78774 0.816809 0.871847 0.815622 0.580762 0.335625 -0.0557173 -0.47109 -0.683351 -1.12693 -1.3106 -1.53944 -1.61191 -1.62204 
0.637064 0.479385 0.183443 0.346273 0.832987 1.14839 1.43335 0.258157 -0.689003 0.0204047 0.420414 0.827719 0.595824 0.418405 -0.642815 -0.869949 -2.00344 -2.05724 -1.33936 
1.01124 0.99064 0.601208 0.346514 -0.0124421 -0.584707 -1.50706 -1.67807 -1.49006 -1.49416 -0.862506 -0.452544 0.452891 0.488431 0.45527 0.807548 0.498025 0.91423 1.51555 
-1.50842 -1.66747 -1.43804 -1.15201 -0.769626 -0.549287 -0.0492701 0.375436 0.796746 1.46298 1.27804 0.91016 1.1807 1.13979 0.290752 0.415677 -0.40298 -0.394193 0.0810159 
-1.52146 -1.25437 -1.41524 -1.27939 -1.34061 -0.533207 -0.323622 -0.274678 0.629588 0.352765 0.477751 0.599477 0.536864 -0.0478834 1.05046 1.89648 0.836199 0.566176 1.04469 
-0.8095 -0.795773 -0.913384 -1.32692 -1.34866 -1.3145 -1.06228 -0.426179 0.32931 0.21256 -0.64837 0.996597 0.822138 0.500309 1.23592 1.13057 0.953948 1.14757 1.31665 
1.37243 1.27364 1.35521 1.39447 1.45479 1.07448 0.505098 -0.0084009 -0.475646 -0.922875 -0.939133 -1.1481 -1.16237 -0.881484 -0.52995 -0.418016 -0.448768 -0.693911 -0.801467 
1.37674 1.58255 1.25001 0.81507 0.0254728 0.106305 -0.185701 0.473281 -0.628743 0.693596 1.13494 0.200959 -0.871948 -1.88792 -1.64316 -0.37683 -0.443818 -0.477995 -1.14281 
-1.81438 -1.77995 -1.60126 -1.36107 -0.775127 -0.237885 0.50002 0.400749 0.443696 1.26995 1.22159 0.579066 0.388655 1.25974 0.44714 0.557466 0.226296 0.337897 -0.0625971 
-0.0507425 0.608583 1.16669 1.47993 -0.16825 -0.720476 -0.568423 -1.21088 -1.06059 -1.25573 -0.571756 -0.481337 -0.656639 2.14284 0.394894 0.419498 -1.23102 1.04545 0.71796 
0.20439 0.573437 -0.750268 -1.29698 -0.712627 0.080216 0.771972 -0.888163 0.626086 -0.254267 -0.69805 -0.594716 0.0653965 0.733414 1.5394 1.67312 -1.80624 -0.846462 1.58033 
-1.59014 -1.72294 -0.768779 -0.13185 0.563986 1.37304 1.21545 1.10433 -0.601376 -0.999928 -0.600932 0.855066 0.82365 1.17116 0.554752 0.30048 -0.989289 -0.970764 0.414074 
0.472047 0.297104 0.156651 -0.222191 -0.810517 -1.72245 -1.53549 -1.20284 -0.689645 0.566265 1.97763 1.87373 -0.135553 -0.412565 1.28894 -0.0072149 0.312021 -0.100666 -0.10525 
1.19832 1.19832 0.809979 0.44533 0.6709 0.90878 1.11894 0.838459 -0.114828 -0.736035 -1.2506 -1.8104 -1.22152 -1.31426 -1.22026 -0.514107 -0.148438 0.570716 0.570716 
-0.243613 -0.243613 0.100096 0.939407 1.10302 0.886661 -0.711828 -2.03313 -0.0121184 1.43257 1.1086 0.430952 -0.196099 -1.08546 -1.13877 -1.21627 -1.0304 0.954997 0.954997 
-0.576618 -0.576618 -0.867192 -0.829363 -1.22356 -1.92291 -1.42483 -0.0465345 0.16065 0.711335 1.2253 1.56515 1.10038 -0.0646896 0.328475 -0.0145713 0.0647813 1.1954 1.1954 
-0.172309 -0.172309 0.528263 0.769027 0.665625 0.850785 1.17247 1.04858 1.42875 0.474485 -1.15325 -0.436302 0.0783681 -1.68389 -1.42288 -1.37505 -1.55785 0.478743 0.478743 
-0.208225 -0.208225 -0.401738 -0.254818 0.73539 1.1347 0.0163461 1.04066 0.560312 -0.588741 -0.00107984 -0.277695 -1.31939 0.392446 2.50213 -0.68079 -2.32641 -0.0574307 -0.0574307 
-0.510004 -0.510004 -1.16696 -1.01955 -0.331176 0.0900582 1.0156 1.78944 0.631851 -1.85355 0.855259 1.91078 -1.11336 0.285952 0.618817 -0.783827 -0.32414 0.207411 0.207411 
0.452577 0.452577 0.736291 0.692643 -0.169645 -1.46379 -1.73751 -1.5276 -1.3914 -0.464558 0.0251037 0.0291848 1.03591 1.7877 1.44047 0.654817 -0.0790291 -0.236872 -0.236872 
0.1554 0.1554 -0.475655 -0.9258 -0.41783 0.0722324 0.641635 -0.156127 0.497193 2.01721 -0.204972 -1.69631 -1.77706 -0.479336 1.76844 1.46141 0.180577 -0.408201 -0.408201 
0.0211954 0.0211954 0.345509 0.987402 1.45561 1.69513 0.691876 -0.403504 1.0553 0.911372 -1.40369 -1.62758 0.758135 -0.222545 -1.42163 -0.662816 -0.660808 -0.770075 -0.770075 
0.735608 0.735608 0.477759 -1.16604 -1.81086 -0.46959 -0.536817 -0.538131 -0.204852 0.192769 0.405521 -0.234682 1.78371 0.612008 -1.45542 -1.38283 0.29493 1.28065 1.28065 
-0.600626 -0.600626 -1.10975 -0.0489476 0.695791 0.755504 -0.608255 -0.150981 0.282547 -0.806042 -0.25915 0.354572 0.668513 0.749612 0.452567 -1.92991 -1.47066 1.81292 1.81292 
0.439188 0.439188 1.04372 0.840841 0.97603 0.305755 -0.416947 -1.63282 -1.85857 -0.205552 1.251 0.912953 0.0423541 -0.41709 -0.889723 -1.41858 -1.20432 0.896288 0.896288 
-0.17421 -0.17421 -0.331721 -0.677702 -1.08951 -0.490605 0.470829 0.722844 1.43606 2.12989 1.07944 -1.56299 -1.69672 1.16985 0.382564 -0.685232 -0.00275784 -0.252908 -0.252908 
-0.41679 -0.41679 -0.86421 -0.110953 0.628343 0.609432 -0.0265882 -1.45412 -1.87219 -1.33389 -1.25853 0.0953845 0.668449 0.0612312 1.04147 1.37482 1.39076 0.942089 0.942089 
0.0596816 0.0596816 0.587208 0.474015 -0.1895 -1.29702 -1.99151 0.283436 2.02193 0.548049 -0.785887 -0.976381 -1.10945 -0.748839 -0.238569 -0.0882314 1.20835 1.09152 1.09152 
-0.545881 -0.545881 -0.50627 -0.614777 -1.38669 -0.452365 1.72318 1.41857 0.551968 0.873209 0.652435 -0.372421 -1.94826 -1.0499 -0.189134 -0.517734 1.02538 0.942283 0.942283 
0.402975 0.402975 0.601799 -0.0621259 -0.108045 0.242991 -0.0122218 0.0360823 -0.649649 -2.30779 -0.927693 0.841512 -1.20583 -1.4153 0.0794858 -0.287025 1.35531 1.50627 1.50627 
-0.176235 -0.176235 -0.0949712 0.559768 0.699368 -0.466917 -0.121215 0.231678 -0.970452 -0.379716 0.102846 -0.798385 0.301468 2.04456 -0.662827 -2.73996 0.275592 1.18582 1.18582 
-0.442663 -0.442663 -0.35277 0.467662 0.634654 0.779287 0.994317 -0.276054 -2.26366 0.094214 2.2536 -1.24257 -1.03291 1.01432 -0.694419 -0.617079 0.562465 0.282131 0.282131 
0.329386 0.329386 0.288269 -0.791277 -1.96926 -1.41482 0.00201545 0.388161 1.06352 1.39649 0.527235 1.01432 1.71866 0.443222 -1.00506 -1.36926 -0.777856 -0.0865655 -0.0865655 
-0.304892 -0.304892 -0.575313 0.108946 0.673768 0.710673 -0.0629767 -0.0125641 1.37982 -0.347611 -2.15666 -0.87021 0.805296 2.20413 1.2401 -0.879684 -1.04894 -0.279495 -0.279495 
0.286964 0.286964 0.751778 0.855977 0.564609 -0.500926 -1.46757 0.315282 1.00426 -1.72851 -1.78641 1.61756 1.06955 -1.52632 -0.266696 0.603056 -0.0255516 -0.0270054 -0.0270054 
-0.233353 -0.233353 -1.31836 -1.57379 0.396543 0.777791 -0.108398 0.155962 0.419284 0.339728 -0.345301 0.846534 0.495713 -2.20118 -1.37988 1.09218 1.69491 0.587483 0.587483 
-0.522093 -0.522093 0.087051 0.807055 0.232201 -0.978559 -0.750269 0.281785 -0.605894 -0.540797 0.436719 0.302952 -0.00289543 -0.353742 -1.7684 -1.33411 1.91951 1.65579 1.65579 
0.275648 0.275648 0.14058 -0.171887 -0.48305 -1.05419 -1.41742 -1.08657 0.823379 1.94335 0.61782 -0.931465 -1.01229 -0.747345 -0.793554 -0.336263 1.41429 1.27165 1.27165 
-0.0809185 -0.0809185 -0.30003 -0.461077 0.137324 1.007 0.787317 0.63012 0.909923 -0.207013 -2.31988 -1.73932 1.74955 1.33566 -1.15599 -0.225192 0.292627 -0.139587 -0.139587 
