37
0.729475 0.731681 0.677089 0.670088 0.699849 0.661705 0.629112 0.595016 0.659184 0.690036 0.720099 0.741245 0.807945 0.818811 0.663022 0.612739 0.621854 0.596511 0.659993 0.766843 0.652417 0.520504 0.299174 0.120735 -0.032987 -0.243514 -0.458664 -0.499037 -0.539023 -0.74493 -1.16454 -1.58353 -1.75691 -1.9662 -2.0387 -2.09849 -2.2186 
0.524641 0.548165 0.555092 0.636032 0.705086 0.819385 1.03448 1.10898 0.880363 0.907126 0.639864 0.856527 0.975104 1.09491 1.22901 1.45061 1.04333 1.00782 0.744788 0.168759 -0.207554 -0.614535 -0.766533 -0.902254 -0.799026 -0.683601 -0.652118 -0.727341 -1.05905 -0.862582 -0.618894 -1.17392 -1.42477 -1.27897 -1.76518 -1.67628 -1.71745 
-0.458912 -0.189656 0.194847 0.282661 0.308963 0.253149 0.0635935 -0.0245674 -0.0720146 -0.216357 -0.485571 -0.775296 -0.936603 -1.25181 -1.47713 -1.67832 -1.5883 -1.54923 -1.3743 -1.12721 -0.853618 -0.732614 -0.340516 0.0847775 0.0705013 0.483346 0.789605 0.668134 0.996386 1.06127 1.63793 1.61553 1.30771 1.54321 1.18084 1.06059 1.52898 
-0.436312 -0.752483 -0.864364 -0.842683 -0.767017 -1.01913 -1.10909 -1.2747 -1.22078 -1.49823 -1.32497 -1.18818 -0.995871 -0.946866 -0.746699 -0.379587 -0.202101 0.277963 0.514728 0.692465 0.933308 1.11873 1.23616 1.30219 1.30155 1.37178 1.51076 1.24068 1.53415 1.2054 0.769945 1.00927 0.437511 0.290105 -0.211735 -0.500417 -0.465491 
-1.81395 -1.32569 -1.24745 -1.13258 -1.51005 -1.0588 -0.950333 -0.358728 -0.411924 -0.00115863 -0.552386 -0.419089 -0.715592 -0.605926 -0.391795 0.122829 0.803055 0.861425 0.97886 1.00759 0.728329 1.04439 0.298499 -0.0294808 0.240306 -0.556179 -0.654831 -0.257627 -0.927654 -0.296153 0.081234 0.590361 1.38424 1.50397 1.99446 2.09582 1.48201 
-0.0173817 -0.871768 -1.41958 -1.2382 -1.24979 -1.43786 -1.28494 -1.02059 -1.17557 -1.19698 -1.32234 -1.10136 -0.955457 -0.324212 0.0919849 0.288224 0.661928 0.189544 0.106633 -0.147463 -0.523808 -0.19605 -0.0144396 -0.0489814 0.62288 0.995225 0.743691 1.671 1.08843 1.39639 1.59088 0.247683 0.92608 0.820617 1.23601 1.56565 1.30392 
0.837558 1.1921 0.789088 0.735574 0.817371 0.950521 1.07806 0.875128 1.53887 1.79174 1.84931 1.65274 1.09926 0.589303 0.346197 -0.223688 -0.588635 -0.749454 -0.931607 -1.12109 -1.1929 -1.04597 -0.704369 -0.715356 -0.957566 -1.40453 -1.1134 -0.882861 -1.33653 -1.07404 -0.47708 -0.646491 0.201998 -0.651061 -0.465652 -0.138553 0.0760024 
-0.31481 0.534352 1.79245 1.24816 1.5565 1.66361 1.63072 1.74765 1.17513 1.46034 1.12086 0.371527 0.150989 0.453901 0.0966645 -0.527557 -0.513208 -0.530271 0.0717001 -0.583457 -0.706958 -1.61866 -1.03049 -1.04604 -0.850327 -1.097 -0.141037 -0.120569 0.175002 -0.488915 -0.96246 -1.70645 -0.121758 -0.961391 -0.901625 -0.548423 -0.478152 
-0.246115 -1.23023 -1.925 -1.37362 -1.35485 -1.25934 -1.22095 -1.24455 -1.48186 -1.52757 -1.08116 -0.742168 -0.0655775 -0.160036 0.243058 0.876645 0.884829 1.01979 0.436531 0.639105 1.03486 1.01718 1.15486 1.14737 1.08209 1.5077 1.32739 0.889585 1.19932 0.357221 0.172392 -0.0370055 -0.0805161 0.390759 0.12977 0.0782072 -0.558097 
-1.15074 1.22732 2.33797 1.69153 1.48935 1.32805 0.984233 0.284741 0.57143 1.10872 0.229203 0.144303 0.0265513 -0.0599434 -1.14831 -0.712987 -0.583497 -0.230819 -0.509378 0.596032 -0.214594 0.010272 -1.50492 -1.87107 -1.28764 -0.705736 -1.12902 -1.38969 -1.54196 -0.0985319 -0.415453 0.0550476 0.37455 0.607902 0.919356 0.0734829 0.494231 
1.85745 -0.0947667 -0.475177 0.323582 -0.361343 -0.742642 -0.615183 0.0692066 -0.136917 -0.684567 -0.811245 1.04083 1.72517 2.06848 1.59343 0.752996 0.663043 0.275149 -0.191854 0.475728 0.683342 0.156704 -1.14764 -0.385448 -0.740671 -1.33542 -1.11762 -1.52339 -1.44141 -0.676416 -2.1907 0.149455 0.773776 0.140424 0.697219 0.0195956 1.20683 
0.628754 0.923893 0.438973 0.236603 0.252792 0.393491 0.535835 0.425237 0.401484 0.672214 0.974477 0.972876 1.30194 1.33043 1.44285 0.901556 0.56356 0.779268 0.891478 0.731419 0.934818 -0.0257107 -0.93216 -1.3561 -2.01129 -1.61947 -2.02104 -1.65683 -1.22021 -1.36721 -0.947488 -0.487827 -0.299419 -0.64357 -0.274625 -0.718095 -0.15291 
-1.25412 -1.46209 -0.791331 -0.600309 -0.465402 -0.684101 -0.793933 -0.765659 -0.367648 -0.56564 -0.334063 -0.830849 -1.4407 -1.50368 -0.999988 -1.12237 -0.607825 -0.631923 -0.403076 -0.704444 -0.18167 0.169702 0.779085 1.42061 1.55645 1.4712 1.73583 1.42443 1.38606 1.22805 0.561447 1.09056 1.04842 0.745158 0.715224 0.516771 0.66183 
0.488948 0.488948 0.448043 0.822783 0.684428 0.407419 0.425404 0.855266 1.1438 0.992288 0.949167 1.11193 1.06626 0.0778455 -0.193806 0.538785 0.649578 0.891104 1.47837 0.688014 -0.372691 -0.847616 -1.05431 -0.75396 -0.896511 -1.16941 -0.413496 0.364678 -0.370711 -2.05722 -3.00384 -1.90994 -0.978351 -0.530168 0.134012 -0.0775298 -0.0775298 
0.414835 0.414835 0.574631 0.747536 0.840379 1.24683 1.13605 -0.0988381 -0.231686 -0.339244 0.189266 1.26309 0.993542 1.03673 1.32002 -0.18668 -0.902243 -0.500775 -2.00509 -2.32037 -1.8499 -1.22561 -0.470664 0.239656 0.938622 0.738949 0.208356 -0.80245 -0.0463024 1.55509 -0.536392 -1.91274 0.037722 -0.61731 -0.775676 0.462913 0.462913 
1.29937 1.29937 0.862097 -0.0011549 -0.347294 -0.867506 -0.945461 -0.602984 -0.73838 -1.27283 -1.6232 -1.36315 -1.42457 -1.57883 -1.30404 -0.544087 0.0349194 0.239565 0.740887 0.97865 0.674799 0.96039 1.69372 0.714367 0.684366 1.45685 0.169162 0.222165 0.671282 1.26993 1.05957 -1.07199 -0.450451 -0.581926 -1.43928 0.562836 0.562836 
-1.04404 -1.04404 -0.195413 0.275673 -0.41206 -0.828068 -0.610774 -0.249396 -0.530311 -0.230549 0.809928 0.85779 0.637304 0.657031 1.45606 1.39909 1.68281 1.83171 1.07231 1.08256 1.10185 0.791874 0.491993 0.195405 0.20595 0.556644 -0.298149 0.0899087 -0.0574767 -1.8884 -0.461488 -0.803863 -1.77526 -1.59964 -1.9545 -0.606236 -0.606236 
0.667394 0.667394 0.0175742 -0.775523 -0.190098 0.655593 0.899846 0.618505 0.303785 -0.562956 -1.04584 -0.60254 -0.643666 0.245009 0.949772 1.76093 0.966898 -0.0125462 -0.0641292 -0.754513 -0.254458 -1.06656 -2.1874 -0.419781 -1.23514 -1.87634 0.201075 -0.79331 -0.385555 1.4373 1.22433 1.94916 1.27147 0.743486 0.711523 -1.21034 -1.21034 
-2.43885 -2.43885 -0.717758 0.173245 -0.440659 -0.167274 0.584487 0.0728487 -0.401983 -0.352761 0.0500112 0.500749 1.18247 1.63161 0.908775 0.838166 -0.272853 -1.03159 -0.668869 -1.15645 -0.189615 0.737513 0.135496 0.950124 1.62623 0.0918648 1.01402 0.463962 -0.56519 0.726015 -2.01763 -1.21355 0.843138 0.406108 1.12911 0.00397664 0.00397664 
-0.0100777 -0.0100777 -0.792886 0.137163 0.495259 0.583007 -0.0617267 0.966928 1.84133 0.678453 -0.183745 -1.35599 -1.95719 -1.36176 -1.47673 -1.71046 -0.925716 -0.575046 -0.630031 -0.418349 0.227013 1.02009 0.717152 -0.402824 -1.23919 -0.21605 1.08366 -0.345143 -0.283851 1.73167 0.903113 1.38564 0.0741387 -1.19791 1.0661 1.12201 1.12201 
2.60948 2.60948 0.855024 -0.340786 0.479367 0.049732 0.062105 -0.617331 -0.405461 -0.11205 -1.41461 -1.26485 0.0600009 -0.112113 -1.27944 -0.81159 -0.0471317 0.692729 -0.110678 -1.0241 -1.34711 -0.45107 0.677254 0.18313 -0.107876 0.849334 1.18569 0.354203 -0.50749 -1.47586 -1.57668 1.01479 0.894374 -1.02562 0.476244 0.48947 0.48947 
-2.6177 -2.6177 -0.169573 0.968075 0.241258 0.272532 0.0826332 -0.356939 -0.392193 0.697902 1.31126 1.67826 0.987176 0.551124 1.71189 1.08226 0.287279 -0.655702 -0.547908 1.013 0.661833 0.250378 0.266613 -0.0569846 0.633544 0.450149 -0.926446 -0.145137 -0.789732 -1.57825 -0.569493 -0.34418 0.741057 0.394319 -0.439272 -1.03766 -1.03766 
3.06962 3.06962 0.333088 -0.854748 -0.415796 -0.543952 -1.0309 -0.460425 0.658597 -0.39657 -0.959517 -0.270283 -0.271725 -1.14993 -0.677792 0.424114 0.349333 -0.0198643 0.661199 0.179791 -0.616915 -1.2544 -1.78914 0.109671 0.967451 0.0565885 -0.705761 -0.460547 1.0813 0.932321 0.0520307 0.627859 0.41329 0.406007 -0.570463 -0.471574 -0.471574 
-2.02339 -2.02339 0.429953 0.158384 -0.894003 -0.169512 0.78088 0.483388 -0.615357 -0.544507 1.59559 2.31886 0.973329 -0.0606161 -1.11629 -0.772867 -0.369283 -0.70554 0.235744 0.837374 -0.227643 -1.57602 -0.426631 0.419801 -0.790324 -0.279303 -0.110774 -0.23189 0.812207 -0.611361 0.793385 2.70061 0.048812 -0.0114086 -0.0508909 0.511338 0.511338 
-0.216907 -0.216907 -1.09828 -0.210528 0.397243 0.620736 0.175546 -0.118708 0.556842 1.1344 0.651951 0.699434 0.752742 0.368928 -0.640483 -1.43842 -0.0973373 0.700235 0.0345371 0.196084 -1.22201 -3.18819 -2.23757 -1.79245 -0.347287 0.102036 0.0531307 1.53803 0.632376 0.602448 1.6772 1.26741 -0.156606 0.163229 -0.0127223 0.334932 0.334932 
0.693804 0.693804 1.49279 0.419733 -0.400753 -0.890855 -0.39628 0.6207 0.167592 -0.165701 -0.76405 -2.44905 -1.58034 0.649593 0.530638 0.552368 0.74919 0.177064 -0.378184 0.210419 1.51756 1.691 2.27204 1.32376 -0.131636 0.126264 -0.326632 -0.933401 -0.626206 -1.88427 -0.508291 0.742222 -0.924634 -0.900189 -0.690312 -0.339879 -0.339879 
-0.00351087 -0.00351087 0.376569 0.27773 -0.383306 -0.224739 0.492206 0.766607 0.176951 -0.159427 0.159322 0.15674 -1.01084 -1.24005 0.505485 0.893378 0.395316 0.878579 -0.168007 -1.83946 -1.51953 -0.653353 0.132968 0.198023 -0.383389 0.527874 1.59392 0.0813716 -2.41843 -2.63267 0.187354 2.09233 1.43741 1.16619 0.497065 -0.176579 -0.176579 
0.0974307 0.0974307 0.238518 0.183886 0.374454 0.208304 -1.131 -1.14901 -0.229127 0.310529 1.27452 0.623314 -0.21767 0.233437 -1.03124 -1.84628 -0.289255 -0.932862 -1.51772 0.0936752 0.860349 1.09247 1.16267 1.11699 0.374453 -0.628843 -1.29071 -0.240756 1.89075 -0.432864 -2.86264 0.435506 1.02409 -0.696677 0.848482 0.977705 0.977705 
-0.446665 -0.446665 -1.32349 -1.23093 -0.882492 -0.610092 0.266161 0.207818 -0.682898 -0.901251 -0.0942551 0.199236 -0.221591 0.119904 1.04849 1.35749 0.793454 0.714548 0.748186 -0.0696467 -0.0210673 1.03242 -0.252411 -1.02774 0.751634 -0.525825 -1.25661 0.507496 1.06172 0.391871 -2.38126 -1.53628 0.495247 -1.0069 1.16024 2.03108 2.03108 
0.94079 0.94079 1.51969 -0.368272 -1.45838 -0.346234 0.609059 -0.00316699 -0.0788844 1.54491 1.23536 -0.314174 -0.348747 0.904089 0.809841 0.176596 0.429576 -0.852254 -1.02264 -0.0657475 -0.459249 -0.85147 -0.835016 -0.453548 0.341864 -0.721508 -0.675593 0.193706 -2.53309 -0.598514 1.23069 -1.71648 -1.07994 -0.322305 1.11871 1.55477 1.55477 
-0.402779 -0.402779 -1.06993 -0.0308453 1.3477 1.06071 0.11265 -0.357558 -0.849994 -0.991457 0.110551 0.48216 0.856804 1.48425 1.41904 0.158255 -1.348 -0.72345 -0.480293 -0.0162563 -0.118641 -1.48214 0.687913 0.944893 -1.08141 1.35199 1.05489 -0.349623 2.02023 1.49808 0.574422 0.183507 -0.870358 -0.32718 -1.4997 -1.47282 -1.47282 
1.29501 1.29501 2.02858 0.106163 -0.402325 0.722034 0.0757199 -0.93414 -0.472381 0.250155 0.580725 0.810383 0.809067 -0.347307 -0.775217 -1.09481 -1.66135 -0.448017 -0.224777 0.272599 1.43734 0.145691 0.0530691 1.10535 -0.828583 -0.626009 0.184376 -1.42215 0.0937752 -1.31777 -1.71883 2.23331 1.2115 0.113466 -0.453051 -1.0483 -1.0483 
-0.658402 -0.658402 0.0844154 0.995639 0.322905 -0.47804 0.273449 1.48676 -0.263585 -1.65058 -1.65807 -1.44961 -0.0377918 0.350554 -0.311689 0.4069 0.873658 0.202975 0.0919682 0.651325 1.11568 0.358283 -1.16965 -1.59569 0.11599 1.82205 -0.136288 -1.1254 1.62554 0.914827 -0.309552 -0.695274 -2.09663 0.759079 1.8197 0.0114734 0.0114734 
-1.17827 -1.17827 -2.06287 -0.158308 0.40847 -0.189085 -0.373875 -0.226297 0.493365 -0.626937 -0.7332 1.21043 0.972323 -0.871269 -0.397853 1.03119 1.2324 0.0725759 -1.15044 -0.795065 0.543485 1.61711 0.588734 -0.461215 0.612409 1.0765 -0.246689 -1.13294 -1.23421 -0.671352 1.96205 1.94755 -1.38981 -0.189727 1.24037 0.129368 0.129368 
1.84286 1.84286 2.74937 0.219471 -0.662122 -0.234289 -0.609474 -0.486248 0.732639 1.24947 0.673287 -0.366133 -1.00603 0.469583 0.315336 -1.24307 -1.49276 -0.773396 1.22178 0.856068 -0.71557 -0.422815 -0.352807 0.18449 0.296208 -1.35094 -0.582234 0.00104604 -1.24984 0.067602 0.875453 0.936396 0.480568 -1.04842 -1.24894 -0.584706 -0.584706 
-1.83463 -1.83463 -2.71555 -0.360559 0.425316 -0.261348 0.25677 1.44778 0.242181 -1.00519 0.288481 0.704902 -0.457535 -0.10632 1.36216 0.956557 -0.134436 0.426109 0.342892 -0.753044 -0.868792 -0.674515 1.20644 2.23915 0.155458 -1.04605 -0.188691 1.52014 1.2278 -0.568497 -0.0309686 0.462741 0.030296 -0.534741 -0.456003 0.268162 0.268162 
1.4773 1.4773 1.29778 -1.01963 -0.361196 0.962711 0.287144 -1.06741 -0.823921 1.31707 1.74834 -0.555784 -1.71737 -1.52576 -0.615269 0.349355 -0.0999401 0.255498 0.875475 -0.450761 -1.73978 -0.275984 1.17486 -0.38486 -0.606579 0.304761 -0.113104 0.465677 -0.395289 -0.156887 2.04489 -0.636635 -1.93719 -0.210353 0.201109 0.227208 0.227208 
-0.757431 -0.757431 -0.00762305 1.25013 0.689085 -0.200259 -0.637554 0.309036 1.04538 0.0673197 -0.380391 0.0721192 -0.29216 -1.18975 -1.53952 0.445737 1.79332 0.0983721 -0.438822 -1.0743 -2.87141 -0.870769 1.16584 1.58355 1.5871 0.325188 1.19985 0.476227 -0.803217 0.869463 0.548622 -1.56187 -0.945613 0.108515 0.132011 0.280622 0.280622 
0.646883 0.646883 -0.195732 -1.46742 -1.00965 0.0229939 1.20642 0.462259 -0.598037 -0.712086 -1.77351 -0.621504 2.45268 1.67712 -0.0568635 0.191098 -0.275225 -0.865784 0.0456738 1.50811 1.1821 0.611934 -0.268895 -1.868 -0.920846 -0.133639 -0.812616 -0.215758 -0.727188 0.112074 2.08193 -0.30745 -1.27022 0.203482 0.459462 0.294657 0.294657 
