20
0.828284 0.925931 0.943692 0.98562 0.994335 0.960265 0.889049 0.783099 0.667211 0.570302 0.291228 0.0125768 -0.343353 -0.644403 -0.849467 -0.972016 -1.29404 -1.43073 -1.6432 -1.67438 
-0.457731 -1.27331 -1.05156 -0.983247 -0.341474 0.324201 0.885748 1.33439 1.18872 1.035 0.467045 0.790789 0.977757 0.907065 0.496566 0.453202 -0.393206 -1.11158 -1.41792 -1.83045 
-0.0700746 -0.239822 -0.446935 -0.823564 -1.19996 -1.49657 -1.52382 -1.23367 -0.778619 -0.722871 -0.268082 0.427355 0.739332 0.776633 1.17888 1.27859 1.30832 1.17033 0.812294 1.11226 
-1.03356 -0.941865 -0.987835 -0.993043 -0.739725 -0.206242 0.0268477 0.459665 0.730042 0.805625 2.00848 1.60242 1.35471 0.358955 0.759906 -0.0982117 -0.595273 0.145816 -1.18459 -1.47213 
-1.22869 -1.43311 -1.31431 -1.1398 -0.947566 -0.911022 -0.749881 -0.685359 -0.505045 -0.225055 0.445166 0.283799 0.830599 1.08543 1.42238 1.11192 0.893544 0.996573 1.07496 0.995463 
0.789014 0.543787 0.363427 0.79206 1.12508 0.498249 -0.442281 -1.24354 -1.94264 -1.44739 -1.5499 -1.11393 -0.830177 0.178001 0.50384 0.487779 0.782026 0.247233 0.888078 1.37129 
1.21781 1.23626 1.27254 1.20864 1.3195 1.25012 0.796359 -0.0141351 -0.78741 -1.18362 -1.52738 -1.40939 -1.22245 -0.743124 -0.627656 -0.286639 -0.112913 0.0339984 -0.160778 -0.259734 
-0.551736 0.484753 0.542851 0.319499 -0.600022 -1.40478 -0.642753 0.828607 0.959691 0.193121 0.243178 1.60725 -0.799989 -1.48535 0.777578 1.69094 0.261142 -0.142806 -2.1479 -0.133286 
-1.46828 -1.65731 -1.50988 -1.3702 -0.877817 0.491741 0.939233 1.10836 1.0345 0.139835 -0.706891 -0.42809 -0.137098 0.330746 0.200948 0.332186 0.369192 0.193617 1.35556 1.65963 
1.06103 1.17068 1.44038 1.76488 1.41002 0.28334 0.081664 0.105831 0.0523313 -0.27508 -0.831325 -1.75512 -0.943008 -1.00557 -1.51827 -0.872348 -0.109899 -0.517595 0.113901 0.344163 
1.36268 0.423922 -0.203824 -0.089778 0.554803 1.78272 1.37744 0.48214 0.662664 1.1139 0.553297 -0.470523 -0.924737 -1.95088 -0.978882 -0.705772 -0.986441 -0.550887 -0.158981 -1.29285 
0.744473 1.41604 1.72005 1.5913 0.941452 -0.590946 -1.58136 -1.17851 -1.21312 -1.0216 -0.18805 0.283076 -0.676619 -0.0785084 0.379558 0.422881 0.0302486 0.804756 -0.648385 -1.15674 
-1.20725 -1.09037 -1.16447 -1.43509 -1.56329 -1.18316 -0.789427 -0.35787 0.445766 0.857697 1.57782 1.50552 0.459226 0.673669 0.417578 0.514131 0.860943 0.661103 0.273039 0.544433 
1.54811 1.54811 1.31833 1.28103 0.967635 0.638017 0.341597 0.157379 0.194664 -0.47828 -1.22774 -1.54468 -1.63705 -1.01491 -0.278809 -0.761144 -0.819441 -0.367643 0.0674101 0.0674101 
-0.570911 -0.570911 0.544711 1.07484 1.82881 1.72756 1.45362 0.560996 -0.19928 -0.732272 -0.129637 0.823201 0.325357 -0.428745 -0.394252 -0.944442 -1.79641 -1.11476 -0.728739 -0.728739 
-0.836329 -0.836329 -1.20695 -1.51022 -1.36687 -0.741382 0.30979 1.17383 0.753903 0.753427 1.89942 1.64357 0.464535 0.62626 0.738056 0.0706868 -0.35513 -1.04981 -0.265226 -0.265226 
0.182178 0.182178 0.0707304 0.414955 1.03452 1.01126 0.895478 0.938363 0.527495 1.59998 1.04602 -0.622337 -1.30056 -0.554513 -0.396212 -1.42905 0.410258 -0.548202 -1.73127 -1.73127 
-0.934176 -0.934176 0.179352 0.395154 -0.0102768 -0.101648 -0.0194312 0.0369099 0.670104 2.10979 0.812779 0.450083 1.67315 1.05648 -0.604731 -2.23667 -1.02155 -0.149448 -0.685845 -0.685845 
-0.556806 -0.556806 0.183487 0.747475 -0.412038 -1.81114 -2.00276 -1.73754 -0.313213 0.342204 0.277073 0.701411 1.33004 1.37627 0.251057 0.21635 -0.353523 0.0272448 1.14561 1.14561 
0.334572 0.334572 0.203629 0.322238 0.313508 -0.584323 -1.76279 -2.27087 -1.61209 -0.929103 -0.111455 0.732428 1.30701 1.19337 0.973429 1.06607 0.757413 0.17144 -0.219523 -0.219523 
0.710538 0.710538 -0.067804 -0.671786 -1.03099 0.00789198 1.4141 1.0243 -0.358318 -0.408377 0.907955 -0.610187 -1.87635 1.00893 1.99663 -0.284767 -1.09862 -1.45404 0.0401727 0.0401727 
-0.466234 -0.466234 -0.101216 0.281835 1.64756 1.59771 0.264688 -0.314245 -1.49554 -2.35378 -1.05069 0.21269 0.422614 -0.0446551 -0.418441 -0.233213 -0.573915 0.675283 1.2079 1.2079 
0.504499 0.504499 0.771491 -0.00464614 -1.80799 -1.61763 -0.187498 -0.00336237 -0.440263 -1.06502 -1.80614 -0.105697 0.964554 -0.68178 0.198636 1.78325 0.473933 0.311202 1.10398 1.10398 
-1.21886 -1.21886 -0.223468 0.979483 2.03262 1.04 -0.96744 -0.413579 0.859531 0.158819 -1.2358 -1.13522 -1.13742 0.211029 1.43944 0.255074 0.408661 1.04456 -0.439282 -0.439282 
1.04845 1.04845 0.362441 -0.455175 -1.65834 -1.95027 -0.291428 0.527859 0.346719 1.09088 1.33055 -0.206571 -0.0977235 1.11754 0.641994 -0.0872018 0.53955 -0.36949 -1.46912 -1.46912 
-0.164065 -0.164065 -0.745882 -0.827109 0.149941 0.933587 1.0108 1.62623 1.59676 1.47138 0.744349 -1.90778 -1.47726 -0.290836 -0.467838 0.437368 -0.00764024 -1.11099 -0.403474 -0.403474 
-0.137405 -0.137405 -0.193139 -0.318067 -0.754788 -0.729428 -0.512197 -0.0136357 -0.743802 -1.91922 -1.38734 -0.405625 0.99737 2.23512 0.585018 -0.601829 0.793783 1.53086 0.855862 0.855862 
0.992454 0.992454 1.49053 1.15075 0.557534 -0.408222 -1.15174 -1.60868 -1.27079 0.00971816 1.40571 0.37177 -1.23196 -0.731813 -0.540231 -1.3731 -0.215731 0.947405 0.306964 0.306964 
-0.46928 -0.46928 -0.786649 -0.248782 0.723159 1.67319 1.92283 0.383336 -0.521372 1.11735 0.850105 -1.58302 -1.14604 0.204812 -0.662828 -1.22543 -1.25401 0.0126576 0.739631 0.739631 
0.135131 0.135131 0.456765 1.1398 0.796433 0.109345 0.171155 -0.104568 0.857458 0.723755 -1.8372 -1.95331 0.302637 1.08426 -0.577878 0.992807 1.0623 -1.76172 -0.866157 -0.866157 
0.787672 0.787672 0.948056 -0.180834 -0.409126 -0.0467058 0.0630744 0.472561 1.50067 0.0661341 -1.2734 0.599527 0.410772 -1.73283 -2.48738 -0.349686 1.51132 0.209597 -0.438552 -0.438552 
0.394936 0.394936 0.861778 -0.710789 -2.33574 -1.53457 -0.156919 1.18068 1.50366 0.270767 0.0794912 0.653749 0.340774 -1.11097 -1.17797 -0.718285 -0.374375 1.02306 0.707884 0.707884 
-0.0491982 -0.0491982 0.068835 0.190455 -0.821054 -1.98511 -1.59725 0.231075 1.41636 1.57447 1.73458 1.49269 0.539811 -0.250852 -0.0455704 -0.133859 -0.809179 -0.891087 -0.307957 -0.307957 
-0.413247 -0.413247 -0.747332 -0.51549 0.393236 1.36975 0.579491 -0.963107 -0.775181 0.717703 -0.0943468 -1.52282 0.912872 2.15957 -0.698307 -1.69481 -0.629483 0.647187 0.843782 0.843782 
0.117872 0.117872 0.41351 1.18585 0.851744 -1.23115 -1.6395 -1.52239 -1.73796 0.179485 1.81695 0.973249 -0.362467 -0.812974 -0.309378 -0.283844 0.537327 1.21135 0.247223 0.247223 
0.110129 0.110129 -0.444708 -1.92473 -1.23381 1.07771 1.07326 -0.261429 -0.839679 -1.05716 0.605053 1.89995 -0.492559 -0.628267 1.68144 0.116067 -1.13306 0.369667 0.485999 0.485999 
0.592778 0.592778 1.34988 1.38622 0.00439467 -1.92184 -0.948534 1.11615 0.326556 -1.35243 -0.848122 0.0282264 0.813595 1.58811 -0.00597303 -0.682436 0.463187 -0.567364 -0.967581 -0.967581 
-0.270444 -0.270444 -0.911419 -1.31684 -0.904725 1.33896 2.2101 0.76764 0.708743 1.03864 -0.749783 -0.852341 1.30541 0.847267 -0.677107 0.187049 0.0460592 -1.30735 -0.594704 -0.594704 
-0.437369 -0.437369 -0.500341 0.70818 1.37868 0.681076 0.550663 0.467957 -0.10636 -0.647151 -2.60603 -1.70863 1.26724 0.79625 0.578232 0.370459 -1.18669 -0.293185 0.562195 0.562195 
