26
0.747709 0.741076 0.747658 0.704876 0.627826 0.631168 0.629561 0.671362 0.695558 0.659719 0.599311 0.665612 0.620868 0.572302 0.530978 0.377066 0.195248 0.0201329 -0.193134 -0.36229 -0.644065 -1.24832 -1.64393 -1.97406 -2.17922 -2.19301 
0.331359 1.04625 0.907346 0.668245 0.691003 0.753367 0.843168 0.860084 1.10223 1.10713 1.00553 0.974652 0.675352 -0.148243 -0.583932 -0.464304 -0.0349533 -0.303403 -0.385027 -1.17594 -0.838583 -0.310662 -1.0088 -1.48804 -2.01891 -2.20493 
-0.347297 -0.747195 -0.0837228 0.597099 0.793991 0.719677 0.516202 0.0748425 -0.792274 -1.41772 -1.45166 -1.49703 -1.37108 -1.28747 -1.11305 -0.70506 -0.277724 0.032579 0.110889 0.821485 0.849589 1.49239 1.1498 1.0728 1.44984 1.4101 
-0.0424065 -0.191996 -0.726352 -1.14612 -1.34691 -1.31759 -1.34676 -1.15018 -1.07074 -0.800425 -0.296091 -0.304263 -0.388287 -0.104815 0.230988 0.402917 0.743945 1.20514 1.73205 2.03675 1.62988 1.10391 0.916338 0.437635 -0.16068 -0.0459665 
-0.945561 -1.41656 -1.34839 -1.11234 -0.88599 -0.608419 -0.17342 -0.76115 -0.558989 -0.703499 -0.989884 -0.599196 -0.423256 0.563922 1.38242 1.10783 0.576047 0.11503 0.201856 0.105283 -0.345274 0.30789 1.37343 2.04946 1.42245 1.66631 
-0.22667 -0.374888 -0.813046 -1.41778 -1.95027 -1.83537 -1.88299 -1.20024 -0.648414 -0.166986 -0.213024 0.310082 0.512558 0.561641 0.722055 0.572983 0.850097 0.398013 0.384067 0.224786 0.670833 1.07503 0.846986 1.50421 1.27029 0.826066 
0.430208 0.902538 1.42849 1.62924 1.68864 1.44844 1.3227 1.19401 1.03014 0.56368 0.0175335 -0.614005 -0.94714 -1.23378 -1.21379 -0.876034 -0.821976 -0.676978 -0.672445 -0.789205 -0.834576 -0.829571 -0.582161 -0.51384 -0.434453 -0.615674 
0.379321 0.468622 0.175928 0.450157 0.77389 1.11303 1.15002 0.99485 0.393806 0.635169 1.01978 0.742607 1.27884 0.835048 0.378036 0.328223 -0.334248 -0.676508 -1.56491 -1.18003 -1.40009 -1.77851 -2.09333 -0.746813 -0.939758 -0.403141 
-0.819042 -1.34487 -1.29066 -1.59498 -1.70786 -1.44508 -1.22867 -0.828112 0.0666158 0.00149099 0.426988 0.838265 0.750779 0.11704 0.334397 0.719109 0.353428 0.347705 0.561912 0.842042 1.80724 1.62348 0.0497648 1.18645 0.566274 -0.333705 
-0.481964 -0.0583607 -0.548008 -0.309454 -0.431322 -0.0892573 0.0635741 -0.741515 -1.44512 -1.82734 -1.49905 0.0194025 0.819241 1.65058 1.97032 0.746271 1.16726 2.04521 0.885395 0.459638 -0.21609 -0.0840311 -0.190195 -0.332454 -0.528595 -1.04414 
0.444108 0.208033 0.984298 0.870466 0.150913 -0.0241133 -0.770303 -0.0740287 0.177127 0.605109 0.853968 0.461787 -0.32147 -1.94334 -1.92939 -1.94452 -0.954458 -1.02712 -0.603153 -0.987502 0.591749 1.30212 0.631373 1.53622 0.768451 0.993678 
0.633507 0.137396 -0.50614 -0.676018 -0.665624 -1.13006 -0.845483 -0.379214 0.562256 0.895245 1.19888 1.23426 1.12521 1.43861 1.64008 1.217 0.890559 0.254116 -0.3141 -0.398396 -1.17377 -1.35228 -0.251056 -0.439476 -1.13891 -1.95658 
-1.4148 -1.15532 -0.451342 -0.36125 0.254762 0.301997 0.146532 -0.00373717 -0.984719 -0.408857 0.120099 -0.494797 -0.567512 -1.07516 -1.16897 -1.17197 -1.02538 -0.347434 0.407043 1.19819 1.51431 2.20098 1.76563 1.05788 0.886663 0.777169 
0.805803 0.805803 0.681216 0.39297 0.55194 0.811963 0.944515 1.03345 0.765852 0.474256 0.826293 0.88028 0.484379 0.496166 0.133078 -0.351151 -0.424232 -0.532626 -0.512085 -0.748206 -2.24783 -2.64018 -1.69536 -1.03895 0.0513268 0.0513268 
1.3693 1.3693 -0.270042 0.00776029 0.525797 0.641003 0.562906 0.824688 0.804048 0.213358 0.151872 -0.187848 -1.55005 -1.78442 -0.163594 1.32289 0.656015 -0.222042 -1.11984 -0.399863 1.86641 0.0870232 -1.64367 -1.35624 -0.852373 -0.852373 
0.134091 0.134091 1.77394 1.06596 -0.0798532 -0.687355 -1.2443 -2.25128 -2.53061 -1.26637 -0.386179 -0.143584 0.0521268 0.125683 0.617878 1.00164 0.853418 0.323818 0.931209 0.85503 0.752155 0.189684 -0.902517 0.189414 0.245956 0.245956 
-1.01165 -1.01165 -1.43865 -0.911468 -0.201707 0.0695238 0.333865 0.505513 0.622044 1.29357 0.853438 -0.0764266 0.384499 1.04801 0.871725 0.879982 1.33715 1.63093 1.38359 -0.0921859 -1.40501 -1.05843 -0.983727 -1.63288 -0.69502 -0.69502 
-0.763032 -0.763032 0.16355 0.370847 0.425249 0.698688 -0.435277 -0.74041 -0.159576 -0.799808 -0.0984382 0.507432 1.28912 2.13118 0.477656 -1.29186 -1.53617 -0.725499 -0.2479 -0.952133 0.0303883 2.01721 2.04717 -0.170886 -0.737237 -0.737237 
-1.03372 -1.03372 -1.76935 -1.92135 -0.761731 0.0195869 0.934601 1.90054 1.57614 0.612746 0.679905 1.08036 0.316522 0.248745 -0.0705612 0.117489 -0.370781 -0.839792 -0.367973 0.373254 1.28123 0.195015 0.602735 0.593265 -1.18158 -1.18158 
1.91348 1.91348 1.42112 0.575279 -0.22414 -0.559776 -0.357612 -0.426742 -1.03911 -1.73216 -2.03143 -1.64525 -1.01997 -0.37977 0.752218 0.813977 0.464524 0.374738 -0.0998141 -0.190288 0.0304651 0.561261 0.676049 0.371433 -0.0809739 -0.0809739 
-0.197838 -0.197838 0.0959646 1.07531 1.17844 0.722873 -0.0624598 -1.07613 -0.446139 1.11982 0.295992 0.536878 0.272165 -1.30585 -0.679913 -1.00633 -1.47096 -1.82991 -0.674667 0.387166 -0.825519 -0.976085 1.76439 1.95803 0.671305 0.671305 
-0.60113 -0.60113 -0.32781 -0.533977 0.165748 0.572057 0.742064 1.57902 1.00443 0.425451 1.01328 0.380314 -0.909115 -0.532974 0.723676 0.00427621 -0.477476 0.238038 0.590748 1.51739 0.944995 -2.18773 -0.558452 0.618106 -1.8949 -1.8949 
0.00355164 0.00355164 -0.180219 0.18502 0.287816 0.560618 -0.578613 -1.42913 -1.00918 0.0155859 1.90312 2.37141 1.68905 1.21227 -0.828918 -0.72837 1.3591 -0.210781 -1.50548 -1.02474 -0.470773 0.0948561 -0.177567 -0.266923 -0.63763 -0.63763 
0.506149 0.506149 0.630495 -0.891058 -0.953305 -0.9804 -0.0941087 0.920397 0.647487 0.64515 -0.189122 -1.239 -2.48984 -1.67892 -0.0445316 0.948369 0.889846 0.314014 -0.00303482 1.17213 2.28568 -0.00302826 0.194791 0.0961017 -0.595207 -0.595207 
-1.0187 -1.0187 -0.644769 0.104771 -0.232858 0.0814155 1.1482 1.90113 1.74837 1.01727 0.676151 0.203135 0.521803 0.877714 0.03356 -0.57153 -0.816092 -1.09322 -0.460342 -0.697786 -0.805782 1.34519 1.33384 -0.73009 -1.45135 -1.45135 
0.964138 0.964138 0.75323 0.64371 0.59035 -0.370206 -0.616116 -1.64396 -0.739861 1.14014 -0.342453 -1.09159 -0.958055 -0.984323 -0.355991 -0.0566644 0.791174 1.54804 1.68898 1.14319 1.01312 0.0774741 -1.65872 -1.32985 -0.584957 -0.584957 
-0.123964 -0.123964 -0.468563 -0.12957 0.525886 0.494304 0.289765 -0.188612 -0.643534 0.0972367 0.510382 -0.383778 -0.434228 -0.395 -0.987988 -0.641284 -0.191973 -0.0800493 -0.232747 -2.05011 -2.23687 0.685463 1.93925 2.11314 1.3284 1.3284 
-0.951296 -0.951296 -0.765812 0.674634 0.566071 0.168042 0.265909 0.304272 -0.264911 -0.292183 -0.124614 -0.993084 -0.922743 1.06898 2.21797 0.690505 -0.888259 -1.04244 0.0245365 2.13714 0.468351 -2.20036 -0.820379 0.671603 0.479688 0.479688 
1.39301 1.39301 0.763245 -1.71471 -1.62534 -1.10151 -1.45687 -1.20992 0.810424 1.84186 0.933071 0.324198 0.17383 0.437565 0.713506 0.143829 -0.668643 0.00350459 0.406841 -0.224969 -0.657545 -1.53759 -0.0659336 0.955919 -0.0153968 -0.0153968 
-0.496598 -0.496598 0.0592309 1.25776 0.987895 0.518275 0.413282 0.257441 0.784474 0.197571 -1.49082 -0.540813 1.13913 0.467302 -0.223554 0.44432 0.74535 0.0025661 -1.86313 -2.98651 -1.06514 0.397781 -0.652053 0.257997 0.942419 0.942419 
0.603446 0.603446 0.740798 0.162904 0.206728 -0.580668 -0.964021 0.172181 -0.049851 0.0300143 0.855664 0.908885 1.06538 -0.548162 -2.27856 -1.34483 0.364771 0.843098 -0.160659 0.173895 1.95695 1.3258 -1.4603 -1.85541 -0.385752 -0.385752 
-0.553255 -0.553255 -0.687233 0.983244 1.80588 1.59028 1.75301 0.660584 -1.03993 -0.694812 0.507282 -0.225155 -0.637852 -0.246045 -0.0205589 -0.169483 -0.748617 0.0976054 1.16431 1.54874 -0.0619693 -0.502898 0.446149 -1.47757 -1.46922 -1.46922 
-0.350336 -0.350336 -1.3296 -1.6851 -1.09441 0.0651628 0.373709 -0.569314 -1.29165 -0.929159 0.320307 1.3907 1.68479 2.27142 1.60174 -0.113385 -0.288837 -0.433669 -0.434465 0.370519 1.08979 0.967109 -8.22917e-005 -0.656749 -0.304081 -0.304081 
0.194085 0.194085 0.910986 0.771409 -0.278975 -0.92935 -1.33789 -0.301848 1.5865 0.522271 -0.44771 -0.0384277 -1.3699 -0.717928 0.198266 -0.600048 -0.62386 0.561917 1.60196 -0.131412 -1.01892 1.87489 2.12685 -0.82115 -0.962897 -0.962897 
0.313359 0.313359 0.172604 0.463722 0.881874 0.520222 0.814238 0.305879 -0.660817 0.132798 0.0959404 -1.18571 -0.496769 1.24151 0.493551 -0.693301 0.286352 0.856061 1.0002 0.36861 -2.40282 -0.899685 2.04237 -0.78567 -1.58894 -1.58894 
-0.0801574 -0.0801574 0.178646 0.381703 0.316203 -0.563879 -1.35985 -0.255034 1.07377 2.11368 1.71937 -0.101631 -0.771294 -1.73413 -1.32505 1.60046 0.416816 -1.97974 -0.526697 0.783236 0.843388 0.257822 -0.206292 -0.275935 -0.212618 -0.212618 
0.168041 0.168041 -0.939427 -1.07524 0.0125072 0.702905 1.46104 0.617309 -0.122804 -0.531394 -1.29385 -1.59705 -0.242662 1.85736 1.98981 0.757626 -0.384183 -0.572351 0.702115 1.74338 -0.777805 -1.44433 0.149688 -0.497468 -0.425636 -0.425636 
0.350972 0.350972 0.976473 0.382667 0.0194307 1.19143 1.5575 0.539768 -0.698673 -0.855858 -0.640489 -0.0898844 0.601866 -0.368525 -1.17049 -0.670125 -0.396434 0.335799 0.368914 -0.249353 1.74382 1.82447 -1.69293 -2.28536 -0.562978 -0.562978 
-0.0930224 -0.0930224 -0.183754 -0.0532335 -0.758277 -0.917795 -0.973537 -0.0208116 2.3882 0.410938 -1.76718 -0.428292 0.170568 0.580486 0.850226 1.03208 1.41113 0.825497 -0.253696 -0.478216 -0.80119 -2.13179 -1.08419 0.971267 0.69881 0.69881 
