57
-0.369277 -0.173984 0.15091 0.314879 0.294466 0.334549 0.472924 0.543007 0.69596 0.706904 0.753186 0.777754 0.639366 0.668595 0.745869 0.742364 0.765555 0.740288 0.740998 0.725706 0.681239 0.656158 0.680232 0.653812 0.633126 0.558783 0.588396 0.539642 0.550392 0.590981 0.65574 0.664046 0.38972 0.346772 0.404195 0.412296 0.44592 0.468852 0.482192 0.519527 0.340933 0.281927 0.0734181 -0.18613 -0.464551 -0.683523 -0.876685 -1.08169 -1.50781 -1.57959 -1.66168 -2.21961 -2.04975 -2.55105 -2.36019 -2.32308 -2.34298 
1.69774 1.46925 0.560446 0.538775 0.55124 0.303403 0.180818 -0.0809354 -0.178301 -0.00978617 -0.117162 0.0462355 0.312795 0.0498643 -0.25965 -0.339043 -0.378013 -0.228615 -0.300856 -0.179528 -0.311756 -0.26685 -0.321688 -0.197326 -0.196172 0.0137407 0.0657181 0.353627 0.509579 0.738989 0.80148 0.784887 1.12598 1.05274 1.06124 1.16722 0.899004 0.92859 0.952728 1.0629 1.37193 1.29184 1.11566 0.94132 -0.224505 -0.596817 -0.942205 -0.966165 -1.5655 -1.63625 -2.47621 -1.8405 -1.22249 -1.21323 -1.35312 -1.79217 -2.75488 
-0.487612 -0.881457 -0.687847 -0.639154 -0.680333 -0.352348 -0.437014 -0.231227 -0.380589 -0.369522 -0.254222 -0.0435217 0.0150148 0.0419602 0.061906 0.0846879 0.0558375 0.0683815 0.190836 0.370967 0.30278 0.354431 0.493106 0.609431 0.584608 0.377595 0.286334 -0.0106044 -0.0738285 -0.325597 -0.642844 -0.65539 -0.773492 -1.0055 -1.19153 -1.37651 -1.43729 -1.64229 -1.36395 -1.24937 -1.15543 -1.08529 -0.837502 -0.946606 -0.472262 -0.0829749 0.414043 1.09528 1.0766 1.33979 1.51992 1.42493 2.10123 2.12785 2.16462 2.26186 2.34911 
-0.0441853 -0.184219 -0.459301 -0.563335 -0.683604 -0.772207 -0.744731 -0.829032 -0.855626 -0.773137 -0.845218 -0.967383 -0.692598 -0.66815 -0.58252 -0.741662 -0.688204 -0.593097 -0.480923 -0.517305 -0.623081 -0.640868 -0.679312 -0.77034 -0.627375 -0.625159 -0.651869 -0.600879 -0.797328 -0.779035 -0.728928 -0.776031 -0.82728 -0.766697 -0.739998 -0.820886 -0.440351 -0.0841953 0.076231 0.2639 0.483158 0.661703 0.831079 1.01327 1.19671 1.32168 1.83378 1.74455 1.90442 2.17682 1.70856 1.37666 1.9175 1.61254 1.79307 1.4516 1.29881 
-1.11025 -1.25641 -1.28576 -1.15684 -1.18323 -1.33029 -1.09598 -1.06704 -0.766014 -0.700453 -0.762793 -0.634691 -0.743007 -0.629445 -0.596503 -0.420951 -0.480014 -0.600724 -0.738132 -0.732813 -0.751733 -0.62523 -0.488004 -0.440092 -0.553473 -0.505721 -0.374142 -0.389304 -0.231333 -0.422267 -0.372609 -0.416878 -0.71522 -0.536171 -0.369474 0.0189086 0.0272269 0.229718 0.342692 0.59906 0.658639 0.970488 0.995233 0.883187 0.764338 0.721012 1.35722 1.31896 1.59099 1.60001 1.83842 1.86634 1.60948 2.01708 1.87627 1.86478 1.33293 
1.60923 1.90524 2.19773 2.11127 1.36811 1.44358 0.799777 0.434195 -0.117732 -0.319425 0.135517 0.314863 0.353355 -0.0316669 0.154345 -0.0606246 -0.0285043 -0.227886 -0.166373 0.0210951 -0.0956356 -0.515716 -0.636397 -0.489148 -0.180508 -0.60281 -0.482751 -0.231754 -0.0306274 0.11306 -0.365129 -0.19685 -0.46796 -0.519911 -0.24776 -0.634143 -0.0301839 0.720162 0.564149 -0.267224 -0.293684 -0.657284 -1.52208 -1.05836 -2.02636 -1.66005 -1.73083 -1.0276 -0.715894 -1.56636 -0.556086 -0.678101 -0.497983 2.10303 1.02308 1.10694 2.45866 
-0.308443 -0.0548529 -0.0787309 0.231925 0.6633 0.807035 0.856665 0.950417 1.13568 1.00692 0.814543 0.777363 0.833018 0.812952 0.680943 0.835137 0.792735 0.823459 0.85928 0.907534 0.875018 0.831703 0.826983 0.757945 0.746058 0.806655 0.670863 0.743936 0.588757 0.602805 0.61632 0.422331 0.570332 0.713859 0.653597 0.494043 0.312073 -0.0666001 -0.185865 -0.577042 -0.863841 -1.33318 -1.63359 -1.84122 -2.07049 -2.07687 -2.14867 -1.24605 -1.41338 -1.19601 -1.04636 -1.4098 -1.04659 -1.0664 -1.00942 -0.934709 -1.41407 
-0.739562 -0.0369718 0.195875 0.0200512 -0.369845 -0.177885 -0.0218316 -0.560928 -1.28397 -1.16049 -1.30946 -0.721524 -0.504426 -0.664941 -0.315672 -0.0382647 -0.0650287 0.472068 0.614472 0.852713 1.05954 1.22896 1.49249 1.87897 1.80235 1.49085 1.20235 0.6774 0.82488 0.71023 0.592999 0.884799 1.23041 0.497312 0.70026 0.646489 0.391854 -0.301261 -0.325237 0.259803 0.562609 0.45548 0.564673 0.107756 0.683214 0.126303 0.000384057 -0.0395826 -0.344876 -0.603682 -1.39859 -0.931707 -2.10786 -1.74976 -2.35252 -2.43746 -1.66421 
0.449382 0.782108 0.471714 0.441217 0.333012 0.180816 -0.169744 -0.384417 -0.0265137 0.0638521 0.0266561 -0.551136 -0.704781 -0.968103 -0.826131 -0.753146 -0.881052 -1.12743 -1.01834 -1.27963 -1.28451 -1.32547 -1.30277 -1.48711 -1.3128 -1.18185 -1.1991 -0.881665 -0.916299 -0.980549 -0.502448 -0.688519 -0.899704 -0.299335 -0.536569 -0.50806 0.0562123 0.398658 -0.158021 0.833789 1.17381 1.62099 2.00696 1.70692 1.58808 0.609699 0.25458 0.15645 0.926655 0.942698 0.971709 1.81283 1.49001 1.93417 0.963826 0.472824 1.48557 
-0.0471528 0.0940904 0.351454 0.41929 0.00771154 -0.117571 0.0667273 0.044106 0.19327 0.34054 0.218449 0.627514 0.597747 0.640361 0.668135 0.836225 0.825725 0.865187 0.663953 0.866937 0.98312 0.862082 0.773544 0.525219 0.451075 0.662728 0.764952 0.878165 0.981473 0.764278 0.760383 0.756169 0.510026 0.541146 0.85666 0.896196 0.36272 0.873816 0.547034 0.357715 0.189019 6.63397e-005 -0.512417 -0.458245 -0.668023 -1.06442 -1.08103 -1.81995 -1.42865 -1.68918 -2.02033 -1.75949 -1.8283 -2.39185 -2.78363 -1.59614 -1.35863 
2.76245 2.56354 1.70472 1.30897 1.22139 0.728737 0.0551586 0.318743 0.287225 -0.364388 -0.199578 -0.113919 -0.0944935 -0.41974 -0.261787 -0.409479 -0.577086 -0.458879 -0.417297 -0.698198 -1.00707 -1.21888 -1.25957 -1.09289 -1.24301 -1.46551 -1.51469 -1.36107 -1.11718 -0.848041 -1.38174 -1.40702 -0.535659 -0.0455478 0.287461 0.67509 1.01351 0.933319 1.53581 0.0663019 -0.412845 -0.0932707 1.05146 1.57518 1.24329 1.43378 0.271842 0.0164947 -0.475834 -0.809113 -0.124883 -0.0474815 0.0644183 -0.315889 0.276309 0.693768 -0.296935 
-3.43906 -2.18207 -1.26124 -1.28408 -1.13148 -0.494177 0.335443 -0.108323 0.0771174 0.0561381 -0.499368 -1.06044 -0.114581 0.182574 0.394312 0.396717 0.280697 0.407122 0.385952 0.541403 0.711577 0.964277 1.13759 1.282 1.62185 1.88275 1.13423 1.23666 1.05629 0.703198 1.06284 0.662463 1.02549 1.504 0.855462 -0.0663169 -0.467674 -0.145824 -0.0856436 -0.408474 -0.378978 -0.206433 -0.0580178 -0.975759 -1.42595 -0.244958 -1.77694 -0.721248 -0.673404 -0.39088 -0.221956 -0.144061 -0.749035 -0.848192 1.39809 0.47069 -0.202355 
0.828963 0.217684 -0.262667 -0.115826 -0.495842 -0.560795 -0.910718 -1.10154 -0.946615 -0.476998 -0.13107 0.00295304 -0.280065 -0.400172 -0.251284 -0.197828 -0.104535 0.077833 0.326805 0.350491 0.428368 0.404876 0.578275 0.453709 0.221026 0.125157 0.0213748 -0.132416 -0.234987 -0.241949 -0.240227 -0.474542 -0.450973 -0.738354 -1.11847 -1.38329 -1.59922 -2.04648 -2.49381 -1.88936 -1.13418 -0.460727 0.150066 1.08312 0.747238 2.07453 1.96318 2.67654 2.03996 1.73642 0.92033 0.655187 0.3149 0.658956 1.05852 0.56461 0.193854 
2.26016 2.26016 2.13874 0.800272 0.320063 0.935554 1.05184 1.10835 0.879114 0.465639 0.518445 -0.19737 -0.1793 0.656644 0.529759 0.320126 0.235773 0.148633 0.187296 0.0121831 -0.0257605 0.239915 0.234725 0.0612258 -0.124528 0.0704374 0.169625 0.0965105 0.442817 0.652169 0.527035 -0.787325 -0.985993 0.299928 0.4978 0.405551 0.46304 0.384419 0.440245 -0.30373 -0.677159 -0.793115 -1.57045 -1.84145 -1.68417 -1.35369 -1.29953 -2.20254 -1.68614 -0.352621 -2.23703 -1.26041 -1.04088 -0.959483 1.12747 0.310506 0.310506 
-1.7396 -1.7396 -1.36381 0.310109 -0.100829 -0.346212 -0.371496 -0.325674 0.456111 0.437923 0.428624 1.10805 0.333428 -0.713281 -0.379798 0.111773 0.527479 0.467027 0.416024 0.307029 0.168174 0.308789 0.453157 0.554894 0.710337 0.802682 0.944397 1.13332 1.02703 0.85721 0.41023 0.916436 0.813515 0.209203 0.534849 0.0320647 -0.106757 0.42445 0.570866 1.08851 0.742811 -0.138791 -0.310043 -2.10821 -2.46791 -0.977205 -0.344259 -0.805683 -0.890694 -1.32789 -0.044279 2.6048 1.46656 0.0894881 -0.725078 -2.22013 -2.22013 
-0.881528 -0.881528 0.398059 -0.280831 0.526737 0.400998 0.0476641 -0.139404 -0.702433 0.0628316 0.640069 0.475939 -0.0553858 -0.16697 -0.179009 -0.320102 -0.349705 0.0877916 0.572365 0.021128 -0.35037 0.247768 0.434774 -0.0379798 -0.972905 -1.16501 -1.42503 -1.34396 -1.21335 -1.94785 -1.25615 -0.680323 -1.31488 -1.51131 -1.37534 -1.01315 -1.07103 -0.0904994 0.833546 0.30038 0.171898 0.616731 0.0984353 0.75353 2.19462 2.26018 3.10436 1.6132 0.404434 0.979302 -0.0563668 1.37829 1.72992 -0.119256 0.0849149 0.230901 0.230901 
-1.53548 -1.53548 -1.41303 -0.886442 -0.833957 -0.331413 -0.316777 -0.500692 0.0666319 -0.0880926 -0.784208 0.395637 0.894327 0.250931 -0.373538 -0.482971 0.381844 0.581562 0.134306 -0.607035 -0.543783 -0.314757 -0.563881 0.0531669 0.370332 -0.206807 -0.0409077 -0.618262 -0.729476 0.109167 -0.113277 -0.458029 -0.0917435 0.17339 -0.307812 0.895739 2.38231 1.63363 1.06053 1.26064 1.22961 1.05994 1.07233 1.12018 0.925571 2.04347 1.31486 0.116758 1.34685 -0.789682 -2.84518 0.587215 0.678832 -0.546746 -0.670911 -1.80469 -1.80469 
-1.02728 -1.02728 0.0573923 0.069081 -1.01914 0.00885023 0.702816 0.965907 1.11034 -0.322512 -0.075896 -0.257188 -0.314525 0.242487 0.486929 0.124133 -1.0441 -1.35303 -0.856069 -0.388842 0.0890137 0.704734 0.394834 -0.593371 -0.594002 0.371934 0.123849 0.227917 -0.465191 -0.892294 -0.313958 -1.6862 -0.805612 1.02815 1.8536 1.22907 0.496059 0.908743 1.12119 0.910642 1.12941 0.992055 -0.679459 -1.24568 -0.974703 2.00268 2.02265 0.586586 0.773015 0.640461 0.714985 -1.23799 0.2592 0.716812 -0.935742 -2.47773 -2.47773 
0.738735 0.738735 0.226965 -1.15879 -0.942122 -0.809187 -1.39934 -1.2764 -1.05711 0.290149 0.800003 0.242765 -0.512394 -0.315003 -0.0874624 -0.293379 -0.272522 -0.233192 0.284438 0.0459358 -0.767002 -0.772288 -0.0131656 0.561294 -0.200802 -0.453136 0.447782 0.556255 0.412667 -0.496299 -0.463394 -0.18631 -0.480991 0.245927 -0.201564 0.242415 1.76343 0.746539 -1.3699 -1.19655 -0.570641 -1.69238 -0.585383 -0.723482 -0.853815 0.346731 0.797551 1.30933 -0.76962 0.165118 1.13984 0.0290311 3.67262 1.98657 -1.38155 1.87218 1.87218 
0.784416 0.784416 0.951685 2.2861 1.79683 0.677879 0.531372 0.928918 0.276719 -0.830192 -0.561773 0.165251 0.215414 -0.334659 0.176125 0.438776 0.0768675 0.306151 0.357532 0.157226 -0.111174 -0.0296997 -0.105101 -0.126107 0.253873 -0.109311 -0.0727392 -0.129569 -0.30258 0.191891 -0.417899 -0.023703 0.965609 0.35516 -0.533217 -0.889962 -1.53223 -1.34843 -1.38508 -1.87615 -2.10525 -2.14514 -1.37805 -1.16955 -0.579616 -0.118044 2.54636 2.26632 0.257771 1.1869 -0.515564 0.110413 1.11767 0.220055 0.497089 -1.07499 -1.07499 
1.73289 1.73289 0.155953 -0.961999 -0.301752 0.678341 -0.634057 -2.21221 -1.02275 0.00782482 0.841613 1.49878 0.155163 0.392439 1.1786 0.503541 0.969738 1.27343 0.736921 0.852569 0.729032 0.830833 1.22047 0.609843 -0.643163 -1.02355 -1.40673 -0.624046 0.112522 -0.36269 0.366972 1.19788 -0.642035 -0.898152 0.321389 -0.500067 -1.64782 -1.23374 1.06081 1.64745 0.404866 0.0572902 -0.570651 0.266391 0.0868804 -1.17224 -0.244214 -0.566229 -0.959091 -1.83806 -0.535287 -1.2197 -1.41499 -0.38562 -1.18098 1.28925 1.28925 
6.36134e-005 6.36134e-005 -0.671777 -0.297796 -0.522897 -0.971171 -1.08673 0.223683 0.787903 0.0571026 -1.17876 -1.39415 -0.812491 -0.2657 0.356353 -0.142829 -0.733533 -0.295182 -0.322768 -0.533562 -0.126033 -0.0750191 -0.340228 -0.0597949 0.523381 0.169068 0.514004 0.481835 -0.224146 0.72424 0.498913 -0.776031 0.678614 0.630433 -0.427313 1.0552 1.63588 -0.437503 0.763601 2.42219 1.41481 1.4998 0.117709 -0.816015 -2.07074 -2.50778 -0.879602 1.20187 1.41305 0.042091 1.5682 0.917439 0.183204 -1.01451 -2.74424 0.923805 0.923805 
0.928247 0.928247 0.765728 -0.715265 -1.14282 0.176415 0.403701 0.325915 0.702042 0.101504 0.681101 0.885498 0.0742003 0.201591 0.479386 0.394654 0.10988 -0.312394 0.0496305 0.752371 0.0350101 -0.418229 -0.700034 -0.668167 0.350194 0.740663 0.522721 0.52512 -0.206379 -0.443721 0.0278064 -0.508515 -0.430289 0.813184 0.831816 -1.04779 -0.0037894 0.453818 -1.09686 -0.746864 -0.746051 -1.50717 -0.968912 -0.298744 -1.29628 -0.868619 -1.62692 -0.72385 0.335256 -1.26416 -0.109898 0.470886 -1.35425 -2.06926 1.80742 3.20061 3.20061 
-1.31134 -1.31134 -1.58518 -0.512281 -0.64708 -1.46228 -0.410253 0.482943 -0.790227 -0.517106 0.508545 0.306294 -0.265335 -0.0726225 0.174382 -0.27852 0.0913842 0.382396 -0.172821 -0.660347 -0.564239 -0.191165 0.335383 0.183151 -0.358265 -0.217842 0.305398 0.713099 0.873801 -0.207942 -0.617517 1.33713 2.05411 1.30518 1.16262 1.17015 0.519339 0.886692 -1.04604 -2.55075 -0.0618821 2.19716 2.48117 0.426977 -0.0366113 -1.19132 -1.81154 -0.880017 -0.988432 0.64833 1.21964 0.423451 -0.213286 0.454876 1.56468 -0.637357 -0.637357 
2.41514 2.41514 0.917843 0.0190765 0.791392 1.58345 0.318687 -0.434952 0.059675 -0.807173 -1.43904 0.317438 1.3215 0.462633 0.117798 -0.265652 -0.120558 -0.00959162 0.024366 0.248224 0.361998 0.365671 0.238978 0.433811 0.570102 -0.703202 -0.888613 -0.223921 -0.756834 -0.125063 -0.180388 -0.176438 0.851795 -0.331645 -1.96987 -1.6807 -0.225748 0.314214 -0.44001 -0.475909 0.10364 0.242766 -1.03278 -1.7331 0.722247 -0.543366 -0.689952 1.15832 0.253772 0.395427 0.156027 -0.749372 -0.956508 2.37923 1.41025 -2.00512 -2.00512 
-1.58069 -1.58069 -0.441846 -0.291122 -0.609276 -0.564072 -0.753147 0.00522686 0.997328 1.28426 0.78013 -0.164666 -0.54642 0.102386 0.363111 0.279596 0.473247 0.707108 0.468737 0.211718 0.140848 0.28434 0.132508 -0.477504 -0.434397 -0.240764 -0.327773 -0.325953 -0.105389 0.0512789 -0.290249 -0.257429 -0.337144 -0.943565 -0.909659 -0.663018 -0.937097 -1.2847 0.295182 2.10159 2.20523 1.98833 2.37831 0.956218 1.54844 1.88573 0.963481 0.174488 -1.35309 -1.62275 -1.56507 -0.850321 0.0648124 1.1762 -0.0825737 -1.23974 -1.23974 
-0.0455572 -0.0455572 -1.71415 -2.16144 0.274453 1.01807 0.321216 -0.109524 -0.695422 -0.343821 -0.720731 -0.764034 1.17045 0.989748 -0.313713 -0.260691 -0.107985 0.0453703 -0.0643002 -0.1598 0.389705 0.430537 -0.116957 -0.342055 0.117288 0.472508 0.138308 0.446377 0.798512 0.210794 -1.68873 -1.7804 1.46122 1.95556 0.237479 0.0624715 0.0794602 0.0773878 -0.752071 -1.2872 -0.504284 -1.00782 -1.20109 -0.0359538 0.713862 0.585305 -0.952407 -0.376156 2.41199 -0.580957 -1.02589 1.59698 0.480957 2.80896 1.68903 -0.912655 -0.912655 
0.358906 0.358906 1.81609 1.13123 -0.539572 -0.203852 0.0496503 0.752224 0.696501 0.00784379 0.615137 -0.0510994 -1.55375 -0.58911 0.750001 0.821579 0.341028 -0.0652531 -0.107511 -0.183989 0.0333036 0.279857 0.246012 0.255653 0.247477 0.235527 0.319597 0.103702 -0.208586 -0.505166 0.0833285 0.382842 -0.583893 -0.210814 -0.122432 -0.526763 0.373352 0.621659 0.609851 0.181454 -1.03662 -0.884764 -1.68266 -1.84671 1.01634 1.88047 0.181085 -0.443914 -0.422819 0.768597 3.45528 1.34699 -2.15787 -1.8761 -1.97881 -1.26971 -1.26971 
1.33275 1.33275 0.588398 0.0708664 0.677352 -0.595481 -0.662724 -0.892637 0.151517 1.40173 0.382721 -0.832727 -0.775115 -0.20576 -0.238114 -0.257372 0.377004 0.940757 -0.143309 -1.08192 0.178274 0.790628 -0.383516 -1.61362 -1.30591 -0.565931 -0.266422 0.16187 -0.732337 -0.117141 1.31952 -0.13462 -0.981331 -0.136499 0.475974 0.263425 0.941398 2.018 0.358349 -0.795661 0.276635 -0.150763 0.0797714 2.22807 1.5817 0.927237 -0.779572 -3.03046 -0.765238 -0.575448 0.367241 1.88829 -1.71216 -1.87383 0.313702 0.0898446 0.0898446 
0.133945 0.133945 0.605304 0.542676 0.521153 0.487274 -0.127188 0.367533 0.393662 -0.737265 0.457332 1.52682 -0.105192 -1.11055 -0.632591 0.700493 0.977219 -0.197239 -1.0396 -0.582633 0.28596 0.00634683 0.353672 0.860567 -0.20837 -0.343771 -0.343964 -0.592013 0.675471 0.575908 -0.48337 0.0436115 0.589531 -0.16907 0.670924 2.43232 0.684834 -1.15882 -0.309526 0.175681 -0.155319 -0.116446 0.0782612 -0.107029 0.850788 0.372794 -1.7003 0.0529729 -0.787033 -3.72802 1.25682 3.17874 -0.990691 -1.18384 -1.10167 -0.990528 -0.990528 
0.859458 0.859458 0.868243 -0.764782 -0.000988109 1.3384 0.763549 0.350552 -0.924027 -0.847233 0.0933718 -0.135063 0.419807 0.646607 -0.0446702 -1.10636 -1.06588 0.185588 0.768908 0.75455 0.866149 0.274116 -0.931306 -0.698877 0.769748 0.583776 -0.0639573 -0.398412 -0.797611 0.157937 -0.552381 -0.325222 2.08424 2.04279 0.195281 -0.975972 -0.196463 0.514093 0.0457053 0.0504571 0.105464 -1.31517 -1.63748 -0.177611 2.48557 2.29692 -1.01998 -0.894877 0.0847671 0.000665339 -1.36746 -0.298265 1.5134 -0.853774 -2.35656 -1.11459 -1.11459 
-0.42413 -0.42413 -1.40427 -0.889052 0.185119 -0.385546 -0.392615 0.179909 1.04587 1.25138 -0.0956687 -0.990415 -0.456664 0.238401 -0.046859 -0.193047 -0.0195837 0.331785 0.135274 -0.805839 -0.640885 0.471036 0.881091 -0.19487 -0.779662 0.396591 0.651791 -0.0869903 -0.806628 -0.681794 0.157102 -0.0746004 0.243568 0.135485 -0.0646377 1.32769 0.294414 -2.27836 -1.4365 0.503163 -0.412859 -0.0725809 0.623153 -0.252016 0.69481 1.10586 0.618695 -1.17062 -0.871458 1.28841 -0.158408 1.72929 1.32242 -3.63698 -0.14306 2.23922 2.23922 
0.251719 0.251719 1.55791 0.915258 -1.48622 -1.15071 0.333718 -0.161281 -1.63392 -0.732773 1.06238 0.84874 -0.401351 0.049529 0.845067 -0.00917089 -0.041833 0.362717 -0.0577889 -0.370807 -0.094985 0.0939315 -0.00638144 0.43937 0.104429 -0.231718 0.0681571 -0.136993 0.40265 -0.0248927 -0.123047 1.44224 0.458839 -1.37914 -1.1308 -0.889901 -0.360789 0.232022 -0.428568 -0.61695 -0.175315 0.799809 1.04295 0.869539 1.11725 3.14786 2.42193 -2.15221 -0.968609 -0.668995 -0.965734 1.68668 0.195311 -0.519466 -1.17967 -1.45085 -1.45085 
-1.16417 -1.16417 -1.98945 -0.337956 1.21082 -0.245386 -2.13389 -0.287009 1.63876 1.37619 1.10055 -0.506817 -0.816783 0.755424 0.0819381 -0.154259 0.568255 -0.171943 -0.310757 -0.00590145 -0.0161234 0.362704 -0.163213 -1.37582 -1.20585 -0.56374 0.294835 1.12143 0.192856 0.187757 1.15194 -0.744928 -1.54737 0.711123 0.293789 -1.45375 -0.541678 1.99944 2.12682 -0.484297 -1.17394 -0.720206 0.154281 0.485313 -1.06207 -0.244492 0.447278 -0.527801 -0.938943 0.312775 0.456395 -0.649479 0.615641 0.172674 1.23631 1.82344 1.82344 
-0.509877 -0.509877 -0.257921 0.0430523 -0.51091 -0.437114 0.747737 1.20571 -0.169477 -1.38222 -1.03498 0.189512 0.703002 0.730213 0.0255296 -0.791518 -0.159892 0.219487 -0.217849 0.0752926 0.251676 -0.201555 -0.0469932 0.524573 0.0969377 -0.0635677 0.153464 -0.554549 0.106061 0.429883 -1.068 0.0638167 0.890301 -0.802325 0.228921 1.33274 -1.0629 -0.644913 1.86936 0.381474 -0.678677 -0.931119 -1.61744 -1.53163 -1.19701 0.74523 2.44198 1.48734 -0.838605 0.0472761 0.532482 -0.990337 -1.35882 -2.0295 1.24861 2.41395 2.41395 
-0.206262 -0.206262 -1.36405 -1.57124 0.617873 1.1298 0.0376628 0.154022 -0.254647 -0.0955815 0.533688 -0.553665 -0.613865 0.23755 0.0717188 -0.368078 -0.631956 -0.126312 0.753186 -0.0906404 -0.994345 -0.653843 -0.274603 0.741821 1.02216 0.0556642 -0.247715 -0.649195 -0.836616 0.103867 -0.129865 -0.437334 0.954048 0.907458 -1.53406 -0.732457 1.0947 -0.933732 -1.01786 0.195036 -0.673594 -0.253435 0.865497 -0.335133 -0.524719 -0.337697 0.0339642 1.45475 -0.50161 -0.427216 1.27719 -1.052 -2.06501 2.39247 4.04059 1.00994 1.00994 
-0.178368 -0.178368 0.574902 0.672522 -0.653093 0.180166 1.37962 -0.252883 -0.688231 0.925746 0.591993 -0.529439 -0.25214 0.322613 -0.130666 -0.0443787 0.477915 -0.171603 -0.718205 -0.260917 0.3433 0.645507 0.276696 -0.473109 -0.26764 0.479843 0.667496 0.412963 -0.63276 -1.03314 1.09867 1.88961 -0.00853571 -0.612016 -0.0809133 -0.437745 -0.18512 -1.08514 -2.39949 0.704857 3.34734 1.79934 -1.22893 -1.75381 -1.1223 -1.23226 0.232455 0.591786 1.08693 1.56416 -0.143992 -0.992152 0.0359563 1.26219 -0.752952 -1.53213 -1.53213 
-0.83269 -0.83269 -1.42854 0.0761299 1.19708 -0.153423 -1.17816 -0.011753 -0.0868057 -0.833627 0.905534 1.99009 0.256221 -0.638043 -0.322863 0.00194069 0.32972 0.256041 0.330884 0.383798 0.237825 0.0784049 0.205136 0.379484 -0.593833 -0.807109 0.477706 0.247326 0.225501 0.542123 0.125902 0.844258 0.0570655 -1.71069 -0.734405 1.31625 1.48251 0.0179147 -0.363859 0.52038 0.636416 -0.59344 -1.14996 1.32348 0.948711 -0.77627 1.28811 0.785614 -0.345807 0.0951608 -0.598994 -0.577605 2.2341 1.72903 -2.74669 -2.1043 -2.1043 
1.05068 1.05068 1.19118 -0.166917 -0.265274 -0.144956 0.519802 1.6208 1.18135 -0.213305 -1.36142 -1.24735 0.238073 0.836939 0.154329 0.0918076 0.387641 -0.015055 -0.472614 -0.316483 0.0568408 -0.0186254 -0.72098 -0.539274 0.209818 0.0885354 -0.0902576 0.196437 0.340773 -0.183163 -0.298604 -0.0545637 -0.650412 -0.544503 0.250652 -0.0364265 -0.590335 1.13778 3.14557 1.76954 -0.116417 0.150481 -0.972904 -0.784385 0.855567 -0.556106 -1.60594 -2.17017 -1.68609 -0.208444 0.709143 1.50839 1.87811 -0.148233 -2.26279 -1.08946 -1.08946 
